1350001
1350002
1350003
1350004
1350005
1350006
1350007
1350008
1350009
1350010
1350011
1350012
1350013
1350014
1350015
1350016
1350017
1350018
1350019
1350020
1350021
1350022
1350023
1350024
1350025
1350026
1350027
1350028
1350029
1350030
1350031
1350032
1350033
1350034
1350035
1350036
1350037
1350038
1350039
1350040
1350041
1350042
1350043
1350044
1350045
1350046
1350047
1350048
1350049
1350050
1350051
1350052
1350053
1350054
1350055
1350056
1350057
1350058
1350059
1350060
1350061
1350062
1350063
1350064
1350065
1350066
1350067
1350068
1350069
1350070
1350071
1350072
1350073
1350074
1350075
1350076
1350077
1350078
1350079
1350080
1350081
1350082
1350083
1350084
1350085
1350086
1350087
1350088
1350089
1350090
1350091
1350092
1350093
1350094
1350095
1350096
1350097
1350098
1350099
1350100
1350101
1350102
1350103
1350104
1350105
1350106
1350107
1350108
1350109
1350110
1350111
1350112
1350113
1350114
1350115
1350116
1350117
1350118
1350119
1350120
1350121
1350122
1350123
1350124
1350125
1350126
1350127
1350128
1350129
1350130
1350131
1350132
1350133
1350134
1350135
1350136
1350137
1350138
1350139
1350140
1350141
1350142
1350143
1350144
1350145
1350146
1350147
1350148
1350149
1350150
1350151
1350152
1350153
1350154
1350155
1350156
1350157
1350158
1350159
1350160
1350161
1350162
1350163
1350164
1350165
1350166
1350167
1350168
1350169
1350170
1350171
1350172
1350173
1350174
1350175
1350176
1350177
1350178
1350179
1350180
1350181
1350182
1350183
1350184
1350185
1350186
1350187
1350188
1350189
1350190
1350191
1350192
1350193
1350194
1350195
1350196
1350197
1350198
1350199
1350200
1350201
1350202
1350203
1350204
1350205
1350206
1350207
1350208
1350209
1350210
1350211
1350212
1350213
1350214
1350215
1350216
1350217
1350218
1350219
1350220
1350221
1350222
1350223
1350224
1350225
1350226
1350227
1350228
1350229
1350230
1350231
1350232
1350233
1350234
1350235
1350236
1350237
1350238
1350239
1350240
1350241
1350242
1350243
1350244
1350245
1350246
1350247
1350248
1350249
1350250
1350251
1350252
1350253
1350254
1350255
1350256
1350257
1350258
1350259
1350260
1350261
1350262
1350263
1350264
1350265
1350266
1350267
1350268
1350269
1350270
1350271
1350272
1350273
1350274
1350275
1350276
1350277
1350278
1350279
1350280
1350281
1350282
1350283
1350284
1350285
1350286
1350287
1350288
1350289
1350290
1350291
1350292
1350293
1350294
1350295
1350296
1350297
1350298
1350299
1350300
1350301
1350302
1350303
1350304
1350305
1350306
1350307
1350308
1350309
1350310
1350311
1350312
1350313
1350314
1350315
1350316
1350317
1350318
1350319
1350320
1350321
1350322
1350323
1350324
1350325
1350326
1350327
1350328
1350329
1350330
1350331
1350332
1350333
1350334
1350335
1350336
1350337
1350338
1350339
1350340
1350341
1350342
1350343
1350344
1350345
1350346
1350347
1350348
1350349
1350350
1350351
1350352
1350353
1350354
1350355
1350356
1350357
1350358
1350359
1350360
1350361
1350362
1350363
1350364
1350365
1350366
1350367
1350368
1350369
1350370
1350371
1350372
1350373
1350374
1350375
1350376
1350377
1350378
1350379
1350380
1350381
1350382
1350383
1350384
1350385
1350386
1350387
1350388
1350389
1350390
1350391
1350392
1350393
1350394
1350395
1350396
1350397
1350398
1350399
1350400
1350401
1350402
1350403
1350404
1350405
1350406
1350407
1350408
1350409
1350410
1350411
1350412
1350413
1350414
1350415
1350416
1350417
1350418
1350419
1350420
1350421
1350422
1350423
1350424
1350425
1350426
1350427
1350428
1350429
1350430
1350431
1350432
1350433
1350434
1350435
1350436
1350437
1350438
1350439
1350440
1350441
1350442
1350443
1350444
1350445
1350446
1350447
1350448
1350449
1350450
1350451
1350452
1350453
1350454
1350455
1350456
1350457
1350458
1350459
1350460
1350461
1350462
1350463
1350464
1350465
1350466
1350467
1350468
1350469
1350470
1350471
1350472
1350473
1350474
1350475
1350476
1350477
1350478
1350479
1350480
1350481
1350482
1350483
1350484
1350485
1350486
1350487
1350488
1350489
1350490
1350491
1350492
1350493
1350494
1350495
1350496
1350497
1350498
1350499
1350500
1350501
1350502
1350503
1350504
1350505
1350506
1350507
1350508
1350509
1350510
1350511
1350512
1350513
1350514
1350515
1350516
1350517
1350518
1350519
1350520
1350521
1350522
1350523
1350524
1350525
1350526
1350527
1350528
1350529
1350530
1350531
1350532
1350533
1350534
1350535
1350536
1350537
1350538
1350539
1350540
1350541
1350542
1350543
1350544
1350545
1350546
1350547
1350548
1350549
1350550
1350551
1350552
1350553
1350554
1350555
1350556
1350557
1350558
1350559
1350560
1350561
1350562
1350563
1350564
1350565
1350566
1350567
1350568
1350569
1350570
1350571
1350572
1350573
1350574
1350575
1350576
1350577
1350578
1350579
1350580
1350581
1350582
1350583
1350584
1350585
1350586
1350587
1350588
1350589
1350590
1350591
1350592
1350593
1350594
1350595
1350596
1350597
1350598
1350599
1350600
1350601
1350602
1350603
1350604
1350605
1350606
1350607
1350608
1350609
1350610
1350611
1350612
1350613
1350614
1350615
1350616
1350617
1350618
1350619
1350620
1350621
1350622
1350623
1350624
1350625
1350626
1350627
1350628
1350629
1350630
1350631
1350632
1350633
1350634
1350635
1350636
1350637
1350638
1350639
1350640
1350641
1350642
1350643
1350644
1350645
1350646
1350647
1350648
1350649
1350650
1350651
1350652
1350653
1350654
1350655
1350656
1350657
1350658
1350659
1350660
1350661
1350662
1350663
1350664
1350665
1350666
1350667
1350668
1350669
1350670
1350671
1350672
1350673
1350674
1350675
1350676
1350677
1350678
1350679
1350680
1350681
1350682
1350683
1350684
1350685
1350686
1350687
1350688
1350689
1350690
1350691
1350692
1350693
1350694
1350695
1350696
1350697
1350698
1350699
1350700
1350701
1350702
1350703
1350704
1350705
1350706
1350707
1350708
1350709
1350710
1350711
1350712
1350713
1350714
1350715
1350716
1350717
1350718
1350719
1350720
1350721
1350722
1350723
1350724
1350725
1350726
1350727
1350728
1350729
1350730
1350731
1350732
1350733
1350734
1350735
1350736
1350737
1350738
1350739
1350740
1350741
1350742
1350743
1350744
1350745
1350746
1350747
1350748
1350749
1350750
1350751
1350752
1350753
1350754
1350755
1350756
1350757
1350758
1350759
1350760
1350761
1350762
1350763
1350764
1350765
1350766
1350767
1350768
1350769
1350770
1350771
1350772
1350773
1350774
1350775
1350776
1350777
1350778
1350779
1350780
1350781
1350782
1350783
1350784
1350785
1350786
1350787
1350788
1350789
1350790
1350791
1350792
1350793
1350794
1350795
1350796
1350797
1350798
1350799
1350800
1350801
1350802
1350803
1350804
1350805
1350806
1350807
1350808
1350809
1350810
1350811
1350812
1350813
1350814
1350815
1350816
1350817
1350818
1350819
1350820
1350821
1350822
1350823
1350824
1350825
1350826
1350827
1350828
1350829
1350830
1350831
1350832
1350833
1350834
1350835
1350836
1350837
1350838
1350839
1350840
1350841
1350842
1350843
1350844
1350845
1350846
1350847
1350848
1350849
1350850
1350851
1350852
1350853
1350854
1350855
1350856
1350857
1350858
1350859
1350860
1350861
1350862
1350863
1350864
1350865
1350866
1350867
1350868
1350869
1350870
1350871
1350872
1350873
1350874
1350875
1350876
1350877
1350878
1350879
1350880
1350881
1350882
1350883
1350884
1350885
1350886
1350887
1350888
1350889
1350890
1350891
1350892
1350893
1350894
1350895
1350896
1350897
1350898
1350899
1350900
1350901
1350902
1350903
1350904
1350905
1350906
1350907
1350908
1350909
1350910
1350911
1350912
1350913
1350914
1350915
1350916
1350917
1350918
1350919
1350920
1350921
1350922
1350923
1350924
1350925
1350926
1350927
1350928
1350929
1350930
1350931
1350932
1350933
1350934
1350935
1350936
1350937
1350938
1350939
1350940
1350941
1350942
1350943
1350944
1350945
1350946
1350947
1350948
1350949
1350950
1350951
1350952
1350953
1350954
1350955
1350956
1350957
1350958
1350959
1350960
1350961
1350962
1350963
1350964
1350965
1350966
1350967
1350968
1350969
1350970
1350971
1350972
1350973
1350974
1350975
1350976
1350977
1350978
1350979
1350980
1350981
1350982
1350983
1350984
1350985
1350986
1350987
1350988
1350989
1350990
1350991
1350992
1350993
1350994
1350995
1350996
1350997
1350998
1350999
1351000
1351001
1351002
1351003
1351004
1351005
1351006
1351007
1351008
1351009
1351010
1351011
1351012
1351013
1351014
1351015
1351016
1351017
1351018
1351019
1351020
1351021
1351022
1351023
1351024
1351025
1351026
1351027
1351028
1351029
1351030
1351031
1351032
1351033
1351034
1351035
1351036
1351037
1351038
1351039
1351040
1351041
1351042
1351043
1351044
1351045
1351046
1351047
1351048
1351049
1351050
1351051
1351052
1351053
1351054
1351055
1351056
1351057
1351058
1351059
1351060
1351061
1351062
1351063
1351064
1351065
1351066
1351067
1351068
1351069
1351070
1351071
1351072
1351073
1351074
1351075
1351076
1351077
1351078
1351079
1351080
1351081
1351082
1351083
1351084
1351085
1351086
1351087
1351088
1351089
1351090
1351091
1351092
1351093
1351094
1351095
1351096
1351097
1351098
1351099
1351100
1351101
1351102
1351103
1351104
1351105
1351106
1351107
1351108
1351109
1351110
1351111
1351112
1351113
1351114
1351115
1351116
1351117
1351118
1351119
1351120
1351121
1351122
1351123
1351124
1351125
1351126
1351127
1351128
1351129
1351130
1351131
1351132
1351133
1351134
1351135
1351136
1351137
1351138
1351139
1351140
1351141
1351142
1351143
1351144
1351145
1351146
1351147
1351148
1351149
1351150
1351151
1351152
1351153
1351154
1351155
1351156
1351157
1351158
1351159
1351160
1351161
1351162
1351163
1351164
1351165
1351166
1351167
1351168
1351169
1351170
1351171
1351172
1351173
1351174
1351175
1351176
1351177
1351178
1351179
1351180
1351181
1351182
1351183
1351184
1351185
1351186
1351187
1351188
1351189
1351190
1351191
1351192
1351193
1351194
1351195
1351196
1351197
1351198
1351199
1351200
1351201
1351202
1351203
1351204
1351205
1351206
1351207
1351208
1351209
1351210
1351211
1351212
1351213
1351214
1351215
1351216
1351217
1351218
1351219
1351220
1351221
1351222
1351223
1351224
1351225
1351226
1351227
1351228
1351229
1351230
1351231
1351232
1351233
1351234
1351235
1351236
1351237
1351238
1351239
1351240
1351241
1351242
1351243
1351244
1351245
1351246
1351247
1351248
1351249
1351250
1351251
1351252
1351253
1351254
1351255
1351256
1351257
1351258
1351259
1351260
1351261
1351262
1351263
1351264
1351265
1351266
1351267
1351268
1351269
1351270
1351271
1351272
1351273
1351274
1351275
1351276
1351277
1351278
1351279
1351280
1351281
1351282
1351283
1351284
1351285
1351286
1351287
1351288
1351289
1351290
1351291
1351292
1351293
1351294
1351295
1351296
1351297
1351298
1351299
1351300
1351301
1351302
1351303
1351304
1351305
1351306
1351307
1351308
1351309
1351310
1351311
1351312
1351313
1351314
1351315
1351316
1351317
1351318
1351319
1351320
1351321
1351322
1351323
1351324
1351325
1351326
1351327
1351328
1351329
1351330
1351331
1351332
1351333
1351334
1351335
1351336
1351337
1351338
1351339
1351340
1351341
1351342
1351343
1351344
1351345
1351346
1351347
1351348
1351349
1351350
1351351
1351352
1351353
1351354
1351355
1351356
1351357
1351358
1351359
1351360
1351361
1351362
1351363
1351364
1351365
1351366
1351367
1351368
1351369
1351370
1351371
1351372
1351373
1351374
1351375
1351376
1351377
1351378
1351379
1351380
1351381
1351382
1351383
1351384
1351385
1351386
1351387
1351388
1351389
1351390
1351391
1351392
1351393
1351394
1351395
1351396
1351397
1351398
1351399
1351400
1351401
1351402
1351403
1351404
1351405
1351406
1351407
1351408
1351409
1351410
1351411
1351412
1351413
1351414
1351415
1351416
1351417
1351418
1351419
1351420
1351421
1351422
1351423
1351424
1351425
1351426
1351427
1351428
1351429
1351430
1351431
1351432
1351433
1351434
1351435
1351436
1351437
1351438
1351439
1351440
1351441
1351442
1351443
1351444
1351445
1351446
1351447
1351448
1351449
1351450
1351451
1351452
1351453
1351454
1351455
1351456
1351457
1351458
1351459
1351460
1351461
1351462
1351463
1351464
1351465
1351466
1351467
1351468
1351469
1351470
1351471
1351472
1351473
1351474
1351475
1351476
1351477
1351478
1351479
1351480
1351481
1351482
1351483
1351484
1351485
1351486
1351487
1351488
1351489
1351490
1351491
1351492
1351493
1351494
1351495
1351496
1351497
1351498
1351499
1351500
1351501
1351502
1351503
1351504
1351505
1351506
1351507
1351508
1351509
1351510
1351511
1351512
1351513
1351514
1351515
1351516
1351517
1351518
1351519
1351520
1351521
1351522
1351523
1351524
1351525
1351526
1351527
1351528
1351529
1351530
1351531
1351532
1351533
1351534
1351535
1351536
1351537
1351538
1351539
1351540
1351541
1351542
1351543
1351544
1351545
1351546
1351547
1351548
1351549
1351550
1351551
1351552
1351553
1351554
1351555
1351556
1351557
1351558
1351559
1351560
1351561
1351562
1351563
1351564
1351565
1351566
1351567
1351568
1351569
1351570
1351571
1351572
1351573
1351574
1351575
1351576
1351577
1351578
1351579
1351580
1351581
1351582
1351583
1351584
1351585
1351586
1351587
1351588
1351589
1351590
1351591
1351592
1351593
1351594
1351595
1351596
1351597
1351598
1351599
1351600
1351601
1351602
1351603
1351604
1351605
1351606
1351607
1351608
1351609
1351610
1351611
1351612
1351613
1351614
1351615
1351616
1351617
1351618
1351619
1351620
1351621
1351622
1351623
1351624
1351625
1351626
1351627
1351628
1351629
1351630
1351631
1351632
1351633
1351634
1351635
1351636
1351637
1351638
1351639
1351640
1351641
1351642
1351643
1351644
1351645
1351646
1351647
1351648
1351649
1351650
1351651
1351652
1351653
1351654
1351655
1351656
1351657
1351658
1351659
1351660
1351661
1351662
1351663
1351664
1351665
1351666
1351667
1351668
1351669
1351670
1351671
1351672
1351673
1351674
1351675
1351676
1351677
1351678
1351679
1351680
1351681
1351682
1351683
1351684
1351685
1351686
1351687
1351688
1351689
1351690
1351691
1351692
1351693
1351694
1351695
1351696
1351697
1351698
1351699
1351700
1351701
1351702
1351703
1351704
1351705
1351706
1351707
1351708
1351709
1351710
1351711
1351712
1351713
1351714
1351715
1351716
1351717
1351718
1351719
1351720
1351721
1351722
1351723
1351724
1351725
1351726
1351727
1351728
1351729
1351730
1351731
1351732
1351733
1351734
1351735
1351736
1351737
1351738
1351739
1351740
1351741
1351742
1351743
1351744
1351745
1351746
1351747
1351748
1351749
1351750
1351751
1351752
1351753
1351754
1351755
1351756
1351757
1351758
1351759
1351760
1351761
1351762
1351763
1351764
1351765
1351766
1351767
1351768
1351769
1351770
1351771
1351772
1351773
1351774
1351775
1351776
1351777
1351778
1351779
1351780
1351781
1351782
1351783
1351784
1351785
1351786
1351787
1351788
1351789
1351790
1351791
1351792
1351793
1351794
1351795
1351796
1351797
1351798
1351799
1351800
1351801
1351802
1351803
1351804
1351805
1351806
1351807
1351808
1351809
1351810
1351811
1351812
1351813
1351814
1351815
1351816
1351817
1351818
1351819
1351820
1351821
1351822
1351823
1351824
1351825
1351826
1351827
1351828
1351829
1351830
1351831
1351832
1351833
1351834
1351835
1351836
1351837
1351838
1351839
1351840
1351841
1351842
1351843
1351844
1351845
1351846
1351847
1351848
1351849
1351850
1351851
1351852
1351853
1351854
1351855
1351856
1351857
1351858
1351859
1351860
1351861
1351862
1351863
1351864
1351865
1351866
1351867
1351868
1351869
1351870
1351871
1351872
1351873
1351874
1351875
1351876
1351877
1351878
1351879
1351880
1351881
1351882
1351883
1351884
1351885
1351886
1351887
1351888
1351889
1351890
1351891
1351892
1351893
1351894
1351895
1351896
1351897
1351898
1351899
1351900
1351901
1351902
1351903
1351904
1351905
1351906
1351907
1351908
1351909
1351910
1351911
1351912
1351913
1351914
1351915
1351916
1351917
1351918
1351919
1351920
1351921
1351922
1351923
1351924
1351925
1351926
1351927
1351928
1351929
1351930
1351931
1351932
1351933
1351934
1351935
1351936
1351937
1351938
1351939
1351940
1351941
1351942
1351943
1351944
1351945
1351946
1351947
1351948
1351949
1351950
1351951
1351952
1351953
1351954
1351955
1351956
1351957
1351958
1351959
1351960
1351961
1351962
1351963
1351964
1351965
1351966
1351967
1351968
1351969
1351970
1351971
1351972
1351973
1351974
1351975
1351976
1351977
1351978
1351979
1351980
1351981
1351982
1351983
1351984
1351985
1351986
1351987
1351988
1351989
1351990
1351991
1351992
1351993
1351994
1351995
1351996
1351997
1351998
1351999
1352000
1352001
1352002
1352003
1352004
1352005
1352006
1352007
1352008
1352009
1352010
1352011
1352012
1352013
1352014
1352015
1352016
1352017
1352018
1352019
1352020
1352021
1352022
1352023
1352024
1352025
1352026
1352027
1352028
1352029
1352030
1352031
1352032
1352033
1352034
1352035
1352036
1352037
1352038
1352039
1352040
1352041
1352042
1352043
1352044
1352045
1352046
1352047
1352048
1352049
1352050
1352051
1352052
1352053
1352054
1352055
1352056
1352057
1352058
1352059
1352060
1352061
1352062
1352063
1352064
1352065
1352066
1352067
1352068
1352069
1352070
1352071
1352072
1352073
1352074
1352075
1352076
1352077
1352078
1352079
1352080
1352081
1352082
1352083
1352084
1352085
1352086
1352087
1352088
1352089
1352090
1352091
1352092
1352093
1352094
1352095
1352096
1352097
1352098
1352099
1352100
1352101
1352102
1352103
1352104
1352105
1352106
1352107
1352108
1352109
1352110
1352111
1352112
1352113
1352114
1352115
1352116
1352117
1352118
1352119
1352120
1352121
1352122
1352123
1352124
1352125
1352126
1352127
1352128
1352129
1352130
1352131
1352132
1352133
1352134
1352135
1352136
1352137
1352138
1352139
1352140
1352141
1352142
1352143
1352144
1352145
1352146
1352147
1352148
1352149
1352150
1352151
1352152
1352153
1352154
1352155
1352156
1352157
1352158
1352159
1352160
1352161
1352162
1352163
1352164
1352165
1352166
1352167
1352168
1352169
1352170
1352171
1352172
1352173
1352174
1352175
1352176
1352177
1352178
1352179
1352180
1352181
1352182
1352183
1352184
1352185
1352186
1352187
1352188
1352189
1352190
1352191
1352192
1352193
1352194
1352195
1352196
1352197
1352198
1352199
1352200
1352201
1352202
1352203
1352204
1352205
1352206
1352207
1352208
1352209
1352210
1352211
1352212
1352213
1352214
1352215
1352216
1352217
1352218
1352219
1352220
1352221
1352222
1352223
1352224
1352225
1352226
1352227
1352228
1352229
1352230
1352231
1352232
1352233
1352234
1352235
1352236
1352237
1352238
1352239
1352240
1352241
1352242
1352243
1352244
1352245
1352246
1352247
1352248
1352249
1352250
1352251
1352252
1352253
1352254
1352255
1352256
1352257
1352258
1352259
1352260
1352261
1352262
1352263
1352264
1352265
1352266
1352267
1352268
1352269
1352270
1352271
1352272
1352273
1352274
1352275
1352276
1352277
1352278
1352279
1352280
1352281
1352282
1352283
1352284
1352285
1352286
1352287
1352288
1352289
1352290
1352291
1352292
1352293
1352294
1352295
1352296
1352297
1352298
1352299
1352300
1352301
1352302
1352303
1352304
1352305
1352306
1352307
1352308
1352309
1352310
1352311
1352312
1352313
1352314
1352315
1352316
1352317
1352318
1352319
1352320
1352321
1352322
1352323
1352324
1352325
1352326
1352327
1352328
1352329
1352330
1352331
1352332
1352333
1352334
1352335
1352336
1352337
1352338
1352339
1352340
1352341
1352342
1352343
1352344
1352345
1352346
1352347
1352348
1352349
1352350
1352351
1352352
1352353
1352354
1352355
1352356
1352357
1352358
1352359
1352360
1352361
1352362
1352363
1352364
1352365
1352366
1352367
1352368
1352369
1352370
1352371
1352372
1352373
1352374
1352375
1352376
1352377
1352378
1352379
1352380
1352381
1352382
1352383
1352384
1352385
1352386
1352387
1352388
1352389
1352390
1352391
1352392
1352393
1352394
1352395
1352396
1352397
1352398
1352399
1352400
1352401
1352402
1352403
1352404
1352405
1352406
1352407
1352408
1352409
1352410
1352411
1352412
1352413
1352414
1352415
1352416
1352417
1352418
1352419
1352420
1352421
1352422
1352423
1352424
1352425
1352426
1352427
1352428
1352429
1352430
1352431
1352432
1352433
1352434
1352435
1352436
1352437
1352438
1352439
1352440
1352441
1352442
1352443
1352444
1352445
1352446
1352447
1352448
1352449
1352450
1352451
1352452
1352453
1352454
1352455
1352456
1352457
1352458
1352459
1352460
1352461
1352462
1352463
1352464
1352465
1352466
1352467
1352468
1352469
1352470
1352471
1352472
1352473
1352474
1352475
1352476
1352477
1352478
1352479
1352480
1352481
1352482
1352483
1352484
1352485
1352486
1352487
1352488
1352489
1352490
1352491
1352492
1352493
1352494
1352495
1352496
1352497
1352498
1352499
1352500
1352501
1352502
1352503
1352504
1352505
1352506
1352507
1352508
1352509
1352510
1352511
1352512
1352513
1352514
1352515
1352516
1352517
1352518
1352519
1352520
1352521
1352522
1352523
1352524
1352525
1352526
1352527
1352528
1352529
1352530
1352531
1352532
1352533
1352534
1352535
1352536
1352537
1352538
1352539
1352540
1352541
1352542
1352543
1352544
1352545
1352546
1352547
1352548
1352549
1352550
1352551
1352552
1352553
1352554
1352555
1352556
1352557
1352558
1352559
1352560
1352561
1352562
1352563
1352564
1352565
1352566
1352567
1352568
1352569
1352570
1352571
1352572
1352573
1352574
1352575
1352576
1352577
1352578
1352579
1352580
1352581
1352582
1352583
1352584
1352585
1352586
1352587
1352588
1352589
1352590
1352591
1352592
1352593
1352594
1352595
1352596
1352597
1352598
1352599
1352600
1352601
1352602
1352603
1352604
1352605
1352606
1352607
1352608
1352609
1352610
1352611
1352612
1352613
1352614
1352615
1352616
1352617
1352618
1352619
1352620
1352621
1352622
1352623
1352624
1352625
1352626
1352627
1352628
1352629
1352630
1352631
1352632
1352633
1352634
1352635
1352636
1352637
1352638
1352639
1352640
1352641
1352642
1352643
1352644
1352645
1352646
1352647
1352648
1352649
1352650
1352651
1352652
1352653
1352654
1352655
1352656
1352657
1352658
1352659
1352660
1352661
1352662
1352663
1352664
1352665
1352666
1352667
1352668
1352669
1352670
1352671
1352672
1352673
1352674
1352675
1352676
1352677
1352678
1352679
1352680
1352681
1352682
1352683
1352684
1352685
1352686
1352687
1352688
1352689
1352690
1352691
1352692
1352693
1352694
1352695
1352696
1352697
1352698
1352699
1352700
1352701
1352702
1352703
1352704
1352705
1352706
1352707
1352708
1352709
1352710
1352711
1352712
1352713
1352714
1352715
1352716
1352717
1352718
1352719
1352720
1352721
1352722
1352723
1352724
1352725
1352726
1352727
1352728
1352729
1352730
1352731
1352732
1352733
1352734
1352735
1352736
1352737
1352738
1352739
1352740
1352741
1352742
1352743
1352744
1352745
1352746
1352747
1352748
1352749
1352750
1352751
1352752
1352753
1352754
1352755
1352756
1352757
1352758
1352759
1352760
1352761
1352762
1352763
1352764
1352765
1352766
1352767
1352768
1352769
1352770
1352771
1352772
1352773
1352774
1352775
1352776
1352777
1352778
1352779
1352780
1352781
1352782
1352783
1352784
1352785
1352786
1352787
1352788
1352789
1352790
1352791
1352792
1352793
1352794
1352795
1352796
1352797
1352798
1352799
1352800
1352801
1352802
1352803
1352804
1352805
1352806
1352807
1352808
1352809
1352810
1352811
1352812
1352813
1352814
1352815
1352816
1352817
1352818
1352819
1352820
1352821
1352822
1352823
1352824
1352825
1352826
1352827
1352828
1352829
1352830
1352831
1352832
1352833
1352834
1352835
1352836
1352837
1352838
1352839
1352840
1352841
1352842
1352843
1352844
1352845
1352846
1352847
1352848
1352849
1352850
1352851
1352852
1352853
1352854
1352855
1352856
1352857
1352858
1352859
1352860
1352861
1352862
1352863
1352864
1352865
1352866
1352867
1352868
1352869
1352870
1352871
1352872
1352873
1352874
1352875
1352876
1352877
1352878
1352879
1352880
1352881
1352882
1352883
1352884
1352885
1352886
1352887
1352888
1352889
1352890
1352891
1352892
1352893
1352894
1352895
1352896
1352897
1352898
1352899
1352900
1352901
1352902
1352903
1352904
1352905
1352906
1352907
1352908
1352909
1352910
1352911
1352912
1352913
1352914
1352915
1352916
1352917
1352918
1352919
1352920
1352921
1352922
1352923
1352924
1352925
1352926
1352927
1352928
1352929
1352930
1352931
1352932
1352933
1352934
1352935
1352936
1352937
1352938
1352939
1352940
1352941
1352942
1352943
1352944
1352945
1352946
1352947
1352948
1352949
1352950
1352951
1352952
1352953
1352954
1352955
1352956
1352957
1352958
1352959
1352960
1352961
1352962
1352963
1352964
1352965
1352966
1352967
1352968
1352969
1352970
1352971
1352972
1352973
1352974
1352975
1352976
1352977
1352978
1352979
1352980
1352981
1352982
1352983
1352984
1352985
1352986
1352987
1352988
1352989
1352990
1352991
1352992
1352993
1352994
1352995
1352996
1352997
1352998
1352999
1353000
1353001
1353002
1353003
1353004
1353005
1353006
1353007
1353008
1353009
1353010
1353011
1353012
1353013
1353014
1353015
1353016
1353017
1353018
1353019
1353020
1353021
1353022
1353023
1353024
1353025
1353026
1353027
1353028
1353029
1353030
1353031
1353032
1353033
1353034
1353035
1353036
1353037
1353038
1353039
1353040
1353041
1353042
1353043
1353044
1353045
1353046
1353047
1353048
1353049
1353050
1353051
1353052
1353053
1353054
1353055
1353056
1353057
1353058
1353059
1353060
1353061
1353062
1353063
1353064
1353065
1353066
1353067
1353068
1353069
1353070
1353071
1353072
1353073
1353074
1353075
1353076
1353077
1353078
1353079
1353080
1353081
1353082
1353083
1353084
1353085
1353086
1353087
1353088
1353089
1353090
1353091
1353092
1353093
1353094
1353095
1353096
1353097
1353098
1353099
1353100
1353101
1353102
1353103
1353104
1353105
1353106
1353107
1353108
1353109
1353110
1353111
1353112
1353113
1353114
1353115
1353116
1353117
1353118
1353119
1353120
1353121
1353122
1353123
1353124
1353125
1353126
1353127
1353128
1353129
1353130
1353131
1353132
1353133
1353134
1353135
1353136
1353137
1353138
1353139
1353140
1353141
1353142
1353143
1353144
1353145
1353146
1353147
1353148
1353149
1353150
1353151
1353152
1353153
1353154
1353155
1353156
1353157
1353158
1353159
1353160
1353161
1353162
1353163
1353164
1353165
1353166
1353167
1353168
1353169
1353170
1353171
1353172
1353173
1353174
1353175
1353176
1353177
1353178
1353179
1353180
1353181
1353182
1353183
1353184
1353185
1353186
1353187
1353188
1353189
1353190
1353191
1353192
1353193
1353194
1353195
1353196
1353197
1353198
1353199
1353200
1353201
1353202
1353203
1353204
1353205
1353206
1353207
1353208
1353209
1353210
1353211
1353212
1353213
1353214
1353215
1353216
1353217
1353218
1353219
1353220
1353221
1353222
1353223
1353224
1353225
1353226
1353227
1353228
1353229
1353230
1353231
1353232
1353233
1353234
1353235
1353236
1353237
1353238
1353239
1353240
1353241
1353242
1353243
1353244
1353245
1353246
1353247
1353248
1353249
1353250
1353251
1353252
1353253
1353254
1353255
1353256
1353257
1353258
1353259
1353260
1353261
1353262
1353263
1353264
1353265
1353266
1353267
1353268
1353269
1353270
1353271
1353272
1353273
1353274
1353275
1353276
1353277
1353278
1353279
1353280
1353281
1353282
1353283
1353284
1353285
1353286
1353287
1353288
1353289
1353290
1353291
1353292
1353293
1353294
1353295
1353296
1353297
1353298
1353299
1353300
1353301
1353302
1353303
1353304
1353305
1353306
1353307
1353308
1353309
1353310
1353311
1353312
1353313
1353314
1353315
1353316
1353317
1353318
1353319
1353320
1353321
1353322
1353323
1353324
1353325
1353326
1353327
1353328
1353329
1353330
1353331
1353332
1353333
1353334
1353335
1353336
1353337
1353338
1353339
1353340
1353341
1353342
1353343
1353344
1353345
1353346
1353347
1353348
1353349
1353350
1353351
1353352
1353353
1353354
1353355
1353356
1353357
1353358
1353359
1353360
1353361
1353362
1353363
1353364
1353365
1353366
1353367
1353368
1353369
1353370
1353371
1353372
1353373
1353374
1353375
1353376
1353377
1353378
1353379
1353380
1353381
1353382
1353383
1353384
1353385
1353386
1353387
1353388
1353389
1353390
1353391
1353392
1353393
1353394
1353395
1353396
1353397
1353398
1353399
1353400
1353401
1353402
1353403
1353404
1353405
1353406
1353407
1353408
1353409
1353410
1353411
1353412
1353413
1353414
1353415
1353416
1353417
1353418
1353419
1353420
1353421
1353422
1353423
1353424
1353425
1353426
1353427
1353428
1353429
1353430
1353431
1353432
1353433
1353434
1353435
1353436
1353437
1353438
1353439
1353440
1353441
1353442
1353443
1353444
1353445
1353446
1353447
1353448
1353449
1353450
1353451
1353452
1353453
1353454
1353455
1353456
1353457
1353458
1353459
1353460
1353461
1353462
1353463
1353464
1353465
1353466
1353467
1353468
1353469
1353470
1353471
1353472
1353473
1353474
1353475
1353476
1353477
1353478
1353479
1353480
1353481
1353482
1353483
1353484
1353485
1353486
1353487
1353488
1353489
1353490
1353491
1353492
1353493
1353494
1353495
1353496
1353497
1353498
1353499
1353500
1353501
1353502
1353503
1353504
1353505
1353506
1353507
1353508
1353509
1353510
1353511
1353512
1353513
1353514
1353515
1353516
1353517
1353518
1353519
1353520
1353521
1353522
1353523
1353524
1353525
1353526
1353527
1353528
1353529
1353530
1353531
1353532
1353533
1353534
1353535
1353536
1353537
1353538
1353539
1353540
1353541
1353542
1353543
1353544
1353545
1353546
1353547
1353548
1353549
1353550
1353551
1353552
1353553
1353554
1353555
1353556
1353557
1353558
1353559
1353560
1353561
1353562
1353563
1353564
1353565
1353566
1353567
1353568
1353569
1353570
1353571
1353572
1353573
1353574
1353575
1353576
1353577
1353578
1353579
1353580
1353581
1353582
1353583
1353584
1353585
1353586
1353587
1353588
1353589
1353590
1353591
1353592
1353593
1353594
1353595
1353596
1353597
1353598
1353599
1353600
1353601
1353602
1353603
1353604
1353605
1353606
1353607
1353608
1353609
1353610
1353611
1353612
1353613
1353614
1353615
1353616
1353617
1353618
1353619
1353620
1353621
1353622
1353623
1353624
1353625
1353626
1353627
1353628
1353629
1353630
1353631
1353632
1353633
1353634
1353635
1353636
1353637
1353638
1353639
1353640
1353641
1353642
1353643
1353644
1353645
1353646
1353647
1353648
1353649
1353650
1353651
1353652
1353653
1353654
1353655
1353656
1353657
1353658
1353659
1353660
1353661
1353662
1353663
1353664
1353665
1353666
1353667
1353668
1353669
1353670
1353671
1353672
1353673
1353674
1353675
1353676
1353677
1353678
1353679
1353680
1353681
1353682
1353683
1353684
1353685
1353686
1353687
1353688
1353689
1353690
1353691
1353692
1353693
1353694
1353695
1353696
1353697
1353698
1353699
1353700
1353701
1353702
1353703
1353704
1353705
1353706
1353707
1353708
1353709
1353710
1353711
1353712
1353713
1353714
1353715
1353716
1353717
1353718
1353719
1353720
1353721
1353722
1353723
1353724
1353725
1353726
1353727
1353728
1353729
1353730
1353731
1353732
1353733
1353734
1353735
1353736
1353737
1353738
1353739
1353740
1353741
1353742
1353743
1353744
1353745
1353746
1353747
1353748
1353749
1353750
1353751
1353752
1353753
1353754
1353755
1353756
1353757
1353758
1353759
1353760
1353761
1353762
1353763
1353764
1353765
1353766
1353767
1353768
1353769
1353770
1353771
1353772
1353773
1353774
1353775
1353776
1353777
1353778
1353779
1353780
1353781
1353782
1353783
1353784
1353785
1353786
1353787
1353788
1353789
1353790
1353791
1353792
1353793
1353794
1353795
1353796
1353797
1353798
1353799
1353800
1353801
1353802
1353803
1353804
1353805
1353806
1353807
1353808
1353809
1353810
1353811
1353812
1353813
1353814
1353815
1353816
1353817
1353818
1353819
1353820
1353821
1353822
1353823
1353824
1353825
1353826
1353827
1353828
1353829
1353830
1353831
1353832
1353833
1353834
1353835
1353836
1353837
1353838
1353839
1353840
1353841
1353842
1353843
1353844
1353845
1353846
1353847
1353848
1353849
1353850
1353851
1353852
1353853
1353854
1353855
1353856
1353857
1353858
1353859
1353860
1353861
1353862
1353863
1353864
1353865
1353866
1353867
1353868
1353869
1353870
1353871
1353872
1353873
1353874
1353875
1353876
1353877
1353878
1353879
1353880
1353881
1353882
1353883
1353884
1353885
1353886
1353887
1353888
1353889
1353890
1353891
1353892
1353893
1353894
1353895
1353896
1353897
1353898
1353899
1353900
1353901
1353902
1353903
1353904
1353905
1353906
1353907
1353908
1353909
1353910
1353911
1353912
1353913
1353914
1353915
1353916
1353917
1353918
1353919
1353920
1353921
1353922
1353923
1353924
1353925
1353926
1353927
1353928
1353929
1353930
1353931
1353932
1353933
1353934
1353935
1353936
1353937
1353938
1353939
1353940
1353941
1353942
1353943
1353944
1353945
1353946
1353947
1353948
1353949
1353950
1353951
1353952
1353953
1353954
1353955
1353956
1353957
1353958
1353959
1353960
1353961
1353962
1353963
1353964
1353965
1353966
1353967
1353968
1353969
1353970
1353971
1353972
1353973
1353974
1353975
1353976
1353977
1353978
1353979
1353980
1353981
1353982
1353983
1353984
1353985
1353986
1353987
1353988
1353989
1353990
1353991
1353992
1353993
1353994
1353995
1353996
1353997
1353998
1353999
1354000
1354001
1354002
1354003
1354004
1354005
1354006
1354007
1354008
1354009
1354010
1354011
1354012
1354013
1354014
1354015
1354016
1354017
1354018
1354019
1354020
1354021
1354022
1354023
1354024
1354025
1354026
1354027
1354028
1354029
1354030
1354031
1354032
1354033
1354034
1354035
1354036
1354037
1354038
1354039
1354040
1354041
1354042
1354043
1354044
1354045
1354046
1354047
1354048
1354049
1354050
1354051
1354052
1354053
1354054
1354055
1354056
1354057
1354058
1354059
1354060
1354061
1354062
1354063
1354064
1354065
1354066
1354067
1354068
1354069
1354070
1354071
1354072
1354073
1354074
1354075
1354076
1354077
1354078
1354079
1354080
1354081
1354082
1354083
1354084
1354085
1354086
1354087
1354088
1354089
1354090
1354091
1354092
1354093
1354094
1354095
1354096
1354097
1354098
1354099
1354100
1354101
1354102
1354103
1354104
1354105
1354106
1354107
1354108
1354109
1354110
1354111
1354112
1354113
1354114
1354115
1354116
1354117
1354118
1354119
1354120
1354121
1354122
1354123
1354124
1354125
1354126
1354127
1354128
1354129
1354130
1354131
1354132
1354133
1354134
1354135
1354136
1354137
1354138
1354139
1354140
1354141
1354142
1354143
1354144
1354145
1354146
1354147
1354148
1354149
1354150
1354151
1354152
1354153
1354154
1354155
1354156
1354157
1354158
1354159
1354160
1354161
1354162
1354163
1354164
1354165
1354166
1354167
1354168
1354169
1354170
1354171
1354172
1354173
1354174
1354175
1354176
1354177
1354178
1354179
1354180
1354181
1354182
1354183
1354184
1354185
1354186
1354187
1354188
1354189
1354190
1354191
1354192
1354193
1354194
1354195
1354196
1354197
1354198
1354199
1354200
1354201
1354202
1354203
1354204
1354205
1354206
1354207
1354208
1354209
1354210
1354211
1354212
1354213
1354214
1354215
1354216
1354217
1354218
1354219
1354220
1354221
1354222
1354223
1354224
1354225
1354226
1354227
1354228
1354229
1354230
1354231
1354232
1354233
1354234
1354235
1354236
1354237
1354238
1354239
1354240
1354241
1354242
1354243
1354244
1354245
1354246
1354247
1354248
1354249
1354250
1354251
1354252
1354253
1354254
1354255
1354256
1354257
1354258
1354259
1354260
1354261
1354262
1354263
1354264
1354265
1354266
1354267
1354268
1354269
1354270
1354271
1354272
1354273
1354274
1354275
1354276
1354277
1354278
1354279
1354280
1354281
1354282
1354283
1354284
1354285
1354286
1354287
1354288
1354289
1354290
1354291
1354292
1354293
1354294
1354295
1354296
1354297
1354298
1354299
1354300
1354301
1354302
1354303
1354304
1354305
1354306
1354307
1354308
1354309
1354310
1354311
1354312
1354313
1354314
1354315
1354316
1354317
1354318
1354319
1354320
1354321
1354322
1354323
1354324
1354325
1354326
1354327
1354328
1354329
1354330
1354331
1354332
1354333
1354334
1354335
1354336
1354337
1354338
1354339
1354340
1354341
1354342
1354343
1354344
1354345
1354346
1354347
1354348
1354349
1354350
1354351
1354352
1354353
1354354
1354355
1354356
1354357
1354358
1354359
1354360
1354361
1354362
1354363
1354364
1354365
1354366
1354367
1354368
1354369
1354370
1354371
1354372
1354373
1354374
1354375
1354376
1354377
1354378
1354379
1354380
1354381
1354382
1354383
1354384
1354385
1354386
1354387
1354388
1354389
1354390
1354391
1354392
1354393
1354394
1354395
1354396
1354397
1354398
1354399
1354400
1354401
1354402
1354403
1354404
1354405
1354406
1354407
1354408
1354409
1354410
1354411
1354412
1354413
1354414
1354415
1354416
1354417
1354418
1354419
1354420
1354421
1354422
1354423
1354424
1354425
1354426
1354427
1354428
1354429
1354430
1354431
1354432
1354433
1354434
1354435
1354436
1354437
1354438
1354439
1354440
1354441
1354442
1354443
1354444
1354445
1354446
1354447
1354448
1354449
1354450
1354451
1354452
1354453
1354454
1354455
1354456
1354457
1354458
1354459
1354460
1354461
1354462
1354463
1354464
1354465
1354466
1354467
1354468
1354469
1354470
1354471
1354472
1354473
1354474
1354475
1354476
1354477
1354478
1354479
1354480
1354481
1354482
1354483
1354484
1354485
1354486
1354487
1354488
1354489
1354490
1354491
1354492
1354493
1354494
1354495
1354496
1354497
1354498
1354499
1354500
1354501
1354502
1354503
1354504
1354505
1354506
1354507
1354508
1354509
1354510
1354511
1354512
1354513
1354514
1354515
1354516
1354517
1354518
1354519
1354520
1354521
1354522
1354523
1354524
1354525
1354526
1354527
1354528
1354529
1354530
1354531
1354532
1354533
1354534
1354535
1354536
1354537
1354538
1354539
1354540
1354541
1354542
1354543
1354544
1354545
1354546
1354547
1354548
1354549
1354550
1354551
1354552
1354553
1354554
1354555
1354556
1354557
1354558
1354559
1354560
1354561
1354562
1354563
1354564
1354565
1354566
1354567
1354568
1354569
1354570
1354571
1354572
1354573
1354574
1354575
1354576
1354577
1354578
1354579
1354580
1354581
1354582
1354583
1354584
1354585
1354586
1354587
1354588
1354589
1354590
1354591
1354592
1354593
1354594
1354595
1354596
1354597
1354598
1354599
1354600
1354601
1354602
1354603
1354604
1354605
1354606
1354607
1354608
1354609
1354610
1354611
1354612
1354613
1354614
1354615
1354616
1354617
1354618
1354619
1354620
1354621
1354622
1354623
1354624
1354625
1354626
1354627
1354628
1354629
1354630
1354631
1354632
1354633
1354634
1354635
1354636
1354637
1354638
1354639
1354640
1354641
1354642
1354643
1354644
1354645
1354646
1354647
1354648
1354649
1354650
1354651
1354652
1354653
1354654
1354655
1354656
1354657
1354658
1354659
1354660
1354661
1354662
1354663
1354664
1354665
1354666
1354667
1354668
1354669
1354670
1354671
1354672
1354673
1354674
1354675
1354676
1354677
1354678
1354679
1354680
1354681
1354682
1354683
1354684
1354685
1354686
1354687
1354688
1354689
1354690
1354691
1354692
1354693
1354694
1354695
1354696
1354697
1354698
1354699
1354700
1354701
1354702
1354703
1354704
1354705
1354706
1354707
1354708
1354709
1354710
1354711
1354712
1354713
1354714
1354715
1354716
1354717
1354718
1354719
1354720
1354721
1354722
1354723
1354724
1354725
1354726
1354727
1354728
1354729
1354730
1354731
1354732
1354733
1354734
1354735
1354736
1354737
1354738
1354739
1354740
1354741
1354742
1354743
1354744
1354745
1354746
1354747
1354748
1354749
1354750
1354751
1354752
1354753
1354754
1354755
1354756
1354757
1354758
1354759
1354760
1354761
1354762
1354763
1354764
1354765
1354766
1354767
1354768
1354769
1354770
1354771
1354772
1354773
1354774
1354775
1354776
1354777
1354778
1354779
1354780
1354781
1354782
1354783
1354784
1354785
1354786
1354787
1354788
1354789
1354790
1354791
1354792
1354793
1354794
1354795
1354796
1354797
1354798
1354799
1354800
1354801
1354802
1354803
1354804
1354805
1354806
1354807
1354808
1354809
1354810
1354811
1354812
1354813
1354814
1354815
1354816
1354817
1354818
1354819
1354820
1354821
1354822
1354823
1354824
1354825
1354826
1354827
1354828
1354829
1354830
1354831
1354832
1354833
1354834
1354835
1354836
1354837
1354838
1354839
1354840
1354841
1354842
1354843
1354844
1354845
1354846
1354847
1354848
1354849
1354850
1354851
1354852
1354853
1354854
1354855
1354856
1354857
1354858
1354859
1354860
1354861
1354862
1354863
1354864
1354865
1354866
1354867
1354868
1354869
1354870
1354871
1354872
1354873
1354874
1354875
1354876
1354877
1354878
1354879
1354880
1354881
1354882
1354883
1354884
1354885
1354886
1354887
1354888
1354889
1354890
1354891
1354892
1354893
1354894
1354895
1354896
1354897
1354898
1354899
1354900
1354901
1354902
1354903
1354904
1354905
1354906
1354907
1354908
1354909
1354910
1354911
1354912
1354913
1354914
1354915
1354916
1354917
1354918
1354919
1354920
1354921
1354922
1354923
1354924
1354925
1354926
1354927
1354928
1354929
1354930
1354931
1354932
1354933
1354934
1354935
1354936
1354937
1354938
1354939
1354940
1354941
1354942
1354943
1354944
1354945
1354946
1354947
1354948
1354949
1354950
1354951
1354952
1354953
1354954
1354955
1354956
1354957
1354958
1354959
1354960
1354961
1354962
1354963
1354964
1354965
1354966
1354967
1354968
1354969
1354970
1354971
1354972
1354973
1354974
1354975
1354976
1354977
1354978
1354979
1354980
1354981
1354982
1354983
1354984
1354985
1354986
1354987
1354988
1354989
1354990
1354991
1354992
1354993
1354994
1354995
1354996
1354997
1354998
1354999
1355000
1355001
1355002
1355003
1355004
1355005
1355006
1355007
1355008
1355009
1355010
1355011
1355012
1355013
1355014
1355015
1355016
1355017
1355018
1355019
1355020
1355021
1355022
1355023
1355024
1355025
1355026
1355027
1355028
1355029
1355030
1355031
1355032
1355033
1355034
1355035
1355036
1355037
1355038
1355039
1355040
1355041
1355042
1355043
1355044
1355045
1355046
1355047
1355048
1355049
1355050
1355051
1355052
1355053
1355054
1355055
1355056
1355057
1355058
1355059
1355060
1355061
1355062
1355063
1355064
1355065
1355066
1355067
1355068
1355069
1355070
1355071
1355072
1355073
1355074
1355075
1355076
1355077
1355078
1355079
1355080
1355081
1355082
1355083
1355084
1355085
1355086
1355087
1355088
1355089
1355090
1355091
1355092
1355093
1355094
1355095
1355096
1355097
1355098
1355099
1355100
1355101
1355102
1355103
1355104
1355105
1355106
1355107
1355108
1355109
1355110
1355111
1355112
1355113
1355114
1355115
1355116
1355117
1355118
1355119
1355120
1355121
1355122
1355123
1355124
1355125
1355126
1355127
1355128
1355129
1355130
1355131
1355132
1355133
1355134
1355135
1355136
1355137
1355138
1355139
1355140
1355141
1355142
1355143
1355144
1355145
1355146
1355147
1355148
1355149
1355150
1355151
1355152
1355153
1355154
1355155
1355156
1355157
1355158
1355159
1355160
1355161
1355162
1355163
1355164
1355165
1355166
1355167
1355168
1355169
1355170
1355171
1355172
1355173
1355174
1355175
1355176
1355177
1355178
1355179
1355180
1355181
1355182
1355183
1355184
1355185
1355186
1355187
1355188
1355189
1355190
1355191
1355192
1355193
1355194
1355195
1355196
1355197
1355198
1355199
1355200
1355201
1355202
1355203
1355204
1355205
1355206
1355207
1355208
1355209
1355210
1355211
1355212
1355213
1355214
1355215
1355216
1355217
1355218
1355219
1355220
1355221
1355222
1355223
1355224
1355225
1355226
1355227
1355228
1355229
1355230
1355231
1355232
1355233
1355234
1355235
1355236
1355237
1355238
1355239
1355240
1355241
1355242
1355243
1355244
1355245
1355246
1355247
1355248
1355249
1355250
1355251
1355252
1355253
1355254
1355255
1355256
1355257
1355258
1355259
1355260
1355261
1355262
1355263
1355264
1355265
1355266
1355267
1355268
1355269
1355270
1355271
1355272
1355273
1355274
1355275
1355276
1355277
1355278
1355279
1355280
1355281
1355282
1355283
1355284
1355285
1355286
1355287
1355288
1355289
1355290
1355291
1355292
1355293
1355294
1355295
1355296
1355297
1355298
1355299
1355300
1355301
1355302
1355303
1355304
1355305
1355306
1355307
1355308
1355309
1355310
1355311
1355312
1355313
1355314
1355315
1355316
1355317
1355318
1355319
1355320
1355321
1355322
1355323
1355324
1355325
1355326
1355327
1355328
1355329
1355330
1355331
1355332
1355333
1355334
1355335
1355336
1355337
1355338
1355339
1355340
1355341
1355342
1355343
1355344
1355345
1355346
1355347
1355348
1355349
1355350
1355351
1355352
1355353
1355354
1355355
1355356
1355357
1355358
1355359
1355360
1355361
1355362
1355363
1355364
1355365
1355366
1355367
1355368
1355369
1355370
1355371
1355372
1355373
1355374
1355375
1355376
1355377
1355378
1355379
1355380
1355381
1355382
1355383
1355384
1355385
1355386
1355387
1355388
1355389
1355390
1355391
1355392
1355393
1355394
1355395
1355396
1355397
1355398
1355399
1355400
1355401
1355402
1355403
1355404
1355405
1355406
1355407
1355408
1355409
1355410
1355411
1355412
1355413
1355414
1355415
1355416
1355417
1355418
1355419
1355420
1355421
1355422
1355423
1355424
1355425
1355426
1355427
1355428
1355429
1355430
1355431
1355432
1355433
1355434
1355435
1355436
1355437
1355438
1355439
1355440
1355441
1355442
1355443
1355444
1355445
1355446
1355447
1355448
1355449
1355450
1355451
1355452
1355453
1355454
1355455
1355456
1355457
1355458
1355459
1355460
1355461
1355462
1355463
1355464
1355465
1355466
1355467
1355468
1355469
1355470
1355471
1355472
1355473
1355474
1355475
1355476
1355477
1355478
1355479
1355480
1355481
1355482
1355483
1355484
1355485
1355486
1355487
1355488
1355489
1355490
1355491
1355492
1355493
1355494
1355495
1355496
1355497
1355498
1355499
1355500
1355501
1355502
1355503
1355504
1355505
1355506
1355507
1355508
1355509
1355510
1355511
1355512
1355513
1355514
1355515
1355516
1355517
1355518
1355519
1355520
1355521
1355522
1355523
1355524
1355525
1355526
1355527
1355528
1355529
1355530
1355531
1355532
1355533
1355534
1355535
1355536
1355537
1355538
1355539
1355540
1355541
1355542
1355543
1355544
1355545
1355546
1355547
1355548
1355549
1355550
1355551
1355552
1355553
1355554
1355555
1355556
1355557
1355558
1355559
1355560
1355561
1355562
1355563
1355564
1355565
1355566
1355567
1355568
1355569
1355570
1355571
1355572
1355573
1355574
1355575
1355576
1355577
1355578
1355579
1355580
1355581
1355582
1355583
1355584
1355585
1355586
1355587
1355588
1355589
1355590
1355591
1355592
1355593
1355594
1355595
1355596
1355597
1355598
1355599
1355600
1355601
1355602
1355603
1355604
1355605
1355606
1355607
1355608
1355609
1355610
1355611
1355612
1355613
1355614
1355615
1355616
1355617
1355618
1355619
1355620
1355621
1355622
1355623
1355624
1355625
1355626
1355627
1355628
1355629
1355630
1355631
1355632
1355633
1355634
1355635
1355636
1355637
1355638
1355639
1355640
1355641
1355642
1355643
1355644
1355645
1355646
1355647
1355648
1355649
1355650
1355651
1355652
1355653
1355654
1355655
1355656
1355657
1355658
1355659
1355660
1355661
1355662
1355663
1355664
1355665
1355666
1355667
1355668
1355669
1355670
1355671
1355672
1355673
1355674
1355675
1355676
1355677
1355678
1355679
1355680
1355681
1355682
1355683
1355684
1355685
1355686
1355687
1355688
1355689
1355690
1355691
1355692
1355693
1355694
1355695
1355696
1355697
1355698
1355699
1355700
1355701
1355702
1355703
1355704
1355705
1355706
1355707
1355708
1355709
1355710
1355711
1355712
1355713
1355714
1355715
1355716
1355717
1355718
1355719
1355720
1355721
1355722
1355723
1355724
1355725
1355726
1355727
1355728
1355729
1355730
1355731
1355732
1355733
1355734
1355735
1355736
1355737
1355738
1355739
1355740
1355741
1355742
1355743
1355744
1355745
1355746
1355747
1355748
1355749
1355750
1355751
1355752
1355753
1355754
1355755
1355756
1355757
1355758
1355759
1355760
1355761
1355762
1355763
1355764
1355765
1355766
1355767
1355768
1355769
1355770
1355771
1355772
1355773
1355774
1355775
1355776
1355777
1355778
1355779
1355780
1355781
1355782
1355783
1355784
1355785
1355786
1355787
1355788
1355789
1355790
1355791
1355792
1355793
1355794
1355795
1355796
1355797
1355798
1355799
1355800
1355801
1355802
1355803
1355804
1355805
1355806
1355807
1355808
1355809
1355810
1355811
1355812
1355813
1355814
1355815
1355816
1355817
1355818
1355819
1355820
1355821
1355822
1355823
1355824
1355825
1355826
1355827
1355828
1355829
1355830
1355831
1355832
1355833
1355834
1355835
1355836
1355837
1355838
1355839
1355840
1355841
1355842
1355843
1355844
1355845
1355846
1355847
1355848
1355849
1355850
1355851
1355852
1355853
1355854
1355855
1355856
1355857
1355858
1355859
1355860
1355861
1355862
1355863
1355864
1355865
1355866
1355867
1355868
1355869
1355870
1355871
1355872
1355873
1355874
1355875
1355876
1355877
1355878
1355879
1355880
1355881
1355882
1355883
1355884
1355885
1355886
1355887
1355888
1355889
1355890
1355891
1355892
1355893
1355894
1355895
1355896
1355897
1355898
1355899
1355900
1355901
1355902
1355903
1355904
1355905
1355906
1355907
1355908
1355909
1355910
1355911
1355912
1355913
1355914
1355915
1355916
1355917
1355918
1355919
1355920
1355921
1355922
1355923
1355924
1355925
1355926
1355927
1355928
1355929
1355930
1355931
1355932
1355933
1355934
1355935
1355936
1355937
1355938
1355939
1355940
1355941
1355942
1355943
1355944
1355945
1355946
1355947
1355948
1355949
1355950
1355951
1355952
1355953
1355954
1355955
1355956
1355957
1355958
1355959
1355960
1355961
1355962
1355963
1355964
1355965
1355966
1355967
1355968
1355969
1355970
1355971
1355972
1355973
1355974
1355975
1355976
1355977
1355978
1355979
1355980
1355981
1355982
1355983
1355984
1355985
1355986
1355987
1355988
1355989
1355990
1355991
1355992
1355993
1355994
1355995
1355996
1355997
1355998
1355999
1356000
1356001
1356002
1356003
1356004
1356005
1356006
1356007
1356008
1356009
1356010
1356011
1356012
1356013
1356014
1356015
1356016
1356017
1356018
1356019
1356020
1356021
1356022
1356023
1356024
1356025
1356026
1356027
1356028
1356029
1356030
1356031
1356032
1356033
1356034
1356035
1356036
1356037
1356038
1356039
1356040
1356041
1356042
1356043
1356044
1356045
1356046
1356047
1356048
1356049
1356050
1356051
1356052
1356053
1356054
1356055
1356056
1356057
1356058
1356059
1356060
1356061
1356062
1356063
1356064
1356065
1356066
1356067
1356068
1356069
1356070
1356071
1356072
1356073
1356074
1356075
1356076
1356077
1356078
1356079
1356080
1356081
1356082
1356083
1356084
1356085
1356086
1356087
1356088
1356089
1356090
1356091
1356092
1356093
1356094
1356095
1356096
1356097
1356098
1356099
1356100
1356101
1356102
1356103
1356104
1356105
1356106
1356107
1356108
1356109
1356110
1356111
1356112
1356113
1356114
1356115
1356116
1356117
1356118
1356119
1356120
1356121
1356122
1356123
1356124
1356125
1356126
1356127
1356128
1356129
1356130
1356131
1356132
1356133
1356134
1356135
1356136
1356137
1356138
1356139
1356140
1356141
1356142
1356143
1356144
1356145
1356146
1356147
1356148
1356149
1356150
1356151
1356152
1356153
1356154
1356155
1356156
1356157
1356158
1356159
1356160
1356161
1356162
1356163
1356164
1356165
1356166
1356167
1356168
1356169
1356170
1356171
1356172
1356173
1356174
1356175
1356176
1356177
1356178
1356179
1356180
1356181
1356182
1356183
1356184
1356185
1356186
1356187
1356188
1356189
1356190
1356191
1356192
1356193
1356194
1356195
1356196
1356197
1356198
1356199
1356200
1356201
1356202
1356203
1356204
1356205
1356206
1356207
1356208
1356209
1356210
1356211
1356212
1356213
1356214
1356215
1356216
1356217
1356218
1356219
1356220
1356221
1356222
1356223
1356224
1356225
1356226
1356227
1356228
1356229
1356230
1356231
1356232
1356233
1356234
1356235
1356236
1356237
1356238
1356239
1356240
1356241
1356242
1356243
1356244
1356245
1356246
1356247
1356248
1356249
1356250
1356251
1356252
1356253
1356254
1356255
1356256
1356257
1356258
1356259
1356260
1356261
1356262
1356263
1356264
1356265
1356266
1356267
1356268
1356269
1356270
1356271
1356272
1356273
1356274
1356275
1356276
1356277
1356278
1356279
1356280
1356281
1356282
1356283
1356284
1356285
1356286
1356287
1356288
1356289
1356290
1356291
1356292
1356293
1356294
1356295
1356296
1356297
1356298
1356299
1356300
1356301
1356302
1356303
1356304
1356305
1356306
1356307
1356308
1356309
1356310
1356311
1356312
1356313
1356314
1356315
1356316
1356317
1356318
1356319
1356320
1356321
1356322
1356323
1356324
1356325
1356326
1356327
1356328
1356329
1356330
1356331
1356332
1356333
1356334
1356335
1356336
1356337
1356338
1356339
1356340
1356341
1356342
1356343
1356344
1356345
1356346
1356347
1356348
1356349
1356350
1356351
1356352
1356353
1356354
1356355
1356356
1356357
1356358
1356359
1356360
1356361
1356362
1356363
1356364
1356365
1356366
1356367
1356368
1356369
1356370
1356371
1356372
1356373
1356374
1356375
1356376
1356377
1356378
1356379
1356380
1356381
1356382
1356383
1356384
1356385
1356386
1356387
1356388
1356389
1356390
1356391
1356392
1356393
1356394
1356395
1356396
1356397
1356398
1356399
1356400
1356401
1356402
1356403
1356404
1356405
1356406
1356407
1356408
1356409
1356410
1356411
1356412
1356413
1356414
1356415
1356416
1356417
1356418
1356419
1356420
1356421
1356422
1356423
1356424
1356425
1356426
1356427
1356428
1356429
1356430
1356431
1356432
1356433
1356434
1356435
1356436
1356437
1356438
1356439
1356440
1356441
1356442
1356443
1356444
1356445
1356446
1356447
1356448
1356449
1356450
1356451
1356452
1356453
1356454
1356455
1356456
1356457
1356458
1356459
1356460
1356461
1356462
1356463
1356464
1356465
1356466
1356467
1356468
1356469
1356470
1356471
1356472
1356473
1356474
1356475
1356476
1356477
1356478
1356479
1356480
1356481
1356482
1356483
1356484
1356485
1356486
1356487
1356488
1356489
1356490
1356491
1356492
1356493
1356494
1356495
1356496
1356497
1356498
1356499
1356500
1356501
1356502
1356503
1356504
1356505
1356506
1356507
1356508
1356509
1356510
1356511
1356512
1356513
1356514
1356515
1356516
1356517
1356518
1356519
1356520
1356521
1356522
1356523
1356524
1356525
1356526
1356527
1356528
1356529
1356530
1356531
1356532
1356533
1356534
1356535
1356536
1356537
1356538
1356539
1356540
1356541
1356542
1356543
1356544
1356545
1356546
1356547
1356548
1356549
1356550
1356551
1356552
1356553
1356554
1356555
1356556
1356557
1356558
1356559
1356560
1356561
1356562
1356563
1356564
1356565
1356566
1356567
1356568
1356569
1356570
1356571
1356572
1356573
1356574
1356575
1356576
1356577
1356578
1356579
1356580
1356581
1356582
1356583
1356584
1356585
1356586
1356587
1356588
1356589
1356590
1356591
1356592
1356593
1356594
1356595
1356596
1356597
1356598
1356599
1356600
1356601
1356602
1356603
1356604
1356605
1356606
1356607
1356608
1356609
1356610
1356611
1356612
1356613
1356614
1356615
1356616
1356617
1356618
1356619
1356620
1356621
1356622
1356623
1356624
1356625
1356626
1356627
1356628
1356629
1356630
1356631
1356632
1356633
1356634
1356635
1356636
1356637
1356638
1356639
1356640
1356641
1356642
1356643
1356644
1356645
1356646
1356647
1356648
1356649
1356650
1356651
1356652
1356653
1356654
1356655
1356656
1356657
1356658
1356659
1356660
1356661
1356662
1356663
1356664
1356665
1356666
1356667
1356668
1356669
1356670
1356671
1356672
1356673
1356674
1356675
1356676
1356677
1356678
1356679
1356680
1356681
1356682
1356683
1356684
1356685
1356686
1356687
1356688
1356689
1356690
1356691
1356692
1356693
1356694
1356695
1356696
1356697
1356698
1356699
1356700
1356701
1356702
1356703
1356704
1356705
1356706
1356707
1356708
1356709
1356710
1356711
1356712
1356713
1356714
1356715
1356716
1356717
1356718
1356719
1356720
1356721
1356722
1356723
1356724
1356725
1356726
1356727
1356728
1356729
1356730
1356731
1356732
1356733
1356734
1356735
1356736
1356737
1356738
1356739
1356740
1356741
1356742
1356743
1356744
1356745
1356746
1356747
1356748
1356749
1356750
1356751
1356752
1356753
1356754
1356755
1356756
1356757
1356758
1356759
1356760
1356761
1356762
1356763
1356764
1356765
1356766
1356767
1356768
1356769
1356770
1356771
1356772
1356773
1356774
1356775
1356776
1356777
1356778
1356779
1356780
1356781
1356782
1356783
1356784
1356785
1356786
1356787
1356788
1356789
1356790
1356791
1356792
1356793
1356794
1356795
1356796
1356797
1356798
1356799
1356800
1356801
1356802
1356803
1356804
1356805
1356806
1356807
1356808
1356809
1356810
1356811
1356812
1356813
1356814
1356815
1356816
1356817
1356818
1356819
1356820
1356821
1356822
1356823
1356824
1356825
1356826
1356827
1356828
1356829
1356830
1356831
1356832
1356833
1356834
1356835
1356836
1356837
1356838
1356839
1356840
1356841
1356842
1356843
1356844
1356845
1356846
1356847
1356848
1356849
1356850
1356851
1356852
1356853
1356854
1356855
1356856
1356857
1356858
1356859
1356860
1356861
1356862
1356863
1356864
1356865
1356866
1356867
1356868
1356869
1356870
1356871
1356872
1356873
1356874
1356875
1356876
1356877
1356878
1356879
1356880
1356881
1356882
1356883
1356884
1356885
1356886
1356887
1356888
1356889
1356890
1356891
1356892
1356893
1356894
1356895
1356896
1356897
1356898
1356899
1356900
1356901
1356902
1356903
1356904
1356905
1356906
1356907
1356908
1356909
1356910
1356911
1356912
1356913
1356914
1356915
1356916
1356917
1356918
1356919
1356920
1356921
1356922
1356923
1356924
1356925
1356926
1356927
1356928
1356929
1356930
1356931
1356932
1356933
1356934
1356935
1356936
1356937
1356938
1356939
1356940
1356941
1356942
1356943
1356944
1356945
1356946
1356947
1356948
1356949
1356950
1356951
1356952
1356953
1356954
1356955
1356956
1356957
1356958
1356959
1356960
1356961
1356962
1356963
1356964
1356965
1356966
1356967
1356968
1356969
1356970
1356971
1356972
1356973
1356974
1356975
1356976
1356977
1356978
1356979
1356980
1356981
1356982
1356983
1356984
1356985
1356986
1356987
1356988
1356989
1356990
1356991
1356992
1356993
1356994
1356995
1356996
1356997
1356998
1356999
1357000
1357001
1357002
1357003
1357004
1357005
1357006
1357007
1357008
1357009
1357010
1357011
1357012
1357013
1357014
1357015
1357016
1357017
1357018
1357019
1357020
1357021
1357022
1357023
1357024
1357025
1357026
1357027
1357028
1357029
1357030
1357031
1357032
1357033
1357034
1357035
1357036
1357037
1357038
1357039
1357040
1357041
1357042
1357043
1357044
1357045
1357046
1357047
1357048
1357049
1357050
1357051
1357052
1357053
1357054
1357055
1357056
1357057
1357058
1357059
1357060
1357061
1357062
1357063
1357064
1357065
1357066
1357067
1357068
1357069
1357070
1357071
1357072
1357073
1357074
1357075
1357076
1357077
1357078
1357079
1357080
1357081
1357082
1357083
1357084
1357085
1357086
1357087
1357088
1357089
1357090
1357091
1357092
1357093
1357094
1357095
1357096
1357097
1357098
1357099
1357100
1357101
1357102
1357103
1357104
1357105
1357106
1357107
1357108
1357109
1357110
1357111
1357112
1357113
1357114
1357115
1357116
1357117
1357118
1357119
1357120
1357121
1357122
1357123
1357124
1357125
1357126
1357127
1357128
1357129
1357130
1357131
1357132
1357133
1357134
1357135
1357136
1357137
1357138
1357139
1357140
1357141
1357142
1357143
1357144
1357145
1357146
1357147
1357148
1357149
1357150
1357151
1357152
1357153
1357154
1357155
1357156
1357157
1357158
1357159
1357160
1357161
1357162
1357163
1357164
1357165
1357166
1357167
1357168
1357169
1357170
1357171
1357172
1357173
1357174
1357175
1357176
1357177
1357178
1357179
1357180
1357181
1357182
1357183
1357184
1357185
1357186
1357187
1357188
1357189
1357190
1357191
1357192
1357193
1357194
1357195
1357196
1357197
1357198
1357199
1357200
1357201
1357202
1357203
1357204
1357205
1357206
1357207
1357208
1357209
1357210
1357211
1357212
1357213
1357214
1357215
1357216
1357217
1357218
1357219
1357220
1357221
1357222
1357223
1357224
1357225
1357226
1357227
1357228
1357229
1357230
1357231
1357232
1357233
1357234
1357235
1357236
1357237
1357238
1357239
1357240
1357241
1357242
1357243
1357244
1357245
1357246
1357247
1357248
1357249
1357250
1357251
1357252
1357253
1357254
1357255
1357256
1357257
1357258
1357259
1357260
1357261
1357262
1357263
1357264
1357265
1357266
1357267
1357268
1357269
1357270
1357271
1357272
1357273
1357274
1357275
1357276
1357277
1357278
1357279
1357280
1357281
1357282
1357283
1357284
1357285
1357286
1357287
1357288
1357289
1357290
1357291
1357292
1357293
1357294
1357295
1357296
1357297
1357298
1357299
1357300
1357301
1357302
1357303
1357304
1357305
1357306
1357307
1357308
1357309
1357310
1357311
1357312
1357313
1357314
1357315
1357316
1357317
1357318
1357319
1357320
1357321
1357322
1357323
1357324
1357325
1357326
1357327
1357328
1357329
1357330
1357331
1357332
1357333
1357334
1357335
1357336
1357337
1357338
1357339
1357340
1357341
1357342
1357343
1357344
1357345
1357346
1357347
1357348
1357349
1357350
1357351
1357352
1357353
1357354
1357355
1357356
1357357
1357358
1357359
1357360
1357361
1357362
1357363
1357364
1357365
1357366
1357367
1357368
1357369
1357370
1357371
1357372
1357373
1357374
1357375
1357376
1357377
1357378
1357379
1357380
1357381
1357382
1357383
1357384
1357385
1357386
1357387
1357388
1357389
1357390
1357391
1357392
1357393
1357394
1357395
1357396
1357397
1357398
1357399
1357400
1357401
1357402
1357403
1357404
1357405
1357406
1357407
1357408
1357409
1357410
1357411
1357412
1357413
1357414
1357415
1357416
1357417
1357418
1357419
1357420
1357421
1357422
1357423
1357424
1357425
1357426
1357427
1357428
1357429
1357430
1357431
1357432
1357433
1357434
1357435
1357436
1357437
1357438
1357439
1357440
1357441
1357442
1357443
1357444
1357445
1357446
1357447
1357448
1357449
1357450
1357451
1357452
1357453
1357454
1357455
1357456
1357457
1357458
1357459
1357460
1357461
1357462
1357463
1357464
1357465
1357466
1357467
1357468
1357469
1357470
1357471
1357472
1357473
1357474
1357475
1357476
1357477
1357478
1357479
1357480
1357481
1357482
1357483
1357484
1357485
1357486
1357487
1357488
1357489
1357490
1357491
1357492
1357493
1357494
1357495
1357496
1357497
1357498
1357499
1357500
1357501
1357502
1357503
1357504
1357505
1357506
1357507
1357508
1357509
1357510
1357511
1357512
1357513
1357514
1357515
1357516
1357517
1357518
1357519
1357520
1357521
1357522
1357523
1357524
1357525
1357526
1357527
1357528
1357529
1357530
1357531
1357532
1357533
1357534
1357535
1357536
1357537
1357538
1357539
1357540
1357541
1357542
1357543
1357544
1357545
1357546
1357547
1357548
1357549
1357550
1357551
1357552
1357553
1357554
1357555
1357556
1357557
1357558
1357559
1357560
1357561
1357562
1357563
1357564
1357565
1357566
1357567
1357568
1357569
1357570
1357571
1357572
1357573
1357574
1357575
1357576
1357577
1357578
1357579
1357580
1357581
1357582
1357583
1357584
1357585
1357586
1357587
1357588
1357589
1357590
1357591
1357592
1357593
1357594
1357595
1357596
1357597
1357598
1357599
1357600
1357601
1357602
1357603
1357604
1357605
1357606
1357607
1357608
1357609
1357610
1357611
1357612
1357613
1357614
1357615
1357616
1357617
1357618
1357619
1357620
1357621
1357622
1357623
1357624
1357625
1357626
1357627
1357628
1357629
1357630
1357631
1357632
1357633
1357634
1357635
1357636
1357637
1357638
1357639
1357640
1357641
1357642
1357643
1357644
1357645
1357646
1357647
1357648
1357649
1357650
1357651
1357652
1357653
1357654
1357655
1357656
1357657
1357658
1357659
1357660
1357661
1357662
1357663
1357664
1357665
1357666
1357667
1357668
1357669
1357670
1357671
1357672
1357673
1357674
1357675
1357676
1357677
1357678
1357679
1357680
1357681
1357682
1357683
1357684
1357685
1357686
1357687
1357688
1357689
1357690
1357691
1357692
1357693
1357694
1357695
1357696
1357697
1357698
1357699
1357700
1357701
1357702
1357703
1357704
1357705
1357706
1357707
1357708
1357709
1357710
1357711
1357712
1357713
1357714
1357715
1357716
1357717
1357718
1357719
1357720
1357721
1357722
1357723
1357724
1357725
1357726
1357727
1357728
1357729
1357730
1357731
1357732
1357733
1357734
1357735
1357736
1357737
1357738
1357739
1357740
1357741
1357742
1357743
1357744
1357745
1357746
1357747
1357748
1357749
1357750
1357751
1357752
1357753
1357754
1357755
1357756
1357757
1357758
1357759
1357760
1357761
1357762
1357763
1357764
1357765
1357766
1357767
1357768
1357769
1357770
1357771
1357772
1357773
1357774
1357775
1357776
1357777
1357778
1357779
1357780
1357781
1357782
1357783
1357784
1357785
1357786
1357787
1357788
1357789
1357790
1357791
1357792
1357793
1357794
1357795
1357796
1357797
1357798
1357799
1357800
1357801
1357802
1357803
1357804
1357805
1357806
1357807
1357808
1357809
1357810
1357811
1357812
1357813
1357814
1357815
1357816
1357817
1357818
1357819
1357820
1357821
1357822
1357823
1357824
1357825
1357826
1357827
1357828
1357829
1357830
1357831
1357832
1357833
1357834
1357835
1357836
1357837
1357838
1357839
1357840
1357841
1357842
1357843
1357844
1357845
1357846
1357847
1357848
1357849
1357850
1357851
1357852
1357853
1357854
1357855
1357856
1357857
1357858
1357859
1357860
1357861
1357862
1357863
1357864
1357865
1357866
1357867
1357868
1357869
1357870
1357871
1357872
1357873
1357874
1357875
1357876
1357877
1357878
1357879
1357880
1357881
1357882
1357883
1357884
1357885
1357886
1357887
1357888
1357889
1357890
1357891
1357892
1357893
1357894
1357895
1357896
1357897
1357898
1357899
1357900
1357901
1357902
1357903
1357904
1357905
1357906
1357907
1357908
1357909
1357910
1357911
1357912
1357913
1357914
1357915
1357916
1357917
1357918
1357919
1357920
1357921
1357922
1357923
1357924
1357925
1357926
1357927
1357928
1357929
1357930
1357931
1357932
1357933
1357934
1357935
1357936
1357937
1357938
1357939
1357940
1357941
1357942
1357943
1357944
1357945
1357946
1357947
1357948
1357949
1357950
1357951
1357952
1357953
1357954
1357955
1357956
1357957
1357958
1357959
1357960
1357961
1357962
1357963
1357964
1357965
1357966
1357967
1357968
1357969
1357970
1357971
1357972
1357973
1357974
1357975
1357976
1357977
1357978
1357979
1357980
1357981
1357982
1357983
1357984
1357985
1357986
1357987
1357988
1357989
1357990
1357991
1357992
1357993
1357994
1357995
1357996
1357997
1357998
1357999
1358000
1358001
1358002
1358003
1358004
1358005
1358006
1358007
1358008
1358009
1358010
1358011
1358012
1358013
1358014
1358015
1358016
1358017
1358018
1358019
1358020
1358021
1358022
1358023
1358024
1358025
1358026
1358027
1358028
1358029
1358030
1358031
1358032
1358033
1358034
1358035
1358036
1358037
1358038
1358039
1358040
1358041
1358042
1358043
1358044
1358045
1358046
1358047
1358048
1358049
1358050
1358051
1358052
1358053
1358054
1358055
1358056
1358057
1358058
1358059
1358060
1358061
1358062
1358063
1358064
1358065
1358066
1358067
1358068
1358069
1358070
1358071
1358072
1358073
1358074
1358075
1358076
1358077
1358078
1358079
1358080
1358081
1358082
1358083
1358084
1358085
1358086
1358087
1358088
1358089
1358090
1358091
1358092
1358093
1358094
1358095
1358096
1358097
1358098
1358099
1358100
1358101
1358102
1358103
1358104
1358105
1358106
1358107
1358108
1358109
1358110
1358111
1358112
1358113
1358114
1358115
1358116
1358117
1358118
1358119
1358120
1358121
1358122
1358123
1358124
1358125
1358126
1358127
1358128
1358129
1358130
1358131
1358132
1358133
1358134
1358135
1358136
1358137
1358138
1358139
1358140
1358141
1358142
1358143
1358144
1358145
1358146
1358147
1358148
1358149
1358150
1358151
1358152
1358153
1358154
1358155
1358156
1358157
1358158
1358159
1358160
1358161
1358162
1358163
1358164
1358165
1358166
1358167
1358168
1358169
1358170
1358171
1358172
1358173
1358174
1358175
1358176
1358177
1358178
1358179
1358180
1358181
1358182
1358183
1358184
1358185
1358186
1358187
1358188
1358189
1358190
1358191
1358192
1358193
1358194
1358195
1358196
1358197
1358198
1358199
1358200
1358201
1358202
1358203
1358204
1358205
1358206
1358207
1358208
1358209
1358210
1358211
1358212
1358213
1358214
1358215
1358216
1358217
1358218
1358219
1358220
1358221
1358222
1358223
1358224
1358225
1358226
1358227
1358228
1358229
1358230
1358231
1358232
1358233
1358234
1358235
1358236
1358237
1358238
1358239
1358240
1358241
1358242
1358243
1358244
1358245
1358246
1358247
1358248
1358249
1358250
1358251
1358252
1358253
1358254
1358255
1358256
1358257
1358258
1358259
1358260
1358261
1358262
1358263
1358264
1358265
1358266
1358267
1358268
1358269
1358270
1358271
1358272
1358273
1358274
1358275
1358276
1358277
1358278
1358279
1358280
1358281
1358282
1358283
1358284
1358285
1358286
1358287
1358288
1358289
1358290
1358291
1358292
1358293
1358294
1358295
1358296
1358297
1358298
1358299
1358300
1358301
1358302
1358303
1358304
1358305
1358306
1358307
1358308
1358309
1358310
1358311
1358312
1358313
1358314
1358315
1358316
1358317
1358318
1358319
1358320
1358321
1358322
1358323
1358324
1358325
1358326
1358327
1358328
1358329
1358330
1358331
1358332
1358333
1358334
1358335
1358336
1358337
1358338
1358339
1358340
1358341
1358342
1358343
1358344
1358345
1358346
1358347
1358348
1358349
1358350
1358351
1358352
1358353
1358354
1358355
1358356
1358357
1358358
1358359
1358360
1358361
1358362
1358363
1358364
1358365
1358366
1358367
1358368
1358369
1358370
1358371
1358372
1358373
1358374
1358375
1358376
1358377
1358378
1358379
1358380
1358381
1358382
1358383
1358384
1358385
1358386
1358387
1358388
1358389
1358390
1358391
1358392
1358393
1358394
1358395
1358396
1358397
1358398
1358399
1358400
1358401
1358402
1358403
1358404
1358405
1358406
1358407
1358408
1358409
1358410
1358411
1358412
1358413
1358414
1358415
1358416
1358417
1358418
1358419
1358420
1358421
1358422
1358423
1358424
1358425
1358426
1358427
1358428
1358429
1358430
1358431
1358432
1358433
1358434
1358435
1358436
1358437
1358438
1358439
1358440
1358441
1358442
1358443
1358444
1358445
1358446
1358447
1358448
1358449
1358450
1358451
1358452
1358453
1358454
1358455
1358456
1358457
1358458
1358459
1358460
1358461
1358462
1358463
1358464
1358465
1358466
1358467
1358468
1358469
1358470
1358471
1358472
1358473
1358474
1358475
1358476
1358477
1358478
1358479
1358480
1358481
1358482
1358483
1358484
1358485
1358486
1358487
1358488
1358489
1358490
1358491
1358492
1358493
1358494
1358495
1358496
1358497
1358498
1358499
1358500
1358501
1358502
1358503
1358504
1358505
1358506
1358507
1358508
1358509
1358510
1358511
1358512
1358513
1358514
1358515
1358516
1358517
1358518
1358519
1358520
1358521
1358522
1358523
1358524
1358525
1358526
1358527
1358528
1358529
1358530
1358531
1358532
1358533
1358534
1358535
1358536
1358537
1358538
1358539
1358540
1358541
1358542
1358543
1358544
1358545
1358546
1358547
1358548
1358549
1358550
1358551
1358552
1358553
1358554
1358555
1358556
1358557
1358558
1358559
1358560
1358561
1358562
1358563
1358564
1358565
1358566
1358567
1358568
1358569
1358570
1358571
1358572
1358573
1358574
1358575
1358576
1358577
1358578
1358579
1358580
1358581
1358582
1358583
1358584
1358585
1358586
1358587
1358588
1358589
1358590
1358591
1358592
1358593
1358594
1358595
1358596
1358597
1358598
1358599
1358600
1358601
1358602
1358603
1358604
1358605
1358606
1358607
1358608
1358609
1358610
1358611
1358612
1358613
1358614
1358615
1358616
1358617
1358618
1358619
1358620
1358621
1358622
1358623
1358624
1358625
1358626
1358627
1358628
1358629
1358630
1358631
1358632
1358633
1358634
1358635
1358636
1358637
1358638
1358639
1358640
1358641
1358642
1358643
1358644
1358645
1358646
1358647
1358648
1358649
1358650
1358651
1358652
1358653
1358654
1358655
1358656
1358657
1358658
1358659
1358660
1358661
1358662
1358663
1358664
1358665
1358666
1358667
1358668
1358669
1358670
1358671
1358672
1358673
1358674
1358675
1358676
1358677
1358678
1358679
1358680
1358681
1358682
1358683
1358684
1358685
1358686
1358687
1358688
1358689
1358690
1358691
1358692
1358693
1358694
1358695
1358696
1358697
1358698
1358699
1358700
1358701
1358702
1358703
1358704
1358705
1358706
1358707
1358708
1358709
1358710
1358711
1358712
1358713
1358714
1358715
1358716
1358717
1358718
1358719
1358720
1358721
1358722
1358723
1358724
1358725
1358726
1358727
1358728
1358729
1358730
1358731
1358732
1358733
1358734
1358735
1358736
1358737
1358738
1358739
1358740
1358741
1358742
1358743
1358744
1358745
1358746
1358747
1358748
1358749
1358750
1358751
1358752
1358753
1358754
1358755
1358756
1358757
1358758
1358759
1358760
1358761
1358762
1358763
1358764
1358765
1358766
1358767
1358768
1358769
1358770
1358771
1358772
1358773
1358774
1358775
1358776
1358777
1358778
1358779
1358780
1358781
1358782
1358783
1358784
1358785
1358786
1358787
1358788
1358789
1358790
1358791
1358792
1358793
1358794
1358795
1358796
1358797
1358798
1358799
1358800
1358801
1358802
1358803
1358804
1358805
1358806
1358807
1358808
1358809
1358810
1358811
1358812
1358813
1358814
1358815
1358816
1358817
1358818
1358819
1358820
1358821
1358822
1358823
1358824
1358825
1358826
1358827
1358828
1358829
1358830
1358831
1358832
1358833
1358834
1358835
1358836
1358837
1358838
1358839
1358840
1358841
1358842
1358843
1358844
1358845
1358846
1358847
1358848
1358849
1358850
1358851
1358852
1358853
1358854
1358855
1358856
1358857
1358858
1358859
1358860
1358861
1358862
1358863
1358864
1358865
1358866
1358867
1358868
1358869
1358870
1358871
1358872
1358873
1358874
1358875
1358876
1358877
1358878
1358879
1358880
1358881
1358882
1358883
1358884
1358885
1358886
1358887
1358888
1358889
1358890
1358891
1358892
1358893
1358894
1358895
1358896
1358897
1358898
1358899
1358900
1358901
1358902
1358903
1358904
1358905
1358906
1358907
1358908
1358909
1358910
1358911
1358912
1358913
1358914
1358915
1358916
1358917
1358918
1358919
1358920
1358921
1358922
1358923
1358924
1358925
1358926
1358927
1358928
1358929
1358930
1358931
1358932
1358933
1358934
1358935
1358936
1358937
1358938
1358939
1358940
1358941
1358942
1358943
1358944
1358945
1358946
1358947
1358948
1358949
1358950
1358951
1358952
1358953
1358954
1358955
1358956
1358957
1358958
1358959
1358960
1358961
1358962
1358963
1358964
1358965
1358966
1358967
1358968
1358969
1358970
1358971
1358972
1358973
1358974
1358975
1358976
1358977
1358978
1358979
1358980
1358981
1358982
1358983
1358984
1358985
1358986
1358987
1358988
1358989
1358990
1358991
1358992
1358993
1358994
1358995
1358996
1358997
1358998
1358999
1359000
1359001
1359002
1359003
1359004
1359005
1359006
1359007
1359008
1359009
1359010
1359011
1359012
1359013
1359014
1359015
1359016
1359017
1359018
1359019
1359020
1359021
1359022
1359023
1359024
1359025
1359026
1359027
1359028
1359029
1359030
1359031
1359032
1359033
1359034
1359035
1359036
1359037
1359038
1359039
1359040
1359041
1359042
1359043
1359044
1359045
1359046
1359047
1359048
1359049
1359050
1359051
1359052
1359053
1359054
1359055
1359056
1359057
1359058
1359059
1359060
1359061
1359062
1359063
1359064
1359065
1359066
1359067
1359068
1359069
1359070
1359071
1359072
1359073
1359074
1359075
1359076
1359077
1359078
1359079
1359080
1359081
1359082
1359083
1359084
1359085
1359086
1359087
1359088
1359089
1359090
1359091
1359092
1359093
1359094
1359095
1359096
1359097
1359098
1359099
1359100
1359101
1359102
1359103
1359104
1359105
1359106
1359107
1359108
1359109
1359110
1359111
1359112
1359113
1359114
1359115
1359116
1359117
1359118
1359119
1359120
1359121
1359122
1359123
1359124
1359125
1359126
1359127
1359128
1359129
1359130
1359131
1359132
1359133
1359134
1359135
1359136
1359137
1359138
1359139
1359140
1359141
1359142
1359143
1359144
1359145
1359146
1359147
1359148
1359149
1359150
1359151
1359152
1359153
1359154
1359155
1359156
1359157
1359158
1359159
1359160
1359161
1359162
1359163
1359164
1359165
1359166
1359167
1359168
1359169
1359170
1359171
1359172
1359173
1359174
1359175
1359176
1359177
1359178
1359179
1359180
1359181
1359182
1359183
1359184
1359185
1359186
1359187
1359188
1359189
1359190
1359191
1359192
1359193
1359194
1359195
1359196
1359197
1359198
1359199
1359200
1359201
1359202
1359203
1359204
1359205
1359206
1359207
1359208
1359209
1359210
1359211
1359212
1359213
1359214
1359215
1359216
1359217
1359218
1359219
1359220
1359221
1359222
1359223
1359224
1359225
1359226
1359227
1359228
1359229
1359230
1359231
1359232
1359233
1359234
1359235
1359236
1359237
1359238
1359239
1359240
1359241
1359242
1359243
1359244
1359245
1359246
1359247
1359248
1359249
1359250
1359251
1359252
1359253
1359254
1359255
1359256
1359257
1359258
1359259
1359260
1359261
1359262
1359263
1359264
1359265
1359266
1359267
1359268
1359269
1359270
1359271
1359272
1359273
1359274
1359275
1359276
1359277
1359278
1359279
1359280
1359281
1359282
1359283
1359284
1359285
1359286
1359287
1359288
1359289
1359290
1359291
1359292
1359293
1359294
1359295
1359296
1359297
1359298
1359299
1359300
1359301
1359302
1359303
1359304
1359305
1359306
1359307
1359308
1359309
1359310
1359311
1359312
1359313
1359314
1359315
1359316
1359317
1359318
1359319
1359320
1359321
1359322
1359323
1359324
1359325
1359326
1359327
1359328
1359329
1359330
1359331
1359332
1359333
1359334
1359335
1359336
1359337
1359338
1359339
1359340
1359341
1359342
1359343
1359344
1359345
1359346
1359347
1359348
1359349
1359350
1359351
1359352
1359353
1359354
1359355
1359356
1359357
1359358
1359359
1359360
1359361
1359362
1359363
1359364
1359365
1359366
1359367
1359368
1359369
1359370
1359371
1359372
1359373
1359374
1359375
1359376
1359377
1359378
1359379
1359380
1359381
1359382
1359383
1359384
1359385
1359386
1359387
1359388
1359389
1359390
1359391
1359392
1359393
1359394
1359395
1359396
1359397
1359398
1359399
1359400
1359401
1359402
1359403
1359404
1359405
1359406
1359407
1359408
1359409
1359410
1359411
1359412
1359413
1359414
1359415
1359416
1359417
1359418
1359419
1359420
1359421
1359422
1359423
1359424
1359425
1359426
1359427
1359428
1359429
1359430
1359431
1359432
1359433
1359434
1359435
1359436
1359437
1359438
1359439
1359440
1359441
1359442
1359443
1359444
1359445
1359446
1359447
1359448
1359449
1359450
1359451
1359452
1359453
1359454
1359455
1359456
1359457
1359458
1359459
1359460
1359461
1359462
1359463
1359464
1359465
1359466
1359467
1359468
1359469
1359470
1359471
1359472
1359473
1359474
1359475
1359476
1359477
1359478
1359479
1359480
1359481
1359482
1359483
1359484
1359485
1359486
1359487
1359488
1359489
1359490
1359491
1359492
1359493
1359494
1359495
1359496
1359497
1359498
1359499
1359500
1359501
1359502
1359503
1359504
1359505
1359506
1359507
1359508
1359509
1359510
1359511
1359512
1359513
1359514
1359515
1359516
1359517
1359518
1359519
1359520
1359521
1359522
1359523
1359524
1359525
1359526
1359527
1359528
1359529
1359530
1359531
1359532
1359533
1359534
1359535
1359536
1359537
1359538
1359539
1359540
1359541
1359542
1359543
1359544
1359545
1359546
1359547
1359548
1359549
1359550
1359551
1359552
1359553
1359554
1359555
1359556
1359557
1359558
1359559
1359560
1359561
1359562
1359563
1359564
1359565
1359566
1359567
1359568
1359569
1359570
1359571
1359572
1359573
1359574
1359575
1359576
1359577
1359578
1359579
1359580
1359581
1359582
1359583
1359584
1359585
1359586
1359587
1359588
1359589
1359590
1359591
1359592
1359593
1359594
1359595
1359596
1359597
1359598
1359599
1359600
1359601
1359602
1359603
1359604
1359605
1359606
1359607
1359608
1359609
1359610
1359611
1359612
1359613
1359614
1359615
1359616
1359617
1359618
1359619
1359620
1359621
1359622
1359623
1359624
1359625
1359626
1359627
1359628
1359629
1359630
1359631
1359632
1359633
1359634
1359635
1359636
1359637
1359638
1359639
1359640
1359641
1359642
1359643
1359644
1359645
1359646
1359647
1359648
1359649
1359650
1359651
1359652
1359653
1359654
1359655
1359656
1359657
1359658
1359659
1359660
1359661
1359662
1359663
1359664
1359665
1359666
1359667
1359668
1359669
1359670
1359671
1359672
1359673
1359674
1359675
1359676
1359677
1359678
1359679
1359680
1359681
1359682
1359683
1359684
1359685
1359686
1359687
1359688
1359689
1359690
1359691
1359692
1359693
1359694
1359695
1359696
1359697
1359698
1359699
1359700
1359701
1359702
1359703
1359704
1359705
1359706
1359707
1359708
1359709
1359710
1359711
1359712
1359713
1359714
1359715
1359716
1359717
1359718
1359719
1359720
1359721
1359722
1359723
1359724
1359725
1359726
1359727
1359728
1359729
1359730
1359731
1359732
1359733
1359734
1359735
1359736
1359737
1359738
1359739
1359740
1359741
1359742
1359743
1359744
1359745
1359746
1359747
1359748
1359749
1359750
1359751
1359752
1359753
1359754
1359755
1359756
1359757
1359758
1359759
1359760
1359761
1359762
1359763
1359764
1359765
1359766
1359767
1359768
1359769
1359770
1359771
1359772
1359773
1359774
1359775
1359776
1359777
1359778
1359779
1359780
1359781
1359782
1359783
1359784
1359785
1359786
1359787
1359788
1359789
1359790
1359791
1359792
1359793
1359794
1359795
1359796
1359797
1359798
1359799
1359800
1359801
1359802
1359803
1359804
1359805
1359806
1359807
1359808
1359809
1359810
1359811
1359812
1359813
1359814
1359815
1359816
1359817
1359818
1359819
1359820
1359821
1359822
1359823
1359824
1359825
1359826
1359827
1359828
1359829
1359830
1359831
1359832
1359833
1359834
1359835
1359836
1359837
1359838
1359839
1359840
1359841
1359842
1359843
1359844
1359845
1359846
1359847
1359848
1359849
1359850
1359851
1359852
1359853
1359854
1359855
1359856
1359857
1359858
1359859
1359860
1359861
1359862
1359863
1359864
1359865
1359866
1359867
1359868
1359869
1359870
1359871
1359872
1359873
1359874
1359875
1359876
1359877
1359878
1359879
1359880
1359881
1359882
1359883
1359884
1359885
1359886
1359887
1359888
1359889
1359890
1359891
1359892
1359893
1359894
1359895
1359896
1359897
1359898
1359899
1359900
1359901
1359902
1359903
1359904
1359905
1359906
1359907
1359908
1359909
1359910
1359911
1359912
1359913
1359914
1359915
1359916
1359917
1359918
1359919
1359920
1359921
1359922
1359923
1359924
1359925
1359926
1359927
1359928
1359929
1359930
1359931
1359932
1359933
1359934
1359935
1359936
1359937
1359938
1359939
1359940
1359941
1359942
1359943
1359944
1359945
1359946
1359947
1359948
1359949
1359950
1359951
1359952
1359953
1359954
1359955
1359956
1359957
1359958
1359959
1359960
1359961
1359962
1359963
1359964
1359965
1359966
1359967
1359968
1359969
1359970
1359971
1359972
1359973
1359974
1359975
1359976
1359977
1359978
1359979
1359980
1359981
1359982
1359983
1359984
1359985
1359986
1359987
1359988
1359989
1359990
1359991
1359992
1359993
1359994
1359995
1359996
1359997
1359998
1359999
1360000
