1470001
1470002
1470003
1470004
1470005
1470006
1470007
1470008
1470009
1470010
1470011
1470012
1470013
1470014
1470015
1470016
1470017
1470018
1470019
1470020
1470021
1470022
1470023
1470024
1470025
1470026
1470027
1470028
1470029
1470030
1470031
1470032
1470033
1470034
1470035
1470036
1470037
1470038
1470039
1470040
1470041
1470042
1470043
1470044
1470045
1470046
1470047
1470048
1470049
1470050
1470051
1470052
1470053
1470054
1470055
1470056
1470057
1470058
1470059
1470060
1470061
1470062
1470063
1470064
1470065
1470066
1470067
1470068
1470069
1470070
1470071
1470072
1470073
1470074
1470075
1470076
1470077
1470078
1470079
1470080
1470081
1470082
1470083
1470084
1470085
1470086
1470087
1470088
1470089
1470090
1470091
1470092
1470093
1470094
1470095
1470096
1470097
1470098
1470099
1470100
1470101
1470102
1470103
1470104
1470105
1470106
1470107
1470108
1470109
1470110
1470111
1470112
1470113
1470114
1470115
1470116
1470117
1470118
1470119
1470120
1470121
1470122
1470123
1470124
1470125
1470126
1470127
1470128
1470129
1470130
1470131
1470132
1470133
1470134
1470135
1470136
1470137
1470138
1470139
1470140
1470141
1470142
1470143
1470144
1470145
1470146
1470147
1470148
1470149
1470150
1470151
1470152
1470153
1470154
1470155
1470156
1470157
1470158
1470159
1470160
1470161
1470162
1470163
1470164
1470165
1470166
1470167
1470168
1470169
1470170
1470171
1470172
1470173
1470174
1470175
1470176
1470177
1470178
1470179
1470180
1470181
1470182
1470183
1470184
1470185
1470186
1470187
1470188
1470189
1470190
1470191
1470192
1470193
1470194
1470195
1470196
1470197
1470198
1470199
1470200
1470201
1470202
1470203
1470204
1470205
1470206
1470207
1470208
1470209
1470210
1470211
1470212
1470213
1470214
1470215
1470216
1470217
1470218
1470219
1470220
1470221
1470222
1470223
1470224
1470225
1470226
1470227
1470228
1470229
1470230
1470231
1470232
1470233
1470234
1470235
1470236
1470237
1470238
1470239
1470240
1470241
1470242
1470243
1470244
1470245
1470246
1470247
1470248
1470249
1470250
1470251
1470252
1470253
1470254
1470255
1470256
1470257
1470258
1470259
1470260
1470261
1470262
1470263
1470264
1470265
1470266
1470267
1470268
1470269
1470270
1470271
1470272
1470273
1470274
1470275
1470276
1470277
1470278
1470279
1470280
1470281
1470282
1470283
1470284
1470285
1470286
1470287
1470288
1470289
1470290
1470291
1470292
1470293
1470294
1470295
1470296
1470297
1470298
1470299
1470300
1470301
1470302
1470303
1470304
1470305
1470306
1470307
1470308
1470309
1470310
1470311
1470312
1470313
1470314
1470315
1470316
1470317
1470318
1470319
1470320
1470321
1470322
1470323
1470324
1470325
1470326
1470327
1470328
1470329
1470330
1470331
1470332
1470333
1470334
1470335
1470336
1470337
1470338
1470339
1470340
1470341
1470342
1470343
1470344
1470345
1470346
1470347
1470348
1470349
1470350
1470351
1470352
1470353
1470354
1470355
1470356
1470357
1470358
1470359
1470360
1470361
1470362
1470363
1470364
1470365
1470366
1470367
1470368
1470369
1470370
1470371
1470372
1470373
1470374
1470375
1470376
1470377
1470378
1470379
1470380
1470381
1470382
1470383
1470384
1470385
1470386
1470387
1470388
1470389
1470390
1470391
1470392
1470393
1470394
1470395
1470396
1470397
1470398
1470399
1470400
1470401
1470402
1470403
1470404
1470405
1470406
1470407
1470408
1470409
1470410
1470411
1470412
1470413
1470414
1470415
1470416
1470417
1470418
1470419
1470420
1470421
1470422
1470423
1470424
1470425
1470426
1470427
1470428
1470429
1470430
1470431
1470432
1470433
1470434
1470435
1470436
1470437
1470438
1470439
1470440
1470441
1470442
1470443
1470444
1470445
1470446
1470447
1470448
1470449
1470450
1470451
1470452
1470453
1470454
1470455
1470456
1470457
1470458
1470459
1470460
1470461
1470462
1470463
1470464
1470465
1470466
1470467
1470468
1470469
1470470
1470471
1470472
1470473
1470474
1470475
1470476
1470477
1470478
1470479
1470480
1470481
1470482
1470483
1470484
1470485
1470486
1470487
1470488
1470489
1470490
1470491
1470492
1470493
1470494
1470495
1470496
1470497
1470498
1470499
1470500
1470501
1470502
1470503
1470504
1470505
1470506
1470507
1470508
1470509
1470510
1470511
1470512
1470513
1470514
1470515
1470516
1470517
1470518
1470519
1470520
1470521
1470522
1470523
1470524
1470525
1470526
1470527
1470528
1470529
1470530
1470531
1470532
1470533
1470534
1470535
1470536
1470537
1470538
1470539
1470540
1470541
1470542
1470543
1470544
1470545
1470546
1470547
1470548
1470549
1470550
1470551
1470552
1470553
1470554
1470555
1470556
1470557
1470558
1470559
1470560
1470561
1470562
1470563
1470564
1470565
1470566
1470567
1470568
1470569
1470570
1470571
1470572
1470573
1470574
1470575
1470576
1470577
1470578
1470579
1470580
1470581
1470582
1470583
1470584
1470585
1470586
1470587
1470588
1470589
1470590
1470591
1470592
1470593
1470594
1470595
1470596
1470597
1470598
1470599
1470600
1470601
1470602
1470603
1470604
1470605
1470606
1470607
1470608
1470609
1470610
1470611
1470612
1470613
1470614
1470615
1470616
1470617
1470618
1470619
1470620
1470621
1470622
1470623
1470624
1470625
1470626
1470627
1470628
1470629
1470630
1470631
1470632
1470633
1470634
1470635
1470636
1470637
1470638
1470639
1470640
1470641
1470642
1470643
1470644
1470645
1470646
1470647
1470648
1470649
1470650
1470651
1470652
1470653
1470654
1470655
1470656
1470657
1470658
1470659
1470660
1470661
1470662
1470663
1470664
1470665
1470666
1470667
1470668
1470669
1470670
1470671
1470672
1470673
1470674
1470675
1470676
1470677
1470678
1470679
1470680
1470681
1470682
1470683
1470684
1470685
1470686
1470687
1470688
1470689
1470690
1470691
1470692
1470693
1470694
1470695
1470696
1470697
1470698
1470699
1470700
1470701
1470702
1470703
1470704
1470705
1470706
1470707
1470708
1470709
1470710
1470711
1470712
1470713
1470714
1470715
1470716
1470717
1470718
1470719
1470720
1470721
1470722
1470723
1470724
1470725
1470726
1470727
1470728
1470729
1470730
1470731
1470732
1470733
1470734
1470735
1470736
1470737
1470738
1470739
1470740
1470741
1470742
1470743
1470744
1470745
1470746
1470747
1470748
1470749
1470750
1470751
1470752
1470753
1470754
1470755
1470756
1470757
1470758
1470759
1470760
1470761
1470762
1470763
1470764
1470765
1470766
1470767
1470768
1470769
1470770
1470771
1470772
1470773
1470774
1470775
1470776
1470777
1470778
1470779
1470780
1470781
1470782
1470783
1470784
1470785
1470786
1470787
1470788
1470789
1470790
1470791
1470792
1470793
1470794
1470795
1470796
1470797
1470798
1470799
1470800
1470801
1470802
1470803
1470804
1470805
1470806
1470807
1470808
1470809
1470810
1470811
1470812
1470813
1470814
1470815
1470816
1470817
1470818
1470819
1470820
1470821
1470822
1470823
1470824
1470825
1470826
1470827
1470828
1470829
1470830
1470831
1470832
1470833
1470834
1470835
1470836
1470837
1470838
1470839
1470840
1470841
1470842
1470843
1470844
1470845
1470846
1470847
1470848
1470849
1470850
1470851
1470852
1470853
1470854
1470855
1470856
1470857
1470858
1470859
1470860
1470861
1470862
1470863
1470864
1470865
1470866
1470867
1470868
1470869
1470870
1470871
1470872
1470873
1470874
1470875
1470876
1470877
1470878
1470879
1470880
1470881
1470882
1470883
1470884
1470885
1470886
1470887
1470888
1470889
1470890
1470891
1470892
1470893
1470894
1470895
1470896
1470897
1470898
1470899
1470900
1470901
1470902
1470903
1470904
1470905
1470906
1470907
1470908
1470909
1470910
1470911
1470912
1470913
1470914
1470915
1470916
1470917
1470918
1470919
1470920
1470921
1470922
1470923
1470924
1470925
1470926
1470927
1470928
1470929
1470930
1470931
1470932
1470933
1470934
1470935
1470936
1470937
1470938
1470939
1470940
1470941
1470942
1470943
1470944
1470945
1470946
1470947
1470948
1470949
1470950
1470951
1470952
1470953
1470954
1470955
1470956
1470957
1470958
1470959
1470960
1470961
1470962
1470963
1470964
1470965
1470966
1470967
1470968
1470969
1470970
1470971
1470972
1470973
1470974
1470975
1470976
1470977
1470978
1470979
1470980
1470981
1470982
1470983
1470984
1470985
1470986
1470987
1470988
1470989
1470990
1470991
1470992
1470993
1470994
1470995
1470996
1470997
1470998
1470999
1471000
1471001
1471002
1471003
1471004
1471005
1471006
1471007
1471008
1471009
1471010
1471011
1471012
1471013
1471014
1471015
1471016
1471017
1471018
1471019
1471020
1471021
1471022
1471023
1471024
1471025
1471026
1471027
1471028
1471029
1471030
1471031
1471032
1471033
1471034
1471035
1471036
1471037
1471038
1471039
1471040
1471041
1471042
1471043
1471044
1471045
1471046
1471047
1471048
1471049
1471050
1471051
1471052
1471053
1471054
1471055
1471056
1471057
1471058
1471059
1471060
1471061
1471062
1471063
1471064
1471065
1471066
1471067
1471068
1471069
1471070
1471071
1471072
1471073
1471074
1471075
1471076
1471077
1471078
1471079
1471080
1471081
1471082
1471083
1471084
1471085
1471086
1471087
1471088
1471089
1471090
1471091
1471092
1471093
1471094
1471095
1471096
1471097
1471098
1471099
1471100
1471101
1471102
1471103
1471104
1471105
1471106
1471107
1471108
1471109
1471110
1471111
1471112
1471113
1471114
1471115
1471116
1471117
1471118
1471119
1471120
1471121
1471122
1471123
1471124
1471125
1471126
1471127
1471128
1471129
1471130
1471131
1471132
1471133
1471134
1471135
1471136
1471137
1471138
1471139
1471140
1471141
1471142
1471143
1471144
1471145
1471146
1471147
1471148
1471149
1471150
1471151
1471152
1471153
1471154
1471155
1471156
1471157
1471158
1471159
1471160
1471161
1471162
1471163
1471164
1471165
1471166
1471167
1471168
1471169
1471170
1471171
1471172
1471173
1471174
1471175
1471176
1471177
1471178
1471179
1471180
1471181
1471182
1471183
1471184
1471185
1471186
1471187
1471188
1471189
1471190
1471191
1471192
1471193
1471194
1471195
1471196
1471197
1471198
1471199
1471200
1471201
1471202
1471203
1471204
1471205
1471206
1471207
1471208
1471209
1471210
1471211
1471212
1471213
1471214
1471215
1471216
1471217
1471218
1471219
1471220
1471221
1471222
1471223
1471224
1471225
1471226
1471227
1471228
1471229
1471230
1471231
1471232
1471233
1471234
1471235
1471236
1471237
1471238
1471239
1471240
1471241
1471242
1471243
1471244
1471245
1471246
1471247
1471248
1471249
1471250
1471251
1471252
1471253
1471254
1471255
1471256
1471257
1471258
1471259
1471260
1471261
1471262
1471263
1471264
1471265
1471266
1471267
1471268
1471269
1471270
1471271
1471272
1471273
1471274
1471275
1471276
1471277
1471278
1471279
1471280
1471281
1471282
1471283
1471284
1471285
1471286
1471287
1471288
1471289
1471290
1471291
1471292
1471293
1471294
1471295
1471296
1471297
1471298
1471299
1471300
1471301
1471302
1471303
1471304
1471305
1471306
1471307
1471308
1471309
1471310
1471311
1471312
1471313
1471314
1471315
1471316
1471317
1471318
1471319
1471320
1471321
1471322
1471323
1471324
1471325
1471326
1471327
1471328
1471329
1471330
1471331
1471332
1471333
1471334
1471335
1471336
1471337
1471338
1471339
1471340
1471341
1471342
1471343
1471344
1471345
1471346
1471347
1471348
1471349
1471350
1471351
1471352
1471353
1471354
1471355
1471356
1471357
1471358
1471359
1471360
1471361
1471362
1471363
1471364
1471365
1471366
1471367
1471368
1471369
1471370
1471371
1471372
1471373
1471374
1471375
1471376
1471377
1471378
1471379
1471380
1471381
1471382
1471383
1471384
1471385
1471386
1471387
1471388
1471389
1471390
1471391
1471392
1471393
1471394
1471395
1471396
1471397
1471398
1471399
1471400
1471401
1471402
1471403
1471404
1471405
1471406
1471407
1471408
1471409
1471410
1471411
1471412
1471413
1471414
1471415
1471416
1471417
1471418
1471419
1471420
1471421
1471422
1471423
1471424
1471425
1471426
1471427
1471428
1471429
1471430
1471431
1471432
1471433
1471434
1471435
1471436
1471437
1471438
1471439
1471440
1471441
1471442
1471443
1471444
1471445
1471446
1471447
1471448
1471449
1471450
1471451
1471452
1471453
1471454
1471455
1471456
1471457
1471458
1471459
1471460
1471461
1471462
1471463
1471464
1471465
1471466
1471467
1471468
1471469
1471470
1471471
1471472
1471473
1471474
1471475
1471476
1471477
1471478
1471479
1471480
1471481
1471482
1471483
1471484
1471485
1471486
1471487
1471488
1471489
1471490
1471491
1471492
1471493
1471494
1471495
1471496
1471497
1471498
1471499
1471500
1471501
1471502
1471503
1471504
1471505
1471506
1471507
1471508
1471509
1471510
1471511
1471512
1471513
1471514
1471515
1471516
1471517
1471518
1471519
1471520
1471521
1471522
1471523
1471524
1471525
1471526
1471527
1471528
1471529
1471530
1471531
1471532
1471533
1471534
1471535
1471536
1471537
1471538
1471539
1471540
1471541
1471542
1471543
1471544
1471545
1471546
1471547
1471548
1471549
1471550
1471551
1471552
1471553
1471554
1471555
1471556
1471557
1471558
1471559
1471560
1471561
1471562
1471563
1471564
1471565
1471566
1471567
1471568
1471569
1471570
1471571
1471572
1471573
1471574
1471575
1471576
1471577
1471578
1471579
1471580
1471581
1471582
1471583
1471584
1471585
1471586
1471587
1471588
1471589
1471590
1471591
1471592
1471593
1471594
1471595
1471596
1471597
1471598
1471599
1471600
1471601
1471602
1471603
1471604
1471605
1471606
1471607
1471608
1471609
1471610
1471611
1471612
1471613
1471614
1471615
1471616
1471617
1471618
1471619
1471620
1471621
1471622
1471623
1471624
1471625
1471626
1471627
1471628
1471629
1471630
1471631
1471632
1471633
1471634
1471635
1471636
1471637
1471638
1471639
1471640
1471641
1471642
1471643
1471644
1471645
1471646
1471647
1471648
1471649
1471650
1471651
1471652
1471653
1471654
1471655
1471656
1471657
1471658
1471659
1471660
1471661
1471662
1471663
1471664
1471665
1471666
1471667
1471668
1471669
1471670
1471671
1471672
1471673
1471674
1471675
1471676
1471677
1471678
1471679
1471680
1471681
1471682
1471683
1471684
1471685
1471686
1471687
1471688
1471689
1471690
1471691
1471692
1471693
1471694
1471695
1471696
1471697
1471698
1471699
1471700
1471701
1471702
1471703
1471704
1471705
1471706
1471707
1471708
1471709
1471710
1471711
1471712
1471713
1471714
1471715
1471716
1471717
1471718
1471719
1471720
1471721
1471722
1471723
1471724
1471725
1471726
1471727
1471728
1471729
1471730
1471731
1471732
1471733
1471734
1471735
1471736
1471737
1471738
1471739
1471740
1471741
1471742
1471743
1471744
1471745
1471746
1471747
1471748
1471749
1471750
1471751
1471752
1471753
1471754
1471755
1471756
1471757
1471758
1471759
1471760
1471761
1471762
1471763
1471764
1471765
1471766
1471767
1471768
1471769
1471770
1471771
1471772
1471773
1471774
1471775
1471776
1471777
1471778
1471779
1471780
1471781
1471782
1471783
1471784
1471785
1471786
1471787
1471788
1471789
1471790
1471791
1471792
1471793
1471794
1471795
1471796
1471797
1471798
1471799
1471800
1471801
1471802
1471803
1471804
1471805
1471806
1471807
1471808
1471809
1471810
1471811
1471812
1471813
1471814
1471815
1471816
1471817
1471818
1471819
1471820
1471821
1471822
1471823
1471824
1471825
1471826
1471827
1471828
1471829
1471830
1471831
1471832
1471833
1471834
1471835
1471836
1471837
1471838
1471839
1471840
1471841
1471842
1471843
1471844
1471845
1471846
1471847
1471848
1471849
1471850
1471851
1471852
1471853
1471854
1471855
1471856
1471857
1471858
1471859
1471860
1471861
1471862
1471863
1471864
1471865
1471866
1471867
1471868
1471869
1471870
1471871
1471872
1471873
1471874
1471875
1471876
1471877
1471878
1471879
1471880
1471881
1471882
1471883
1471884
1471885
1471886
1471887
1471888
1471889
1471890
1471891
1471892
1471893
1471894
1471895
1471896
1471897
1471898
1471899
1471900
1471901
1471902
1471903
1471904
1471905
1471906
1471907
1471908
1471909
1471910
1471911
1471912
1471913
1471914
1471915
1471916
1471917
1471918
1471919
1471920
1471921
1471922
1471923
1471924
1471925
1471926
1471927
1471928
1471929
1471930
1471931
1471932
1471933
1471934
1471935
1471936
1471937
1471938
1471939
1471940
1471941
1471942
1471943
1471944
1471945
1471946
1471947
1471948
1471949
1471950
1471951
1471952
1471953
1471954
1471955
1471956
1471957
1471958
1471959
1471960
1471961
1471962
1471963
1471964
1471965
1471966
1471967
1471968
1471969
1471970
1471971
1471972
1471973
1471974
1471975
1471976
1471977
1471978
1471979
1471980
1471981
1471982
1471983
1471984
1471985
1471986
1471987
1471988
1471989
1471990
1471991
1471992
1471993
1471994
1471995
1471996
1471997
1471998
1471999
1472000
1472001
1472002
1472003
1472004
1472005
1472006
1472007
1472008
1472009
1472010
1472011
1472012
1472013
1472014
1472015
1472016
1472017
1472018
1472019
1472020
1472021
1472022
1472023
1472024
1472025
1472026
1472027
1472028
1472029
1472030
1472031
1472032
1472033
1472034
1472035
1472036
1472037
1472038
1472039
1472040
1472041
1472042
1472043
1472044
1472045
1472046
1472047
1472048
1472049
1472050
1472051
1472052
1472053
1472054
1472055
1472056
1472057
1472058
1472059
1472060
1472061
1472062
1472063
1472064
1472065
1472066
1472067
1472068
1472069
1472070
1472071
1472072
1472073
1472074
1472075
1472076
1472077
1472078
1472079
1472080
1472081
1472082
1472083
1472084
1472085
1472086
1472087
1472088
1472089
1472090
1472091
1472092
1472093
1472094
1472095
1472096
1472097
1472098
1472099
1472100
1472101
1472102
1472103
1472104
1472105
1472106
1472107
1472108
1472109
1472110
1472111
1472112
1472113
1472114
1472115
1472116
1472117
1472118
1472119
1472120
1472121
1472122
1472123
1472124
1472125
1472126
1472127
1472128
1472129
1472130
1472131
1472132
1472133
1472134
1472135
1472136
1472137
1472138
1472139
1472140
1472141
1472142
1472143
1472144
1472145
1472146
1472147
1472148
1472149
1472150
1472151
1472152
1472153
1472154
1472155
1472156
1472157
1472158
1472159
1472160
1472161
1472162
1472163
1472164
1472165
1472166
1472167
1472168
1472169
1472170
1472171
1472172
1472173
1472174
1472175
1472176
1472177
1472178
1472179
1472180
1472181
1472182
1472183
1472184
1472185
1472186
1472187
1472188
1472189
1472190
1472191
1472192
1472193
1472194
1472195
1472196
1472197
1472198
1472199
1472200
1472201
1472202
1472203
1472204
1472205
1472206
1472207
1472208
1472209
1472210
1472211
1472212
1472213
1472214
1472215
1472216
1472217
1472218
1472219
1472220
1472221
1472222
1472223
1472224
1472225
1472226
1472227
1472228
1472229
1472230
1472231
1472232
1472233
1472234
1472235
1472236
1472237
1472238
1472239
1472240
1472241
1472242
1472243
1472244
1472245
1472246
1472247
1472248
1472249
1472250
1472251
1472252
1472253
1472254
1472255
1472256
1472257
1472258
1472259
1472260
1472261
1472262
1472263
1472264
1472265
1472266
1472267
1472268
1472269
1472270
1472271
1472272
1472273
1472274
1472275
1472276
1472277
1472278
1472279
1472280
1472281
1472282
1472283
1472284
1472285
1472286
1472287
1472288
1472289
1472290
1472291
1472292
1472293
1472294
1472295
1472296
1472297
1472298
1472299
1472300
1472301
1472302
1472303
1472304
1472305
1472306
1472307
1472308
1472309
1472310
1472311
1472312
1472313
1472314
1472315
1472316
1472317
1472318
1472319
1472320
1472321
1472322
1472323
1472324
1472325
1472326
1472327
1472328
1472329
1472330
1472331
1472332
1472333
1472334
1472335
1472336
1472337
1472338
1472339
1472340
1472341
1472342
1472343
1472344
1472345
1472346
1472347
1472348
1472349
1472350
1472351
1472352
1472353
1472354
1472355
1472356
1472357
1472358
1472359
1472360
1472361
1472362
1472363
1472364
1472365
1472366
1472367
1472368
1472369
1472370
1472371
1472372
1472373
1472374
1472375
1472376
1472377
1472378
1472379
1472380
1472381
1472382
1472383
1472384
1472385
1472386
1472387
1472388
1472389
1472390
1472391
1472392
1472393
1472394
1472395
1472396
1472397
1472398
1472399
1472400
1472401
1472402
1472403
1472404
1472405
1472406
1472407
1472408
1472409
1472410
1472411
1472412
1472413
1472414
1472415
1472416
1472417
1472418
1472419
1472420
1472421
1472422
1472423
1472424
1472425
1472426
1472427
1472428
1472429
1472430
1472431
1472432
1472433
1472434
1472435
1472436
1472437
1472438
1472439
1472440
1472441
1472442
1472443
1472444
1472445
1472446
1472447
1472448
1472449
1472450
1472451
1472452
1472453
1472454
1472455
1472456
1472457
1472458
1472459
1472460
1472461
1472462
1472463
1472464
1472465
1472466
1472467
1472468
1472469
1472470
1472471
1472472
1472473
1472474
1472475
1472476
1472477
1472478
1472479
1472480
1472481
1472482
1472483
1472484
1472485
1472486
1472487
1472488
1472489
1472490
1472491
1472492
1472493
1472494
1472495
1472496
1472497
1472498
1472499
1472500
1472501
1472502
1472503
1472504
1472505
1472506
1472507
1472508
1472509
1472510
1472511
1472512
1472513
1472514
1472515
1472516
1472517
1472518
1472519
1472520
1472521
1472522
1472523
1472524
1472525
1472526
1472527
1472528
1472529
1472530
1472531
1472532
1472533
1472534
1472535
1472536
1472537
1472538
1472539
1472540
1472541
1472542
1472543
1472544
1472545
1472546
1472547
1472548
1472549
1472550
1472551
1472552
1472553
1472554
1472555
1472556
1472557
1472558
1472559
1472560
1472561
1472562
1472563
1472564
1472565
1472566
1472567
1472568
1472569
1472570
1472571
1472572
1472573
1472574
1472575
1472576
1472577
1472578
1472579
1472580
1472581
1472582
1472583
1472584
1472585
1472586
1472587
1472588
1472589
1472590
1472591
1472592
1472593
1472594
1472595
1472596
1472597
1472598
1472599
1472600
1472601
1472602
1472603
1472604
1472605
1472606
1472607
1472608
1472609
1472610
1472611
1472612
1472613
1472614
1472615
1472616
1472617
1472618
1472619
1472620
1472621
1472622
1472623
1472624
1472625
1472626
1472627
1472628
1472629
1472630
1472631
1472632
1472633
1472634
1472635
1472636
1472637
1472638
1472639
1472640
1472641
1472642
1472643
1472644
1472645
1472646
1472647
1472648
1472649
1472650
1472651
1472652
1472653
1472654
1472655
1472656
1472657
1472658
1472659
1472660
1472661
1472662
1472663
1472664
1472665
1472666
1472667
1472668
1472669
1472670
1472671
1472672
1472673
1472674
1472675
1472676
1472677
1472678
1472679
1472680
1472681
1472682
1472683
1472684
1472685
1472686
1472687
1472688
1472689
1472690
1472691
1472692
1472693
1472694
1472695
1472696
1472697
1472698
1472699
1472700
1472701
1472702
1472703
1472704
1472705
1472706
1472707
1472708
1472709
1472710
1472711
1472712
1472713
1472714
1472715
1472716
1472717
1472718
1472719
1472720
1472721
1472722
1472723
1472724
1472725
1472726
1472727
1472728
1472729
1472730
1472731
1472732
1472733
1472734
1472735
1472736
1472737
1472738
1472739
1472740
1472741
1472742
1472743
1472744
1472745
1472746
1472747
1472748
1472749
1472750
1472751
1472752
1472753
1472754
1472755
1472756
1472757
1472758
1472759
1472760
1472761
1472762
1472763
1472764
1472765
1472766
1472767
1472768
1472769
1472770
1472771
1472772
1472773
1472774
1472775
1472776
1472777
1472778
1472779
1472780
1472781
1472782
1472783
1472784
1472785
1472786
1472787
1472788
1472789
1472790
1472791
1472792
1472793
1472794
1472795
1472796
1472797
1472798
1472799
1472800
1472801
1472802
1472803
1472804
1472805
1472806
1472807
1472808
1472809
1472810
1472811
1472812
1472813
1472814
1472815
1472816
1472817
1472818
1472819
1472820
1472821
1472822
1472823
1472824
1472825
1472826
1472827
1472828
1472829
1472830
1472831
1472832
1472833
1472834
1472835
1472836
1472837
1472838
1472839
1472840
1472841
1472842
1472843
1472844
1472845
1472846
1472847
1472848
1472849
1472850
1472851
1472852
1472853
1472854
1472855
1472856
1472857
1472858
1472859
1472860
1472861
1472862
1472863
1472864
1472865
1472866
1472867
1472868
1472869
1472870
1472871
1472872
1472873
1472874
1472875
1472876
1472877
1472878
1472879
1472880
1472881
1472882
1472883
1472884
1472885
1472886
1472887
1472888
1472889
1472890
1472891
1472892
1472893
1472894
1472895
1472896
1472897
1472898
1472899
1472900
1472901
1472902
1472903
1472904
1472905
1472906
1472907
1472908
1472909
1472910
1472911
1472912
1472913
1472914
1472915
1472916
1472917
1472918
1472919
1472920
1472921
1472922
1472923
1472924
1472925
1472926
1472927
1472928
1472929
1472930
1472931
1472932
1472933
1472934
1472935
1472936
1472937
1472938
1472939
1472940
1472941
1472942
1472943
1472944
1472945
1472946
1472947
1472948
1472949
1472950
1472951
1472952
1472953
1472954
1472955
1472956
1472957
1472958
1472959
1472960
1472961
1472962
1472963
1472964
1472965
1472966
1472967
1472968
1472969
1472970
1472971
1472972
1472973
1472974
1472975
1472976
1472977
1472978
1472979
1472980
1472981
1472982
1472983
1472984
1472985
1472986
1472987
1472988
1472989
1472990
1472991
1472992
1472993
1472994
1472995
1472996
1472997
1472998
1472999
1473000
1473001
1473002
1473003
1473004
1473005
1473006
1473007
1473008
1473009
1473010
1473011
1473012
1473013
1473014
1473015
1473016
1473017
1473018
1473019
1473020
1473021
1473022
1473023
1473024
1473025
1473026
1473027
1473028
1473029
1473030
1473031
1473032
1473033
1473034
1473035
1473036
1473037
1473038
1473039
1473040
1473041
1473042
1473043
1473044
1473045
1473046
1473047
1473048
1473049
1473050
1473051
1473052
1473053
1473054
1473055
1473056
1473057
1473058
1473059
1473060
1473061
1473062
1473063
1473064
1473065
1473066
1473067
1473068
1473069
1473070
1473071
1473072
1473073
1473074
1473075
1473076
1473077
1473078
1473079
1473080
1473081
1473082
1473083
1473084
1473085
1473086
1473087
1473088
1473089
1473090
1473091
1473092
1473093
1473094
1473095
1473096
1473097
1473098
1473099
1473100
1473101
1473102
1473103
1473104
1473105
1473106
1473107
1473108
1473109
1473110
1473111
1473112
1473113
1473114
1473115
1473116
1473117
1473118
1473119
1473120
1473121
1473122
1473123
1473124
1473125
1473126
1473127
1473128
1473129
1473130
1473131
1473132
1473133
1473134
1473135
1473136
1473137
1473138
1473139
1473140
1473141
1473142
1473143
1473144
1473145
1473146
1473147
1473148
1473149
1473150
1473151
1473152
1473153
1473154
1473155
1473156
1473157
1473158
1473159
1473160
1473161
1473162
1473163
1473164
1473165
1473166
1473167
1473168
1473169
1473170
1473171
1473172
1473173
1473174
1473175
1473176
1473177
1473178
1473179
1473180
1473181
1473182
1473183
1473184
1473185
1473186
1473187
1473188
1473189
1473190
1473191
1473192
1473193
1473194
1473195
1473196
1473197
1473198
1473199
1473200
1473201
1473202
1473203
1473204
1473205
1473206
1473207
1473208
1473209
1473210
1473211
1473212
1473213
1473214
1473215
1473216
1473217
1473218
1473219
1473220
1473221
1473222
1473223
1473224
1473225
1473226
1473227
1473228
1473229
1473230
1473231
1473232
1473233
1473234
1473235
1473236
1473237
1473238
1473239
1473240
1473241
1473242
1473243
1473244
1473245
1473246
1473247
1473248
1473249
1473250
1473251
1473252
1473253
1473254
1473255
1473256
1473257
1473258
1473259
1473260
1473261
1473262
1473263
1473264
1473265
1473266
1473267
1473268
1473269
1473270
1473271
1473272
1473273
1473274
1473275
1473276
1473277
1473278
1473279
1473280
1473281
1473282
1473283
1473284
1473285
1473286
1473287
1473288
1473289
1473290
1473291
1473292
1473293
1473294
1473295
1473296
1473297
1473298
1473299
1473300
1473301
1473302
1473303
1473304
1473305
1473306
1473307
1473308
1473309
1473310
1473311
1473312
1473313
1473314
1473315
1473316
1473317
1473318
1473319
1473320
1473321
1473322
1473323
1473324
1473325
1473326
1473327
1473328
1473329
1473330
1473331
1473332
1473333
1473334
1473335
1473336
1473337
1473338
1473339
1473340
1473341
1473342
1473343
1473344
1473345
1473346
1473347
1473348
1473349
1473350
1473351
1473352
1473353
1473354
1473355
1473356
1473357
1473358
1473359
1473360
1473361
1473362
1473363
1473364
1473365
1473366
1473367
1473368
1473369
1473370
1473371
1473372
1473373
1473374
1473375
1473376
1473377
1473378
1473379
1473380
1473381
1473382
1473383
1473384
1473385
1473386
1473387
1473388
1473389
1473390
1473391
1473392
1473393
1473394
1473395
1473396
1473397
1473398
1473399
1473400
1473401
1473402
1473403
1473404
1473405
1473406
1473407
1473408
1473409
1473410
1473411
1473412
1473413
1473414
1473415
1473416
1473417
1473418
1473419
1473420
1473421
1473422
1473423
1473424
1473425
1473426
1473427
1473428
1473429
1473430
1473431
1473432
1473433
1473434
1473435
1473436
1473437
1473438
1473439
1473440
1473441
1473442
1473443
1473444
1473445
1473446
1473447
1473448
1473449
1473450
1473451
1473452
1473453
1473454
1473455
1473456
1473457
1473458
1473459
1473460
1473461
1473462
1473463
1473464
1473465
1473466
1473467
1473468
1473469
1473470
1473471
1473472
1473473
1473474
1473475
1473476
1473477
1473478
1473479
1473480
1473481
1473482
1473483
1473484
1473485
1473486
1473487
1473488
1473489
1473490
1473491
1473492
1473493
1473494
1473495
1473496
1473497
1473498
1473499
1473500
1473501
1473502
1473503
1473504
1473505
1473506
1473507
1473508
1473509
1473510
1473511
1473512
1473513
1473514
1473515
1473516
1473517
1473518
1473519
1473520
1473521
1473522
1473523
1473524
1473525
1473526
1473527
1473528
1473529
1473530
1473531
1473532
1473533
1473534
1473535
1473536
1473537
1473538
1473539
1473540
1473541
1473542
1473543
1473544
1473545
1473546
1473547
1473548
1473549
1473550
1473551
1473552
1473553
1473554
1473555
1473556
1473557
1473558
1473559
1473560
1473561
1473562
1473563
1473564
1473565
1473566
1473567
1473568
1473569
1473570
1473571
1473572
1473573
1473574
1473575
1473576
1473577
1473578
1473579
1473580
1473581
1473582
1473583
1473584
1473585
1473586
1473587
1473588
1473589
1473590
1473591
1473592
1473593
1473594
1473595
1473596
1473597
1473598
1473599
1473600
1473601
1473602
1473603
1473604
1473605
1473606
1473607
1473608
1473609
1473610
1473611
1473612
1473613
1473614
1473615
1473616
1473617
1473618
1473619
1473620
1473621
1473622
1473623
1473624
1473625
1473626
1473627
1473628
1473629
1473630
1473631
1473632
1473633
1473634
1473635
1473636
1473637
1473638
1473639
1473640
1473641
1473642
1473643
1473644
1473645
1473646
1473647
1473648
1473649
1473650
1473651
1473652
1473653
1473654
1473655
1473656
1473657
1473658
1473659
1473660
1473661
1473662
1473663
1473664
1473665
1473666
1473667
1473668
1473669
1473670
1473671
1473672
1473673
1473674
1473675
1473676
1473677
1473678
1473679
1473680
1473681
1473682
1473683
1473684
1473685
1473686
1473687
1473688
1473689
1473690
1473691
1473692
1473693
1473694
1473695
1473696
1473697
1473698
1473699
1473700
1473701
1473702
1473703
1473704
1473705
1473706
1473707
1473708
1473709
1473710
1473711
1473712
1473713
1473714
1473715
1473716
1473717
1473718
1473719
1473720
1473721
1473722
1473723
1473724
1473725
1473726
1473727
1473728
1473729
1473730
1473731
1473732
1473733
1473734
1473735
1473736
1473737
1473738
1473739
1473740
1473741
1473742
1473743
1473744
1473745
1473746
1473747
1473748
1473749
1473750
1473751
1473752
1473753
1473754
1473755
1473756
1473757
1473758
1473759
1473760
1473761
1473762
1473763
1473764
1473765
1473766
1473767
1473768
1473769
1473770
1473771
1473772
1473773
1473774
1473775
1473776
1473777
1473778
1473779
1473780
1473781
1473782
1473783
1473784
1473785
1473786
1473787
1473788
1473789
1473790
1473791
1473792
1473793
1473794
1473795
1473796
1473797
1473798
1473799
1473800
1473801
1473802
1473803
1473804
1473805
1473806
1473807
1473808
1473809
1473810
1473811
1473812
1473813
1473814
1473815
1473816
1473817
1473818
1473819
1473820
1473821
1473822
1473823
1473824
1473825
1473826
1473827
1473828
1473829
1473830
1473831
1473832
1473833
1473834
1473835
1473836
1473837
1473838
1473839
1473840
1473841
1473842
1473843
1473844
1473845
1473846
1473847
1473848
1473849
1473850
1473851
1473852
1473853
1473854
1473855
1473856
1473857
1473858
1473859
1473860
1473861
1473862
1473863
1473864
1473865
1473866
1473867
1473868
1473869
1473870
1473871
1473872
1473873
1473874
1473875
1473876
1473877
1473878
1473879
1473880
1473881
1473882
1473883
1473884
1473885
1473886
1473887
1473888
1473889
1473890
1473891
1473892
1473893
1473894
1473895
1473896
1473897
1473898
1473899
1473900
1473901
1473902
1473903
1473904
1473905
1473906
1473907
1473908
1473909
1473910
1473911
1473912
1473913
1473914
1473915
1473916
1473917
1473918
1473919
1473920
1473921
1473922
1473923
1473924
1473925
1473926
1473927
1473928
1473929
1473930
1473931
1473932
1473933
1473934
1473935
1473936
1473937
1473938
1473939
1473940
1473941
1473942
1473943
1473944
1473945
1473946
1473947
1473948
1473949
1473950
1473951
1473952
1473953
1473954
1473955
1473956
1473957
1473958
1473959
1473960
1473961
1473962
1473963
1473964
1473965
1473966
1473967
1473968
1473969
1473970
1473971
1473972
1473973
1473974
1473975
1473976
1473977
1473978
1473979
1473980
1473981
1473982
1473983
1473984
1473985
1473986
1473987
1473988
1473989
1473990
1473991
1473992
1473993
1473994
1473995
1473996
1473997
1473998
1473999
1474000
1474001
1474002
1474003
1474004
1474005
1474006
1474007
1474008
1474009
1474010
1474011
1474012
1474013
1474014
1474015
1474016
1474017
1474018
1474019
1474020
1474021
1474022
1474023
1474024
1474025
1474026
1474027
1474028
1474029
1474030
1474031
1474032
1474033
1474034
1474035
1474036
1474037
1474038
1474039
1474040
1474041
1474042
1474043
1474044
1474045
1474046
1474047
1474048
1474049
1474050
1474051
1474052
1474053
1474054
1474055
1474056
1474057
1474058
1474059
1474060
1474061
1474062
1474063
1474064
1474065
1474066
1474067
1474068
1474069
1474070
1474071
1474072
1474073
1474074
1474075
1474076
1474077
1474078
1474079
1474080
1474081
1474082
1474083
1474084
1474085
1474086
1474087
1474088
1474089
1474090
1474091
1474092
1474093
1474094
1474095
1474096
1474097
1474098
1474099
1474100
1474101
1474102
1474103
1474104
1474105
1474106
1474107
1474108
1474109
1474110
1474111
1474112
1474113
1474114
1474115
1474116
1474117
1474118
1474119
1474120
1474121
1474122
1474123
1474124
1474125
1474126
1474127
1474128
1474129
1474130
1474131
1474132
1474133
1474134
1474135
1474136
1474137
1474138
1474139
1474140
1474141
1474142
1474143
1474144
1474145
1474146
1474147
1474148
1474149
1474150
1474151
1474152
1474153
1474154
1474155
1474156
1474157
1474158
1474159
1474160
1474161
1474162
1474163
1474164
1474165
1474166
1474167
1474168
1474169
1474170
1474171
1474172
1474173
1474174
1474175
1474176
1474177
1474178
1474179
1474180
1474181
1474182
1474183
1474184
1474185
1474186
1474187
1474188
1474189
1474190
1474191
1474192
1474193
1474194
1474195
1474196
1474197
1474198
1474199
1474200
1474201
1474202
1474203
1474204
1474205
1474206
1474207
1474208
1474209
1474210
1474211
1474212
1474213
1474214
1474215
1474216
1474217
1474218
1474219
1474220
1474221
1474222
1474223
1474224
1474225
1474226
1474227
1474228
1474229
1474230
1474231
1474232
1474233
1474234
1474235
1474236
1474237
1474238
1474239
1474240
1474241
1474242
1474243
1474244
1474245
1474246
1474247
1474248
1474249
1474250
1474251
1474252
1474253
1474254
1474255
1474256
1474257
1474258
1474259
1474260
1474261
1474262
1474263
1474264
1474265
1474266
1474267
1474268
1474269
1474270
1474271
1474272
1474273
1474274
1474275
1474276
1474277
1474278
1474279
1474280
1474281
1474282
1474283
1474284
1474285
1474286
1474287
1474288
1474289
1474290
1474291
1474292
1474293
1474294
1474295
1474296
1474297
1474298
1474299
1474300
1474301
1474302
1474303
1474304
1474305
1474306
1474307
1474308
1474309
1474310
1474311
1474312
1474313
1474314
1474315
1474316
1474317
1474318
1474319
1474320
1474321
1474322
1474323
1474324
1474325
1474326
1474327
1474328
1474329
1474330
1474331
1474332
1474333
1474334
1474335
1474336
1474337
1474338
1474339
1474340
1474341
1474342
1474343
1474344
1474345
1474346
1474347
1474348
1474349
1474350
1474351
1474352
1474353
1474354
1474355
1474356
1474357
1474358
1474359
1474360
1474361
1474362
1474363
1474364
1474365
1474366
1474367
1474368
1474369
1474370
1474371
1474372
1474373
1474374
1474375
1474376
1474377
1474378
1474379
1474380
1474381
1474382
1474383
1474384
1474385
1474386
1474387
1474388
1474389
1474390
1474391
1474392
1474393
1474394
1474395
1474396
1474397
1474398
1474399
1474400
1474401
1474402
1474403
1474404
1474405
1474406
1474407
1474408
1474409
1474410
1474411
1474412
1474413
1474414
1474415
1474416
1474417
1474418
1474419
1474420
1474421
1474422
1474423
1474424
1474425
1474426
1474427
1474428
1474429
1474430
1474431
1474432
1474433
1474434
1474435
1474436
1474437
1474438
1474439
1474440
1474441
1474442
1474443
1474444
1474445
1474446
1474447
1474448
1474449
1474450
1474451
1474452
1474453
1474454
1474455
1474456
1474457
1474458
1474459
1474460
1474461
1474462
1474463
1474464
1474465
1474466
1474467
1474468
1474469
1474470
1474471
1474472
1474473
1474474
1474475
1474476
1474477
1474478
1474479
1474480
1474481
1474482
1474483
1474484
1474485
1474486
1474487
1474488
1474489
1474490
1474491
1474492
1474493
1474494
1474495
1474496
1474497
1474498
1474499
1474500
1474501
1474502
1474503
1474504
1474505
1474506
1474507
1474508
1474509
1474510
1474511
1474512
1474513
1474514
1474515
1474516
1474517
1474518
1474519
1474520
1474521
1474522
1474523
1474524
1474525
1474526
1474527
1474528
1474529
1474530
1474531
1474532
1474533
1474534
1474535
1474536
1474537
1474538
1474539
1474540
1474541
1474542
1474543
1474544
1474545
1474546
1474547
1474548
1474549
1474550
1474551
1474552
1474553
1474554
1474555
1474556
1474557
1474558
1474559
1474560
1474561
1474562
1474563
1474564
1474565
1474566
1474567
1474568
1474569
1474570
1474571
1474572
1474573
1474574
1474575
1474576
1474577
1474578
1474579
1474580
1474581
1474582
1474583
1474584
1474585
1474586
1474587
1474588
1474589
1474590
1474591
1474592
1474593
1474594
1474595
1474596
1474597
1474598
1474599
1474600
1474601
1474602
1474603
1474604
1474605
1474606
1474607
1474608
1474609
1474610
1474611
1474612
1474613
1474614
1474615
1474616
1474617
1474618
1474619
1474620
1474621
1474622
1474623
1474624
1474625
1474626
1474627
1474628
1474629
1474630
1474631
1474632
1474633
1474634
1474635
1474636
1474637
1474638
1474639
1474640
1474641
1474642
1474643
1474644
1474645
1474646
1474647
1474648
1474649
1474650
1474651
1474652
1474653
1474654
1474655
1474656
1474657
1474658
1474659
1474660
1474661
1474662
1474663
1474664
1474665
1474666
1474667
1474668
1474669
1474670
1474671
1474672
1474673
1474674
1474675
1474676
1474677
1474678
1474679
1474680
1474681
1474682
1474683
1474684
1474685
1474686
1474687
1474688
1474689
1474690
1474691
1474692
1474693
1474694
1474695
1474696
1474697
1474698
1474699
1474700
1474701
1474702
1474703
1474704
1474705
1474706
1474707
1474708
1474709
1474710
1474711
1474712
1474713
1474714
1474715
1474716
1474717
1474718
1474719
1474720
1474721
1474722
1474723
1474724
1474725
1474726
1474727
1474728
1474729
1474730
1474731
1474732
1474733
1474734
1474735
1474736
1474737
1474738
1474739
1474740
1474741
1474742
1474743
1474744
1474745
1474746
1474747
1474748
1474749
1474750
1474751
1474752
1474753
1474754
1474755
1474756
1474757
1474758
1474759
1474760
1474761
1474762
1474763
1474764
1474765
1474766
1474767
1474768
1474769
1474770
1474771
1474772
1474773
1474774
1474775
1474776
1474777
1474778
1474779
1474780
1474781
1474782
1474783
1474784
1474785
1474786
1474787
1474788
1474789
1474790
1474791
1474792
1474793
1474794
1474795
1474796
1474797
1474798
1474799
1474800
1474801
1474802
1474803
1474804
1474805
1474806
1474807
1474808
1474809
1474810
1474811
1474812
1474813
1474814
1474815
1474816
1474817
1474818
1474819
1474820
1474821
1474822
1474823
1474824
1474825
1474826
1474827
1474828
1474829
1474830
1474831
1474832
1474833
1474834
1474835
1474836
1474837
1474838
1474839
1474840
1474841
1474842
1474843
1474844
1474845
1474846
1474847
1474848
1474849
1474850
1474851
1474852
1474853
1474854
1474855
1474856
1474857
1474858
1474859
1474860
1474861
1474862
1474863
1474864
1474865
1474866
1474867
1474868
1474869
1474870
1474871
1474872
1474873
1474874
1474875
1474876
1474877
1474878
1474879
1474880
1474881
1474882
1474883
1474884
1474885
1474886
1474887
1474888
1474889
1474890
1474891
1474892
1474893
1474894
1474895
1474896
1474897
1474898
1474899
1474900
1474901
1474902
1474903
1474904
1474905
1474906
1474907
1474908
1474909
1474910
1474911
1474912
1474913
1474914
1474915
1474916
1474917
1474918
1474919
1474920
1474921
1474922
1474923
1474924
1474925
1474926
1474927
1474928
1474929
1474930
1474931
1474932
1474933
1474934
1474935
1474936
1474937
1474938
1474939
1474940
1474941
1474942
1474943
1474944
1474945
1474946
1474947
1474948
1474949
1474950
1474951
1474952
1474953
1474954
1474955
1474956
1474957
1474958
1474959
1474960
1474961
1474962
1474963
1474964
1474965
1474966
1474967
1474968
1474969
1474970
1474971
1474972
1474973
1474974
1474975
1474976
1474977
1474978
1474979
1474980
1474981
1474982
1474983
1474984
1474985
1474986
1474987
1474988
1474989
1474990
1474991
1474992
1474993
1474994
1474995
1474996
1474997
1474998
1474999
1475000
1475001
1475002
1475003
1475004
1475005
1475006
1475007
1475008
1475009
1475010
1475011
1475012
1475013
1475014
1475015
1475016
1475017
1475018
1475019
1475020
1475021
1475022
1475023
1475024
1475025
1475026
1475027
1475028
1475029
1475030
1475031
1475032
1475033
1475034
1475035
1475036
1475037
1475038
1475039
1475040
1475041
1475042
1475043
1475044
1475045
1475046
1475047
1475048
1475049
1475050
1475051
1475052
1475053
1475054
1475055
1475056
1475057
1475058
1475059
1475060
1475061
1475062
1475063
1475064
1475065
1475066
1475067
1475068
1475069
1475070
1475071
1475072
1475073
1475074
1475075
1475076
1475077
1475078
1475079
1475080
1475081
1475082
1475083
1475084
1475085
1475086
1475087
1475088
1475089
1475090
1475091
1475092
1475093
1475094
1475095
1475096
1475097
1475098
1475099
1475100
1475101
1475102
1475103
1475104
1475105
1475106
1475107
1475108
1475109
1475110
1475111
1475112
1475113
1475114
1475115
1475116
1475117
1475118
1475119
1475120
1475121
1475122
1475123
1475124
1475125
1475126
1475127
1475128
1475129
1475130
1475131
1475132
1475133
1475134
1475135
1475136
1475137
1475138
1475139
1475140
1475141
1475142
1475143
1475144
1475145
1475146
1475147
1475148
1475149
1475150
1475151
1475152
1475153
1475154
1475155
1475156
1475157
1475158
1475159
1475160
1475161
1475162
1475163
1475164
1475165
1475166
1475167
1475168
1475169
1475170
1475171
1475172
1475173
1475174
1475175
1475176
1475177
1475178
1475179
1475180
1475181
1475182
1475183
1475184
1475185
1475186
1475187
1475188
1475189
1475190
1475191
1475192
1475193
1475194
1475195
1475196
1475197
1475198
1475199
1475200
1475201
1475202
1475203
1475204
1475205
1475206
1475207
1475208
1475209
1475210
1475211
1475212
1475213
1475214
1475215
1475216
1475217
1475218
1475219
1475220
1475221
1475222
1475223
1475224
1475225
1475226
1475227
1475228
1475229
1475230
1475231
1475232
1475233
1475234
1475235
1475236
1475237
1475238
1475239
1475240
1475241
1475242
1475243
1475244
1475245
1475246
1475247
1475248
1475249
1475250
1475251
1475252
1475253
1475254
1475255
1475256
1475257
1475258
1475259
1475260
1475261
1475262
1475263
1475264
1475265
1475266
1475267
1475268
1475269
1475270
1475271
1475272
1475273
1475274
1475275
1475276
1475277
1475278
1475279
1475280
1475281
1475282
1475283
1475284
1475285
1475286
1475287
1475288
1475289
1475290
1475291
1475292
1475293
1475294
1475295
1475296
1475297
1475298
1475299
1475300
1475301
1475302
1475303
1475304
1475305
1475306
1475307
1475308
1475309
1475310
1475311
1475312
1475313
1475314
1475315
1475316
1475317
1475318
1475319
1475320
1475321
1475322
1475323
1475324
1475325
1475326
1475327
1475328
1475329
1475330
1475331
1475332
1475333
1475334
1475335
1475336
1475337
1475338
1475339
1475340
1475341
1475342
1475343
1475344
1475345
1475346
1475347
1475348
1475349
1475350
1475351
1475352
1475353
1475354
1475355
1475356
1475357
1475358
1475359
1475360
1475361
1475362
1475363
1475364
1475365
1475366
1475367
1475368
1475369
1475370
1475371
1475372
1475373
1475374
1475375
1475376
1475377
1475378
1475379
1475380
1475381
1475382
1475383
1475384
1475385
1475386
1475387
1475388
1475389
1475390
1475391
1475392
1475393
1475394
1475395
1475396
1475397
1475398
1475399
1475400
1475401
1475402
1475403
1475404
1475405
1475406
1475407
1475408
1475409
1475410
1475411
1475412
1475413
1475414
1475415
1475416
1475417
1475418
1475419
1475420
1475421
1475422
1475423
1475424
1475425
1475426
1475427
1475428
1475429
1475430
1475431
1475432
1475433
1475434
1475435
1475436
1475437
1475438
1475439
1475440
1475441
1475442
1475443
1475444
1475445
1475446
1475447
1475448
1475449
1475450
1475451
1475452
1475453
1475454
1475455
1475456
1475457
1475458
1475459
1475460
1475461
1475462
1475463
1475464
1475465
1475466
1475467
1475468
1475469
1475470
1475471
1475472
1475473
1475474
1475475
1475476
1475477
1475478
1475479
1475480
1475481
1475482
1475483
1475484
1475485
1475486
1475487
1475488
1475489
1475490
1475491
1475492
1475493
1475494
1475495
1475496
1475497
1475498
1475499
1475500
1475501
1475502
1475503
1475504
1475505
1475506
1475507
1475508
1475509
1475510
1475511
1475512
1475513
1475514
1475515
1475516
1475517
1475518
1475519
1475520
1475521
1475522
1475523
1475524
1475525
1475526
1475527
1475528
1475529
1475530
1475531
1475532
1475533
1475534
1475535
1475536
1475537
1475538
1475539
1475540
1475541
1475542
1475543
1475544
1475545
1475546
1475547
1475548
1475549
1475550
1475551
1475552
1475553
1475554
1475555
1475556
1475557
1475558
1475559
1475560
1475561
1475562
1475563
1475564
1475565
1475566
1475567
1475568
1475569
1475570
1475571
1475572
1475573
1475574
1475575
1475576
1475577
1475578
1475579
1475580
1475581
1475582
1475583
1475584
1475585
1475586
1475587
1475588
1475589
1475590
1475591
1475592
1475593
1475594
1475595
1475596
1475597
1475598
1475599
1475600
1475601
1475602
1475603
1475604
1475605
1475606
1475607
1475608
1475609
1475610
1475611
1475612
1475613
1475614
1475615
1475616
1475617
1475618
1475619
1475620
1475621
1475622
1475623
1475624
1475625
1475626
1475627
1475628
1475629
1475630
1475631
1475632
1475633
1475634
1475635
1475636
1475637
1475638
1475639
1475640
1475641
1475642
1475643
1475644
1475645
1475646
1475647
1475648
1475649
1475650
1475651
1475652
1475653
1475654
1475655
1475656
1475657
1475658
1475659
1475660
1475661
1475662
1475663
1475664
1475665
1475666
1475667
1475668
1475669
1475670
1475671
1475672
1475673
1475674
1475675
1475676
1475677
1475678
1475679
1475680
1475681
1475682
1475683
1475684
1475685
1475686
1475687
1475688
1475689
1475690
1475691
1475692
1475693
1475694
1475695
1475696
1475697
1475698
1475699
1475700
1475701
1475702
1475703
1475704
1475705
1475706
1475707
1475708
1475709
1475710
1475711
1475712
1475713
1475714
1475715
1475716
1475717
1475718
1475719
1475720
1475721
1475722
1475723
1475724
1475725
1475726
1475727
1475728
1475729
1475730
1475731
1475732
1475733
1475734
1475735
1475736
1475737
1475738
1475739
1475740
1475741
1475742
1475743
1475744
1475745
1475746
1475747
1475748
1475749
1475750
1475751
1475752
1475753
1475754
1475755
1475756
1475757
1475758
1475759
1475760
1475761
1475762
1475763
1475764
1475765
1475766
1475767
1475768
1475769
1475770
1475771
1475772
1475773
1475774
1475775
1475776
1475777
1475778
1475779
1475780
1475781
1475782
1475783
1475784
1475785
1475786
1475787
1475788
1475789
1475790
1475791
1475792
1475793
1475794
1475795
1475796
1475797
1475798
1475799
1475800
1475801
1475802
1475803
1475804
1475805
1475806
1475807
1475808
1475809
1475810
1475811
1475812
1475813
1475814
1475815
1475816
1475817
1475818
1475819
1475820
1475821
1475822
1475823
1475824
1475825
1475826
1475827
1475828
1475829
1475830
1475831
1475832
1475833
1475834
1475835
1475836
1475837
1475838
1475839
1475840
1475841
1475842
1475843
1475844
1475845
1475846
1475847
1475848
1475849
1475850
1475851
1475852
1475853
1475854
1475855
1475856
1475857
1475858
1475859
1475860
1475861
1475862
1475863
1475864
1475865
1475866
1475867
1475868
1475869
1475870
1475871
1475872
1475873
1475874
1475875
1475876
1475877
1475878
1475879
1475880
1475881
1475882
1475883
1475884
1475885
1475886
1475887
1475888
1475889
1475890
1475891
1475892
1475893
1475894
1475895
1475896
1475897
1475898
1475899
1475900
1475901
1475902
1475903
1475904
1475905
1475906
1475907
1475908
1475909
1475910
1475911
1475912
1475913
1475914
1475915
1475916
1475917
1475918
1475919
1475920
1475921
1475922
1475923
1475924
1475925
1475926
1475927
1475928
1475929
1475930
1475931
1475932
1475933
1475934
1475935
1475936
1475937
1475938
1475939
1475940
1475941
1475942
1475943
1475944
1475945
1475946
1475947
1475948
1475949
1475950
1475951
1475952
1475953
1475954
1475955
1475956
1475957
1475958
1475959
1475960
1475961
1475962
1475963
1475964
1475965
1475966
1475967
1475968
1475969
1475970
1475971
1475972
1475973
1475974
1475975
1475976
1475977
1475978
1475979
1475980
1475981
1475982
1475983
1475984
1475985
1475986
1475987
1475988
1475989
1475990
1475991
1475992
1475993
1475994
1475995
1475996
1475997
1475998
1475999
1476000
1476001
1476002
1476003
1476004
1476005
1476006
1476007
1476008
1476009
1476010
1476011
1476012
1476013
1476014
1476015
1476016
1476017
1476018
1476019
1476020
1476021
1476022
1476023
1476024
1476025
1476026
1476027
1476028
1476029
1476030
1476031
1476032
1476033
1476034
1476035
1476036
1476037
1476038
1476039
1476040
1476041
1476042
1476043
1476044
1476045
1476046
1476047
1476048
1476049
1476050
1476051
1476052
1476053
1476054
1476055
1476056
1476057
1476058
1476059
1476060
1476061
1476062
1476063
1476064
1476065
1476066
1476067
1476068
1476069
1476070
1476071
1476072
1476073
1476074
1476075
1476076
1476077
1476078
1476079
1476080
1476081
1476082
1476083
1476084
1476085
1476086
1476087
1476088
1476089
1476090
1476091
1476092
1476093
1476094
1476095
1476096
1476097
1476098
1476099
1476100
1476101
1476102
1476103
1476104
1476105
1476106
1476107
1476108
1476109
1476110
1476111
1476112
1476113
1476114
1476115
1476116
1476117
1476118
1476119
1476120
1476121
1476122
1476123
1476124
1476125
1476126
1476127
1476128
1476129
1476130
1476131
1476132
1476133
1476134
1476135
1476136
1476137
1476138
1476139
1476140
1476141
1476142
1476143
1476144
1476145
1476146
1476147
1476148
1476149
1476150
1476151
1476152
1476153
1476154
1476155
1476156
1476157
1476158
1476159
1476160
1476161
1476162
1476163
1476164
1476165
1476166
1476167
1476168
1476169
1476170
1476171
1476172
1476173
1476174
1476175
1476176
1476177
1476178
1476179
1476180
1476181
1476182
1476183
1476184
1476185
1476186
1476187
1476188
1476189
1476190
1476191
1476192
1476193
1476194
1476195
1476196
1476197
1476198
1476199
1476200
1476201
1476202
1476203
1476204
1476205
1476206
1476207
1476208
1476209
1476210
1476211
1476212
1476213
1476214
1476215
1476216
1476217
1476218
1476219
1476220
1476221
1476222
1476223
1476224
1476225
1476226
1476227
1476228
1476229
1476230
1476231
1476232
1476233
1476234
1476235
1476236
1476237
1476238
1476239
1476240
1476241
1476242
1476243
1476244
1476245
1476246
1476247
1476248
1476249
1476250
1476251
1476252
1476253
1476254
1476255
1476256
1476257
1476258
1476259
1476260
1476261
1476262
1476263
1476264
1476265
1476266
1476267
1476268
1476269
1476270
1476271
1476272
1476273
1476274
1476275
1476276
1476277
1476278
1476279
1476280
1476281
1476282
1476283
1476284
1476285
1476286
1476287
1476288
1476289
1476290
1476291
1476292
1476293
1476294
1476295
1476296
1476297
1476298
1476299
1476300
1476301
1476302
1476303
1476304
1476305
1476306
1476307
1476308
1476309
1476310
1476311
1476312
1476313
1476314
1476315
1476316
1476317
1476318
1476319
1476320
1476321
1476322
1476323
1476324
1476325
1476326
1476327
1476328
1476329
1476330
1476331
1476332
1476333
1476334
1476335
1476336
1476337
1476338
1476339
1476340
1476341
1476342
1476343
1476344
1476345
1476346
1476347
1476348
1476349
1476350
1476351
1476352
1476353
1476354
1476355
1476356
1476357
1476358
1476359
1476360
1476361
1476362
1476363
1476364
1476365
1476366
1476367
1476368
1476369
1476370
1476371
1476372
1476373
1476374
1476375
1476376
1476377
1476378
1476379
1476380
1476381
1476382
1476383
1476384
1476385
1476386
1476387
1476388
1476389
1476390
1476391
1476392
1476393
1476394
1476395
1476396
1476397
1476398
1476399
1476400
1476401
1476402
1476403
1476404
1476405
1476406
1476407
1476408
1476409
1476410
1476411
1476412
1476413
1476414
1476415
1476416
1476417
1476418
1476419
1476420
1476421
1476422
1476423
1476424
1476425
1476426
1476427
1476428
1476429
1476430
1476431
1476432
1476433
1476434
1476435
1476436
1476437
1476438
1476439
1476440
1476441
1476442
1476443
1476444
1476445
1476446
1476447
1476448
1476449
1476450
1476451
1476452
1476453
1476454
1476455
1476456
1476457
1476458
1476459
1476460
1476461
1476462
1476463
1476464
1476465
1476466
1476467
1476468
1476469
1476470
1476471
1476472
1476473
1476474
1476475
1476476
1476477
1476478
1476479
1476480
1476481
1476482
1476483
1476484
1476485
1476486
1476487
1476488
1476489
1476490
1476491
1476492
1476493
1476494
1476495
1476496
1476497
1476498
1476499
1476500
1476501
1476502
1476503
1476504
1476505
1476506
1476507
1476508
1476509
1476510
1476511
1476512
1476513
1476514
1476515
1476516
1476517
1476518
1476519
1476520
1476521
1476522
1476523
1476524
1476525
1476526
1476527
1476528
1476529
1476530
1476531
1476532
1476533
1476534
1476535
1476536
1476537
1476538
1476539
1476540
1476541
1476542
1476543
1476544
1476545
1476546
1476547
1476548
1476549
1476550
1476551
1476552
1476553
1476554
1476555
1476556
1476557
1476558
1476559
1476560
1476561
1476562
1476563
1476564
1476565
1476566
1476567
1476568
1476569
1476570
1476571
1476572
1476573
1476574
1476575
1476576
1476577
1476578
1476579
1476580
1476581
1476582
1476583
1476584
1476585
1476586
1476587
1476588
1476589
1476590
1476591
1476592
1476593
1476594
1476595
1476596
1476597
1476598
1476599
1476600
1476601
1476602
1476603
1476604
1476605
1476606
1476607
1476608
1476609
1476610
1476611
1476612
1476613
1476614
1476615
1476616
1476617
1476618
1476619
1476620
1476621
1476622
1476623
1476624
1476625
1476626
1476627
1476628
1476629
1476630
1476631
1476632
1476633
1476634
1476635
1476636
1476637
1476638
1476639
1476640
1476641
1476642
1476643
1476644
1476645
1476646
1476647
1476648
1476649
1476650
1476651
1476652
1476653
1476654
1476655
1476656
1476657
1476658
1476659
1476660
1476661
1476662
1476663
1476664
1476665
1476666
1476667
1476668
1476669
1476670
1476671
1476672
1476673
1476674
1476675
1476676
1476677
1476678
1476679
1476680
1476681
1476682
1476683
1476684
1476685
1476686
1476687
1476688
1476689
1476690
1476691
1476692
1476693
1476694
1476695
1476696
1476697
1476698
1476699
1476700
1476701
1476702
1476703
1476704
1476705
1476706
1476707
1476708
1476709
1476710
1476711
1476712
1476713
1476714
1476715
1476716
1476717
1476718
1476719
1476720
1476721
1476722
1476723
1476724
1476725
1476726
1476727
1476728
1476729
1476730
1476731
1476732
1476733
1476734
1476735
1476736
1476737
1476738
1476739
1476740
1476741
1476742
1476743
1476744
1476745
1476746
1476747
1476748
1476749
1476750
1476751
1476752
1476753
1476754
1476755
1476756
1476757
1476758
1476759
1476760
1476761
1476762
1476763
1476764
1476765
1476766
1476767
1476768
1476769
1476770
1476771
1476772
1476773
1476774
1476775
1476776
1476777
1476778
1476779
1476780
1476781
1476782
1476783
1476784
1476785
1476786
1476787
1476788
1476789
1476790
1476791
1476792
1476793
1476794
1476795
1476796
1476797
1476798
1476799
1476800
1476801
1476802
1476803
1476804
1476805
1476806
1476807
1476808
1476809
1476810
1476811
1476812
1476813
1476814
1476815
1476816
1476817
1476818
1476819
1476820
1476821
1476822
1476823
1476824
1476825
1476826
1476827
1476828
1476829
1476830
1476831
1476832
1476833
1476834
1476835
1476836
1476837
1476838
1476839
1476840
1476841
1476842
1476843
1476844
1476845
1476846
1476847
1476848
1476849
1476850
1476851
1476852
1476853
1476854
1476855
1476856
1476857
1476858
1476859
1476860
1476861
1476862
1476863
1476864
1476865
1476866
1476867
1476868
1476869
1476870
1476871
1476872
1476873
1476874
1476875
1476876
1476877
1476878
1476879
1476880
1476881
1476882
1476883
1476884
1476885
1476886
1476887
1476888
1476889
1476890
1476891
1476892
1476893
1476894
1476895
1476896
1476897
1476898
1476899
1476900
1476901
1476902
1476903
1476904
1476905
1476906
1476907
1476908
1476909
1476910
1476911
1476912
1476913
1476914
1476915
1476916
1476917
1476918
1476919
1476920
1476921
1476922
1476923
1476924
1476925
1476926
1476927
1476928
1476929
1476930
1476931
1476932
1476933
1476934
1476935
1476936
1476937
1476938
1476939
1476940
1476941
1476942
1476943
1476944
1476945
1476946
1476947
1476948
1476949
1476950
1476951
1476952
1476953
1476954
1476955
1476956
1476957
1476958
1476959
1476960
1476961
1476962
1476963
1476964
1476965
1476966
1476967
1476968
1476969
1476970
1476971
1476972
1476973
1476974
1476975
1476976
1476977
1476978
1476979
1476980
1476981
1476982
1476983
1476984
1476985
1476986
1476987
1476988
1476989
1476990
1476991
1476992
1476993
1476994
1476995
1476996
1476997
1476998
1476999
1477000
1477001
1477002
1477003
1477004
1477005
1477006
1477007
1477008
1477009
1477010
1477011
1477012
1477013
1477014
1477015
1477016
1477017
1477018
1477019
1477020
1477021
1477022
1477023
1477024
1477025
1477026
1477027
1477028
1477029
1477030
1477031
1477032
1477033
1477034
1477035
1477036
1477037
1477038
1477039
1477040
1477041
1477042
1477043
1477044
1477045
1477046
1477047
1477048
1477049
1477050
1477051
1477052
1477053
1477054
1477055
1477056
1477057
1477058
1477059
1477060
1477061
1477062
1477063
1477064
1477065
1477066
1477067
1477068
1477069
1477070
1477071
1477072
1477073
1477074
1477075
1477076
1477077
1477078
1477079
1477080
1477081
1477082
1477083
1477084
1477085
1477086
1477087
1477088
1477089
1477090
1477091
1477092
1477093
1477094
1477095
1477096
1477097
1477098
1477099
1477100
1477101
1477102
1477103
1477104
1477105
1477106
1477107
1477108
1477109
1477110
1477111
1477112
1477113
1477114
1477115
1477116
1477117
1477118
1477119
1477120
1477121
1477122
1477123
1477124
1477125
1477126
1477127
1477128
1477129
1477130
1477131
1477132
1477133
1477134
1477135
1477136
1477137
1477138
1477139
1477140
1477141
1477142
1477143
1477144
1477145
1477146
1477147
1477148
1477149
1477150
1477151
1477152
1477153
1477154
1477155
1477156
1477157
1477158
1477159
1477160
1477161
1477162
1477163
1477164
1477165
1477166
1477167
1477168
1477169
1477170
1477171
1477172
1477173
1477174
1477175
1477176
1477177
1477178
1477179
1477180
1477181
1477182
1477183
1477184
1477185
1477186
1477187
1477188
1477189
1477190
1477191
1477192
1477193
1477194
1477195
1477196
1477197
1477198
1477199
1477200
1477201
1477202
1477203
1477204
1477205
1477206
1477207
1477208
1477209
1477210
1477211
1477212
1477213
1477214
1477215
1477216
1477217
1477218
1477219
1477220
1477221
1477222
1477223
1477224
1477225
1477226
1477227
1477228
1477229
1477230
1477231
1477232
1477233
1477234
1477235
1477236
1477237
1477238
1477239
1477240
1477241
1477242
1477243
1477244
1477245
1477246
1477247
1477248
1477249
1477250
1477251
1477252
1477253
1477254
1477255
1477256
1477257
1477258
1477259
1477260
1477261
1477262
1477263
1477264
1477265
1477266
1477267
1477268
1477269
1477270
1477271
1477272
1477273
1477274
1477275
1477276
1477277
1477278
1477279
1477280
1477281
1477282
1477283
1477284
1477285
1477286
1477287
1477288
1477289
1477290
1477291
1477292
1477293
1477294
1477295
1477296
1477297
1477298
1477299
1477300
1477301
1477302
1477303
1477304
1477305
1477306
1477307
1477308
1477309
1477310
1477311
1477312
1477313
1477314
1477315
1477316
1477317
1477318
1477319
1477320
1477321
1477322
1477323
1477324
1477325
1477326
1477327
1477328
1477329
1477330
1477331
1477332
1477333
1477334
1477335
1477336
1477337
1477338
1477339
1477340
1477341
1477342
1477343
1477344
1477345
1477346
1477347
1477348
1477349
1477350
1477351
1477352
1477353
1477354
1477355
1477356
1477357
1477358
1477359
1477360
1477361
1477362
1477363
1477364
1477365
1477366
1477367
1477368
1477369
1477370
1477371
1477372
1477373
1477374
1477375
1477376
1477377
1477378
1477379
1477380
1477381
1477382
1477383
1477384
1477385
1477386
1477387
1477388
1477389
1477390
1477391
1477392
1477393
1477394
1477395
1477396
1477397
1477398
1477399
1477400
1477401
1477402
1477403
1477404
1477405
1477406
1477407
1477408
1477409
1477410
1477411
1477412
1477413
1477414
1477415
1477416
1477417
1477418
1477419
1477420
1477421
1477422
1477423
1477424
1477425
1477426
1477427
1477428
1477429
1477430
1477431
1477432
1477433
1477434
1477435
1477436
1477437
1477438
1477439
1477440
1477441
1477442
1477443
1477444
1477445
1477446
1477447
1477448
1477449
1477450
1477451
1477452
1477453
1477454
1477455
1477456
1477457
1477458
1477459
1477460
1477461
1477462
1477463
1477464
1477465
1477466
1477467
1477468
1477469
1477470
1477471
1477472
1477473
1477474
1477475
1477476
1477477
1477478
1477479
1477480
1477481
1477482
1477483
1477484
1477485
1477486
1477487
1477488
1477489
1477490
1477491
1477492
1477493
1477494
1477495
1477496
1477497
1477498
1477499
1477500
1477501
1477502
1477503
1477504
1477505
1477506
1477507
1477508
1477509
1477510
1477511
1477512
1477513
1477514
1477515
1477516
1477517
1477518
1477519
1477520
1477521
1477522
1477523
1477524
1477525
1477526
1477527
1477528
1477529
1477530
1477531
1477532
1477533
1477534
1477535
1477536
1477537
1477538
1477539
1477540
1477541
1477542
1477543
1477544
1477545
1477546
1477547
1477548
1477549
1477550
1477551
1477552
1477553
1477554
1477555
1477556
1477557
1477558
1477559
1477560
1477561
1477562
1477563
1477564
1477565
1477566
1477567
1477568
1477569
1477570
1477571
1477572
1477573
1477574
1477575
1477576
1477577
1477578
1477579
1477580
1477581
1477582
1477583
1477584
1477585
1477586
1477587
1477588
1477589
1477590
1477591
1477592
1477593
1477594
1477595
1477596
1477597
1477598
1477599
1477600
1477601
1477602
1477603
1477604
1477605
1477606
1477607
1477608
1477609
1477610
1477611
1477612
1477613
1477614
1477615
1477616
1477617
1477618
1477619
1477620
1477621
1477622
1477623
1477624
1477625
1477626
1477627
1477628
1477629
1477630
1477631
1477632
1477633
1477634
1477635
1477636
1477637
1477638
1477639
1477640
1477641
1477642
1477643
1477644
1477645
1477646
1477647
1477648
1477649
1477650
1477651
1477652
1477653
1477654
1477655
1477656
1477657
1477658
1477659
1477660
1477661
1477662
1477663
1477664
1477665
1477666
1477667
1477668
1477669
1477670
1477671
1477672
1477673
1477674
1477675
1477676
1477677
1477678
1477679
1477680
1477681
1477682
1477683
1477684
1477685
1477686
1477687
1477688
1477689
1477690
1477691
1477692
1477693
1477694
1477695
1477696
1477697
1477698
1477699
1477700
1477701
1477702
1477703
1477704
1477705
1477706
1477707
1477708
1477709
1477710
1477711
1477712
1477713
1477714
1477715
1477716
1477717
1477718
1477719
1477720
1477721
1477722
1477723
1477724
1477725
1477726
1477727
1477728
1477729
1477730
1477731
1477732
1477733
1477734
1477735
1477736
1477737
1477738
1477739
1477740
1477741
1477742
1477743
1477744
1477745
1477746
1477747
1477748
1477749
1477750
1477751
1477752
1477753
1477754
1477755
1477756
1477757
1477758
1477759
1477760
1477761
1477762
1477763
1477764
1477765
1477766
1477767
1477768
1477769
1477770
1477771
1477772
1477773
1477774
1477775
1477776
1477777
1477778
1477779
1477780
1477781
1477782
1477783
1477784
1477785
1477786
1477787
1477788
1477789
1477790
1477791
1477792
1477793
1477794
1477795
1477796
1477797
1477798
1477799
1477800
1477801
1477802
1477803
1477804
1477805
1477806
1477807
1477808
1477809
1477810
1477811
1477812
1477813
1477814
1477815
1477816
1477817
1477818
1477819
1477820
1477821
1477822
1477823
1477824
1477825
1477826
1477827
1477828
1477829
1477830
1477831
1477832
1477833
1477834
1477835
1477836
1477837
1477838
1477839
1477840
1477841
1477842
1477843
1477844
1477845
1477846
1477847
1477848
1477849
1477850
1477851
1477852
1477853
1477854
1477855
1477856
1477857
1477858
1477859
1477860
1477861
1477862
1477863
1477864
1477865
1477866
1477867
1477868
1477869
1477870
1477871
1477872
1477873
1477874
1477875
1477876
1477877
1477878
1477879
1477880
1477881
1477882
1477883
1477884
1477885
1477886
1477887
1477888
1477889
1477890
1477891
1477892
1477893
1477894
1477895
1477896
1477897
1477898
1477899
1477900
1477901
1477902
1477903
1477904
1477905
1477906
1477907
1477908
1477909
1477910
1477911
1477912
1477913
1477914
1477915
1477916
1477917
1477918
1477919
1477920
1477921
1477922
1477923
1477924
1477925
1477926
1477927
1477928
1477929
1477930
1477931
1477932
1477933
1477934
1477935
1477936
1477937
1477938
1477939
1477940
1477941
1477942
1477943
1477944
1477945
1477946
1477947
1477948
1477949
1477950
1477951
1477952
1477953
1477954
1477955
1477956
1477957
1477958
1477959
1477960
1477961
1477962
1477963
1477964
1477965
1477966
1477967
1477968
1477969
1477970
1477971
1477972
1477973
1477974
1477975
1477976
1477977
1477978
1477979
1477980
1477981
1477982
1477983
1477984
1477985
1477986
1477987
1477988
1477989
1477990
1477991
1477992
1477993
1477994
1477995
1477996
1477997
1477998
1477999
1478000
1478001
1478002
1478003
1478004
1478005
1478006
1478007
1478008
1478009
1478010
1478011
1478012
1478013
1478014
1478015
1478016
1478017
1478018
1478019
1478020
1478021
1478022
1478023
1478024
1478025
1478026
1478027
1478028
1478029
1478030
1478031
1478032
1478033
1478034
1478035
1478036
1478037
1478038
1478039
1478040
1478041
1478042
1478043
1478044
1478045
1478046
1478047
1478048
1478049
1478050
1478051
1478052
1478053
1478054
1478055
1478056
1478057
1478058
1478059
1478060
1478061
1478062
1478063
1478064
1478065
1478066
1478067
1478068
1478069
1478070
1478071
1478072
1478073
1478074
1478075
1478076
1478077
1478078
1478079
1478080
1478081
1478082
1478083
1478084
1478085
1478086
1478087
1478088
1478089
1478090
1478091
1478092
1478093
1478094
1478095
1478096
1478097
1478098
1478099
1478100
1478101
1478102
1478103
1478104
1478105
1478106
1478107
1478108
1478109
1478110
1478111
1478112
1478113
1478114
1478115
1478116
1478117
1478118
1478119
1478120
1478121
1478122
1478123
1478124
1478125
1478126
1478127
1478128
1478129
1478130
1478131
1478132
1478133
1478134
1478135
1478136
1478137
1478138
1478139
1478140
1478141
1478142
1478143
1478144
1478145
1478146
1478147
1478148
1478149
1478150
1478151
1478152
1478153
1478154
1478155
1478156
1478157
1478158
1478159
1478160
1478161
1478162
1478163
1478164
1478165
1478166
1478167
1478168
1478169
1478170
1478171
1478172
1478173
1478174
1478175
1478176
1478177
1478178
1478179
1478180
1478181
1478182
1478183
1478184
1478185
1478186
1478187
1478188
1478189
1478190
1478191
1478192
1478193
1478194
1478195
1478196
1478197
1478198
1478199
1478200
1478201
1478202
1478203
1478204
1478205
1478206
1478207
1478208
1478209
1478210
1478211
1478212
1478213
1478214
1478215
1478216
1478217
1478218
1478219
1478220
1478221
1478222
1478223
1478224
1478225
1478226
1478227
1478228
1478229
1478230
1478231
1478232
1478233
1478234
1478235
1478236
1478237
1478238
1478239
1478240
1478241
1478242
1478243
1478244
1478245
1478246
1478247
1478248
1478249
1478250
1478251
1478252
1478253
1478254
1478255
1478256
1478257
1478258
1478259
1478260
1478261
1478262
1478263
1478264
1478265
1478266
1478267
1478268
1478269
1478270
1478271
1478272
1478273
1478274
1478275
1478276
1478277
1478278
1478279
1478280
1478281
1478282
1478283
1478284
1478285
1478286
1478287
1478288
1478289
1478290
1478291
1478292
1478293
1478294
1478295
1478296
1478297
1478298
1478299
1478300
1478301
1478302
1478303
1478304
1478305
1478306
1478307
1478308
1478309
1478310
1478311
1478312
1478313
1478314
1478315
1478316
1478317
1478318
1478319
1478320
1478321
1478322
1478323
1478324
1478325
1478326
1478327
1478328
1478329
1478330
1478331
1478332
1478333
1478334
1478335
1478336
1478337
1478338
1478339
1478340
1478341
1478342
1478343
1478344
1478345
1478346
1478347
1478348
1478349
1478350
1478351
1478352
1478353
1478354
1478355
1478356
1478357
1478358
1478359
1478360
1478361
1478362
1478363
1478364
1478365
1478366
1478367
1478368
1478369
1478370
1478371
1478372
1478373
1478374
1478375
1478376
1478377
1478378
1478379
1478380
1478381
1478382
1478383
1478384
1478385
1478386
1478387
1478388
1478389
1478390
1478391
1478392
1478393
1478394
1478395
1478396
1478397
1478398
1478399
1478400
1478401
1478402
1478403
1478404
1478405
1478406
1478407
1478408
1478409
1478410
1478411
1478412
1478413
1478414
1478415
1478416
1478417
1478418
1478419
1478420
1478421
1478422
1478423
1478424
1478425
1478426
1478427
1478428
1478429
1478430
1478431
1478432
1478433
1478434
1478435
1478436
1478437
1478438
1478439
1478440
1478441
1478442
1478443
1478444
1478445
1478446
1478447
1478448
1478449
1478450
1478451
1478452
1478453
1478454
1478455
1478456
1478457
1478458
1478459
1478460
1478461
1478462
1478463
1478464
1478465
1478466
1478467
1478468
1478469
1478470
1478471
1478472
1478473
1478474
1478475
1478476
1478477
1478478
1478479
1478480
1478481
1478482
1478483
1478484
1478485
1478486
1478487
1478488
1478489
1478490
1478491
1478492
1478493
1478494
1478495
1478496
1478497
1478498
1478499
1478500
1478501
1478502
1478503
1478504
1478505
1478506
1478507
1478508
1478509
1478510
1478511
1478512
1478513
1478514
1478515
1478516
1478517
1478518
1478519
1478520
1478521
1478522
1478523
1478524
1478525
1478526
1478527
1478528
1478529
1478530
1478531
1478532
1478533
1478534
1478535
1478536
1478537
1478538
1478539
1478540
1478541
1478542
1478543
1478544
1478545
1478546
1478547
1478548
1478549
1478550
1478551
1478552
1478553
1478554
1478555
1478556
1478557
1478558
1478559
1478560
1478561
1478562
1478563
1478564
1478565
1478566
1478567
1478568
1478569
1478570
1478571
1478572
1478573
1478574
1478575
1478576
1478577
1478578
1478579
1478580
1478581
1478582
1478583
1478584
1478585
1478586
1478587
1478588
1478589
1478590
1478591
1478592
1478593
1478594
1478595
1478596
1478597
1478598
1478599
1478600
1478601
1478602
1478603
1478604
1478605
1478606
1478607
1478608
1478609
1478610
1478611
1478612
1478613
1478614
1478615
1478616
1478617
1478618
1478619
1478620
1478621
1478622
1478623
1478624
1478625
1478626
1478627
1478628
1478629
1478630
1478631
1478632
1478633
1478634
1478635
1478636
1478637
1478638
1478639
1478640
1478641
1478642
1478643
1478644
1478645
1478646
1478647
1478648
1478649
1478650
1478651
1478652
1478653
1478654
1478655
1478656
1478657
1478658
1478659
1478660
1478661
1478662
1478663
1478664
1478665
1478666
1478667
1478668
1478669
1478670
1478671
1478672
1478673
1478674
1478675
1478676
1478677
1478678
1478679
1478680
1478681
1478682
1478683
1478684
1478685
1478686
1478687
1478688
1478689
1478690
1478691
1478692
1478693
1478694
1478695
1478696
1478697
1478698
1478699
1478700
1478701
1478702
1478703
1478704
1478705
1478706
1478707
1478708
1478709
1478710
1478711
1478712
1478713
1478714
1478715
1478716
1478717
1478718
1478719
1478720
1478721
1478722
1478723
1478724
1478725
1478726
1478727
1478728
1478729
1478730
1478731
1478732
1478733
1478734
1478735
1478736
1478737
1478738
1478739
1478740
1478741
1478742
1478743
1478744
1478745
1478746
1478747
1478748
1478749
1478750
1478751
1478752
1478753
1478754
1478755
1478756
1478757
1478758
1478759
1478760
1478761
1478762
1478763
1478764
1478765
1478766
1478767
1478768
1478769
1478770
1478771
1478772
1478773
1478774
1478775
1478776
1478777
1478778
1478779
1478780
1478781
1478782
1478783
1478784
1478785
1478786
1478787
1478788
1478789
1478790
1478791
1478792
1478793
1478794
1478795
1478796
1478797
1478798
1478799
1478800
1478801
1478802
1478803
1478804
1478805
1478806
1478807
1478808
1478809
1478810
1478811
1478812
1478813
1478814
1478815
1478816
1478817
1478818
1478819
1478820
1478821
1478822
1478823
1478824
1478825
1478826
1478827
1478828
1478829
1478830
1478831
1478832
1478833
1478834
1478835
1478836
1478837
1478838
1478839
1478840
1478841
1478842
1478843
1478844
1478845
1478846
1478847
1478848
1478849
1478850
1478851
1478852
1478853
1478854
1478855
1478856
1478857
1478858
1478859
1478860
1478861
1478862
1478863
1478864
1478865
1478866
1478867
1478868
1478869
1478870
1478871
1478872
1478873
1478874
1478875
1478876
1478877
1478878
1478879
1478880
1478881
1478882
1478883
1478884
1478885
1478886
1478887
1478888
1478889
1478890
1478891
1478892
1478893
1478894
1478895
1478896
1478897
1478898
1478899
1478900
1478901
1478902
1478903
1478904
1478905
1478906
1478907
1478908
1478909
1478910
1478911
1478912
1478913
1478914
1478915
1478916
1478917
1478918
1478919
1478920
1478921
1478922
1478923
1478924
1478925
1478926
1478927
1478928
1478929
1478930
1478931
1478932
1478933
1478934
1478935
1478936
1478937
1478938
1478939
1478940
1478941
1478942
1478943
1478944
1478945
1478946
1478947
1478948
1478949
1478950
1478951
1478952
1478953
1478954
1478955
1478956
1478957
1478958
1478959
1478960
1478961
1478962
1478963
1478964
1478965
1478966
1478967
1478968
1478969
1478970
1478971
1478972
1478973
1478974
1478975
1478976
1478977
1478978
1478979
1478980
1478981
1478982
1478983
1478984
1478985
1478986
1478987
1478988
1478989
1478990
1478991
1478992
1478993
1478994
1478995
1478996
1478997
1478998
1478999
1479000
1479001
1479002
1479003
1479004
1479005
1479006
1479007
1479008
1479009
1479010
1479011
1479012
1479013
1479014
1479015
1479016
1479017
1479018
1479019
1479020
1479021
1479022
1479023
1479024
1479025
1479026
1479027
1479028
1479029
1479030
1479031
1479032
1479033
1479034
1479035
1479036
1479037
1479038
1479039
1479040
1479041
1479042
1479043
1479044
1479045
1479046
1479047
1479048
1479049
1479050
1479051
1479052
1479053
1479054
1479055
1479056
1479057
1479058
1479059
1479060
1479061
1479062
1479063
1479064
1479065
1479066
1479067
1479068
1479069
1479070
1479071
1479072
1479073
1479074
1479075
1479076
1479077
1479078
1479079
1479080
1479081
1479082
1479083
1479084
1479085
1479086
1479087
1479088
1479089
1479090
1479091
1479092
1479093
1479094
1479095
1479096
1479097
1479098
1479099
1479100
1479101
1479102
1479103
1479104
1479105
1479106
1479107
1479108
1479109
1479110
1479111
1479112
1479113
1479114
1479115
1479116
1479117
1479118
1479119
1479120
1479121
1479122
1479123
1479124
1479125
1479126
1479127
1479128
1479129
1479130
1479131
1479132
1479133
1479134
1479135
1479136
1479137
1479138
1479139
1479140
1479141
1479142
1479143
1479144
1479145
1479146
1479147
1479148
1479149
1479150
1479151
1479152
1479153
1479154
1479155
1479156
1479157
1479158
1479159
1479160
1479161
1479162
1479163
1479164
1479165
1479166
1479167
1479168
1479169
1479170
1479171
1479172
1479173
1479174
1479175
1479176
1479177
1479178
1479179
1479180
1479181
1479182
1479183
1479184
1479185
1479186
1479187
1479188
1479189
1479190
1479191
1479192
1479193
1479194
1479195
1479196
1479197
1479198
1479199
1479200
1479201
1479202
1479203
1479204
1479205
1479206
1479207
1479208
1479209
1479210
1479211
1479212
1479213
1479214
1479215
1479216
1479217
1479218
1479219
1479220
1479221
1479222
1479223
1479224
1479225
1479226
1479227
1479228
1479229
1479230
1479231
1479232
1479233
1479234
1479235
1479236
1479237
1479238
1479239
1479240
1479241
1479242
1479243
1479244
1479245
1479246
1479247
1479248
1479249
1479250
1479251
1479252
1479253
1479254
1479255
1479256
1479257
1479258
1479259
1479260
1479261
1479262
1479263
1479264
1479265
1479266
1479267
1479268
1479269
1479270
1479271
1479272
1479273
1479274
1479275
1479276
1479277
1479278
1479279
1479280
1479281
1479282
1479283
1479284
1479285
1479286
1479287
1479288
1479289
1479290
1479291
1479292
1479293
1479294
1479295
1479296
1479297
1479298
1479299
1479300
1479301
1479302
1479303
1479304
1479305
1479306
1479307
1479308
1479309
1479310
1479311
1479312
1479313
1479314
1479315
1479316
1479317
1479318
1479319
1479320
1479321
1479322
1479323
1479324
1479325
1479326
1479327
1479328
1479329
1479330
1479331
1479332
1479333
1479334
1479335
1479336
1479337
1479338
1479339
1479340
1479341
1479342
1479343
1479344
1479345
1479346
1479347
1479348
1479349
1479350
1479351
1479352
1479353
1479354
1479355
1479356
1479357
1479358
1479359
1479360
1479361
1479362
1479363
1479364
1479365
1479366
1479367
1479368
1479369
1479370
1479371
1479372
1479373
1479374
1479375
1479376
1479377
1479378
1479379
1479380
1479381
1479382
1479383
1479384
1479385
1479386
1479387
1479388
1479389
1479390
1479391
1479392
1479393
1479394
1479395
1479396
1479397
1479398
1479399
1479400
1479401
1479402
1479403
1479404
1479405
1479406
1479407
1479408
1479409
1479410
1479411
1479412
1479413
1479414
1479415
1479416
1479417
1479418
1479419
1479420
1479421
1479422
1479423
1479424
1479425
1479426
1479427
1479428
1479429
1479430
1479431
1479432
1479433
1479434
1479435
1479436
1479437
1479438
1479439
1479440
1479441
1479442
1479443
1479444
1479445
1479446
1479447
1479448
1479449
1479450
1479451
1479452
1479453
1479454
1479455
1479456
1479457
1479458
1479459
1479460
1479461
1479462
1479463
1479464
1479465
1479466
1479467
1479468
1479469
1479470
1479471
1479472
1479473
1479474
1479475
1479476
1479477
1479478
1479479
1479480
1479481
1479482
1479483
1479484
1479485
1479486
1479487
1479488
1479489
1479490
1479491
1479492
1479493
1479494
1479495
1479496
1479497
1479498
1479499
1479500
1479501
1479502
1479503
1479504
1479505
1479506
1479507
1479508
1479509
1479510
1479511
1479512
1479513
1479514
1479515
1479516
1479517
1479518
1479519
1479520
1479521
1479522
1479523
1479524
1479525
1479526
1479527
1479528
1479529
1479530
1479531
1479532
1479533
1479534
1479535
1479536
1479537
1479538
1479539
1479540
1479541
1479542
1479543
1479544
1479545
1479546
1479547
1479548
1479549
1479550
1479551
1479552
1479553
1479554
1479555
1479556
1479557
1479558
1479559
1479560
1479561
1479562
1479563
1479564
1479565
1479566
1479567
1479568
1479569
1479570
1479571
1479572
1479573
1479574
1479575
1479576
1479577
1479578
1479579
1479580
1479581
1479582
1479583
1479584
1479585
1479586
1479587
1479588
1479589
1479590
1479591
1479592
1479593
1479594
1479595
1479596
1479597
1479598
1479599
1479600
1479601
1479602
1479603
1479604
1479605
1479606
1479607
1479608
1479609
1479610
1479611
1479612
1479613
1479614
1479615
1479616
1479617
1479618
1479619
1479620
1479621
1479622
1479623
1479624
1479625
1479626
1479627
1479628
1479629
1479630
1479631
1479632
1479633
1479634
1479635
1479636
1479637
1479638
1479639
1479640
1479641
1479642
1479643
1479644
1479645
1479646
1479647
1479648
1479649
1479650
1479651
1479652
1479653
1479654
1479655
1479656
1479657
1479658
1479659
1479660
1479661
1479662
1479663
1479664
1479665
1479666
1479667
1479668
1479669
1479670
1479671
1479672
1479673
1479674
1479675
1479676
1479677
1479678
1479679
1479680
1479681
1479682
1479683
1479684
1479685
1479686
1479687
1479688
1479689
1479690
1479691
1479692
1479693
1479694
1479695
1479696
1479697
1479698
1479699
1479700
1479701
1479702
1479703
1479704
1479705
1479706
1479707
1479708
1479709
1479710
1479711
1479712
1479713
1479714
1479715
1479716
1479717
1479718
1479719
1479720
1479721
1479722
1479723
1479724
1479725
1479726
1479727
1479728
1479729
1479730
1479731
1479732
1479733
1479734
1479735
1479736
1479737
1479738
1479739
1479740
1479741
1479742
1479743
1479744
1479745
1479746
1479747
1479748
1479749
1479750
1479751
1479752
1479753
1479754
1479755
1479756
1479757
1479758
1479759
1479760
1479761
1479762
1479763
1479764
1479765
1479766
1479767
1479768
1479769
1479770
1479771
1479772
1479773
1479774
1479775
1479776
1479777
1479778
1479779
1479780
1479781
1479782
1479783
1479784
1479785
1479786
1479787
1479788
1479789
1479790
1479791
1479792
1479793
1479794
1479795
1479796
1479797
1479798
1479799
1479800
1479801
1479802
1479803
1479804
1479805
1479806
1479807
1479808
1479809
1479810
1479811
1479812
1479813
1479814
1479815
1479816
1479817
1479818
1479819
1479820
1479821
1479822
1479823
1479824
1479825
1479826
1479827
1479828
1479829
1479830
1479831
1479832
1479833
1479834
1479835
1479836
1479837
1479838
1479839
1479840
1479841
1479842
1479843
1479844
1479845
1479846
1479847
1479848
1479849
1479850
1479851
1479852
1479853
1479854
1479855
1479856
1479857
1479858
1479859
1479860
1479861
1479862
1479863
1479864
1479865
1479866
1479867
1479868
1479869
1479870
1479871
1479872
1479873
1479874
1479875
1479876
1479877
1479878
1479879
1479880
1479881
1479882
1479883
1479884
1479885
1479886
1479887
1479888
1479889
1479890
1479891
1479892
1479893
1479894
1479895
1479896
1479897
1479898
1479899
1479900
1479901
1479902
1479903
1479904
1479905
1479906
1479907
1479908
1479909
1479910
1479911
1479912
1479913
1479914
1479915
1479916
1479917
1479918
1479919
1479920
1479921
1479922
1479923
1479924
1479925
1479926
1479927
1479928
1479929
1479930
1479931
1479932
1479933
1479934
1479935
1479936
1479937
1479938
1479939
1479940
1479941
1479942
1479943
1479944
1479945
1479946
1479947
1479948
1479949
1479950
1479951
1479952
1479953
1479954
1479955
1479956
1479957
1479958
1479959
1479960
1479961
1479962
1479963
1479964
1479965
1479966
1479967
1479968
1479969
1479970
1479971
1479972
1479973
1479974
1479975
1479976
1479977
1479978
1479979
1479980
1479981
1479982
1479983
1479984
1479985
1479986
1479987
1479988
1479989
1479990
1479991
1479992
1479993
1479994
1479995
1479996
1479997
1479998
1479999
1480000
