1580001
1580002
1580003
1580004
1580005
1580006
1580007
1580008
1580009
1580010
1580011
1580012
1580013
1580014
1580015
1580016
1580017
1580018
1580019
1580020
1580021
1580022
1580023
1580024
1580025
1580026
1580027
1580028
1580029
1580030
1580031
1580032
1580033
1580034
1580035
1580036
1580037
1580038
1580039
1580040
1580041
1580042
1580043
1580044
1580045
1580046
1580047
1580048
1580049
1580050
1580051
1580052
1580053
1580054
1580055
1580056
1580057
1580058
1580059
1580060
1580061
1580062
1580063
1580064
1580065
1580066
1580067
1580068
1580069
1580070
1580071
1580072
1580073
1580074
1580075
1580076
1580077
1580078
1580079
1580080
1580081
1580082
1580083
1580084
1580085
1580086
1580087
1580088
1580089
1580090
1580091
1580092
1580093
1580094
1580095
1580096
1580097
1580098
1580099
1580100
1580101
1580102
1580103
1580104
1580105
1580106
1580107
1580108
1580109
1580110
1580111
1580112
1580113
1580114
1580115
1580116
1580117
1580118
1580119
1580120
1580121
1580122
1580123
1580124
1580125
1580126
1580127
1580128
1580129
1580130
1580131
1580132
1580133
1580134
1580135
1580136
1580137
1580138
1580139
1580140
1580141
1580142
1580143
1580144
1580145
1580146
1580147
1580148
1580149
1580150
1580151
1580152
1580153
1580154
1580155
1580156
1580157
1580158
1580159
1580160
1580161
1580162
1580163
1580164
1580165
1580166
1580167
1580168
1580169
1580170
1580171
1580172
1580173
1580174
1580175
1580176
1580177
1580178
1580179
1580180
1580181
1580182
1580183
1580184
1580185
1580186
1580187
1580188
1580189
1580190
1580191
1580192
1580193
1580194
1580195
1580196
1580197
1580198
1580199
1580200
1580201
1580202
1580203
1580204
1580205
1580206
1580207
1580208
1580209
1580210
1580211
1580212
1580213
1580214
1580215
1580216
1580217
1580218
1580219
1580220
1580221
1580222
1580223
1580224
1580225
1580226
1580227
1580228
1580229
1580230
1580231
1580232
1580233
1580234
1580235
1580236
1580237
1580238
1580239
1580240
1580241
1580242
1580243
1580244
1580245
1580246
1580247
1580248
1580249
1580250
1580251
1580252
1580253
1580254
1580255
1580256
1580257
1580258
1580259
1580260
1580261
1580262
1580263
1580264
1580265
1580266
1580267
1580268
1580269
1580270
1580271
1580272
1580273
1580274
1580275
1580276
1580277
1580278
1580279
1580280
1580281
1580282
1580283
1580284
1580285
1580286
1580287
1580288
1580289
1580290
1580291
1580292
1580293
1580294
1580295
1580296
1580297
1580298
1580299
1580300
1580301
1580302
1580303
1580304
1580305
1580306
1580307
1580308
1580309
1580310
1580311
1580312
1580313
1580314
1580315
1580316
1580317
1580318
1580319
1580320
1580321
1580322
1580323
1580324
1580325
1580326
1580327
1580328
1580329
1580330
1580331
1580332
1580333
1580334
1580335
1580336
1580337
1580338
1580339
1580340
1580341
1580342
1580343
1580344
1580345
1580346
1580347
1580348
1580349
1580350
1580351
1580352
1580353
1580354
1580355
1580356
1580357
1580358
1580359
1580360
1580361
1580362
1580363
1580364
1580365
1580366
1580367
1580368
1580369
1580370
1580371
1580372
1580373
1580374
1580375
1580376
1580377
1580378
1580379
1580380
1580381
1580382
1580383
1580384
1580385
1580386
1580387
1580388
1580389
1580390
1580391
1580392
1580393
1580394
1580395
1580396
1580397
1580398
1580399
1580400
1580401
1580402
1580403
1580404
1580405
1580406
1580407
1580408
1580409
1580410
1580411
1580412
1580413
1580414
1580415
1580416
1580417
1580418
1580419
1580420
1580421
1580422
1580423
1580424
1580425
1580426
1580427
1580428
1580429
1580430
1580431
1580432
1580433
1580434
1580435
1580436
1580437
1580438
1580439
1580440
1580441
1580442
1580443
1580444
1580445
1580446
1580447
1580448
1580449
1580450
1580451
1580452
1580453
1580454
1580455
1580456
1580457
1580458
1580459
1580460
1580461
1580462
1580463
1580464
1580465
1580466
1580467
1580468
1580469
1580470
1580471
1580472
1580473
1580474
1580475
1580476
1580477
1580478
1580479
1580480
1580481
1580482
1580483
1580484
1580485
1580486
1580487
1580488
1580489
1580490
1580491
1580492
1580493
1580494
1580495
1580496
1580497
1580498
1580499
1580500
1580501
1580502
1580503
1580504
1580505
1580506
1580507
1580508
1580509
1580510
1580511
1580512
1580513
1580514
1580515
1580516
1580517
1580518
1580519
1580520
1580521
1580522
1580523
1580524
1580525
1580526
1580527
1580528
1580529
1580530
1580531
1580532
1580533
1580534
1580535
1580536
1580537
1580538
1580539
1580540
1580541
1580542
1580543
1580544
1580545
1580546
1580547
1580548
1580549
1580550
1580551
1580552
1580553
1580554
1580555
1580556
1580557
1580558
1580559
1580560
1580561
1580562
1580563
1580564
1580565
1580566
1580567
1580568
1580569
1580570
1580571
1580572
1580573
1580574
1580575
1580576
1580577
1580578
1580579
1580580
1580581
1580582
1580583
1580584
1580585
1580586
1580587
1580588
1580589
1580590
1580591
1580592
1580593
1580594
1580595
1580596
1580597
1580598
1580599
1580600
1580601
1580602
1580603
1580604
1580605
1580606
1580607
1580608
1580609
1580610
1580611
1580612
1580613
1580614
1580615
1580616
1580617
1580618
1580619
1580620
1580621
1580622
1580623
1580624
1580625
1580626
1580627
1580628
1580629
1580630
1580631
1580632
1580633
1580634
1580635
1580636
1580637
1580638
1580639
1580640
1580641
1580642
1580643
1580644
1580645
1580646
1580647
1580648
1580649
1580650
1580651
1580652
1580653
1580654
1580655
1580656
1580657
1580658
1580659
1580660
1580661
1580662
1580663
1580664
1580665
1580666
1580667
1580668
1580669
1580670
1580671
1580672
1580673
1580674
1580675
1580676
1580677
1580678
1580679
1580680
1580681
1580682
1580683
1580684
1580685
1580686
1580687
1580688
1580689
1580690
1580691
1580692
1580693
1580694
1580695
1580696
1580697
1580698
1580699
1580700
1580701
1580702
1580703
1580704
1580705
1580706
1580707
1580708
1580709
1580710
1580711
1580712
1580713
1580714
1580715
1580716
1580717
1580718
1580719
1580720
1580721
1580722
1580723
1580724
1580725
1580726
1580727
1580728
1580729
1580730
1580731
1580732
1580733
1580734
1580735
1580736
1580737
1580738
1580739
1580740
1580741
1580742
1580743
1580744
1580745
1580746
1580747
1580748
1580749
1580750
1580751
1580752
1580753
1580754
1580755
1580756
1580757
1580758
1580759
1580760
1580761
1580762
1580763
1580764
1580765
1580766
1580767
1580768
1580769
1580770
1580771
1580772
1580773
1580774
1580775
1580776
1580777
1580778
1580779
1580780
1580781
1580782
1580783
1580784
1580785
1580786
1580787
1580788
1580789
1580790
1580791
1580792
1580793
1580794
1580795
1580796
1580797
1580798
1580799
1580800
1580801
1580802
1580803
1580804
1580805
1580806
1580807
1580808
1580809
1580810
1580811
1580812
1580813
1580814
1580815
1580816
1580817
1580818
1580819
1580820
1580821
1580822
1580823
1580824
1580825
1580826
1580827
1580828
1580829
1580830
1580831
1580832
1580833
1580834
1580835
1580836
1580837
1580838
1580839
1580840
1580841
1580842
1580843
1580844
1580845
1580846
1580847
1580848
1580849
1580850
1580851
1580852
1580853
1580854
1580855
1580856
1580857
1580858
1580859
1580860
1580861
1580862
1580863
1580864
1580865
1580866
1580867
1580868
1580869
1580870
1580871
1580872
1580873
1580874
1580875
1580876
1580877
1580878
1580879
1580880
1580881
1580882
1580883
1580884
1580885
1580886
1580887
1580888
1580889
1580890
1580891
1580892
1580893
1580894
1580895
1580896
1580897
1580898
1580899
1580900
1580901
1580902
1580903
1580904
1580905
1580906
1580907
1580908
1580909
1580910
1580911
1580912
1580913
1580914
1580915
1580916
1580917
1580918
1580919
1580920
1580921
1580922
1580923
1580924
1580925
1580926
1580927
1580928
1580929
1580930
1580931
1580932
1580933
1580934
1580935
1580936
1580937
1580938
1580939
1580940
1580941
1580942
1580943
1580944
1580945
1580946
1580947
1580948
1580949
1580950
1580951
1580952
1580953
1580954
1580955
1580956
1580957
1580958
1580959
1580960
1580961
1580962
1580963
1580964
1580965
1580966
1580967
1580968
1580969
1580970
1580971
1580972
1580973
1580974
1580975
1580976
1580977
1580978
1580979
1580980
1580981
1580982
1580983
1580984
1580985
1580986
1580987
1580988
1580989
1580990
1580991
1580992
1580993
1580994
1580995
1580996
1580997
1580998
1580999
1581000
1581001
1581002
1581003
1581004
1581005
1581006
1581007
1581008
1581009
1581010
1581011
1581012
1581013
1581014
1581015
1581016
1581017
1581018
1581019
1581020
1581021
1581022
1581023
1581024
1581025
1581026
1581027
1581028
1581029
1581030
1581031
1581032
1581033
1581034
1581035
1581036
1581037
1581038
1581039
1581040
1581041
1581042
1581043
1581044
1581045
1581046
1581047
1581048
1581049
1581050
1581051
1581052
1581053
1581054
1581055
1581056
1581057
1581058
1581059
1581060
1581061
1581062
1581063
1581064
1581065
1581066
1581067
1581068
1581069
1581070
1581071
1581072
1581073
1581074
1581075
1581076
1581077
1581078
1581079
1581080
1581081
1581082
1581083
1581084
1581085
1581086
1581087
1581088
1581089
1581090
1581091
1581092
1581093
1581094
1581095
1581096
1581097
1581098
1581099
1581100
1581101
1581102
1581103
1581104
1581105
1581106
1581107
1581108
1581109
1581110
1581111
1581112
1581113
1581114
1581115
1581116
1581117
1581118
1581119
1581120
1581121
1581122
1581123
1581124
1581125
1581126
1581127
1581128
1581129
1581130
1581131
1581132
1581133
1581134
1581135
1581136
1581137
1581138
1581139
1581140
1581141
1581142
1581143
1581144
1581145
1581146
1581147
1581148
1581149
1581150
1581151
1581152
1581153
1581154
1581155
1581156
1581157
1581158
1581159
1581160
1581161
1581162
1581163
1581164
1581165
1581166
1581167
1581168
1581169
1581170
1581171
1581172
1581173
1581174
1581175
1581176
1581177
1581178
1581179
1581180
1581181
1581182
1581183
1581184
1581185
1581186
1581187
1581188
1581189
1581190
1581191
1581192
1581193
1581194
1581195
1581196
1581197
1581198
1581199
1581200
1581201
1581202
1581203
1581204
1581205
1581206
1581207
1581208
1581209
1581210
1581211
1581212
1581213
1581214
1581215
1581216
1581217
1581218
1581219
1581220
1581221
1581222
1581223
1581224
1581225
1581226
1581227
1581228
1581229
1581230
1581231
1581232
1581233
1581234
1581235
1581236
1581237
1581238
1581239
1581240
1581241
1581242
1581243
1581244
1581245
1581246
1581247
1581248
1581249
1581250
1581251
1581252
1581253
1581254
1581255
1581256
1581257
1581258
1581259
1581260
1581261
1581262
1581263
1581264
1581265
1581266
1581267
1581268
1581269
1581270
1581271
1581272
1581273
1581274
1581275
1581276
1581277
1581278
1581279
1581280
1581281
1581282
1581283
1581284
1581285
1581286
1581287
1581288
1581289
1581290
1581291
1581292
1581293
1581294
1581295
1581296
1581297
1581298
1581299
1581300
1581301
1581302
1581303
1581304
1581305
1581306
1581307
1581308
1581309
1581310
1581311
1581312
1581313
1581314
1581315
1581316
1581317
1581318
1581319
1581320
1581321
1581322
1581323
1581324
1581325
1581326
1581327
1581328
1581329
1581330
1581331
1581332
1581333
1581334
1581335
1581336
1581337
1581338
1581339
1581340
1581341
1581342
1581343
1581344
1581345
1581346
1581347
1581348
1581349
1581350
1581351
1581352
1581353
1581354
1581355
1581356
1581357
1581358
1581359
1581360
1581361
1581362
1581363
1581364
1581365
1581366
1581367
1581368
1581369
1581370
1581371
1581372
1581373
1581374
1581375
1581376
1581377
1581378
1581379
1581380
1581381
1581382
1581383
1581384
1581385
1581386
1581387
1581388
1581389
1581390
1581391
1581392
1581393
1581394
1581395
1581396
1581397
1581398
1581399
1581400
1581401
1581402
1581403
1581404
1581405
1581406
1581407
1581408
1581409
1581410
1581411
1581412
1581413
1581414
1581415
1581416
1581417
1581418
1581419
1581420
1581421
1581422
1581423
1581424
1581425
1581426
1581427
1581428
1581429
1581430
1581431
1581432
1581433
1581434
1581435
1581436
1581437
1581438
1581439
1581440
1581441
1581442
1581443
1581444
1581445
1581446
1581447
1581448
1581449
1581450
1581451
1581452
1581453
1581454
1581455
1581456
1581457
1581458
1581459
1581460
1581461
1581462
1581463
1581464
1581465
1581466
1581467
1581468
1581469
1581470
1581471
1581472
1581473
1581474
1581475
1581476
1581477
1581478
1581479
1581480
1581481
1581482
1581483
1581484
1581485
1581486
1581487
1581488
1581489
1581490
1581491
1581492
1581493
1581494
1581495
1581496
1581497
1581498
1581499
1581500
1581501
1581502
1581503
1581504
1581505
1581506
1581507
1581508
1581509
1581510
1581511
1581512
1581513
1581514
1581515
1581516
1581517
1581518
1581519
1581520
1581521
1581522
1581523
1581524
1581525
1581526
1581527
1581528
1581529
1581530
1581531
1581532
1581533
1581534
1581535
1581536
1581537
1581538
1581539
1581540
1581541
1581542
1581543
1581544
1581545
1581546
1581547
1581548
1581549
1581550
1581551
1581552
1581553
1581554
1581555
1581556
1581557
1581558
1581559
1581560
1581561
1581562
1581563
1581564
1581565
1581566
1581567
1581568
1581569
1581570
1581571
1581572
1581573
1581574
1581575
1581576
1581577
1581578
1581579
1581580
1581581
1581582
1581583
1581584
1581585
1581586
1581587
1581588
1581589
1581590
1581591
1581592
1581593
1581594
1581595
1581596
1581597
1581598
1581599
1581600
1581601
1581602
1581603
1581604
1581605
1581606
1581607
1581608
1581609
1581610
1581611
1581612
1581613
1581614
1581615
1581616
1581617
1581618
1581619
1581620
1581621
1581622
1581623
1581624
1581625
1581626
1581627
1581628
1581629
1581630
1581631
1581632
1581633
1581634
1581635
1581636
1581637
1581638
1581639
1581640
1581641
1581642
1581643
1581644
1581645
1581646
1581647
1581648
1581649
1581650
1581651
1581652
1581653
1581654
1581655
1581656
1581657
1581658
1581659
1581660
1581661
1581662
1581663
1581664
1581665
1581666
1581667
1581668
1581669
1581670
1581671
1581672
1581673
1581674
1581675
1581676
1581677
1581678
1581679
1581680
1581681
1581682
1581683
1581684
1581685
1581686
1581687
1581688
1581689
1581690
1581691
1581692
1581693
1581694
1581695
1581696
1581697
1581698
1581699
1581700
1581701
1581702
1581703
1581704
1581705
1581706
1581707
1581708
1581709
1581710
1581711
1581712
1581713
1581714
1581715
1581716
1581717
1581718
1581719
1581720
1581721
1581722
1581723
1581724
1581725
1581726
1581727
1581728
1581729
1581730
1581731
1581732
1581733
1581734
1581735
1581736
1581737
1581738
1581739
1581740
1581741
1581742
1581743
1581744
1581745
1581746
1581747
1581748
1581749
1581750
1581751
1581752
1581753
1581754
1581755
1581756
1581757
1581758
1581759
1581760
1581761
1581762
1581763
1581764
1581765
1581766
1581767
1581768
1581769
1581770
1581771
1581772
1581773
1581774
1581775
1581776
1581777
1581778
1581779
1581780
1581781
1581782
1581783
1581784
1581785
1581786
1581787
1581788
1581789
1581790
1581791
1581792
1581793
1581794
1581795
1581796
1581797
1581798
1581799
1581800
1581801
1581802
1581803
1581804
1581805
1581806
1581807
1581808
1581809
1581810
1581811
1581812
1581813
1581814
1581815
1581816
1581817
1581818
1581819
1581820
1581821
1581822
1581823
1581824
1581825
1581826
1581827
1581828
1581829
1581830
1581831
1581832
1581833
1581834
1581835
1581836
1581837
1581838
1581839
1581840
1581841
1581842
1581843
1581844
1581845
1581846
1581847
1581848
1581849
1581850
1581851
1581852
1581853
1581854
1581855
1581856
1581857
1581858
1581859
1581860
1581861
1581862
1581863
1581864
1581865
1581866
1581867
1581868
1581869
1581870
1581871
1581872
1581873
1581874
1581875
1581876
1581877
1581878
1581879
1581880
1581881
1581882
1581883
1581884
1581885
1581886
1581887
1581888
1581889
1581890
1581891
1581892
1581893
1581894
1581895
1581896
1581897
1581898
1581899
1581900
1581901
1581902
1581903
1581904
1581905
1581906
1581907
1581908
1581909
1581910
1581911
1581912
1581913
1581914
1581915
1581916
1581917
1581918
1581919
1581920
1581921
1581922
1581923
1581924
1581925
1581926
1581927
1581928
1581929
1581930
1581931
1581932
1581933
1581934
1581935
1581936
1581937
1581938
1581939
1581940
1581941
1581942
1581943
1581944
1581945
1581946
1581947
1581948
1581949
1581950
1581951
1581952
1581953
1581954
1581955
1581956
1581957
1581958
1581959
1581960
1581961
1581962
1581963
1581964
1581965
1581966
1581967
1581968
1581969
1581970
1581971
1581972
1581973
1581974
1581975
1581976
1581977
1581978
1581979
1581980
1581981
1581982
1581983
1581984
1581985
1581986
1581987
1581988
1581989
1581990
1581991
1581992
1581993
1581994
1581995
1581996
1581997
1581998
1581999
1582000
1582001
1582002
1582003
1582004
1582005
1582006
1582007
1582008
1582009
1582010
1582011
1582012
1582013
1582014
1582015
1582016
1582017
1582018
1582019
1582020
1582021
1582022
1582023
1582024
1582025
1582026
1582027
1582028
1582029
1582030
1582031
1582032
1582033
1582034
1582035
1582036
1582037
1582038
1582039
1582040
1582041
1582042
1582043
1582044
1582045
1582046
1582047
1582048
1582049
1582050
1582051
1582052
1582053
1582054
1582055
1582056
1582057
1582058
1582059
1582060
1582061
1582062
1582063
1582064
1582065
1582066
1582067
1582068
1582069
1582070
1582071
1582072
1582073
1582074
1582075
1582076
1582077
1582078
1582079
1582080
1582081
1582082
1582083
1582084
1582085
1582086
1582087
1582088
1582089
1582090
1582091
1582092
1582093
1582094
1582095
1582096
1582097
1582098
1582099
1582100
1582101
1582102
1582103
1582104
1582105
1582106
1582107
1582108
1582109
1582110
1582111
1582112
1582113
1582114
1582115
1582116
1582117
1582118
1582119
1582120
1582121
1582122
1582123
1582124
1582125
1582126
1582127
1582128
1582129
1582130
1582131
1582132
1582133
1582134
1582135
1582136
1582137
1582138
1582139
1582140
1582141
1582142
1582143
1582144
1582145
1582146
1582147
1582148
1582149
1582150
1582151
1582152
1582153
1582154
1582155
1582156
1582157
1582158
1582159
1582160
1582161
1582162
1582163
1582164
1582165
1582166
1582167
1582168
1582169
1582170
1582171
1582172
1582173
1582174
1582175
1582176
1582177
1582178
1582179
1582180
1582181
1582182
1582183
1582184
1582185
1582186
1582187
1582188
1582189
1582190
1582191
1582192
1582193
1582194
1582195
1582196
1582197
1582198
1582199
1582200
1582201
1582202
1582203
1582204
1582205
1582206
1582207
1582208
1582209
1582210
1582211
1582212
1582213
1582214
1582215
1582216
1582217
1582218
1582219
1582220
1582221
1582222
1582223
1582224
1582225
1582226
1582227
1582228
1582229
1582230
1582231
1582232
1582233
1582234
1582235
1582236
1582237
1582238
1582239
1582240
1582241
1582242
1582243
1582244
1582245
1582246
1582247
1582248
1582249
1582250
1582251
1582252
1582253
1582254
1582255
1582256
1582257
1582258
1582259
1582260
1582261
1582262
1582263
1582264
1582265
1582266
1582267
1582268
1582269
1582270
1582271
1582272
1582273
1582274
1582275
1582276
1582277
1582278
1582279
1582280
1582281
1582282
1582283
1582284
1582285
1582286
1582287
1582288
1582289
1582290
1582291
1582292
1582293
1582294
1582295
1582296
1582297
1582298
1582299
1582300
1582301
1582302
1582303
1582304
1582305
1582306
1582307
1582308
1582309
1582310
1582311
1582312
1582313
1582314
1582315
1582316
1582317
1582318
1582319
1582320
1582321
1582322
1582323
1582324
1582325
1582326
1582327
1582328
1582329
1582330
1582331
1582332
1582333
1582334
1582335
1582336
1582337
1582338
1582339
1582340
1582341
1582342
1582343
1582344
1582345
1582346
1582347
1582348
1582349
1582350
1582351
1582352
1582353
1582354
1582355
1582356
1582357
1582358
1582359
1582360
1582361
1582362
1582363
1582364
1582365
1582366
1582367
1582368
1582369
1582370
1582371
1582372
1582373
1582374
1582375
1582376
1582377
1582378
1582379
1582380
1582381
1582382
1582383
1582384
1582385
1582386
1582387
1582388
1582389
1582390
1582391
1582392
1582393
1582394
1582395
1582396
1582397
1582398
1582399
1582400
1582401
1582402
1582403
1582404
1582405
1582406
1582407
1582408
1582409
1582410
1582411
1582412
1582413
1582414
1582415
1582416
1582417
1582418
1582419
1582420
1582421
1582422
1582423
1582424
1582425
1582426
1582427
1582428
1582429
1582430
1582431
1582432
1582433
1582434
1582435
1582436
1582437
1582438
1582439
1582440
1582441
1582442
1582443
1582444
1582445
1582446
1582447
1582448
1582449
1582450
1582451
1582452
1582453
1582454
1582455
1582456
1582457
1582458
1582459
1582460
1582461
1582462
1582463
1582464
1582465
1582466
1582467
1582468
1582469
1582470
1582471
1582472
1582473
1582474
1582475
1582476
1582477
1582478
1582479
1582480
1582481
1582482
1582483
1582484
1582485
1582486
1582487
1582488
1582489
1582490
1582491
1582492
1582493
1582494
1582495
1582496
1582497
1582498
1582499
1582500
1582501
1582502
1582503
1582504
1582505
1582506
1582507
1582508
1582509
1582510
1582511
1582512
1582513
1582514
1582515
1582516
1582517
1582518
1582519
1582520
1582521
1582522
1582523
1582524
1582525
1582526
1582527
1582528
1582529
1582530
1582531
1582532
1582533
1582534
1582535
1582536
1582537
1582538
1582539
1582540
1582541
1582542
1582543
1582544
1582545
1582546
1582547
1582548
1582549
1582550
1582551
1582552
1582553
1582554
1582555
1582556
1582557
1582558
1582559
1582560
1582561
1582562
1582563
1582564
1582565
1582566
1582567
1582568
1582569
1582570
1582571
1582572
1582573
1582574
1582575
1582576
1582577
1582578
1582579
1582580
1582581
1582582
1582583
1582584
1582585
1582586
1582587
1582588
1582589
1582590
1582591
1582592
1582593
1582594
1582595
1582596
1582597
1582598
1582599
1582600
1582601
1582602
1582603
1582604
1582605
1582606
1582607
1582608
1582609
1582610
1582611
1582612
1582613
1582614
1582615
1582616
1582617
1582618
1582619
1582620
1582621
1582622
1582623
1582624
1582625
1582626
1582627
1582628
1582629
1582630
1582631
1582632
1582633
1582634
1582635
1582636
1582637
1582638
1582639
1582640
1582641
1582642
1582643
1582644
1582645
1582646
1582647
1582648
1582649
1582650
1582651
1582652
1582653
1582654
1582655
1582656
1582657
1582658
1582659
1582660
1582661
1582662
1582663
1582664
1582665
1582666
1582667
1582668
1582669
1582670
1582671
1582672
1582673
1582674
1582675
1582676
1582677
1582678
1582679
1582680
1582681
1582682
1582683
1582684
1582685
1582686
1582687
1582688
1582689
1582690
1582691
1582692
1582693
1582694
1582695
1582696
1582697
1582698
1582699
1582700
1582701
1582702
1582703
1582704
1582705
1582706
1582707
1582708
1582709
1582710
1582711
1582712
1582713
1582714
1582715
1582716
1582717
1582718
1582719
1582720
1582721
1582722
1582723
1582724
1582725
1582726
1582727
1582728
1582729
1582730
1582731
1582732
1582733
1582734
1582735
1582736
1582737
1582738
1582739
1582740
1582741
1582742
1582743
1582744
1582745
1582746
1582747
1582748
1582749
1582750
1582751
1582752
1582753
1582754
1582755
1582756
1582757
1582758
1582759
1582760
1582761
1582762
1582763
1582764
1582765
1582766
1582767
1582768
1582769
1582770
1582771
1582772
1582773
1582774
1582775
1582776
1582777
1582778
1582779
1582780
1582781
1582782
1582783
1582784
1582785
1582786
1582787
1582788
1582789
1582790
1582791
1582792
1582793
1582794
1582795
1582796
1582797
1582798
1582799
1582800
1582801
1582802
1582803
1582804
1582805
1582806
1582807
1582808
1582809
1582810
1582811
1582812
1582813
1582814
1582815
1582816
1582817
1582818
1582819
1582820
1582821
1582822
1582823
1582824
1582825
1582826
1582827
1582828
1582829
1582830
1582831
1582832
1582833
1582834
1582835
1582836
1582837
1582838
1582839
1582840
1582841
1582842
1582843
1582844
1582845
1582846
1582847
1582848
1582849
1582850
1582851
1582852
1582853
1582854
1582855
1582856
1582857
1582858
1582859
1582860
1582861
1582862
1582863
1582864
1582865
1582866
1582867
1582868
1582869
1582870
1582871
1582872
1582873
1582874
1582875
1582876
1582877
1582878
1582879
1582880
1582881
1582882
1582883
1582884
1582885
1582886
1582887
1582888
1582889
1582890
1582891
1582892
1582893
1582894
1582895
1582896
1582897
1582898
1582899
1582900
1582901
1582902
1582903
1582904
1582905
1582906
1582907
1582908
1582909
1582910
1582911
1582912
1582913
1582914
1582915
1582916
1582917
1582918
1582919
1582920
1582921
1582922
1582923
1582924
1582925
1582926
1582927
1582928
1582929
1582930
1582931
1582932
1582933
1582934
1582935
1582936
1582937
1582938
1582939
1582940
1582941
1582942
1582943
1582944
1582945
1582946
1582947
1582948
1582949
1582950
1582951
1582952
1582953
1582954
1582955
1582956
1582957
1582958
1582959
1582960
1582961
1582962
1582963
1582964
1582965
1582966
1582967
1582968
1582969
1582970
1582971
1582972
1582973
1582974
1582975
1582976
1582977
1582978
1582979
1582980
1582981
1582982
1582983
1582984
1582985
1582986
1582987
1582988
1582989
1582990
1582991
1582992
1582993
1582994
1582995
1582996
1582997
1582998
1582999
1583000
1583001
1583002
1583003
1583004
1583005
1583006
1583007
1583008
1583009
1583010
1583011
1583012
1583013
1583014
1583015
1583016
1583017
1583018
1583019
1583020
1583021
1583022
1583023
1583024
1583025
1583026
1583027
1583028
1583029
1583030
1583031
1583032
1583033
1583034
1583035
1583036
1583037
1583038
1583039
1583040
1583041
1583042
1583043
1583044
1583045
1583046
1583047
1583048
1583049
1583050
1583051
1583052
1583053
1583054
1583055
1583056
1583057
1583058
1583059
1583060
1583061
1583062
1583063
1583064
1583065
1583066
1583067
1583068
1583069
1583070
1583071
1583072
1583073
1583074
1583075
1583076
1583077
1583078
1583079
1583080
1583081
1583082
1583083
1583084
1583085
1583086
1583087
1583088
1583089
1583090
1583091
1583092
1583093
1583094
1583095
1583096
1583097
1583098
1583099
1583100
1583101
1583102
1583103
1583104
1583105
1583106
1583107
1583108
1583109
1583110
1583111
1583112
1583113
1583114
1583115
1583116
1583117
1583118
1583119
1583120
1583121
1583122
1583123
1583124
1583125
1583126
1583127
1583128
1583129
1583130
1583131
1583132
1583133
1583134
1583135
1583136
1583137
1583138
1583139
1583140
1583141
1583142
1583143
1583144
1583145
1583146
1583147
1583148
1583149
1583150
1583151
1583152
1583153
1583154
1583155
1583156
1583157
1583158
1583159
1583160
1583161
1583162
1583163
1583164
1583165
1583166
1583167
1583168
1583169
1583170
1583171
1583172
1583173
1583174
1583175
1583176
1583177
1583178
1583179
1583180
1583181
1583182
1583183
1583184
1583185
1583186
1583187
1583188
1583189
1583190
1583191
1583192
1583193
1583194
1583195
1583196
1583197
1583198
1583199
1583200
1583201
1583202
1583203
1583204
1583205
1583206
1583207
1583208
1583209
1583210
1583211
1583212
1583213
1583214
1583215
1583216
1583217
1583218
1583219
1583220
1583221
1583222
1583223
1583224
1583225
1583226
1583227
1583228
1583229
1583230
1583231
1583232
1583233
1583234
1583235
1583236
1583237
1583238
1583239
1583240
1583241
1583242
1583243
1583244
1583245
1583246
1583247
1583248
1583249
1583250
1583251
1583252
1583253
1583254
1583255
1583256
1583257
1583258
1583259
1583260
1583261
1583262
1583263
1583264
1583265
1583266
1583267
1583268
1583269
1583270
1583271
1583272
1583273
1583274
1583275
1583276
1583277
1583278
1583279
1583280
1583281
1583282
1583283
1583284
1583285
1583286
1583287
1583288
1583289
1583290
1583291
1583292
1583293
1583294
1583295
1583296
1583297
1583298
1583299
1583300
1583301
1583302
1583303
1583304
1583305
1583306
1583307
1583308
1583309
1583310
1583311
1583312
1583313
1583314
1583315
1583316
1583317
1583318
1583319
1583320
1583321
1583322
1583323
1583324
1583325
1583326
1583327
1583328
1583329
1583330
1583331
1583332
1583333
1583334
1583335
1583336
1583337
1583338
1583339
1583340
1583341
1583342
1583343
1583344
1583345
1583346
1583347
1583348
1583349
1583350
1583351
1583352
1583353
1583354
1583355
1583356
1583357
1583358
1583359
1583360
1583361
1583362
1583363
1583364
1583365
1583366
1583367
1583368
1583369
1583370
1583371
1583372
1583373
1583374
1583375
1583376
1583377
1583378
1583379
1583380
1583381
1583382
1583383
1583384
1583385
1583386
1583387
1583388
1583389
1583390
1583391
1583392
1583393
1583394
1583395
1583396
1583397
1583398
1583399
1583400
1583401
1583402
1583403
1583404
1583405
1583406
1583407
1583408
1583409
1583410
1583411
1583412
1583413
1583414
1583415
1583416
1583417
1583418
1583419
1583420
1583421
1583422
1583423
1583424
1583425
1583426
1583427
1583428
1583429
1583430
1583431
1583432
1583433
1583434
1583435
1583436
1583437
1583438
1583439
1583440
1583441
1583442
1583443
1583444
1583445
1583446
1583447
1583448
1583449
1583450
1583451
1583452
1583453
1583454
1583455
1583456
1583457
1583458
1583459
1583460
1583461
1583462
1583463
1583464
1583465
1583466
1583467
1583468
1583469
1583470
1583471
1583472
1583473
1583474
1583475
1583476
1583477
1583478
1583479
1583480
1583481
1583482
1583483
1583484
1583485
1583486
1583487
1583488
1583489
1583490
1583491
1583492
1583493
1583494
1583495
1583496
1583497
1583498
1583499
1583500
1583501
1583502
1583503
1583504
1583505
1583506
1583507
1583508
1583509
1583510
1583511
1583512
1583513
1583514
1583515
1583516
1583517
1583518
1583519
1583520
1583521
1583522
1583523
1583524
1583525
1583526
1583527
1583528
1583529
1583530
1583531
1583532
1583533
1583534
1583535
1583536
1583537
1583538
1583539
1583540
1583541
1583542
1583543
1583544
1583545
1583546
1583547
1583548
1583549
1583550
1583551
1583552
1583553
1583554
1583555
1583556
1583557
1583558
1583559
1583560
1583561
1583562
1583563
1583564
1583565
1583566
1583567
1583568
1583569
1583570
1583571
1583572
1583573
1583574
1583575
1583576
1583577
1583578
1583579
1583580
1583581
1583582
1583583
1583584
1583585
1583586
1583587
1583588
1583589
1583590
1583591
1583592
1583593
1583594
1583595
1583596
1583597
1583598
1583599
1583600
1583601
1583602
1583603
1583604
1583605
1583606
1583607
1583608
1583609
1583610
1583611
1583612
1583613
1583614
1583615
1583616
1583617
1583618
1583619
1583620
1583621
1583622
1583623
1583624
1583625
1583626
1583627
1583628
1583629
1583630
1583631
1583632
1583633
1583634
1583635
1583636
1583637
1583638
1583639
1583640
1583641
1583642
1583643
1583644
1583645
1583646
1583647
1583648
1583649
1583650
1583651
1583652
1583653
1583654
1583655
1583656
1583657
1583658
1583659
1583660
1583661
1583662
1583663
1583664
1583665
1583666
1583667
1583668
1583669
1583670
1583671
1583672
1583673
1583674
1583675
1583676
1583677
1583678
1583679
1583680
1583681
1583682
1583683
1583684
1583685
1583686
1583687
1583688
1583689
1583690
1583691
1583692
1583693
1583694
1583695
1583696
1583697
1583698
1583699
1583700
1583701
1583702
1583703
1583704
1583705
1583706
1583707
1583708
1583709
1583710
1583711
1583712
1583713
1583714
1583715
1583716
1583717
1583718
1583719
1583720
1583721
1583722
1583723
1583724
1583725
1583726
1583727
1583728
1583729
1583730
1583731
1583732
1583733
1583734
1583735
1583736
1583737
1583738
1583739
1583740
1583741
1583742
1583743
1583744
1583745
1583746
1583747
1583748
1583749
1583750
1583751
1583752
1583753
1583754
1583755
1583756
1583757
1583758
1583759
1583760
1583761
1583762
1583763
1583764
1583765
1583766
1583767
1583768
1583769
1583770
1583771
1583772
1583773
1583774
1583775
1583776
1583777
1583778
1583779
1583780
1583781
1583782
1583783
1583784
1583785
1583786
1583787
1583788
1583789
1583790
1583791
1583792
1583793
1583794
1583795
1583796
1583797
1583798
1583799
1583800
1583801
1583802
1583803
1583804
1583805
1583806
1583807
1583808
1583809
1583810
1583811
1583812
1583813
1583814
1583815
1583816
1583817
1583818
1583819
1583820
1583821
1583822
1583823
1583824
1583825
1583826
1583827
1583828
1583829
1583830
1583831
1583832
1583833
1583834
1583835
1583836
1583837
1583838
1583839
1583840
1583841
1583842
1583843
1583844
1583845
1583846
1583847
1583848
1583849
1583850
1583851
1583852
1583853
1583854
1583855
1583856
1583857
1583858
1583859
1583860
1583861
1583862
1583863
1583864
1583865
1583866
1583867
1583868
1583869
1583870
1583871
1583872
1583873
1583874
1583875
1583876
1583877
1583878
1583879
1583880
1583881
1583882
1583883
1583884
1583885
1583886
1583887
1583888
1583889
1583890
1583891
1583892
1583893
1583894
1583895
1583896
1583897
1583898
1583899
1583900
1583901
1583902
1583903
1583904
1583905
1583906
1583907
1583908
1583909
1583910
1583911
1583912
1583913
1583914
1583915
1583916
1583917
1583918
1583919
1583920
1583921
1583922
1583923
1583924
1583925
1583926
1583927
1583928
1583929
1583930
1583931
1583932
1583933
1583934
1583935
1583936
1583937
1583938
1583939
1583940
1583941
1583942
1583943
1583944
1583945
1583946
1583947
1583948
1583949
1583950
1583951
1583952
1583953
1583954
1583955
1583956
1583957
1583958
1583959
1583960
1583961
1583962
1583963
1583964
1583965
1583966
1583967
1583968
1583969
1583970
1583971
1583972
1583973
1583974
1583975
1583976
1583977
1583978
1583979
1583980
1583981
1583982
1583983
1583984
1583985
1583986
1583987
1583988
1583989
1583990
1583991
1583992
1583993
1583994
1583995
1583996
1583997
1583998
1583999
1584000
1584001
1584002
1584003
1584004
1584005
1584006
1584007
1584008
1584009
1584010
1584011
1584012
1584013
1584014
1584015
1584016
1584017
1584018
1584019
1584020
1584021
1584022
1584023
1584024
1584025
1584026
1584027
1584028
1584029
1584030
1584031
1584032
1584033
1584034
1584035
1584036
1584037
1584038
1584039
1584040
1584041
1584042
1584043
1584044
1584045
1584046
1584047
1584048
1584049
1584050
1584051
1584052
1584053
1584054
1584055
1584056
1584057
1584058
1584059
1584060
1584061
1584062
1584063
1584064
1584065
1584066
1584067
1584068
1584069
1584070
1584071
1584072
1584073
1584074
1584075
1584076
1584077
1584078
1584079
1584080
1584081
1584082
1584083
1584084
1584085
1584086
1584087
1584088
1584089
1584090
1584091
1584092
1584093
1584094
1584095
1584096
1584097
1584098
1584099
1584100
1584101
1584102
1584103
1584104
1584105
1584106
1584107
1584108
1584109
1584110
1584111
1584112
1584113
1584114
1584115
1584116
1584117
1584118
1584119
1584120
1584121
1584122
1584123
1584124
1584125
1584126
1584127
1584128
1584129
1584130
1584131
1584132
1584133
1584134
1584135
1584136
1584137
1584138
1584139
1584140
1584141
1584142
1584143
1584144
1584145
1584146
1584147
1584148
1584149
1584150
1584151
1584152
1584153
1584154
1584155
1584156
1584157
1584158
1584159
1584160
1584161
1584162
1584163
1584164
1584165
1584166
1584167
1584168
1584169
1584170
1584171
1584172
1584173
1584174
1584175
1584176
1584177
1584178
1584179
1584180
1584181
1584182
1584183
1584184
1584185
1584186
1584187
1584188
1584189
1584190
1584191
1584192
1584193
1584194
1584195
1584196
1584197
1584198
1584199
1584200
1584201
1584202
1584203
1584204
1584205
1584206
1584207
1584208
1584209
1584210
1584211
1584212
1584213
1584214
1584215
1584216
1584217
1584218
1584219
1584220
1584221
1584222
1584223
1584224
1584225
1584226
1584227
1584228
1584229
1584230
1584231
1584232
1584233
1584234
1584235
1584236
1584237
1584238
1584239
1584240
1584241
1584242
1584243
1584244
1584245
1584246
1584247
1584248
1584249
1584250
1584251
1584252
1584253
1584254
1584255
1584256
1584257
1584258
1584259
1584260
1584261
1584262
1584263
1584264
1584265
1584266
1584267
1584268
1584269
1584270
1584271
1584272
1584273
1584274
1584275
1584276
1584277
1584278
1584279
1584280
1584281
1584282
1584283
1584284
1584285
1584286
1584287
1584288
1584289
1584290
1584291
1584292
1584293
1584294
1584295
1584296
1584297
1584298
1584299
1584300
1584301
1584302
1584303
1584304
1584305
1584306
1584307
1584308
1584309
1584310
1584311
1584312
1584313
1584314
1584315
1584316
1584317
1584318
1584319
1584320
1584321
1584322
1584323
1584324
1584325
1584326
1584327
1584328
1584329
1584330
1584331
1584332
1584333
1584334
1584335
1584336
1584337
1584338
1584339
1584340
1584341
1584342
1584343
1584344
1584345
1584346
1584347
1584348
1584349
1584350
1584351
1584352
1584353
1584354
1584355
1584356
1584357
1584358
1584359
1584360
1584361
1584362
1584363
1584364
1584365
1584366
1584367
1584368
1584369
1584370
1584371
1584372
1584373
1584374
1584375
1584376
1584377
1584378
1584379
1584380
1584381
1584382
1584383
1584384
1584385
1584386
1584387
1584388
1584389
1584390
1584391
1584392
1584393
1584394
1584395
1584396
1584397
1584398
1584399
1584400
1584401
1584402
1584403
1584404
1584405
1584406
1584407
1584408
1584409
1584410
1584411
1584412
1584413
1584414
1584415
1584416
1584417
1584418
1584419
1584420
1584421
1584422
1584423
1584424
1584425
1584426
1584427
1584428
1584429
1584430
1584431
1584432
1584433
1584434
1584435
1584436
1584437
1584438
1584439
1584440
1584441
1584442
1584443
1584444
1584445
1584446
1584447
1584448
1584449
1584450
1584451
1584452
1584453
1584454
1584455
1584456
1584457
1584458
1584459
1584460
1584461
1584462
1584463
1584464
1584465
1584466
1584467
1584468
1584469
1584470
1584471
1584472
1584473
1584474
1584475
1584476
1584477
1584478
1584479
1584480
1584481
1584482
1584483
1584484
1584485
1584486
1584487
1584488
1584489
1584490
1584491
1584492
1584493
1584494
1584495
1584496
1584497
1584498
1584499
1584500
1584501
1584502
1584503
1584504
1584505
1584506
1584507
1584508
1584509
1584510
1584511
1584512
1584513
1584514
1584515
1584516
1584517
1584518
1584519
1584520
1584521
1584522
1584523
1584524
1584525
1584526
1584527
1584528
1584529
1584530
1584531
1584532
1584533
1584534
1584535
1584536
1584537
1584538
1584539
1584540
1584541
1584542
1584543
1584544
1584545
1584546
1584547
1584548
1584549
1584550
1584551
1584552
1584553
1584554
1584555
1584556
1584557
1584558
1584559
1584560
1584561
1584562
1584563
1584564
1584565
1584566
1584567
1584568
1584569
1584570
1584571
1584572
1584573
1584574
1584575
1584576
1584577
1584578
1584579
1584580
1584581
1584582
1584583
1584584
1584585
1584586
1584587
1584588
1584589
1584590
1584591
1584592
1584593
1584594
1584595
1584596
1584597
1584598
1584599
1584600
1584601
1584602
1584603
1584604
1584605
1584606
1584607
1584608
1584609
1584610
1584611
1584612
1584613
1584614
1584615
1584616
1584617
1584618
1584619
1584620
1584621
1584622
1584623
1584624
1584625
1584626
1584627
1584628
1584629
1584630
1584631
1584632
1584633
1584634
1584635
1584636
1584637
1584638
1584639
1584640
1584641
1584642
1584643
1584644
1584645
1584646
1584647
1584648
1584649
1584650
1584651
1584652
1584653
1584654
1584655
1584656
1584657
1584658
1584659
1584660
1584661
1584662
1584663
1584664
1584665
1584666
1584667
1584668
1584669
1584670
1584671
1584672
1584673
1584674
1584675
1584676
1584677
1584678
1584679
1584680
1584681
1584682
1584683
1584684
1584685
1584686
1584687
1584688
1584689
1584690
1584691
1584692
1584693
1584694
1584695
1584696
1584697
1584698
1584699
1584700
1584701
1584702
1584703
1584704
1584705
1584706
1584707
1584708
1584709
1584710
1584711
1584712
1584713
1584714
1584715
1584716
1584717
1584718
1584719
1584720
1584721
1584722
1584723
1584724
1584725
1584726
1584727
1584728
1584729
1584730
1584731
1584732
1584733
1584734
1584735
1584736
1584737
1584738
1584739
1584740
1584741
1584742
1584743
1584744
1584745
1584746
1584747
1584748
1584749
1584750
1584751
1584752
1584753
1584754
1584755
1584756
1584757
1584758
1584759
1584760
1584761
1584762
1584763
1584764
1584765
1584766
1584767
1584768
1584769
1584770
1584771
1584772
1584773
1584774
1584775
1584776
1584777
1584778
1584779
1584780
1584781
1584782
1584783
1584784
1584785
1584786
1584787
1584788
1584789
1584790
1584791
1584792
1584793
1584794
1584795
1584796
1584797
1584798
1584799
1584800
1584801
1584802
1584803
1584804
1584805
1584806
1584807
1584808
1584809
1584810
1584811
1584812
1584813
1584814
1584815
1584816
1584817
1584818
1584819
1584820
1584821
1584822
1584823
1584824
1584825
1584826
1584827
1584828
1584829
1584830
1584831
1584832
1584833
1584834
1584835
1584836
1584837
1584838
1584839
1584840
1584841
1584842
1584843
1584844
1584845
1584846
1584847
1584848
1584849
1584850
1584851
1584852
1584853
1584854
1584855
1584856
1584857
1584858
1584859
1584860
1584861
1584862
1584863
1584864
1584865
1584866
1584867
1584868
1584869
1584870
1584871
1584872
1584873
1584874
1584875
1584876
1584877
1584878
1584879
1584880
1584881
1584882
1584883
1584884
1584885
1584886
1584887
1584888
1584889
1584890
1584891
1584892
1584893
1584894
1584895
1584896
1584897
1584898
1584899
1584900
1584901
1584902
1584903
1584904
1584905
1584906
1584907
1584908
1584909
1584910
1584911
1584912
1584913
1584914
1584915
1584916
1584917
1584918
1584919
1584920
1584921
1584922
1584923
1584924
1584925
1584926
1584927
1584928
1584929
1584930
1584931
1584932
1584933
1584934
1584935
1584936
1584937
1584938
1584939
1584940
1584941
1584942
1584943
1584944
1584945
1584946
1584947
1584948
1584949
1584950
1584951
1584952
1584953
1584954
1584955
1584956
1584957
1584958
1584959
1584960
1584961
1584962
1584963
1584964
1584965
1584966
1584967
1584968
1584969
1584970
1584971
1584972
1584973
1584974
1584975
1584976
1584977
1584978
1584979
1584980
1584981
1584982
1584983
1584984
1584985
1584986
1584987
1584988
1584989
1584990
1584991
1584992
1584993
1584994
1584995
1584996
1584997
1584998
1584999
1585000
1585001
1585002
1585003
1585004
1585005
1585006
1585007
1585008
1585009
1585010
1585011
1585012
1585013
1585014
1585015
1585016
1585017
1585018
1585019
1585020
1585021
1585022
1585023
1585024
1585025
1585026
1585027
1585028
1585029
1585030
1585031
1585032
1585033
1585034
1585035
1585036
1585037
1585038
1585039
1585040
1585041
1585042
1585043
1585044
1585045
1585046
1585047
1585048
1585049
1585050
1585051
1585052
1585053
1585054
1585055
1585056
1585057
1585058
1585059
1585060
1585061
1585062
1585063
1585064
1585065
1585066
1585067
1585068
1585069
1585070
1585071
1585072
1585073
1585074
1585075
1585076
1585077
1585078
1585079
1585080
1585081
1585082
1585083
1585084
1585085
1585086
1585087
1585088
1585089
1585090
1585091
1585092
1585093
1585094
1585095
1585096
1585097
1585098
1585099
1585100
1585101
1585102
1585103
1585104
1585105
1585106
1585107
1585108
1585109
1585110
1585111
1585112
1585113
1585114
1585115
1585116
1585117
1585118
1585119
1585120
1585121
1585122
1585123
1585124
1585125
1585126
1585127
1585128
1585129
1585130
1585131
1585132
1585133
1585134
1585135
1585136
1585137
1585138
1585139
1585140
1585141
1585142
1585143
1585144
1585145
1585146
1585147
1585148
1585149
1585150
1585151
1585152
1585153
1585154
1585155
1585156
1585157
1585158
1585159
1585160
1585161
1585162
1585163
1585164
1585165
1585166
1585167
1585168
1585169
1585170
1585171
1585172
1585173
1585174
1585175
1585176
1585177
1585178
1585179
1585180
1585181
1585182
1585183
1585184
1585185
1585186
1585187
1585188
1585189
1585190
1585191
1585192
1585193
1585194
1585195
1585196
1585197
1585198
1585199
1585200
1585201
1585202
1585203
1585204
1585205
1585206
1585207
1585208
1585209
1585210
1585211
1585212
1585213
1585214
1585215
1585216
1585217
1585218
1585219
1585220
1585221
1585222
1585223
1585224
1585225
1585226
1585227
1585228
1585229
1585230
1585231
1585232
1585233
1585234
1585235
1585236
1585237
1585238
1585239
1585240
1585241
1585242
1585243
1585244
1585245
1585246
1585247
1585248
1585249
1585250
1585251
1585252
1585253
1585254
1585255
1585256
1585257
1585258
1585259
1585260
1585261
1585262
1585263
1585264
1585265
1585266
1585267
1585268
1585269
1585270
1585271
1585272
1585273
1585274
1585275
1585276
1585277
1585278
1585279
1585280
1585281
1585282
1585283
1585284
1585285
1585286
1585287
1585288
1585289
1585290
1585291
1585292
1585293
1585294
1585295
1585296
1585297
1585298
1585299
1585300
1585301
1585302
1585303
1585304
1585305
1585306
1585307
1585308
1585309
1585310
1585311
1585312
1585313
1585314
1585315
1585316
1585317
1585318
1585319
1585320
1585321
1585322
1585323
1585324
1585325
1585326
1585327
1585328
1585329
1585330
1585331
1585332
1585333
1585334
1585335
1585336
1585337
1585338
1585339
1585340
1585341
1585342
1585343
1585344
1585345
1585346
1585347
1585348
1585349
1585350
1585351
1585352
1585353
1585354
1585355
1585356
1585357
1585358
1585359
1585360
1585361
1585362
1585363
1585364
1585365
1585366
1585367
1585368
1585369
1585370
1585371
1585372
1585373
1585374
1585375
1585376
1585377
1585378
1585379
1585380
1585381
1585382
1585383
1585384
1585385
1585386
1585387
1585388
1585389
1585390
1585391
1585392
1585393
1585394
1585395
1585396
1585397
1585398
1585399
1585400
1585401
1585402
1585403
1585404
1585405
1585406
1585407
1585408
1585409
1585410
1585411
1585412
1585413
1585414
1585415
1585416
1585417
1585418
1585419
1585420
1585421
1585422
1585423
1585424
1585425
1585426
1585427
1585428
1585429
1585430
1585431
1585432
1585433
1585434
1585435
1585436
1585437
1585438
1585439
1585440
1585441
1585442
1585443
1585444
1585445
1585446
1585447
1585448
1585449
1585450
1585451
1585452
1585453
1585454
1585455
1585456
1585457
1585458
1585459
1585460
1585461
1585462
1585463
1585464
1585465
1585466
1585467
1585468
1585469
1585470
1585471
1585472
1585473
1585474
1585475
1585476
1585477
1585478
1585479
1585480
1585481
1585482
1585483
1585484
1585485
1585486
1585487
1585488
1585489
1585490
1585491
1585492
1585493
1585494
1585495
1585496
1585497
1585498
1585499
1585500
1585501
1585502
1585503
1585504
1585505
1585506
1585507
1585508
1585509
1585510
1585511
1585512
1585513
1585514
1585515
1585516
1585517
1585518
1585519
1585520
1585521
1585522
1585523
1585524
1585525
1585526
1585527
1585528
1585529
1585530
1585531
1585532
1585533
1585534
1585535
1585536
1585537
1585538
1585539
1585540
1585541
1585542
1585543
1585544
1585545
1585546
1585547
1585548
1585549
1585550
1585551
1585552
1585553
1585554
1585555
1585556
1585557
1585558
1585559
1585560
1585561
1585562
1585563
1585564
1585565
1585566
1585567
1585568
1585569
1585570
1585571
1585572
1585573
1585574
1585575
1585576
1585577
1585578
1585579
1585580
1585581
1585582
1585583
1585584
1585585
1585586
1585587
1585588
1585589
1585590
1585591
1585592
1585593
1585594
1585595
1585596
1585597
1585598
1585599
1585600
1585601
1585602
1585603
1585604
1585605
1585606
1585607
1585608
1585609
1585610
1585611
1585612
1585613
1585614
1585615
1585616
1585617
1585618
1585619
1585620
1585621
1585622
1585623
1585624
1585625
1585626
1585627
1585628
1585629
1585630
1585631
1585632
1585633
1585634
1585635
1585636
1585637
1585638
1585639
1585640
1585641
1585642
1585643
1585644
1585645
1585646
1585647
1585648
1585649
1585650
1585651
1585652
1585653
1585654
1585655
1585656
1585657
1585658
1585659
1585660
1585661
1585662
1585663
1585664
1585665
1585666
1585667
1585668
1585669
1585670
1585671
1585672
1585673
1585674
1585675
1585676
1585677
1585678
1585679
1585680
1585681
1585682
1585683
1585684
1585685
1585686
1585687
1585688
1585689
1585690
1585691
1585692
1585693
1585694
1585695
1585696
1585697
1585698
1585699
1585700
1585701
1585702
1585703
1585704
1585705
1585706
1585707
1585708
1585709
1585710
1585711
1585712
1585713
1585714
1585715
1585716
1585717
1585718
1585719
1585720
1585721
1585722
1585723
1585724
1585725
1585726
1585727
1585728
1585729
1585730
1585731
1585732
1585733
1585734
1585735
1585736
1585737
1585738
1585739
1585740
1585741
1585742
1585743
1585744
1585745
1585746
1585747
1585748
1585749
1585750
1585751
1585752
1585753
1585754
1585755
1585756
1585757
1585758
1585759
1585760
1585761
1585762
1585763
1585764
1585765
1585766
1585767
1585768
1585769
1585770
1585771
1585772
1585773
1585774
1585775
1585776
1585777
1585778
1585779
1585780
1585781
1585782
1585783
1585784
1585785
1585786
1585787
1585788
1585789
1585790
1585791
1585792
1585793
1585794
1585795
1585796
1585797
1585798
1585799
1585800
1585801
1585802
1585803
1585804
1585805
1585806
1585807
1585808
1585809
1585810
1585811
1585812
1585813
1585814
1585815
1585816
1585817
1585818
1585819
1585820
1585821
1585822
1585823
1585824
1585825
1585826
1585827
1585828
1585829
1585830
1585831
1585832
1585833
1585834
1585835
1585836
1585837
1585838
1585839
1585840
1585841
1585842
1585843
1585844
1585845
1585846
1585847
1585848
1585849
1585850
1585851
1585852
1585853
1585854
1585855
1585856
1585857
1585858
1585859
1585860
1585861
1585862
1585863
1585864
1585865
1585866
1585867
1585868
1585869
1585870
1585871
1585872
1585873
1585874
1585875
1585876
1585877
1585878
1585879
1585880
1585881
1585882
1585883
1585884
1585885
1585886
1585887
1585888
1585889
1585890
1585891
1585892
1585893
1585894
1585895
1585896
1585897
1585898
1585899
1585900
1585901
1585902
1585903
1585904
1585905
1585906
1585907
1585908
1585909
1585910
1585911
1585912
1585913
1585914
1585915
1585916
1585917
1585918
1585919
1585920
1585921
1585922
1585923
1585924
1585925
1585926
1585927
1585928
1585929
1585930
1585931
1585932
1585933
1585934
1585935
1585936
1585937
1585938
1585939
1585940
1585941
1585942
1585943
1585944
1585945
1585946
1585947
1585948
1585949
1585950
1585951
1585952
1585953
1585954
1585955
1585956
1585957
1585958
1585959
1585960
1585961
1585962
1585963
1585964
1585965
1585966
1585967
1585968
1585969
1585970
1585971
1585972
1585973
1585974
1585975
1585976
1585977
1585978
1585979
1585980
1585981
1585982
1585983
1585984
1585985
1585986
1585987
1585988
1585989
1585990
1585991
1585992
1585993
1585994
1585995
1585996
1585997
1585998
1585999
1586000
1586001
1586002
1586003
1586004
1586005
1586006
1586007
1586008
1586009
1586010
1586011
1586012
1586013
1586014
1586015
1586016
1586017
1586018
1586019
1586020
1586021
1586022
1586023
1586024
1586025
1586026
1586027
1586028
1586029
1586030
1586031
1586032
1586033
1586034
1586035
1586036
1586037
1586038
1586039
1586040
1586041
1586042
1586043
1586044
1586045
1586046
1586047
1586048
1586049
1586050
1586051
1586052
1586053
1586054
1586055
1586056
1586057
1586058
1586059
1586060
1586061
1586062
1586063
1586064
1586065
1586066
1586067
1586068
1586069
1586070
1586071
1586072
1586073
1586074
1586075
1586076
1586077
1586078
1586079
1586080
1586081
1586082
1586083
1586084
1586085
1586086
1586087
1586088
1586089
1586090
1586091
1586092
1586093
1586094
1586095
1586096
1586097
1586098
1586099
1586100
1586101
1586102
1586103
1586104
1586105
1586106
1586107
1586108
1586109
1586110
1586111
1586112
1586113
1586114
1586115
1586116
1586117
1586118
1586119
1586120
1586121
1586122
1586123
1586124
1586125
1586126
1586127
1586128
1586129
1586130
1586131
1586132
1586133
1586134
1586135
1586136
1586137
1586138
1586139
1586140
1586141
1586142
1586143
1586144
1586145
1586146
1586147
1586148
1586149
1586150
1586151
1586152
1586153
1586154
1586155
1586156
1586157
1586158
1586159
1586160
1586161
1586162
1586163
1586164
1586165
1586166
1586167
1586168
1586169
1586170
1586171
1586172
1586173
1586174
1586175
1586176
1586177
1586178
1586179
1586180
1586181
1586182
1586183
1586184
1586185
1586186
1586187
1586188
1586189
1586190
1586191
1586192
1586193
1586194
1586195
1586196
1586197
1586198
1586199
1586200
1586201
1586202
1586203
1586204
1586205
1586206
1586207
1586208
1586209
1586210
1586211
1586212
1586213
1586214
1586215
1586216
1586217
1586218
1586219
1586220
1586221
1586222
1586223
1586224
1586225
1586226
1586227
1586228
1586229
1586230
1586231
1586232
1586233
1586234
1586235
1586236
1586237
1586238
1586239
1586240
1586241
1586242
1586243
1586244
1586245
1586246
1586247
1586248
1586249
1586250
1586251
1586252
1586253
1586254
1586255
1586256
1586257
1586258
1586259
1586260
1586261
1586262
1586263
1586264
1586265
1586266
1586267
1586268
1586269
1586270
1586271
1586272
1586273
1586274
1586275
1586276
1586277
1586278
1586279
1586280
1586281
1586282
1586283
1586284
1586285
1586286
1586287
1586288
1586289
1586290
1586291
1586292
1586293
1586294
1586295
1586296
1586297
1586298
1586299
1586300
1586301
1586302
1586303
1586304
1586305
1586306
1586307
1586308
1586309
1586310
1586311
1586312
1586313
1586314
1586315
1586316
1586317
1586318
1586319
1586320
1586321
1586322
1586323
1586324
1586325
1586326
1586327
1586328
1586329
1586330
1586331
1586332
1586333
1586334
1586335
1586336
1586337
1586338
1586339
1586340
1586341
1586342
1586343
1586344
1586345
1586346
1586347
1586348
1586349
1586350
1586351
1586352
1586353
1586354
1586355
1586356
1586357
1586358
1586359
1586360
1586361
1586362
1586363
1586364
1586365
1586366
1586367
1586368
1586369
1586370
1586371
1586372
1586373
1586374
1586375
1586376
1586377
1586378
1586379
1586380
1586381
1586382
1586383
1586384
1586385
1586386
1586387
1586388
1586389
1586390
1586391
1586392
1586393
1586394
1586395
1586396
1586397
1586398
1586399
1586400
1586401
1586402
1586403
1586404
1586405
1586406
1586407
1586408
1586409
1586410
1586411
1586412
1586413
1586414
1586415
1586416
1586417
1586418
1586419
1586420
1586421
1586422
1586423
1586424
1586425
1586426
1586427
1586428
1586429
1586430
1586431
1586432
1586433
1586434
1586435
1586436
1586437
1586438
1586439
1586440
1586441
1586442
1586443
1586444
1586445
1586446
1586447
1586448
1586449
1586450
1586451
1586452
1586453
1586454
1586455
1586456
1586457
1586458
1586459
1586460
1586461
1586462
1586463
1586464
1586465
1586466
1586467
1586468
1586469
1586470
1586471
1586472
1586473
1586474
1586475
1586476
1586477
1586478
1586479
1586480
1586481
1586482
1586483
1586484
1586485
1586486
1586487
1586488
1586489
1586490
1586491
1586492
1586493
1586494
1586495
1586496
1586497
1586498
1586499
1586500
1586501
1586502
1586503
1586504
1586505
1586506
1586507
1586508
1586509
1586510
1586511
1586512
1586513
1586514
1586515
1586516
1586517
1586518
1586519
1586520
1586521
1586522
1586523
1586524
1586525
1586526
1586527
1586528
1586529
1586530
1586531
1586532
1586533
1586534
1586535
1586536
1586537
1586538
1586539
1586540
1586541
1586542
1586543
1586544
1586545
1586546
1586547
1586548
1586549
1586550
1586551
1586552
1586553
1586554
1586555
1586556
1586557
1586558
1586559
1586560
1586561
1586562
1586563
1586564
1586565
1586566
1586567
1586568
1586569
1586570
1586571
1586572
1586573
1586574
1586575
1586576
1586577
1586578
1586579
1586580
1586581
1586582
1586583
1586584
1586585
1586586
1586587
1586588
1586589
1586590
1586591
1586592
1586593
1586594
1586595
1586596
1586597
1586598
1586599
1586600
1586601
1586602
1586603
1586604
1586605
1586606
1586607
1586608
1586609
1586610
1586611
1586612
1586613
1586614
1586615
1586616
1586617
1586618
1586619
1586620
1586621
1586622
1586623
1586624
1586625
1586626
1586627
1586628
1586629
1586630
1586631
1586632
1586633
1586634
1586635
1586636
1586637
1586638
1586639
1586640
1586641
1586642
1586643
1586644
1586645
1586646
1586647
1586648
1586649
1586650
1586651
1586652
1586653
1586654
1586655
1586656
1586657
1586658
1586659
1586660
1586661
1586662
1586663
1586664
1586665
1586666
1586667
1586668
1586669
1586670
1586671
1586672
1586673
1586674
1586675
1586676
1586677
1586678
1586679
1586680
1586681
1586682
1586683
1586684
1586685
1586686
1586687
1586688
1586689
1586690
1586691
1586692
1586693
1586694
1586695
1586696
1586697
1586698
1586699
1586700
1586701
1586702
1586703
1586704
1586705
1586706
1586707
1586708
1586709
1586710
1586711
1586712
1586713
1586714
1586715
1586716
1586717
1586718
1586719
1586720
1586721
1586722
1586723
1586724
1586725
1586726
1586727
1586728
1586729
1586730
1586731
1586732
1586733
1586734
1586735
1586736
1586737
1586738
1586739
1586740
1586741
1586742
1586743
1586744
1586745
1586746
1586747
1586748
1586749
1586750
1586751
1586752
1586753
1586754
1586755
1586756
1586757
1586758
1586759
1586760
1586761
1586762
1586763
1586764
1586765
1586766
1586767
1586768
1586769
1586770
1586771
1586772
1586773
1586774
1586775
1586776
1586777
1586778
1586779
1586780
1586781
1586782
1586783
1586784
1586785
1586786
1586787
1586788
1586789
1586790
1586791
1586792
1586793
1586794
1586795
1586796
1586797
1586798
1586799
1586800
1586801
1586802
1586803
1586804
1586805
1586806
1586807
1586808
1586809
1586810
1586811
1586812
1586813
1586814
1586815
1586816
1586817
1586818
1586819
1586820
1586821
1586822
1586823
1586824
1586825
1586826
1586827
1586828
1586829
1586830
1586831
1586832
1586833
1586834
1586835
1586836
1586837
1586838
1586839
1586840
1586841
1586842
1586843
1586844
1586845
1586846
1586847
1586848
1586849
1586850
1586851
1586852
1586853
1586854
1586855
1586856
1586857
1586858
1586859
1586860
1586861
1586862
1586863
1586864
1586865
1586866
1586867
1586868
1586869
1586870
1586871
1586872
1586873
1586874
1586875
1586876
1586877
1586878
1586879
1586880
1586881
1586882
1586883
1586884
1586885
1586886
1586887
1586888
1586889
1586890
1586891
1586892
1586893
1586894
1586895
1586896
1586897
1586898
1586899
1586900
1586901
1586902
1586903
1586904
1586905
1586906
1586907
1586908
1586909
1586910
1586911
1586912
1586913
1586914
1586915
1586916
1586917
1586918
1586919
1586920
1586921
1586922
1586923
1586924
1586925
1586926
1586927
1586928
1586929
1586930
1586931
1586932
1586933
1586934
1586935
1586936
1586937
1586938
1586939
1586940
1586941
1586942
1586943
1586944
1586945
1586946
1586947
1586948
1586949
1586950
1586951
1586952
1586953
1586954
1586955
1586956
1586957
1586958
1586959
1586960
1586961
1586962
1586963
1586964
1586965
1586966
1586967
1586968
1586969
1586970
1586971
1586972
1586973
1586974
1586975
1586976
1586977
1586978
1586979
1586980
1586981
1586982
1586983
1586984
1586985
1586986
1586987
1586988
1586989
1586990
1586991
1586992
1586993
1586994
1586995
1586996
1586997
1586998
1586999
1587000
1587001
1587002
1587003
1587004
1587005
1587006
1587007
1587008
1587009
1587010
1587011
1587012
1587013
1587014
1587015
1587016
1587017
1587018
1587019
1587020
1587021
1587022
1587023
1587024
1587025
1587026
1587027
1587028
1587029
1587030
1587031
1587032
1587033
1587034
1587035
1587036
1587037
1587038
1587039
1587040
1587041
1587042
1587043
1587044
1587045
1587046
1587047
1587048
1587049
1587050
1587051
1587052
1587053
1587054
1587055
1587056
1587057
1587058
1587059
1587060
1587061
1587062
1587063
1587064
1587065
1587066
1587067
1587068
1587069
1587070
1587071
1587072
1587073
1587074
1587075
1587076
1587077
1587078
1587079
1587080
1587081
1587082
1587083
1587084
1587085
1587086
1587087
1587088
1587089
1587090
1587091
1587092
1587093
1587094
1587095
1587096
1587097
1587098
1587099
1587100
1587101
1587102
1587103
1587104
1587105
1587106
1587107
1587108
1587109
1587110
1587111
1587112
1587113
1587114
1587115
1587116
1587117
1587118
1587119
1587120
1587121
1587122
1587123
1587124
1587125
1587126
1587127
1587128
1587129
1587130
1587131
1587132
1587133
1587134
1587135
1587136
1587137
1587138
1587139
1587140
1587141
1587142
1587143
1587144
1587145
1587146
1587147
1587148
1587149
1587150
1587151
1587152
1587153
1587154
1587155
1587156
1587157
1587158
1587159
1587160
1587161
1587162
1587163
1587164
1587165
1587166
1587167
1587168
1587169
1587170
1587171
1587172
1587173
1587174
1587175
1587176
1587177
1587178
1587179
1587180
1587181
1587182
1587183
1587184
1587185
1587186
1587187
1587188
1587189
1587190
1587191
1587192
1587193
1587194
1587195
1587196
1587197
1587198
1587199
1587200
1587201
1587202
1587203
1587204
1587205
1587206
1587207
1587208
1587209
1587210
1587211
1587212
1587213
1587214
1587215
1587216
1587217
1587218
1587219
1587220
1587221
1587222
1587223
1587224
1587225
1587226
1587227
1587228
1587229
1587230
1587231
1587232
1587233
1587234
1587235
1587236
1587237
1587238
1587239
1587240
1587241
1587242
1587243
1587244
1587245
1587246
1587247
1587248
1587249
1587250
1587251
1587252
1587253
1587254
1587255
1587256
1587257
1587258
1587259
1587260
1587261
1587262
1587263
1587264
1587265
1587266
1587267
1587268
1587269
1587270
1587271
1587272
1587273
1587274
1587275
1587276
1587277
1587278
1587279
1587280
1587281
1587282
1587283
1587284
1587285
1587286
1587287
1587288
1587289
1587290
1587291
1587292
1587293
1587294
1587295
1587296
1587297
1587298
1587299
1587300
1587301
1587302
1587303
1587304
1587305
1587306
1587307
1587308
1587309
1587310
1587311
1587312
1587313
1587314
1587315
1587316
1587317
1587318
1587319
1587320
1587321
1587322
1587323
1587324
1587325
1587326
1587327
1587328
1587329
1587330
1587331
1587332
1587333
1587334
1587335
1587336
1587337
1587338
1587339
1587340
1587341
1587342
1587343
1587344
1587345
1587346
1587347
1587348
1587349
1587350
1587351
1587352
1587353
1587354
1587355
1587356
1587357
1587358
1587359
1587360
1587361
1587362
1587363
1587364
1587365
1587366
1587367
1587368
1587369
1587370
1587371
1587372
1587373
1587374
1587375
1587376
1587377
1587378
1587379
1587380
1587381
1587382
1587383
1587384
1587385
1587386
1587387
1587388
1587389
1587390
1587391
1587392
1587393
1587394
1587395
1587396
1587397
1587398
1587399
1587400
1587401
1587402
1587403
1587404
1587405
1587406
1587407
1587408
1587409
1587410
1587411
1587412
1587413
1587414
1587415
1587416
1587417
1587418
1587419
1587420
1587421
1587422
1587423
1587424
1587425
1587426
1587427
1587428
1587429
1587430
1587431
1587432
1587433
1587434
1587435
1587436
1587437
1587438
1587439
1587440
1587441
1587442
1587443
1587444
1587445
1587446
1587447
1587448
1587449
1587450
1587451
1587452
1587453
1587454
1587455
1587456
1587457
1587458
1587459
1587460
1587461
1587462
1587463
1587464
1587465
1587466
1587467
1587468
1587469
1587470
1587471
1587472
1587473
1587474
1587475
1587476
1587477
1587478
1587479
1587480
1587481
1587482
1587483
1587484
1587485
1587486
1587487
1587488
1587489
1587490
1587491
1587492
1587493
1587494
1587495
1587496
1587497
1587498
1587499
1587500
1587501
1587502
1587503
1587504
1587505
1587506
1587507
1587508
1587509
1587510
1587511
1587512
1587513
1587514
1587515
1587516
1587517
1587518
1587519
1587520
1587521
1587522
1587523
1587524
1587525
1587526
1587527
1587528
1587529
1587530
1587531
1587532
1587533
1587534
1587535
1587536
1587537
1587538
1587539
1587540
1587541
1587542
1587543
1587544
1587545
1587546
1587547
1587548
1587549
1587550
1587551
1587552
1587553
1587554
1587555
1587556
1587557
1587558
1587559
1587560
1587561
1587562
1587563
1587564
1587565
1587566
1587567
1587568
1587569
1587570
1587571
1587572
1587573
1587574
1587575
1587576
1587577
1587578
1587579
1587580
1587581
1587582
1587583
1587584
1587585
1587586
1587587
1587588
1587589
1587590
1587591
1587592
1587593
1587594
1587595
1587596
1587597
1587598
1587599
1587600
1587601
1587602
1587603
1587604
1587605
1587606
1587607
1587608
1587609
1587610
1587611
1587612
1587613
1587614
1587615
1587616
1587617
1587618
1587619
1587620
1587621
1587622
1587623
1587624
1587625
1587626
1587627
1587628
1587629
1587630
1587631
1587632
1587633
1587634
1587635
1587636
1587637
1587638
1587639
1587640
1587641
1587642
1587643
1587644
1587645
1587646
1587647
1587648
1587649
1587650
1587651
1587652
1587653
1587654
1587655
1587656
1587657
1587658
1587659
1587660
1587661
1587662
1587663
1587664
1587665
1587666
1587667
1587668
1587669
1587670
1587671
1587672
1587673
1587674
1587675
1587676
1587677
1587678
1587679
1587680
1587681
1587682
1587683
1587684
1587685
1587686
1587687
1587688
1587689
1587690
1587691
1587692
1587693
1587694
1587695
1587696
1587697
1587698
1587699
1587700
1587701
1587702
1587703
1587704
1587705
1587706
1587707
1587708
1587709
1587710
1587711
1587712
1587713
1587714
1587715
1587716
1587717
1587718
1587719
1587720
1587721
1587722
1587723
1587724
1587725
1587726
1587727
1587728
1587729
1587730
1587731
1587732
1587733
1587734
1587735
1587736
1587737
1587738
1587739
1587740
1587741
1587742
1587743
1587744
1587745
1587746
1587747
1587748
1587749
1587750
1587751
1587752
1587753
1587754
1587755
1587756
1587757
1587758
1587759
1587760
1587761
1587762
1587763
1587764
1587765
1587766
1587767
1587768
1587769
1587770
1587771
1587772
1587773
1587774
1587775
1587776
1587777
1587778
1587779
1587780
1587781
1587782
1587783
1587784
1587785
1587786
1587787
1587788
1587789
1587790
1587791
1587792
1587793
1587794
1587795
1587796
1587797
1587798
1587799
1587800
1587801
1587802
1587803
1587804
1587805
1587806
1587807
1587808
1587809
1587810
1587811
1587812
1587813
1587814
1587815
1587816
1587817
1587818
1587819
1587820
1587821
1587822
1587823
1587824
1587825
1587826
1587827
1587828
1587829
1587830
1587831
1587832
1587833
1587834
1587835
1587836
1587837
1587838
1587839
1587840
1587841
1587842
1587843
1587844
1587845
1587846
1587847
1587848
1587849
1587850
1587851
1587852
1587853
1587854
1587855
1587856
1587857
1587858
1587859
1587860
1587861
1587862
1587863
1587864
1587865
1587866
1587867
1587868
1587869
1587870
1587871
1587872
1587873
1587874
1587875
1587876
1587877
1587878
1587879
1587880
1587881
1587882
1587883
1587884
1587885
1587886
1587887
1587888
1587889
1587890
1587891
1587892
1587893
1587894
1587895
1587896
1587897
1587898
1587899
1587900
1587901
1587902
1587903
1587904
1587905
1587906
1587907
1587908
1587909
1587910
1587911
1587912
1587913
1587914
1587915
1587916
1587917
1587918
1587919
1587920
1587921
1587922
1587923
1587924
1587925
1587926
1587927
1587928
1587929
1587930
1587931
1587932
1587933
1587934
1587935
1587936
1587937
1587938
1587939
1587940
1587941
1587942
1587943
1587944
1587945
1587946
1587947
1587948
1587949
1587950
1587951
1587952
1587953
1587954
1587955
1587956
1587957
1587958
1587959
1587960
1587961
1587962
1587963
1587964
1587965
1587966
1587967
1587968
1587969
1587970
1587971
1587972
1587973
1587974
1587975
1587976
1587977
1587978
1587979
1587980
1587981
1587982
1587983
1587984
1587985
1587986
1587987
1587988
1587989
1587990
1587991
1587992
1587993
1587994
1587995
1587996
1587997
1587998
1587999
1588000
1588001
1588002
1588003
1588004
1588005
1588006
1588007
1588008
1588009
1588010
1588011
1588012
1588013
1588014
1588015
1588016
1588017
1588018
1588019
1588020
1588021
1588022
1588023
1588024
1588025
1588026
1588027
1588028
1588029
1588030
1588031
1588032
1588033
1588034
1588035
1588036
1588037
1588038
1588039
1588040
1588041
1588042
1588043
1588044
1588045
1588046
1588047
1588048
1588049
1588050
1588051
1588052
1588053
1588054
1588055
1588056
1588057
1588058
1588059
1588060
1588061
1588062
1588063
1588064
1588065
1588066
1588067
1588068
1588069
1588070
1588071
1588072
1588073
1588074
1588075
1588076
1588077
1588078
1588079
1588080
1588081
1588082
1588083
1588084
1588085
1588086
1588087
1588088
1588089
1588090
1588091
1588092
1588093
1588094
1588095
1588096
1588097
1588098
1588099
1588100
1588101
1588102
1588103
1588104
1588105
1588106
1588107
1588108
1588109
1588110
1588111
1588112
1588113
1588114
1588115
1588116
1588117
1588118
1588119
1588120
1588121
1588122
1588123
1588124
1588125
1588126
1588127
1588128
1588129
1588130
1588131
1588132
1588133
1588134
1588135
1588136
1588137
1588138
1588139
1588140
1588141
1588142
1588143
1588144
1588145
1588146
1588147
1588148
1588149
1588150
1588151
1588152
1588153
1588154
1588155
1588156
1588157
1588158
1588159
1588160
1588161
1588162
1588163
1588164
1588165
1588166
1588167
1588168
1588169
1588170
1588171
1588172
1588173
1588174
1588175
1588176
1588177
1588178
1588179
1588180
1588181
1588182
1588183
1588184
1588185
1588186
1588187
1588188
1588189
1588190
1588191
1588192
1588193
1588194
1588195
1588196
1588197
1588198
1588199
1588200
1588201
1588202
1588203
1588204
1588205
1588206
1588207
1588208
1588209
1588210
1588211
1588212
1588213
1588214
1588215
1588216
1588217
1588218
1588219
1588220
1588221
1588222
1588223
1588224
1588225
1588226
1588227
1588228
1588229
1588230
1588231
1588232
1588233
1588234
1588235
1588236
1588237
1588238
1588239
1588240
1588241
1588242
1588243
1588244
1588245
1588246
1588247
1588248
1588249
1588250
1588251
1588252
1588253
1588254
1588255
1588256
1588257
1588258
1588259
1588260
1588261
1588262
1588263
1588264
1588265
1588266
1588267
1588268
1588269
1588270
1588271
1588272
1588273
1588274
1588275
1588276
1588277
1588278
1588279
1588280
1588281
1588282
1588283
1588284
1588285
1588286
1588287
1588288
1588289
1588290
1588291
1588292
1588293
1588294
1588295
1588296
1588297
1588298
1588299
1588300
1588301
1588302
1588303
1588304
1588305
1588306
1588307
1588308
1588309
1588310
1588311
1588312
1588313
1588314
1588315
1588316
1588317
1588318
1588319
1588320
1588321
1588322
1588323
1588324
1588325
1588326
1588327
1588328
1588329
1588330
1588331
1588332
1588333
1588334
1588335
1588336
1588337
1588338
1588339
1588340
1588341
1588342
1588343
1588344
1588345
1588346
1588347
1588348
1588349
1588350
1588351
1588352
1588353
1588354
1588355
1588356
1588357
1588358
1588359
1588360
1588361
1588362
1588363
1588364
1588365
1588366
1588367
1588368
1588369
1588370
1588371
1588372
1588373
1588374
1588375
1588376
1588377
1588378
1588379
1588380
1588381
1588382
1588383
1588384
1588385
1588386
1588387
1588388
1588389
1588390
1588391
1588392
1588393
1588394
1588395
1588396
1588397
1588398
1588399
1588400
1588401
1588402
1588403
1588404
1588405
1588406
1588407
1588408
1588409
1588410
1588411
1588412
1588413
1588414
1588415
1588416
1588417
1588418
1588419
1588420
1588421
1588422
1588423
1588424
1588425
1588426
1588427
1588428
1588429
1588430
1588431
1588432
1588433
1588434
1588435
1588436
1588437
1588438
1588439
1588440
1588441
1588442
1588443
1588444
1588445
1588446
1588447
1588448
1588449
1588450
1588451
1588452
1588453
1588454
1588455
1588456
1588457
1588458
1588459
1588460
1588461
1588462
1588463
1588464
1588465
1588466
1588467
1588468
1588469
1588470
1588471
1588472
1588473
1588474
1588475
1588476
1588477
1588478
1588479
1588480
1588481
1588482
1588483
1588484
1588485
1588486
1588487
1588488
1588489
1588490
1588491
1588492
1588493
1588494
1588495
1588496
1588497
1588498
1588499
1588500
1588501
1588502
1588503
1588504
1588505
1588506
1588507
1588508
1588509
1588510
1588511
1588512
1588513
1588514
1588515
1588516
1588517
1588518
1588519
1588520
1588521
1588522
1588523
1588524
1588525
1588526
1588527
1588528
1588529
1588530
1588531
1588532
1588533
1588534
1588535
1588536
1588537
1588538
1588539
1588540
1588541
1588542
1588543
1588544
1588545
1588546
1588547
1588548
1588549
1588550
1588551
1588552
1588553
1588554
1588555
1588556
1588557
1588558
1588559
1588560
1588561
1588562
1588563
1588564
1588565
1588566
1588567
1588568
1588569
1588570
1588571
1588572
1588573
1588574
1588575
1588576
1588577
1588578
1588579
1588580
1588581
1588582
1588583
1588584
1588585
1588586
1588587
1588588
1588589
1588590
1588591
1588592
1588593
1588594
1588595
1588596
1588597
1588598
1588599
1588600
1588601
1588602
1588603
1588604
1588605
1588606
1588607
1588608
1588609
1588610
1588611
1588612
1588613
1588614
1588615
1588616
1588617
1588618
1588619
1588620
1588621
1588622
1588623
1588624
1588625
1588626
1588627
1588628
1588629
1588630
1588631
1588632
1588633
1588634
1588635
1588636
1588637
1588638
1588639
1588640
1588641
1588642
1588643
1588644
1588645
1588646
1588647
1588648
1588649
1588650
1588651
1588652
1588653
1588654
1588655
1588656
1588657
1588658
1588659
1588660
1588661
1588662
1588663
1588664
1588665
1588666
1588667
1588668
1588669
1588670
1588671
1588672
1588673
1588674
1588675
1588676
1588677
1588678
1588679
1588680
1588681
1588682
1588683
1588684
1588685
1588686
1588687
1588688
1588689
1588690
1588691
1588692
1588693
1588694
1588695
1588696
1588697
1588698
1588699
1588700
1588701
1588702
1588703
1588704
1588705
1588706
1588707
1588708
1588709
1588710
1588711
1588712
1588713
1588714
1588715
1588716
1588717
1588718
1588719
1588720
1588721
1588722
1588723
1588724
1588725
1588726
1588727
1588728
1588729
1588730
1588731
1588732
1588733
1588734
1588735
1588736
1588737
1588738
1588739
1588740
1588741
1588742
1588743
1588744
1588745
1588746
1588747
1588748
1588749
1588750
1588751
1588752
1588753
1588754
1588755
1588756
1588757
1588758
1588759
1588760
1588761
1588762
1588763
1588764
1588765
1588766
1588767
1588768
1588769
1588770
1588771
1588772
1588773
1588774
1588775
1588776
1588777
1588778
1588779
1588780
1588781
1588782
1588783
1588784
1588785
1588786
1588787
1588788
1588789
1588790
1588791
1588792
1588793
1588794
1588795
1588796
1588797
1588798
1588799
1588800
1588801
1588802
1588803
1588804
1588805
1588806
1588807
1588808
1588809
1588810
1588811
1588812
1588813
1588814
1588815
1588816
1588817
1588818
1588819
1588820
1588821
1588822
1588823
1588824
1588825
1588826
1588827
1588828
1588829
1588830
1588831
1588832
1588833
1588834
1588835
1588836
1588837
1588838
1588839
1588840
1588841
1588842
1588843
1588844
1588845
1588846
1588847
1588848
1588849
1588850
1588851
1588852
1588853
1588854
1588855
1588856
1588857
1588858
1588859
1588860
1588861
1588862
1588863
1588864
1588865
1588866
1588867
1588868
1588869
1588870
1588871
1588872
1588873
1588874
1588875
1588876
1588877
1588878
1588879
1588880
1588881
1588882
1588883
1588884
1588885
1588886
1588887
1588888
1588889
1588890
1588891
1588892
1588893
1588894
1588895
1588896
1588897
1588898
1588899
1588900
1588901
1588902
1588903
1588904
1588905
1588906
1588907
1588908
1588909
1588910
1588911
1588912
1588913
1588914
1588915
1588916
1588917
1588918
1588919
1588920
1588921
1588922
1588923
1588924
1588925
1588926
1588927
1588928
1588929
1588930
1588931
1588932
1588933
1588934
1588935
1588936
1588937
1588938
1588939
1588940
1588941
1588942
1588943
1588944
1588945
1588946
1588947
1588948
1588949
1588950
1588951
1588952
1588953
1588954
1588955
1588956
1588957
1588958
1588959
1588960
1588961
1588962
1588963
1588964
1588965
1588966
1588967
1588968
1588969
1588970
1588971
1588972
1588973
1588974
1588975
1588976
1588977
1588978
1588979
1588980
1588981
1588982
1588983
1588984
1588985
1588986
1588987
1588988
1588989
1588990
1588991
1588992
1588993
1588994
1588995
1588996
1588997
1588998
1588999
1589000
1589001
1589002
1589003
1589004
1589005
1589006
1589007
1589008
1589009
1589010
1589011
1589012
1589013
1589014
1589015
1589016
1589017
1589018
1589019
1589020
1589021
1589022
1589023
1589024
1589025
1589026
1589027
1589028
1589029
1589030
1589031
1589032
1589033
1589034
1589035
1589036
1589037
1589038
1589039
1589040
1589041
1589042
1589043
1589044
1589045
1589046
1589047
1589048
1589049
1589050
1589051
1589052
1589053
1589054
1589055
1589056
1589057
1589058
1589059
1589060
1589061
1589062
1589063
1589064
1589065
1589066
1589067
1589068
1589069
1589070
1589071
1589072
1589073
1589074
1589075
1589076
1589077
1589078
1589079
1589080
1589081
1589082
1589083
1589084
1589085
1589086
1589087
1589088
1589089
1589090
1589091
1589092
1589093
1589094
1589095
1589096
1589097
1589098
1589099
1589100
1589101
1589102
1589103
1589104
1589105
1589106
1589107
1589108
1589109
1589110
1589111
1589112
1589113
1589114
1589115
1589116
1589117
1589118
1589119
1589120
1589121
1589122
1589123
1589124
1589125
1589126
1589127
1589128
1589129
1589130
1589131
1589132
1589133
1589134
1589135
1589136
1589137
1589138
1589139
1589140
1589141
1589142
1589143
1589144
1589145
1589146
1589147
1589148
1589149
1589150
1589151
1589152
1589153
1589154
1589155
1589156
1589157
1589158
1589159
1589160
1589161
1589162
1589163
1589164
1589165
1589166
1589167
1589168
1589169
1589170
1589171
1589172
1589173
1589174
1589175
1589176
1589177
1589178
1589179
1589180
1589181
1589182
1589183
1589184
1589185
1589186
1589187
1589188
1589189
1589190
1589191
1589192
1589193
1589194
1589195
1589196
1589197
1589198
1589199
1589200
1589201
1589202
1589203
1589204
1589205
1589206
1589207
1589208
1589209
1589210
1589211
1589212
1589213
1589214
1589215
1589216
1589217
1589218
1589219
1589220
1589221
1589222
1589223
1589224
1589225
1589226
1589227
1589228
1589229
1589230
1589231
1589232
1589233
1589234
1589235
1589236
1589237
1589238
1589239
1589240
1589241
1589242
1589243
1589244
1589245
1589246
1589247
1589248
1589249
1589250
1589251
1589252
1589253
1589254
1589255
1589256
1589257
1589258
1589259
1589260
1589261
1589262
1589263
1589264
1589265
1589266
1589267
1589268
1589269
1589270
1589271
1589272
1589273
1589274
1589275
1589276
1589277
1589278
1589279
1589280
1589281
1589282
1589283
1589284
1589285
1589286
1589287
1589288
1589289
1589290
1589291
1589292
1589293
1589294
1589295
1589296
1589297
1589298
1589299
1589300
1589301
1589302
1589303
1589304
1589305
1589306
1589307
1589308
1589309
1589310
1589311
1589312
1589313
1589314
1589315
1589316
1589317
1589318
1589319
1589320
1589321
1589322
1589323
1589324
1589325
1589326
1589327
1589328
1589329
1589330
1589331
1589332
1589333
1589334
1589335
1589336
1589337
1589338
1589339
1589340
1589341
1589342
1589343
1589344
1589345
1589346
1589347
1589348
1589349
1589350
1589351
1589352
1589353
1589354
1589355
1589356
1589357
1589358
1589359
1589360
1589361
1589362
1589363
1589364
1589365
1589366
1589367
1589368
1589369
1589370
1589371
1589372
1589373
1589374
1589375
1589376
1589377
1589378
1589379
1589380
1589381
1589382
1589383
1589384
1589385
1589386
1589387
1589388
1589389
1589390
1589391
1589392
1589393
1589394
1589395
1589396
1589397
1589398
1589399
1589400
1589401
1589402
1589403
1589404
1589405
1589406
1589407
1589408
1589409
1589410
1589411
1589412
1589413
1589414
1589415
1589416
1589417
1589418
1589419
1589420
1589421
1589422
1589423
1589424
1589425
1589426
1589427
1589428
1589429
1589430
1589431
1589432
1589433
1589434
1589435
1589436
1589437
1589438
1589439
1589440
1589441
1589442
1589443
1589444
1589445
1589446
1589447
1589448
1589449
1589450
1589451
1589452
1589453
1589454
1589455
1589456
1589457
1589458
1589459
1589460
1589461
1589462
1589463
1589464
1589465
1589466
1589467
1589468
1589469
1589470
1589471
1589472
1589473
1589474
1589475
1589476
1589477
1589478
1589479
1589480
1589481
1589482
1589483
1589484
1589485
1589486
1589487
1589488
1589489
1589490
1589491
1589492
1589493
1589494
1589495
1589496
1589497
1589498
1589499
1589500
1589501
1589502
1589503
1589504
1589505
1589506
1589507
1589508
1589509
1589510
1589511
1589512
1589513
1589514
1589515
1589516
1589517
1589518
1589519
1589520
1589521
1589522
1589523
1589524
1589525
1589526
1589527
1589528
1589529
1589530
1589531
1589532
1589533
1589534
1589535
1589536
1589537
1589538
1589539
1589540
1589541
1589542
1589543
1589544
1589545
1589546
1589547
1589548
1589549
1589550
1589551
1589552
1589553
1589554
1589555
1589556
1589557
1589558
1589559
1589560
1589561
1589562
1589563
1589564
1589565
1589566
1589567
1589568
1589569
1589570
1589571
1589572
1589573
1589574
1589575
1589576
1589577
1589578
1589579
1589580
1589581
1589582
1589583
1589584
1589585
1589586
1589587
1589588
1589589
1589590
1589591
1589592
1589593
1589594
1589595
1589596
1589597
1589598
1589599
1589600
1589601
1589602
1589603
1589604
1589605
1589606
1589607
1589608
1589609
1589610
1589611
1589612
1589613
1589614
1589615
1589616
1589617
1589618
1589619
1589620
1589621
1589622
1589623
1589624
1589625
1589626
1589627
1589628
1589629
1589630
1589631
1589632
1589633
1589634
1589635
1589636
1589637
1589638
1589639
1589640
1589641
1589642
1589643
1589644
1589645
1589646
1589647
1589648
1589649
1589650
1589651
1589652
1589653
1589654
1589655
1589656
1589657
1589658
1589659
1589660
1589661
1589662
1589663
1589664
1589665
1589666
1589667
1589668
1589669
1589670
1589671
1589672
1589673
1589674
1589675
1589676
1589677
1589678
1589679
1589680
1589681
1589682
1589683
1589684
1589685
1589686
1589687
1589688
1589689
1589690
1589691
1589692
1589693
1589694
1589695
1589696
1589697
1589698
1589699
1589700
1589701
1589702
1589703
1589704
1589705
1589706
1589707
1589708
1589709
1589710
1589711
1589712
1589713
1589714
1589715
1589716
1589717
1589718
1589719
1589720
1589721
1589722
1589723
1589724
1589725
1589726
1589727
1589728
1589729
1589730
1589731
1589732
1589733
1589734
1589735
1589736
1589737
1589738
1589739
1589740
1589741
1589742
1589743
1589744
1589745
1589746
1589747
1589748
1589749
1589750
1589751
1589752
1589753
1589754
1589755
1589756
1589757
1589758
1589759
1589760
1589761
1589762
1589763
1589764
1589765
1589766
1589767
1589768
1589769
1589770
1589771
1589772
1589773
1589774
1589775
1589776
1589777
1589778
1589779
1589780
1589781
1589782
1589783
1589784
1589785
1589786
1589787
1589788
1589789
1589790
1589791
1589792
1589793
1589794
1589795
1589796
1589797
1589798
1589799
1589800
1589801
1589802
1589803
1589804
1589805
1589806
1589807
1589808
1589809
1589810
1589811
1589812
1589813
1589814
1589815
1589816
1589817
1589818
1589819
1589820
1589821
1589822
1589823
1589824
1589825
1589826
1589827
1589828
1589829
1589830
1589831
1589832
1589833
1589834
1589835
1589836
1589837
1589838
1589839
1589840
1589841
1589842
1589843
1589844
1589845
1589846
1589847
1589848
1589849
1589850
1589851
1589852
1589853
1589854
1589855
1589856
1589857
1589858
1589859
1589860
1589861
1589862
1589863
1589864
1589865
1589866
1589867
1589868
1589869
1589870
1589871
1589872
1589873
1589874
1589875
1589876
1589877
1589878
1589879
1589880
1589881
1589882
1589883
1589884
1589885
1589886
1589887
1589888
1589889
1589890
1589891
1589892
1589893
1589894
1589895
1589896
1589897
1589898
1589899
1589900
1589901
1589902
1589903
1589904
1589905
1589906
1589907
1589908
1589909
1589910
1589911
1589912
1589913
1589914
1589915
1589916
1589917
1589918
1589919
1589920
1589921
1589922
1589923
1589924
1589925
1589926
1589927
1589928
1589929
1589930
1589931
1589932
1589933
1589934
1589935
1589936
1589937
1589938
1589939
1589940
1589941
1589942
1589943
1589944
1589945
1589946
1589947
1589948
1589949
1589950
1589951
1589952
1589953
1589954
1589955
1589956
1589957
1589958
1589959
1589960
1589961
1589962
1589963
1589964
1589965
1589966
1589967
1589968
1589969
1589970
1589971
1589972
1589973
1589974
1589975
1589976
1589977
1589978
1589979
1589980
1589981
1589982
1589983
1589984
1589985
1589986
1589987
1589988
1589989
1589990
1589991
1589992
1589993
1589994
1589995
1589996
1589997
1589998
1589999
1590000
