1780001
1780002
1780003
1780004
1780005
1780006
1780007
1780008
1780009
1780010
1780011
1780012
1780013
1780014
1780015
1780016
1780017
1780018
1780019
1780020
1780021
1780022
1780023
1780024
1780025
1780026
1780027
1780028
1780029
1780030
1780031
1780032
1780033
1780034
1780035
1780036
1780037
1780038
1780039
1780040
1780041
1780042
1780043
1780044
1780045
1780046
1780047
1780048
1780049
1780050
1780051
1780052
1780053
1780054
1780055
1780056
1780057
1780058
1780059
1780060
1780061
1780062
1780063
1780064
1780065
1780066
1780067
1780068
1780069
1780070
1780071
1780072
1780073
1780074
1780075
1780076
1780077
1780078
1780079
1780080
1780081
1780082
1780083
1780084
1780085
1780086
1780087
1780088
1780089
1780090
1780091
1780092
1780093
1780094
1780095
1780096
1780097
1780098
1780099
1780100
1780101
1780102
1780103
1780104
1780105
1780106
1780107
1780108
1780109
1780110
1780111
1780112
1780113
1780114
1780115
1780116
1780117
1780118
1780119
1780120
1780121
1780122
1780123
1780124
1780125
1780126
1780127
1780128
1780129
1780130
1780131
1780132
1780133
1780134
1780135
1780136
1780137
1780138
1780139
1780140
1780141
1780142
1780143
1780144
1780145
1780146
1780147
1780148
1780149
1780150
1780151
1780152
1780153
1780154
1780155
1780156
1780157
1780158
1780159
1780160
1780161
1780162
1780163
1780164
1780165
1780166
1780167
1780168
1780169
1780170
1780171
1780172
1780173
1780174
1780175
1780176
1780177
1780178
1780179
1780180
1780181
1780182
1780183
1780184
1780185
1780186
1780187
1780188
1780189
1780190
1780191
1780192
1780193
1780194
1780195
1780196
1780197
1780198
1780199
1780200
1780201
1780202
1780203
1780204
1780205
1780206
1780207
1780208
1780209
1780210
1780211
1780212
1780213
1780214
1780215
1780216
1780217
1780218
1780219
1780220
1780221
1780222
1780223
1780224
1780225
1780226
1780227
1780228
1780229
1780230
1780231
1780232
1780233
1780234
1780235
1780236
1780237
1780238
1780239
1780240
1780241
1780242
1780243
1780244
1780245
1780246
1780247
1780248
1780249
1780250
1780251
1780252
1780253
1780254
1780255
1780256
1780257
1780258
1780259
1780260
1780261
1780262
1780263
1780264
1780265
1780266
1780267
1780268
1780269
1780270
1780271
1780272
1780273
1780274
1780275
1780276
1780277
1780278
1780279
1780280
1780281
1780282
1780283
1780284
1780285
1780286
1780287
1780288
1780289
1780290
1780291
1780292
1780293
1780294
1780295
1780296
1780297
1780298
1780299
1780300
1780301
1780302
1780303
1780304
1780305
1780306
1780307
1780308
1780309
1780310
1780311
1780312
1780313
1780314
1780315
1780316
1780317
1780318
1780319
1780320
1780321
1780322
1780323
1780324
1780325
1780326
1780327
1780328
1780329
1780330
1780331
1780332
1780333
1780334
1780335
1780336
1780337
1780338
1780339
1780340
1780341
1780342
1780343
1780344
1780345
1780346
1780347
1780348
1780349
1780350
1780351
1780352
1780353
1780354
1780355
1780356
1780357
1780358
1780359
1780360
1780361
1780362
1780363
1780364
1780365
1780366
1780367
1780368
1780369
1780370
1780371
1780372
1780373
1780374
1780375
1780376
1780377
1780378
1780379
1780380
1780381
1780382
1780383
1780384
1780385
1780386
1780387
1780388
1780389
1780390
1780391
1780392
1780393
1780394
1780395
1780396
1780397
1780398
1780399
1780400
1780401
1780402
1780403
1780404
1780405
1780406
1780407
1780408
1780409
1780410
1780411
1780412
1780413
1780414
1780415
1780416
1780417
1780418
1780419
1780420
1780421
1780422
1780423
1780424
1780425
1780426
1780427
1780428
1780429
1780430
1780431
1780432
1780433
1780434
1780435
1780436
1780437
1780438
1780439
1780440
1780441
1780442
1780443
1780444
1780445
1780446
1780447
1780448
1780449
1780450
1780451
1780452
1780453
1780454
1780455
1780456
1780457
1780458
1780459
1780460
1780461
1780462
1780463
1780464
1780465
1780466
1780467
1780468
1780469
1780470
1780471
1780472
1780473
1780474
1780475
1780476
1780477
1780478
1780479
1780480
1780481
1780482
1780483
1780484
1780485
1780486
1780487
1780488
1780489
1780490
1780491
1780492
1780493
1780494
1780495
1780496
1780497
1780498
1780499
1780500
1780501
1780502
1780503
1780504
1780505
1780506
1780507
1780508
1780509
1780510
1780511
1780512
1780513
1780514
1780515
1780516
1780517
1780518
1780519
1780520
1780521
1780522
1780523
1780524
1780525
1780526
1780527
1780528
1780529
1780530
1780531
1780532
1780533
1780534
1780535
1780536
1780537
1780538
1780539
1780540
1780541
1780542
1780543
1780544
1780545
1780546
1780547
1780548
1780549
1780550
1780551
1780552
1780553
1780554
1780555
1780556
1780557
1780558
1780559
1780560
1780561
1780562
1780563
1780564
1780565
1780566
1780567
1780568
1780569
1780570
1780571
1780572
1780573
1780574
1780575
1780576
1780577
1780578
1780579
1780580
1780581
1780582
1780583
1780584
1780585
1780586
1780587
1780588
1780589
1780590
1780591
1780592
1780593
1780594
1780595
1780596
1780597
1780598
1780599
1780600
1780601
1780602
1780603
1780604
1780605
1780606
1780607
1780608
1780609
1780610
1780611
1780612
1780613
1780614
1780615
1780616
1780617
1780618
1780619
1780620
1780621
1780622
1780623
1780624
1780625
1780626
1780627
1780628
1780629
1780630
1780631
1780632
1780633
1780634
1780635
1780636
1780637
1780638
1780639
1780640
1780641
1780642
1780643
1780644
1780645
1780646
1780647
1780648
1780649
1780650
1780651
1780652
1780653
1780654
1780655
1780656
1780657
1780658
1780659
1780660
1780661
1780662
1780663
1780664
1780665
1780666
1780667
1780668
1780669
1780670
1780671
1780672
1780673
1780674
1780675
1780676
1780677
1780678
1780679
1780680
1780681
1780682
1780683
1780684
1780685
1780686
1780687
1780688
1780689
1780690
1780691
1780692
1780693
1780694
1780695
1780696
1780697
1780698
1780699
1780700
1780701
1780702
1780703
1780704
1780705
1780706
1780707
1780708
1780709
1780710
1780711
1780712
1780713
1780714
1780715
1780716
1780717
1780718
1780719
1780720
1780721
1780722
1780723
1780724
1780725
1780726
1780727
1780728
1780729
1780730
1780731
1780732
1780733
1780734
1780735
1780736
1780737
1780738
1780739
1780740
1780741
1780742
1780743
1780744
1780745
1780746
1780747
1780748
1780749
1780750
1780751
1780752
1780753
1780754
1780755
1780756
1780757
1780758
1780759
1780760
1780761
1780762
1780763
1780764
1780765
1780766
1780767
1780768
1780769
1780770
1780771
1780772
1780773
1780774
1780775
1780776
1780777
1780778
1780779
1780780
1780781
1780782
1780783
1780784
1780785
1780786
1780787
1780788
1780789
1780790
1780791
1780792
1780793
1780794
1780795
1780796
1780797
1780798
1780799
1780800
1780801
1780802
1780803
1780804
1780805
1780806
1780807
1780808
1780809
1780810
1780811
1780812
1780813
1780814
1780815
1780816
1780817
1780818
1780819
1780820
1780821
1780822
1780823
1780824
1780825
1780826
1780827
1780828
1780829
1780830
1780831
1780832
1780833
1780834
1780835
1780836
1780837
1780838
1780839
1780840
1780841
1780842
1780843
1780844
1780845
1780846
1780847
1780848
1780849
1780850
1780851
1780852
1780853
1780854
1780855
1780856
1780857
1780858
1780859
1780860
1780861
1780862
1780863
1780864
1780865
1780866
1780867
1780868
1780869
1780870
1780871
1780872
1780873
1780874
1780875
1780876
1780877
1780878
1780879
1780880
1780881
1780882
1780883
1780884
1780885
1780886
1780887
1780888
1780889
1780890
1780891
1780892
1780893
1780894
1780895
1780896
1780897
1780898
1780899
1780900
1780901
1780902
1780903
1780904
1780905
1780906
1780907
1780908
1780909
1780910
1780911
1780912
1780913
1780914
1780915
1780916
1780917
1780918
1780919
1780920
1780921
1780922
1780923
1780924
1780925
1780926
1780927
1780928
1780929
1780930
1780931
1780932
1780933
1780934
1780935
1780936
1780937
1780938
1780939
1780940
1780941
1780942
1780943
1780944
1780945
1780946
1780947
1780948
1780949
1780950
1780951
1780952
1780953
1780954
1780955
1780956
1780957
1780958
1780959
1780960
1780961
1780962
1780963
1780964
1780965
1780966
1780967
1780968
1780969
1780970
1780971
1780972
1780973
1780974
1780975
1780976
1780977
1780978
1780979
1780980
1780981
1780982
1780983
1780984
1780985
1780986
1780987
1780988
1780989
1780990
1780991
1780992
1780993
1780994
1780995
1780996
1780997
1780998
1780999
1781000
1781001
1781002
1781003
1781004
1781005
1781006
1781007
1781008
1781009
1781010
1781011
1781012
1781013
1781014
1781015
1781016
1781017
1781018
1781019
1781020
1781021
1781022
1781023
1781024
1781025
1781026
1781027
1781028
1781029
1781030
1781031
1781032
1781033
1781034
1781035
1781036
1781037
1781038
1781039
1781040
1781041
1781042
1781043
1781044
1781045
1781046
1781047
1781048
1781049
1781050
1781051
1781052
1781053
1781054
1781055
1781056
1781057
1781058
1781059
1781060
1781061
1781062
1781063
1781064
1781065
1781066
1781067
1781068
1781069
1781070
1781071
1781072
1781073
1781074
1781075
1781076
1781077
1781078
1781079
1781080
1781081
1781082
1781083
1781084
1781085
1781086
1781087
1781088
1781089
1781090
1781091
1781092
1781093
1781094
1781095
1781096
1781097
1781098
1781099
1781100
1781101
1781102
1781103
1781104
1781105
1781106
1781107
1781108
1781109
1781110
1781111
1781112
1781113
1781114
1781115
1781116
1781117
1781118
1781119
1781120
1781121
1781122
1781123
1781124
1781125
1781126
1781127
1781128
1781129
1781130
1781131
1781132
1781133
1781134
1781135
1781136
1781137
1781138
1781139
1781140
1781141
1781142
1781143
1781144
1781145
1781146
1781147
1781148
1781149
1781150
1781151
1781152
1781153
1781154
1781155
1781156
1781157
1781158
1781159
1781160
1781161
1781162
1781163
1781164
1781165
1781166
1781167
1781168
1781169
1781170
1781171
1781172
1781173
1781174
1781175
1781176
1781177
1781178
1781179
1781180
1781181
1781182
1781183
1781184
1781185
1781186
1781187
1781188
1781189
1781190
1781191
1781192
1781193
1781194
1781195
1781196
1781197
1781198
1781199
1781200
1781201
1781202
1781203
1781204
1781205
1781206
1781207
1781208
1781209
1781210
1781211
1781212
1781213
1781214
1781215
1781216
1781217
1781218
1781219
1781220
1781221
1781222
1781223
1781224
1781225
1781226
1781227
1781228
1781229
1781230
1781231
1781232
1781233
1781234
1781235
1781236
1781237
1781238
1781239
1781240
1781241
1781242
1781243
1781244
1781245
1781246
1781247
1781248
1781249
1781250
1781251
1781252
1781253
1781254
1781255
1781256
1781257
1781258
1781259
1781260
1781261
1781262
1781263
1781264
1781265
1781266
1781267
1781268
1781269
1781270
1781271
1781272
1781273
1781274
1781275
1781276
1781277
1781278
1781279
1781280
1781281
1781282
1781283
1781284
1781285
1781286
1781287
1781288
1781289
1781290
1781291
1781292
1781293
1781294
1781295
1781296
1781297
1781298
1781299
1781300
1781301
1781302
1781303
1781304
1781305
1781306
1781307
1781308
1781309
1781310
1781311
1781312
1781313
1781314
1781315
1781316
1781317
1781318
1781319
1781320
1781321
1781322
1781323
1781324
1781325
1781326
1781327
1781328
1781329
1781330
1781331
1781332
1781333
1781334
1781335
1781336
1781337
1781338
1781339
1781340
1781341
1781342
1781343
1781344
1781345
1781346
1781347
1781348
1781349
1781350
1781351
1781352
1781353
1781354
1781355
1781356
1781357
1781358
1781359
1781360
1781361
1781362
1781363
1781364
1781365
1781366
1781367
1781368
1781369
1781370
1781371
1781372
1781373
1781374
1781375
1781376
1781377
1781378
1781379
1781380
1781381
1781382
1781383
1781384
1781385
1781386
1781387
1781388
1781389
1781390
1781391
1781392
1781393
1781394
1781395
1781396
1781397
1781398
1781399
1781400
1781401
1781402
1781403
1781404
1781405
1781406
1781407
1781408
1781409
1781410
1781411
1781412
1781413
1781414
1781415
1781416
1781417
1781418
1781419
1781420
1781421
1781422
1781423
1781424
1781425
1781426
1781427
1781428
1781429
1781430
1781431
1781432
1781433
1781434
1781435
1781436
1781437
1781438
1781439
1781440
1781441
1781442
1781443
1781444
1781445
1781446
1781447
1781448
1781449
1781450
1781451
1781452
1781453
1781454
1781455
1781456
1781457
1781458
1781459
1781460
1781461
1781462
1781463
1781464
1781465
1781466
1781467
1781468
1781469
1781470
1781471
1781472
1781473
1781474
1781475
1781476
1781477
1781478
1781479
1781480
1781481
1781482
1781483
1781484
1781485
1781486
1781487
1781488
1781489
1781490
1781491
1781492
1781493
1781494
1781495
1781496
1781497
1781498
1781499
1781500
1781501
1781502
1781503
1781504
1781505
1781506
1781507
1781508
1781509
1781510
1781511
1781512
1781513
1781514
1781515
1781516
1781517
1781518
1781519
1781520
1781521
1781522
1781523
1781524
1781525
1781526
1781527
1781528
1781529
1781530
1781531
1781532
1781533
1781534
1781535
1781536
1781537
1781538
1781539
1781540
1781541
1781542
1781543
1781544
1781545
1781546
1781547
1781548
1781549
1781550
1781551
1781552
1781553
1781554
1781555
1781556
1781557
1781558
1781559
1781560
1781561
1781562
1781563
1781564
1781565
1781566
1781567
1781568
1781569
1781570
1781571
1781572
1781573
1781574
1781575
1781576
1781577
1781578
1781579
1781580
1781581
1781582
1781583
1781584
1781585
1781586
1781587
1781588
1781589
1781590
1781591
1781592
1781593
1781594
1781595
1781596
1781597
1781598
1781599
1781600
1781601
1781602
1781603
1781604
1781605
1781606
1781607
1781608
1781609
1781610
1781611
1781612
1781613
1781614
1781615
1781616
1781617
1781618
1781619
1781620
1781621
1781622
1781623
1781624
1781625
1781626
1781627
1781628
1781629
1781630
1781631
1781632
1781633
1781634
1781635
1781636
1781637
1781638
1781639
1781640
1781641
1781642
1781643
1781644
1781645
1781646
1781647
1781648
1781649
1781650
1781651
1781652
1781653
1781654
1781655
1781656
1781657
1781658
1781659
1781660
1781661
1781662
1781663
1781664
1781665
1781666
1781667
1781668
1781669
1781670
1781671
1781672
1781673
1781674
1781675
1781676
1781677
1781678
1781679
1781680
1781681
1781682
1781683
1781684
1781685
1781686
1781687
1781688
1781689
1781690
1781691
1781692
1781693
1781694
1781695
1781696
1781697
1781698
1781699
1781700
1781701
1781702
1781703
1781704
1781705
1781706
1781707
1781708
1781709
1781710
1781711
1781712
1781713
1781714
1781715
1781716
1781717
1781718
1781719
1781720
1781721
1781722
1781723
1781724
1781725
1781726
1781727
1781728
1781729
1781730
1781731
1781732
1781733
1781734
1781735
1781736
1781737
1781738
1781739
1781740
1781741
1781742
1781743
1781744
1781745
1781746
1781747
1781748
1781749
1781750
1781751
1781752
1781753
1781754
1781755
1781756
1781757
1781758
1781759
1781760
1781761
1781762
1781763
1781764
1781765
1781766
1781767
1781768
1781769
1781770
1781771
1781772
1781773
1781774
1781775
1781776
1781777
1781778
1781779
1781780
1781781
1781782
1781783
1781784
1781785
1781786
1781787
1781788
1781789
1781790
1781791
1781792
1781793
1781794
1781795
1781796
1781797
1781798
1781799
1781800
1781801
1781802
1781803
1781804
1781805
1781806
1781807
1781808
1781809
1781810
1781811
1781812
1781813
1781814
1781815
1781816
1781817
1781818
1781819
1781820
1781821
1781822
1781823
1781824
1781825
1781826
1781827
1781828
1781829
1781830
1781831
1781832
1781833
1781834
1781835
1781836
1781837
1781838
1781839
1781840
1781841
1781842
1781843
1781844
1781845
1781846
1781847
1781848
1781849
1781850
1781851
1781852
1781853
1781854
1781855
1781856
1781857
1781858
1781859
1781860
1781861
1781862
1781863
1781864
1781865
1781866
1781867
1781868
1781869
1781870
1781871
1781872
1781873
1781874
1781875
1781876
1781877
1781878
1781879
1781880
1781881
1781882
1781883
1781884
1781885
1781886
1781887
1781888
1781889
1781890
1781891
1781892
1781893
1781894
1781895
1781896
1781897
1781898
1781899
1781900
1781901
1781902
1781903
1781904
1781905
1781906
1781907
1781908
1781909
1781910
1781911
1781912
1781913
1781914
1781915
1781916
1781917
1781918
1781919
1781920
1781921
1781922
1781923
1781924
1781925
1781926
1781927
1781928
1781929
1781930
1781931
1781932
1781933
1781934
1781935
1781936
1781937
1781938
1781939
1781940
1781941
1781942
1781943
1781944
1781945
1781946
1781947
1781948
1781949
1781950
1781951
1781952
1781953
1781954
1781955
1781956
1781957
1781958
1781959
1781960
1781961
1781962
1781963
1781964
1781965
1781966
1781967
1781968
1781969
1781970
1781971
1781972
1781973
1781974
1781975
1781976
1781977
1781978
1781979
1781980
1781981
1781982
1781983
1781984
1781985
1781986
1781987
1781988
1781989
1781990
1781991
1781992
1781993
1781994
1781995
1781996
1781997
1781998
1781999
1782000
1782001
1782002
1782003
1782004
1782005
1782006
1782007
1782008
1782009
1782010
1782011
1782012
1782013
1782014
1782015
1782016
1782017
1782018
1782019
1782020
1782021
1782022
1782023
1782024
1782025
1782026
1782027
1782028
1782029
1782030
1782031
1782032
1782033
1782034
1782035
1782036
1782037
1782038
1782039
1782040
1782041
1782042
1782043
1782044
1782045
1782046
1782047
1782048
1782049
1782050
1782051
1782052
1782053
1782054
1782055
1782056
1782057
1782058
1782059
1782060
1782061
1782062
1782063
1782064
1782065
1782066
1782067
1782068
1782069
1782070
1782071
1782072
1782073
1782074
1782075
1782076
1782077
1782078
1782079
1782080
1782081
1782082
1782083
1782084
1782085
1782086
1782087
1782088
1782089
1782090
1782091
1782092
1782093
1782094
1782095
1782096
1782097
1782098
1782099
1782100
1782101
1782102
1782103
1782104
1782105
1782106
1782107
1782108
1782109
1782110
1782111
1782112
1782113
1782114
1782115
1782116
1782117
1782118
1782119
1782120
1782121
1782122
1782123
1782124
1782125
1782126
1782127
1782128
1782129
1782130
1782131
1782132
1782133
1782134
1782135
1782136
1782137
1782138
1782139
1782140
1782141
1782142
1782143
1782144
1782145
1782146
1782147
1782148
1782149
1782150
1782151
1782152
1782153
1782154
1782155
1782156
1782157
1782158
1782159
1782160
1782161
1782162
1782163
1782164
1782165
1782166
1782167
1782168
1782169
1782170
1782171
1782172
1782173
1782174
1782175
1782176
1782177
1782178
1782179
1782180
1782181
1782182
1782183
1782184
1782185
1782186
1782187
1782188
1782189
1782190
1782191
1782192
1782193
1782194
1782195
1782196
1782197
1782198
1782199
1782200
1782201
1782202
1782203
1782204
1782205
1782206
1782207
1782208
1782209
1782210
1782211
1782212
1782213
1782214
1782215
1782216
1782217
1782218
1782219
1782220
1782221
1782222
1782223
1782224
1782225
1782226
1782227
1782228
1782229
1782230
1782231
1782232
1782233
1782234
1782235
1782236
1782237
1782238
1782239
1782240
1782241
1782242
1782243
1782244
1782245
1782246
1782247
1782248
1782249
1782250
1782251
1782252
1782253
1782254
1782255
1782256
1782257
1782258
1782259
1782260
1782261
1782262
1782263
1782264
1782265
1782266
1782267
1782268
1782269
1782270
1782271
1782272
1782273
1782274
1782275
1782276
1782277
1782278
1782279
1782280
1782281
1782282
1782283
1782284
1782285
1782286
1782287
1782288
1782289
1782290
1782291
1782292
1782293
1782294
1782295
1782296
1782297
1782298
1782299
1782300
1782301
1782302
1782303
1782304
1782305
1782306
1782307
1782308
1782309
1782310
1782311
1782312
1782313
1782314
1782315
1782316
1782317
1782318
1782319
1782320
1782321
1782322
1782323
1782324
1782325
1782326
1782327
1782328
1782329
1782330
1782331
1782332
1782333
1782334
1782335
1782336
1782337
1782338
1782339
1782340
1782341
1782342
1782343
1782344
1782345
1782346
1782347
1782348
1782349
1782350
1782351
1782352
1782353
1782354
1782355
1782356
1782357
1782358
1782359
1782360
1782361
1782362
1782363
1782364
1782365
1782366
1782367
1782368
1782369
1782370
1782371
1782372
1782373
1782374
1782375
1782376
1782377
1782378
1782379
1782380
1782381
1782382
1782383
1782384
1782385
1782386
1782387
1782388
1782389
1782390
1782391
1782392
1782393
1782394
1782395
1782396
1782397
1782398
1782399
1782400
1782401
1782402
1782403
1782404
1782405
1782406
1782407
1782408
1782409
1782410
1782411
1782412
1782413
1782414
1782415
1782416
1782417
1782418
1782419
1782420
1782421
1782422
1782423
1782424
1782425
1782426
1782427
1782428
1782429
1782430
1782431
1782432
1782433
1782434
1782435
1782436
1782437
1782438
1782439
1782440
1782441
1782442
1782443
1782444
1782445
1782446
1782447
1782448
1782449
1782450
1782451
1782452
1782453
1782454
1782455
1782456
1782457
1782458
1782459
1782460
1782461
1782462
1782463
1782464
1782465
1782466
1782467
1782468
1782469
1782470
1782471
1782472
1782473
1782474
1782475
1782476
1782477
1782478
1782479
1782480
1782481
1782482
1782483
1782484
1782485
1782486
1782487
1782488
1782489
1782490
1782491
1782492
1782493
1782494
1782495
1782496
1782497
1782498
1782499
1782500
1782501
1782502
1782503
1782504
1782505
1782506
1782507
1782508
1782509
1782510
1782511
1782512
1782513
1782514
1782515
1782516
1782517
1782518
1782519
1782520
1782521
1782522
1782523
1782524
1782525
1782526
1782527
1782528
1782529
1782530
1782531
1782532
1782533
1782534
1782535
1782536
1782537
1782538
1782539
1782540
1782541
1782542
1782543
1782544
1782545
1782546
1782547
1782548
1782549
1782550
1782551
1782552
1782553
1782554
1782555
1782556
1782557
1782558
1782559
1782560
1782561
1782562
1782563
1782564
1782565
1782566
1782567
1782568
1782569
1782570
1782571
1782572
1782573
1782574
1782575
1782576
1782577
1782578
1782579
1782580
1782581
1782582
1782583
1782584
1782585
1782586
1782587
1782588
1782589
1782590
1782591
1782592
1782593
1782594
1782595
1782596
1782597
1782598
1782599
1782600
1782601
1782602
1782603
1782604
1782605
1782606
1782607
1782608
1782609
1782610
1782611
1782612
1782613
1782614
1782615
1782616
1782617
1782618
1782619
1782620
1782621
1782622
1782623
1782624
1782625
1782626
1782627
1782628
1782629
1782630
1782631
1782632
1782633
1782634
1782635
1782636
1782637
1782638
1782639
1782640
1782641
1782642
1782643
1782644
1782645
1782646
1782647
1782648
1782649
1782650
1782651
1782652
1782653
1782654
1782655
1782656
1782657
1782658
1782659
1782660
1782661
1782662
1782663
1782664
1782665
1782666
1782667
1782668
1782669
1782670
1782671
1782672
1782673
1782674
1782675
1782676
1782677
1782678
1782679
1782680
1782681
1782682
1782683
1782684
1782685
1782686
1782687
1782688
1782689
1782690
1782691
1782692
1782693
1782694
1782695
1782696
1782697
1782698
1782699
1782700
1782701
1782702
1782703
1782704
1782705
1782706
1782707
1782708
1782709
1782710
1782711
1782712
1782713
1782714
1782715
1782716
1782717
1782718
1782719
1782720
1782721
1782722
1782723
1782724
1782725
1782726
1782727
1782728
1782729
1782730
1782731
1782732
1782733
1782734
1782735
1782736
1782737
1782738
1782739
1782740
1782741
1782742
1782743
1782744
1782745
1782746
1782747
1782748
1782749
1782750
1782751
1782752
1782753
1782754
1782755
1782756
1782757
1782758
1782759
1782760
1782761
1782762
1782763
1782764
1782765
1782766
1782767
1782768
1782769
1782770
1782771
1782772
1782773
1782774
1782775
1782776
1782777
1782778
1782779
1782780
1782781
1782782
1782783
1782784
1782785
1782786
1782787
1782788
1782789
1782790
1782791
1782792
1782793
1782794
1782795
1782796
1782797
1782798
1782799
1782800
1782801
1782802
1782803
1782804
1782805
1782806
1782807
1782808
1782809
1782810
1782811
1782812
1782813
1782814
1782815
1782816
1782817
1782818
1782819
1782820
1782821
1782822
1782823
1782824
1782825
1782826
1782827
1782828
1782829
1782830
1782831
1782832
1782833
1782834
1782835
1782836
1782837
1782838
1782839
1782840
1782841
1782842
1782843
1782844
1782845
1782846
1782847
1782848
1782849
1782850
1782851
1782852
1782853
1782854
1782855
1782856
1782857
1782858
1782859
1782860
1782861
1782862
1782863
1782864
1782865
1782866
1782867
1782868
1782869
1782870
1782871
1782872
1782873
1782874
1782875
1782876
1782877
1782878
1782879
1782880
1782881
1782882
1782883
1782884
1782885
1782886
1782887
1782888
1782889
1782890
1782891
1782892
1782893
1782894
1782895
1782896
1782897
1782898
1782899
1782900
1782901
1782902
1782903
1782904
1782905
1782906
1782907
1782908
1782909
1782910
1782911
1782912
1782913
1782914
1782915
1782916
1782917
1782918
1782919
1782920
1782921
1782922
1782923
1782924
1782925
1782926
1782927
1782928
1782929
1782930
1782931
1782932
1782933
1782934
1782935
1782936
1782937
1782938
1782939
1782940
1782941
1782942
1782943
1782944
1782945
1782946
1782947
1782948
1782949
1782950
1782951
1782952
1782953
1782954
1782955
1782956
1782957
1782958
1782959
1782960
1782961
1782962
1782963
1782964
1782965
1782966
1782967
1782968
1782969
1782970
1782971
1782972
1782973
1782974
1782975
1782976
1782977
1782978
1782979
1782980
1782981
1782982
1782983
1782984
1782985
1782986
1782987
1782988
1782989
1782990
1782991
1782992
1782993
1782994
1782995
1782996
1782997
1782998
1782999
1783000
1783001
1783002
1783003
1783004
1783005
1783006
1783007
1783008
1783009
1783010
1783011
1783012
1783013
1783014
1783015
1783016
1783017
1783018
1783019
1783020
1783021
1783022
1783023
1783024
1783025
1783026
1783027
1783028
1783029
1783030
1783031
1783032
1783033
1783034
1783035
1783036
1783037
1783038
1783039
1783040
1783041
1783042
1783043
1783044
1783045
1783046
1783047
1783048
1783049
1783050
1783051
1783052
1783053
1783054
1783055
1783056
1783057
1783058
1783059
1783060
1783061
1783062
1783063
1783064
1783065
1783066
1783067
1783068
1783069
1783070
1783071
1783072
1783073
1783074
1783075
1783076
1783077
1783078
1783079
1783080
1783081
1783082
1783083
1783084
1783085
1783086
1783087
1783088
1783089
1783090
1783091
1783092
1783093
1783094
1783095
1783096
1783097
1783098
1783099
1783100
1783101
1783102
1783103
1783104
1783105
1783106
1783107
1783108
1783109
1783110
1783111
1783112
1783113
1783114
1783115
1783116
1783117
1783118
1783119
1783120
1783121
1783122
1783123
1783124
1783125
1783126
1783127
1783128
1783129
1783130
1783131
1783132
1783133
1783134
1783135
1783136
1783137
1783138
1783139
1783140
1783141
1783142
1783143
1783144
1783145
1783146
1783147
1783148
1783149
1783150
1783151
1783152
1783153
1783154
1783155
1783156
1783157
1783158
1783159
1783160
1783161
1783162
1783163
1783164
1783165
1783166
1783167
1783168
1783169
1783170
1783171
1783172
1783173
1783174
1783175
1783176
1783177
1783178
1783179
1783180
1783181
1783182
1783183
1783184
1783185
1783186
1783187
1783188
1783189
1783190
1783191
1783192
1783193
1783194
1783195
1783196
1783197
1783198
1783199
1783200
1783201
1783202
1783203
1783204
1783205
1783206
1783207
1783208
1783209
1783210
1783211
1783212
1783213
1783214
1783215
1783216
1783217
1783218
1783219
1783220
1783221
1783222
1783223
1783224
1783225
1783226
1783227
1783228
1783229
1783230
1783231
1783232
1783233
1783234
1783235
1783236
1783237
1783238
1783239
1783240
1783241
1783242
1783243
1783244
1783245
1783246
1783247
1783248
1783249
1783250
1783251
1783252
1783253
1783254
1783255
1783256
1783257
1783258
1783259
1783260
1783261
1783262
1783263
1783264
1783265
1783266
1783267
1783268
1783269
1783270
1783271
1783272
1783273
1783274
1783275
1783276
1783277
1783278
1783279
1783280
1783281
1783282
1783283
1783284
1783285
1783286
1783287
1783288
1783289
1783290
1783291
1783292
1783293
1783294
1783295
1783296
1783297
1783298
1783299
1783300
1783301
1783302
1783303
1783304
1783305
1783306
1783307
1783308
1783309
1783310
1783311
1783312
1783313
1783314
1783315
1783316
1783317
1783318
1783319
1783320
1783321
1783322
1783323
1783324
1783325
1783326
1783327
1783328
1783329
1783330
1783331
1783332
1783333
1783334
1783335
1783336
1783337
1783338
1783339
1783340
1783341
1783342
1783343
1783344
1783345
1783346
1783347
1783348
1783349
1783350
1783351
1783352
1783353
1783354
1783355
1783356
1783357
1783358
1783359
1783360
1783361
1783362
1783363
1783364
1783365
1783366
1783367
1783368
1783369
1783370
1783371
1783372
1783373
1783374
1783375
1783376
1783377
1783378
1783379
1783380
1783381
1783382
1783383
1783384
1783385
1783386
1783387
1783388
1783389
1783390
1783391
1783392
1783393
1783394
1783395
1783396
1783397
1783398
1783399
1783400
1783401
1783402
1783403
1783404
1783405
1783406
1783407
1783408
1783409
1783410
1783411
1783412
1783413
1783414
1783415
1783416
1783417
1783418
1783419
1783420
1783421
1783422
1783423
1783424
1783425
1783426
1783427
1783428
1783429
1783430
1783431
1783432
1783433
1783434
1783435
1783436
1783437
1783438
1783439
1783440
1783441
1783442
1783443
1783444
1783445
1783446
1783447
1783448
1783449
1783450
1783451
1783452
1783453
1783454
1783455
1783456
1783457
1783458
1783459
1783460
1783461
1783462
1783463
1783464
1783465
1783466
1783467
1783468
1783469
1783470
1783471
1783472
1783473
1783474
1783475
1783476
1783477
1783478
1783479
1783480
1783481
1783482
1783483
1783484
1783485
1783486
1783487
1783488
1783489
1783490
1783491
1783492
1783493
1783494
1783495
1783496
1783497
1783498
1783499
1783500
1783501
1783502
1783503
1783504
1783505
1783506
1783507
1783508
1783509
1783510
1783511
1783512
1783513
1783514
1783515
1783516
1783517
1783518
1783519
1783520
1783521
1783522
1783523
1783524
1783525
1783526
1783527
1783528
1783529
1783530
1783531
1783532
1783533
1783534
1783535
1783536
1783537
1783538
1783539
1783540
1783541
1783542
1783543
1783544
1783545
1783546
1783547
1783548
1783549
1783550
1783551
1783552
1783553
1783554
1783555
1783556
1783557
1783558
1783559
1783560
1783561
1783562
1783563
1783564
1783565
1783566
1783567
1783568
1783569
1783570
1783571
1783572
1783573
1783574
1783575
1783576
1783577
1783578
1783579
1783580
1783581
1783582
1783583
1783584
1783585
1783586
1783587
1783588
1783589
1783590
1783591
1783592
1783593
1783594
1783595
1783596
1783597
1783598
1783599
1783600
1783601
1783602
1783603
1783604
1783605
1783606
1783607
1783608
1783609
1783610
1783611
1783612
1783613
1783614
1783615
1783616
1783617
1783618
1783619
1783620
1783621
1783622
1783623
1783624
1783625
1783626
1783627
1783628
1783629
1783630
1783631
1783632
1783633
1783634
1783635
1783636
1783637
1783638
1783639
1783640
1783641
1783642
1783643
1783644
1783645
1783646
1783647
1783648
1783649
1783650
1783651
1783652
1783653
1783654
1783655
1783656
1783657
1783658
1783659
1783660
1783661
1783662
1783663
1783664
1783665
1783666
1783667
1783668
1783669
1783670
1783671
1783672
1783673
1783674
1783675
1783676
1783677
1783678
1783679
1783680
1783681
1783682
1783683
1783684
1783685
1783686
1783687
1783688
1783689
1783690
1783691
1783692
1783693
1783694
1783695
1783696
1783697
1783698
1783699
1783700
1783701
1783702
1783703
1783704
1783705
1783706
1783707
1783708
1783709
1783710
1783711
1783712
1783713
1783714
1783715
1783716
1783717
1783718
1783719
1783720
1783721
1783722
1783723
1783724
1783725
1783726
1783727
1783728
1783729
1783730
1783731
1783732
1783733
1783734
1783735
1783736
1783737
1783738
1783739
1783740
1783741
1783742
1783743
1783744
1783745
1783746
1783747
1783748
1783749
1783750
1783751
1783752
1783753
1783754
1783755
1783756
1783757
1783758
1783759
1783760
1783761
1783762
1783763
1783764
1783765
1783766
1783767
1783768
1783769
1783770
1783771
1783772
1783773
1783774
1783775
1783776
1783777
1783778
1783779
1783780
1783781
1783782
1783783
1783784
1783785
1783786
1783787
1783788
1783789
1783790
1783791
1783792
1783793
1783794
1783795
1783796
1783797
1783798
1783799
1783800
1783801
1783802
1783803
1783804
1783805
1783806
1783807
1783808
1783809
1783810
1783811
1783812
1783813
1783814
1783815
1783816
1783817
1783818
1783819
1783820
1783821
1783822
1783823
1783824
1783825
1783826
1783827
1783828
1783829
1783830
1783831
1783832
1783833
1783834
1783835
1783836
1783837
1783838
1783839
1783840
1783841
1783842
1783843
1783844
1783845
1783846
1783847
1783848
1783849
1783850
1783851
1783852
1783853
1783854
1783855
1783856
1783857
1783858
1783859
1783860
1783861
1783862
1783863
1783864
1783865
1783866
1783867
1783868
1783869
1783870
1783871
1783872
1783873
1783874
1783875
1783876
1783877
1783878
1783879
1783880
1783881
1783882
1783883
1783884
1783885
1783886
1783887
1783888
1783889
1783890
1783891
1783892
1783893
1783894
1783895
1783896
1783897
1783898
1783899
1783900
1783901
1783902
1783903
1783904
1783905
1783906
1783907
1783908
1783909
1783910
1783911
1783912
1783913
1783914
1783915
1783916
1783917
1783918
1783919
1783920
1783921
1783922
1783923
1783924
1783925
1783926
1783927
1783928
1783929
1783930
1783931
1783932
1783933
1783934
1783935
1783936
1783937
1783938
1783939
1783940
1783941
1783942
1783943
1783944
1783945
1783946
1783947
1783948
1783949
1783950
1783951
1783952
1783953
1783954
1783955
1783956
1783957
1783958
1783959
1783960
1783961
1783962
1783963
1783964
1783965
1783966
1783967
1783968
1783969
1783970
1783971
1783972
1783973
1783974
1783975
1783976
1783977
1783978
1783979
1783980
1783981
1783982
1783983
1783984
1783985
1783986
1783987
1783988
1783989
1783990
1783991
1783992
1783993
1783994
1783995
1783996
1783997
1783998
1783999
1784000
1784001
1784002
1784003
1784004
1784005
1784006
1784007
1784008
1784009
1784010
1784011
1784012
1784013
1784014
1784015
1784016
1784017
1784018
1784019
1784020
1784021
1784022
1784023
1784024
1784025
1784026
1784027
1784028
1784029
1784030
1784031
1784032
1784033
1784034
1784035
1784036
1784037
1784038
1784039
1784040
1784041
1784042
1784043
1784044
1784045
1784046
1784047
1784048
1784049
1784050
1784051
1784052
1784053
1784054
1784055
1784056
1784057
1784058
1784059
1784060
1784061
1784062
1784063
1784064
1784065
1784066
1784067
1784068
1784069
1784070
1784071
1784072
1784073
1784074
1784075
1784076
1784077
1784078
1784079
1784080
1784081
1784082
1784083
1784084
1784085
1784086
1784087
1784088
1784089
1784090
1784091
1784092
1784093
1784094
1784095
1784096
1784097
1784098
1784099
1784100
1784101
1784102
1784103
1784104
1784105
1784106
1784107
1784108
1784109
1784110
1784111
1784112
1784113
1784114
1784115
1784116
1784117
1784118
1784119
1784120
1784121
1784122
1784123
1784124
1784125
1784126
1784127
1784128
1784129
1784130
1784131
1784132
1784133
1784134
1784135
1784136
1784137
1784138
1784139
1784140
1784141
1784142
1784143
1784144
1784145
1784146
1784147
1784148
1784149
1784150
1784151
1784152
1784153
1784154
1784155
1784156
1784157
1784158
1784159
1784160
1784161
1784162
1784163
1784164
1784165
1784166
1784167
1784168
1784169
1784170
1784171
1784172
1784173
1784174
1784175
1784176
1784177
1784178
1784179
1784180
1784181
1784182
1784183
1784184
1784185
1784186
1784187
1784188
1784189
1784190
1784191
1784192
1784193
1784194
1784195
1784196
1784197
1784198
1784199
1784200
1784201
1784202
1784203
1784204
1784205
1784206
1784207
1784208
1784209
1784210
1784211
1784212
1784213
1784214
1784215
1784216
1784217
1784218
1784219
1784220
1784221
1784222
1784223
1784224
1784225
1784226
1784227
1784228
1784229
1784230
1784231
1784232
1784233
1784234
1784235
1784236
1784237
1784238
1784239
1784240
1784241
1784242
1784243
1784244
1784245
1784246
1784247
1784248
1784249
1784250
1784251
1784252
1784253
1784254
1784255
1784256
1784257
1784258
1784259
1784260
1784261
1784262
1784263
1784264
1784265
1784266
1784267
1784268
1784269
1784270
1784271
1784272
1784273
1784274
1784275
1784276
1784277
1784278
1784279
1784280
1784281
1784282
1784283
1784284
1784285
1784286
1784287
1784288
1784289
1784290
1784291
1784292
1784293
1784294
1784295
1784296
1784297
1784298
1784299
1784300
1784301
1784302
1784303
1784304
1784305
1784306
1784307
1784308
1784309
1784310
1784311
1784312
1784313
1784314
1784315
1784316
1784317
1784318
1784319
1784320
1784321
1784322
1784323
1784324
1784325
1784326
1784327
1784328
1784329
1784330
1784331
1784332
1784333
1784334
1784335
1784336
1784337
1784338
1784339
1784340
1784341
1784342
1784343
1784344
1784345
1784346
1784347
1784348
1784349
1784350
1784351
1784352
1784353
1784354
1784355
1784356
1784357
1784358
1784359
1784360
1784361
1784362
1784363
1784364
1784365
1784366
1784367
1784368
1784369
1784370
1784371
1784372
1784373
1784374
1784375
1784376
1784377
1784378
1784379
1784380
1784381
1784382
1784383
1784384
1784385
1784386
1784387
1784388
1784389
1784390
1784391
1784392
1784393
1784394
1784395
1784396
1784397
1784398
1784399
1784400
1784401
1784402
1784403
1784404
1784405
1784406
1784407
1784408
1784409
1784410
1784411
1784412
1784413
1784414
1784415
1784416
1784417
1784418
1784419
1784420
1784421
1784422
1784423
1784424
1784425
1784426
1784427
1784428
1784429
1784430
1784431
1784432
1784433
1784434
1784435
1784436
1784437
1784438
1784439
1784440
1784441
1784442
1784443
1784444
1784445
1784446
1784447
1784448
1784449
1784450
1784451
1784452
1784453
1784454
1784455
1784456
1784457
1784458
1784459
1784460
1784461
1784462
1784463
1784464
1784465
1784466
1784467
1784468
1784469
1784470
1784471
1784472
1784473
1784474
1784475
1784476
1784477
1784478
1784479
1784480
1784481
1784482
1784483
1784484
1784485
1784486
1784487
1784488
1784489
1784490
1784491
1784492
1784493
1784494
1784495
1784496
1784497
1784498
1784499
1784500
1784501
1784502
1784503
1784504
1784505
1784506
1784507
1784508
1784509
1784510
1784511
1784512
1784513
1784514
1784515
1784516
1784517
1784518
1784519
1784520
1784521
1784522
1784523
1784524
1784525
1784526
1784527
1784528
1784529
1784530
1784531
1784532
1784533
1784534
1784535
1784536
1784537
1784538
1784539
1784540
1784541
1784542
1784543
1784544
1784545
1784546
1784547
1784548
1784549
1784550
1784551
1784552
1784553
1784554
1784555
1784556
1784557
1784558
1784559
1784560
1784561
1784562
1784563
1784564
1784565
1784566
1784567
1784568
1784569
1784570
1784571
1784572
1784573
1784574
1784575
1784576
1784577
1784578
1784579
1784580
1784581
1784582
1784583
1784584
1784585
1784586
1784587
1784588
1784589
1784590
1784591
1784592
1784593
1784594
1784595
1784596
1784597
1784598
1784599
1784600
1784601
1784602
1784603
1784604
1784605
1784606
1784607
1784608
1784609
1784610
1784611
1784612
1784613
1784614
1784615
1784616
1784617
1784618
1784619
1784620
1784621
1784622
1784623
1784624
1784625
1784626
1784627
1784628
1784629
1784630
1784631
1784632
1784633
1784634
1784635
1784636
1784637
1784638
1784639
1784640
1784641
1784642
1784643
1784644
1784645
1784646
1784647
1784648
1784649
1784650
1784651
1784652
1784653
1784654
1784655
1784656
1784657
1784658
1784659
1784660
1784661
1784662
1784663
1784664
1784665
1784666
1784667
1784668
1784669
1784670
1784671
1784672
1784673
1784674
1784675
1784676
1784677
1784678
1784679
1784680
1784681
1784682
1784683
1784684
1784685
1784686
1784687
1784688
1784689
1784690
1784691
1784692
1784693
1784694
1784695
1784696
1784697
1784698
1784699
1784700
1784701
1784702
1784703
1784704
1784705
1784706
1784707
1784708
1784709
1784710
1784711
1784712
1784713
1784714
1784715
1784716
1784717
1784718
1784719
1784720
1784721
1784722
1784723
1784724
1784725
1784726
1784727
1784728
1784729
1784730
1784731
1784732
1784733
1784734
1784735
1784736
1784737
1784738
1784739
1784740
1784741
1784742
1784743
1784744
1784745
1784746
1784747
1784748
1784749
1784750
1784751
1784752
1784753
1784754
1784755
1784756
1784757
1784758
1784759
1784760
1784761
1784762
1784763
1784764
1784765
1784766
1784767
1784768
1784769
1784770
1784771
1784772
1784773
1784774
1784775
1784776
1784777
1784778
1784779
1784780
1784781
1784782
1784783
1784784
1784785
1784786
1784787
1784788
1784789
1784790
1784791
1784792
1784793
1784794
1784795
1784796
1784797
1784798
1784799
1784800
1784801
1784802
1784803
1784804
1784805
1784806
1784807
1784808
1784809
1784810
1784811
1784812
1784813
1784814
1784815
1784816
1784817
1784818
1784819
1784820
1784821
1784822
1784823
1784824
1784825
1784826
1784827
1784828
1784829
1784830
1784831
1784832
1784833
1784834
1784835
1784836
1784837
1784838
1784839
1784840
1784841
1784842
1784843
1784844
1784845
1784846
1784847
1784848
1784849
1784850
1784851
1784852
1784853
1784854
1784855
1784856
1784857
1784858
1784859
1784860
1784861
1784862
1784863
1784864
1784865
1784866
1784867
1784868
1784869
1784870
1784871
1784872
1784873
1784874
1784875
1784876
1784877
1784878
1784879
1784880
1784881
1784882
1784883
1784884
1784885
1784886
1784887
1784888
1784889
1784890
1784891
1784892
1784893
1784894
1784895
1784896
1784897
1784898
1784899
1784900
1784901
1784902
1784903
1784904
1784905
1784906
1784907
1784908
1784909
1784910
1784911
1784912
1784913
1784914
1784915
1784916
1784917
1784918
1784919
1784920
1784921
1784922
1784923
1784924
1784925
1784926
1784927
1784928
1784929
1784930
1784931
1784932
1784933
1784934
1784935
1784936
1784937
1784938
1784939
1784940
1784941
1784942
1784943
1784944
1784945
1784946
1784947
1784948
1784949
1784950
1784951
1784952
1784953
1784954
1784955
1784956
1784957
1784958
1784959
1784960
1784961
1784962
1784963
1784964
1784965
1784966
1784967
1784968
1784969
1784970
1784971
1784972
1784973
1784974
1784975
1784976
1784977
1784978
1784979
1784980
1784981
1784982
1784983
1784984
1784985
1784986
1784987
1784988
1784989
1784990
1784991
1784992
1784993
1784994
1784995
1784996
1784997
1784998
1784999
1785000
1785001
1785002
1785003
1785004
1785005
1785006
1785007
1785008
1785009
1785010
1785011
1785012
1785013
1785014
1785015
1785016
1785017
1785018
1785019
1785020
1785021
1785022
1785023
1785024
1785025
1785026
1785027
1785028
1785029
1785030
1785031
1785032
1785033
1785034
1785035
1785036
1785037
1785038
1785039
1785040
1785041
1785042
1785043
1785044
1785045
1785046
1785047
1785048
1785049
1785050
1785051
1785052
1785053
1785054
1785055
1785056
1785057
1785058
1785059
1785060
1785061
1785062
1785063
1785064
1785065
1785066
1785067
1785068
1785069
1785070
1785071
1785072
1785073
1785074
1785075
1785076
1785077
1785078
1785079
1785080
1785081
1785082
1785083
1785084
1785085
1785086
1785087
1785088
1785089
1785090
1785091
1785092
1785093
1785094
1785095
1785096
1785097
1785098
1785099
1785100
1785101
1785102
1785103
1785104
1785105
1785106
1785107
1785108
1785109
1785110
1785111
1785112
1785113
1785114
1785115
1785116
1785117
1785118
1785119
1785120
1785121
1785122
1785123
1785124
1785125
1785126
1785127
1785128
1785129
1785130
1785131
1785132
1785133
1785134
1785135
1785136
1785137
1785138
1785139
1785140
1785141
1785142
1785143
1785144
1785145
1785146
1785147
1785148
1785149
1785150
1785151
1785152
1785153
1785154
1785155
1785156
1785157
1785158
1785159
1785160
1785161
1785162
1785163
1785164
1785165
1785166
1785167
1785168
1785169
1785170
1785171
1785172
1785173
1785174
1785175
1785176
1785177
1785178
1785179
1785180
1785181
1785182
1785183
1785184
1785185
1785186
1785187
1785188
1785189
1785190
1785191
1785192
1785193
1785194
1785195
1785196
1785197
1785198
1785199
1785200
1785201
1785202
1785203
1785204
1785205
1785206
1785207
1785208
1785209
1785210
1785211
1785212
1785213
1785214
1785215
1785216
1785217
1785218
1785219
1785220
1785221
1785222
1785223
1785224
1785225
1785226
1785227
1785228
1785229
1785230
1785231
1785232
1785233
1785234
1785235
1785236
1785237
1785238
1785239
1785240
1785241
1785242
1785243
1785244
1785245
1785246
1785247
1785248
1785249
1785250
1785251
1785252
1785253
1785254
1785255
1785256
1785257
1785258
1785259
1785260
1785261
1785262
1785263
1785264
1785265
1785266
1785267
1785268
1785269
1785270
1785271
1785272
1785273
1785274
1785275
1785276
1785277
1785278
1785279
1785280
1785281
1785282
1785283
1785284
1785285
1785286
1785287
1785288
1785289
1785290
1785291
1785292
1785293
1785294
1785295
1785296
1785297
1785298
1785299
1785300
1785301
1785302
1785303
1785304
1785305
1785306
1785307
1785308
1785309
1785310
1785311
1785312
1785313
1785314
1785315
1785316
1785317
1785318
1785319
1785320
1785321
1785322
1785323
1785324
1785325
1785326
1785327
1785328
1785329
1785330
1785331
1785332
1785333
1785334
1785335
1785336
1785337
1785338
1785339
1785340
1785341
1785342
1785343
1785344
1785345
1785346
1785347
1785348
1785349
1785350
1785351
1785352
1785353
1785354
1785355
1785356
1785357
1785358
1785359
1785360
1785361
1785362
1785363
1785364
1785365
1785366
1785367
1785368
1785369
1785370
1785371
1785372
1785373
1785374
1785375
1785376
1785377
1785378
1785379
1785380
1785381
1785382
1785383
1785384
1785385
1785386
1785387
1785388
1785389
1785390
1785391
1785392
1785393
1785394
1785395
1785396
1785397
1785398
1785399
1785400
1785401
1785402
1785403
1785404
1785405
1785406
1785407
1785408
1785409
1785410
1785411
1785412
1785413
1785414
1785415
1785416
1785417
1785418
1785419
1785420
1785421
1785422
1785423
1785424
1785425
1785426
1785427
1785428
1785429
1785430
1785431
1785432
1785433
1785434
1785435
1785436
1785437
1785438
1785439
1785440
1785441
1785442
1785443
1785444
1785445
1785446
1785447
1785448
1785449
1785450
1785451
1785452
1785453
1785454
1785455
1785456
1785457
1785458
1785459
1785460
1785461
1785462
1785463
1785464
1785465
1785466
1785467
1785468
1785469
1785470
1785471
1785472
1785473
1785474
1785475
1785476
1785477
1785478
1785479
1785480
1785481
1785482
1785483
1785484
1785485
1785486
1785487
1785488
1785489
1785490
1785491
1785492
1785493
1785494
1785495
1785496
1785497
1785498
1785499
1785500
1785501
1785502
1785503
1785504
1785505
1785506
1785507
1785508
1785509
1785510
1785511
1785512
1785513
1785514
1785515
1785516
1785517
1785518
1785519
1785520
1785521
1785522
1785523
1785524
1785525
1785526
1785527
1785528
1785529
1785530
1785531
1785532
1785533
1785534
1785535
1785536
1785537
1785538
1785539
1785540
1785541
1785542
1785543
1785544
1785545
1785546
1785547
1785548
1785549
1785550
1785551
1785552
1785553
1785554
1785555
1785556
1785557
1785558
1785559
1785560
1785561
1785562
1785563
1785564
1785565
1785566
1785567
1785568
1785569
1785570
1785571
1785572
1785573
1785574
1785575
1785576
1785577
1785578
1785579
1785580
1785581
1785582
1785583
1785584
1785585
1785586
1785587
1785588
1785589
1785590
1785591
1785592
1785593
1785594
1785595
1785596
1785597
1785598
1785599
1785600
1785601
1785602
1785603
1785604
1785605
1785606
1785607
1785608
1785609
1785610
1785611
1785612
1785613
1785614
1785615
1785616
1785617
1785618
1785619
1785620
1785621
1785622
1785623
1785624
1785625
1785626
1785627
1785628
1785629
1785630
1785631
1785632
1785633
1785634
1785635
1785636
1785637
1785638
1785639
1785640
1785641
1785642
1785643
1785644
1785645
1785646
1785647
1785648
1785649
1785650
1785651
1785652
1785653
1785654
1785655
1785656
1785657
1785658
1785659
1785660
1785661
1785662
1785663
1785664
1785665
1785666
1785667
1785668
1785669
1785670
1785671
1785672
1785673
1785674
1785675
1785676
1785677
1785678
1785679
1785680
1785681
1785682
1785683
1785684
1785685
1785686
1785687
1785688
1785689
1785690
1785691
1785692
1785693
1785694
1785695
1785696
1785697
1785698
1785699
1785700
1785701
1785702
1785703
1785704
1785705
1785706
1785707
1785708
1785709
1785710
1785711
1785712
1785713
1785714
1785715
1785716
1785717
1785718
1785719
1785720
1785721
1785722
1785723
1785724
1785725
1785726
1785727
1785728
1785729
1785730
1785731
1785732
1785733
1785734
1785735
1785736
1785737
1785738
1785739
1785740
1785741
1785742
1785743
1785744
1785745
1785746
1785747
1785748
1785749
1785750
1785751
1785752
1785753
1785754
1785755
1785756
1785757
1785758
1785759
1785760
1785761
1785762
1785763
1785764
1785765
1785766
1785767
1785768
1785769
1785770
1785771
1785772
1785773
1785774
1785775
1785776
1785777
1785778
1785779
1785780
1785781
1785782
1785783
1785784
1785785
1785786
1785787
1785788
1785789
1785790
1785791
1785792
1785793
1785794
1785795
1785796
1785797
1785798
1785799
1785800
1785801
1785802
1785803
1785804
1785805
1785806
1785807
1785808
1785809
1785810
1785811
1785812
1785813
1785814
1785815
1785816
1785817
1785818
1785819
1785820
1785821
1785822
1785823
1785824
1785825
1785826
1785827
1785828
1785829
1785830
1785831
1785832
1785833
1785834
1785835
1785836
1785837
1785838
1785839
1785840
1785841
1785842
1785843
1785844
1785845
1785846
1785847
1785848
1785849
1785850
1785851
1785852
1785853
1785854
1785855
1785856
1785857
1785858
1785859
1785860
1785861
1785862
1785863
1785864
1785865
1785866
1785867
1785868
1785869
1785870
1785871
1785872
1785873
1785874
1785875
1785876
1785877
1785878
1785879
1785880
1785881
1785882
1785883
1785884
1785885
1785886
1785887
1785888
1785889
1785890
1785891
1785892
1785893
1785894
1785895
1785896
1785897
1785898
1785899
1785900
1785901
1785902
1785903
1785904
1785905
1785906
1785907
1785908
1785909
1785910
1785911
1785912
1785913
1785914
1785915
1785916
1785917
1785918
1785919
1785920
1785921
1785922
1785923
1785924
1785925
1785926
1785927
1785928
1785929
1785930
1785931
1785932
1785933
1785934
1785935
1785936
1785937
1785938
1785939
1785940
1785941
1785942
1785943
1785944
1785945
1785946
1785947
1785948
1785949
1785950
1785951
1785952
1785953
1785954
1785955
1785956
1785957
1785958
1785959
1785960
1785961
1785962
1785963
1785964
1785965
1785966
1785967
1785968
1785969
1785970
1785971
1785972
1785973
1785974
1785975
1785976
1785977
1785978
1785979
1785980
1785981
1785982
1785983
1785984
1785985
1785986
1785987
1785988
1785989
1785990
1785991
1785992
1785993
1785994
1785995
1785996
1785997
1785998
1785999
1786000
1786001
1786002
1786003
1786004
1786005
1786006
1786007
1786008
1786009
1786010
1786011
1786012
1786013
1786014
1786015
1786016
1786017
1786018
1786019
1786020
1786021
1786022
1786023
1786024
1786025
1786026
1786027
1786028
1786029
1786030
1786031
1786032
1786033
1786034
1786035
1786036
1786037
1786038
1786039
1786040
1786041
1786042
1786043
1786044
1786045
1786046
1786047
1786048
1786049
1786050
1786051
1786052
1786053
1786054
1786055
1786056
1786057
1786058
1786059
1786060
1786061
1786062
1786063
1786064
1786065
1786066
1786067
1786068
1786069
1786070
1786071
1786072
1786073
1786074
1786075
1786076
1786077
1786078
1786079
1786080
1786081
1786082
1786083
1786084
1786085
1786086
1786087
1786088
1786089
1786090
1786091
1786092
1786093
1786094
1786095
1786096
1786097
1786098
1786099
1786100
1786101
1786102
1786103
1786104
1786105
1786106
1786107
1786108
1786109
1786110
1786111
1786112
1786113
1786114
1786115
1786116
1786117
1786118
1786119
1786120
1786121
1786122
1786123
1786124
1786125
1786126
1786127
1786128
1786129
1786130
1786131
1786132
1786133
1786134
1786135
1786136
1786137
1786138
1786139
1786140
1786141
1786142
1786143
1786144
1786145
1786146
1786147
1786148
1786149
1786150
1786151
1786152
1786153
1786154
1786155
1786156
1786157
1786158
1786159
1786160
1786161
1786162
1786163
1786164
1786165
1786166
1786167
1786168
1786169
1786170
1786171
1786172
1786173
1786174
1786175
1786176
1786177
1786178
1786179
1786180
1786181
1786182
1786183
1786184
1786185
1786186
1786187
1786188
1786189
1786190
1786191
1786192
1786193
1786194
1786195
1786196
1786197
1786198
1786199
1786200
1786201
1786202
1786203
1786204
1786205
1786206
1786207
1786208
1786209
1786210
1786211
1786212
1786213
1786214
1786215
1786216
1786217
1786218
1786219
1786220
1786221
1786222
1786223
1786224
1786225
1786226
1786227
1786228
1786229
1786230
1786231
1786232
1786233
1786234
1786235
1786236
1786237
1786238
1786239
1786240
1786241
1786242
1786243
1786244
1786245
1786246
1786247
1786248
1786249
1786250
1786251
1786252
1786253
1786254
1786255
1786256
1786257
1786258
1786259
1786260
1786261
1786262
1786263
1786264
1786265
1786266
1786267
1786268
1786269
1786270
1786271
1786272
1786273
1786274
1786275
1786276
1786277
1786278
1786279
1786280
1786281
1786282
1786283
1786284
1786285
1786286
1786287
1786288
1786289
1786290
1786291
1786292
1786293
1786294
1786295
1786296
1786297
1786298
1786299
1786300
1786301
1786302
1786303
1786304
1786305
1786306
1786307
1786308
1786309
1786310
1786311
1786312
1786313
1786314
1786315
1786316
1786317
1786318
1786319
1786320
1786321
1786322
1786323
1786324
1786325
1786326
1786327
1786328
1786329
1786330
1786331
1786332
1786333
1786334
1786335
1786336
1786337
1786338
1786339
1786340
1786341
1786342
1786343
1786344
1786345
1786346
1786347
1786348
1786349
1786350
1786351
1786352
1786353
1786354
1786355
1786356
1786357
1786358
1786359
1786360
1786361
1786362
1786363
1786364
1786365
1786366
1786367
1786368
1786369
1786370
1786371
1786372
1786373
1786374
1786375
1786376
1786377
1786378
1786379
1786380
1786381
1786382
1786383
1786384
1786385
1786386
1786387
1786388
1786389
1786390
1786391
1786392
1786393
1786394
1786395
1786396
1786397
1786398
1786399
1786400
1786401
1786402
1786403
1786404
1786405
1786406
1786407
1786408
1786409
1786410
1786411
1786412
1786413
1786414
1786415
1786416
1786417
1786418
1786419
1786420
1786421
1786422
1786423
1786424
1786425
1786426
1786427
1786428
1786429
1786430
1786431
1786432
1786433
1786434
1786435
1786436
1786437
1786438
1786439
1786440
1786441
1786442
1786443
1786444
1786445
1786446
1786447
1786448
1786449
1786450
1786451
1786452
1786453
1786454
1786455
1786456
1786457
1786458
1786459
1786460
1786461
1786462
1786463
1786464
1786465
1786466
1786467
1786468
1786469
1786470
1786471
1786472
1786473
1786474
1786475
1786476
1786477
1786478
1786479
1786480
1786481
1786482
1786483
1786484
1786485
1786486
1786487
1786488
1786489
1786490
1786491
1786492
1786493
1786494
1786495
1786496
1786497
1786498
1786499
1786500
1786501
1786502
1786503
1786504
1786505
1786506
1786507
1786508
1786509
1786510
1786511
1786512
1786513
1786514
1786515
1786516
1786517
1786518
1786519
1786520
1786521
1786522
1786523
1786524
1786525
1786526
1786527
1786528
1786529
1786530
1786531
1786532
1786533
1786534
1786535
1786536
1786537
1786538
1786539
1786540
1786541
1786542
1786543
1786544
1786545
1786546
1786547
1786548
1786549
1786550
1786551
1786552
1786553
1786554
1786555
1786556
1786557
1786558
1786559
1786560
1786561
1786562
1786563
1786564
1786565
1786566
1786567
1786568
1786569
1786570
1786571
1786572
1786573
1786574
1786575
1786576
1786577
1786578
1786579
1786580
1786581
1786582
1786583
1786584
1786585
1786586
1786587
1786588
1786589
1786590
1786591
1786592
1786593
1786594
1786595
1786596
1786597
1786598
1786599
1786600
1786601
1786602
1786603
1786604
1786605
1786606
1786607
1786608
1786609
1786610
1786611
1786612
1786613
1786614
1786615
1786616
1786617
1786618
1786619
1786620
1786621
1786622
1786623
1786624
1786625
1786626
1786627
1786628
1786629
1786630
1786631
1786632
1786633
1786634
1786635
1786636
1786637
1786638
1786639
1786640
1786641
1786642
1786643
1786644
1786645
1786646
1786647
1786648
1786649
1786650
1786651
1786652
1786653
1786654
1786655
1786656
1786657
1786658
1786659
1786660
1786661
1786662
1786663
1786664
1786665
1786666
1786667
1786668
1786669
1786670
1786671
1786672
1786673
1786674
1786675
1786676
1786677
1786678
1786679
1786680
1786681
1786682
1786683
1786684
1786685
1786686
1786687
1786688
1786689
1786690
1786691
1786692
1786693
1786694
1786695
1786696
1786697
1786698
1786699
1786700
1786701
1786702
1786703
1786704
1786705
1786706
1786707
1786708
1786709
1786710
1786711
1786712
1786713
1786714
1786715
1786716
1786717
1786718
1786719
1786720
1786721
1786722
1786723
1786724
1786725
1786726
1786727
1786728
1786729
1786730
1786731
1786732
1786733
1786734
1786735
1786736
1786737
1786738
1786739
1786740
1786741
1786742
1786743
1786744
1786745
1786746
1786747
1786748
1786749
1786750
1786751
1786752
1786753
1786754
1786755
1786756
1786757
1786758
1786759
1786760
1786761
1786762
1786763
1786764
1786765
1786766
1786767
1786768
1786769
1786770
1786771
1786772
1786773
1786774
1786775
1786776
1786777
1786778
1786779
1786780
1786781
1786782
1786783
1786784
1786785
1786786
1786787
1786788
1786789
1786790
1786791
1786792
1786793
1786794
1786795
1786796
1786797
1786798
1786799
1786800
1786801
1786802
1786803
1786804
1786805
1786806
1786807
1786808
1786809
1786810
1786811
1786812
1786813
1786814
1786815
1786816
1786817
1786818
1786819
1786820
1786821
1786822
1786823
1786824
1786825
1786826
1786827
1786828
1786829
1786830
1786831
1786832
1786833
1786834
1786835
1786836
1786837
1786838
1786839
1786840
1786841
1786842
1786843
1786844
1786845
1786846
1786847
1786848
1786849
1786850
1786851
1786852
1786853
1786854
1786855
1786856
1786857
1786858
1786859
1786860
1786861
1786862
1786863
1786864
1786865
1786866
1786867
1786868
1786869
1786870
1786871
1786872
1786873
1786874
1786875
1786876
1786877
1786878
1786879
1786880
1786881
1786882
1786883
1786884
1786885
1786886
1786887
1786888
1786889
1786890
1786891
1786892
1786893
1786894
1786895
1786896
1786897
1786898
1786899
1786900
1786901
1786902
1786903
1786904
1786905
1786906
1786907
1786908
1786909
1786910
1786911
1786912
1786913
1786914
1786915
1786916
1786917
1786918
1786919
1786920
1786921
1786922
1786923
1786924
1786925
1786926
1786927
1786928
1786929
1786930
1786931
1786932
1786933
1786934
1786935
1786936
1786937
1786938
1786939
1786940
1786941
1786942
1786943
1786944
1786945
1786946
1786947
1786948
1786949
1786950
1786951
1786952
1786953
1786954
1786955
1786956
1786957
1786958
1786959
1786960
1786961
1786962
1786963
1786964
1786965
1786966
1786967
1786968
1786969
1786970
1786971
1786972
1786973
1786974
1786975
1786976
1786977
1786978
1786979
1786980
1786981
1786982
1786983
1786984
1786985
1786986
1786987
1786988
1786989
1786990
1786991
1786992
1786993
1786994
1786995
1786996
1786997
1786998
1786999
1787000
1787001
1787002
1787003
1787004
1787005
1787006
1787007
1787008
1787009
1787010
1787011
1787012
1787013
1787014
1787015
1787016
1787017
1787018
1787019
1787020
1787021
1787022
1787023
1787024
1787025
1787026
1787027
1787028
1787029
1787030
1787031
1787032
1787033
1787034
1787035
1787036
1787037
1787038
1787039
1787040
1787041
1787042
1787043
1787044
1787045
1787046
1787047
1787048
1787049
1787050
1787051
1787052
1787053
1787054
1787055
1787056
1787057
1787058
1787059
1787060
1787061
1787062
1787063
1787064
1787065
1787066
1787067
1787068
1787069
1787070
1787071
1787072
1787073
1787074
1787075
1787076
1787077
1787078
1787079
1787080
1787081
1787082
1787083
1787084
1787085
1787086
1787087
1787088
1787089
1787090
1787091
1787092
1787093
1787094
1787095
1787096
1787097
1787098
1787099
1787100
1787101
1787102
1787103
1787104
1787105
1787106
1787107
1787108
1787109
1787110
1787111
1787112
1787113
1787114
1787115
1787116
1787117
1787118
1787119
1787120
1787121
1787122
1787123
1787124
1787125
1787126
1787127
1787128
1787129
1787130
1787131
1787132
1787133
1787134
1787135
1787136
1787137
1787138
1787139
1787140
1787141
1787142
1787143
1787144
1787145
1787146
1787147
1787148
1787149
1787150
1787151
1787152
1787153
1787154
1787155
1787156
1787157
1787158
1787159
1787160
1787161
1787162
1787163
1787164
1787165
1787166
1787167
1787168
1787169
1787170
1787171
1787172
1787173
1787174
1787175
1787176
1787177
1787178
1787179
1787180
1787181
1787182
1787183
1787184
1787185
1787186
1787187
1787188
1787189
1787190
1787191
1787192
1787193
1787194
1787195
1787196
1787197
1787198
1787199
1787200
1787201
1787202
1787203
1787204
1787205
1787206
1787207
1787208
1787209
1787210
1787211
1787212
1787213
1787214
1787215
1787216
1787217
1787218
1787219
1787220
1787221
1787222
1787223
1787224
1787225
1787226
1787227
1787228
1787229
1787230
1787231
1787232
1787233
1787234
1787235
1787236
1787237
1787238
1787239
1787240
1787241
1787242
1787243
1787244
1787245
1787246
1787247
1787248
1787249
1787250
1787251
1787252
1787253
1787254
1787255
1787256
1787257
1787258
1787259
1787260
1787261
1787262
1787263
1787264
1787265
1787266
1787267
1787268
1787269
1787270
1787271
1787272
1787273
1787274
1787275
1787276
1787277
1787278
1787279
1787280
1787281
1787282
1787283
1787284
1787285
1787286
1787287
1787288
1787289
1787290
1787291
1787292
1787293
1787294
1787295
1787296
1787297
1787298
1787299
1787300
1787301
1787302
1787303
1787304
1787305
1787306
1787307
1787308
1787309
1787310
1787311
1787312
1787313
1787314
1787315
1787316
1787317
1787318
1787319
1787320
1787321
1787322
1787323
1787324
1787325
1787326
1787327
1787328
1787329
1787330
1787331
1787332
1787333
1787334
1787335
1787336
1787337
1787338
1787339
1787340
1787341
1787342
1787343
1787344
1787345
1787346
1787347
1787348
1787349
1787350
1787351
1787352
1787353
1787354
1787355
1787356
1787357
1787358
1787359
1787360
1787361
1787362
1787363
1787364
1787365
1787366
1787367
1787368
1787369
1787370
1787371
1787372
1787373
1787374
1787375
1787376
1787377
1787378
1787379
1787380
1787381
1787382
1787383
1787384
1787385
1787386
1787387
1787388
1787389
1787390
1787391
1787392
1787393
1787394
1787395
1787396
1787397
1787398
1787399
1787400
1787401
1787402
1787403
1787404
1787405
1787406
1787407
1787408
1787409
1787410
1787411
1787412
1787413
1787414
1787415
1787416
1787417
1787418
1787419
1787420
1787421
1787422
1787423
1787424
1787425
1787426
1787427
1787428
1787429
1787430
1787431
1787432
1787433
1787434
1787435
1787436
1787437
1787438
1787439
1787440
1787441
1787442
1787443
1787444
1787445
1787446
1787447
1787448
1787449
1787450
1787451
1787452
1787453
1787454
1787455
1787456
1787457
1787458
1787459
1787460
1787461
1787462
1787463
1787464
1787465
1787466
1787467
1787468
1787469
1787470
1787471
1787472
1787473
1787474
1787475
1787476
1787477
1787478
1787479
1787480
1787481
1787482
1787483
1787484
1787485
1787486
1787487
1787488
1787489
1787490
1787491
1787492
1787493
1787494
1787495
1787496
1787497
1787498
1787499
1787500
1787501
1787502
1787503
1787504
1787505
1787506
1787507
1787508
1787509
1787510
1787511
1787512
1787513
1787514
1787515
1787516
1787517
1787518
1787519
1787520
1787521
1787522
1787523
1787524
1787525
1787526
1787527
1787528
1787529
1787530
1787531
1787532
1787533
1787534
1787535
1787536
1787537
1787538
1787539
1787540
1787541
1787542
1787543
1787544
1787545
1787546
1787547
1787548
1787549
1787550
1787551
1787552
1787553
1787554
1787555
1787556
1787557
1787558
1787559
1787560
1787561
1787562
1787563
1787564
1787565
1787566
1787567
1787568
1787569
1787570
1787571
1787572
1787573
1787574
1787575
1787576
1787577
1787578
1787579
1787580
1787581
1787582
1787583
1787584
1787585
1787586
1787587
1787588
1787589
1787590
1787591
1787592
1787593
1787594
1787595
1787596
1787597
1787598
1787599
1787600
1787601
1787602
1787603
1787604
1787605
1787606
1787607
1787608
1787609
1787610
1787611
1787612
1787613
1787614
1787615
1787616
1787617
1787618
1787619
1787620
1787621
1787622
1787623
1787624
1787625
1787626
1787627
1787628
1787629
1787630
1787631
1787632
1787633
1787634
1787635
1787636
1787637
1787638
1787639
1787640
1787641
1787642
1787643
1787644
1787645
1787646
1787647
1787648
1787649
1787650
1787651
1787652
1787653
1787654
1787655
1787656
1787657
1787658
1787659
1787660
1787661
1787662
1787663
1787664
1787665
1787666
1787667
1787668
1787669
1787670
1787671
1787672
1787673
1787674
1787675
1787676
1787677
1787678
1787679
1787680
1787681
1787682
1787683
1787684
1787685
1787686
1787687
1787688
1787689
1787690
1787691
1787692
1787693
1787694
1787695
1787696
1787697
1787698
1787699
1787700
1787701
1787702
1787703
1787704
1787705
1787706
1787707
1787708
1787709
1787710
1787711
1787712
1787713
1787714
1787715
1787716
1787717
1787718
1787719
1787720
1787721
1787722
1787723
1787724
1787725
1787726
1787727
1787728
1787729
1787730
1787731
1787732
1787733
1787734
1787735
1787736
1787737
1787738
1787739
1787740
1787741
1787742
1787743
1787744
1787745
1787746
1787747
1787748
1787749
1787750
1787751
1787752
1787753
1787754
1787755
1787756
1787757
1787758
1787759
1787760
1787761
1787762
1787763
1787764
1787765
1787766
1787767
1787768
1787769
1787770
1787771
1787772
1787773
1787774
1787775
1787776
1787777
1787778
1787779
1787780
1787781
1787782
1787783
1787784
1787785
1787786
1787787
1787788
1787789
1787790
1787791
1787792
1787793
1787794
1787795
1787796
1787797
1787798
1787799
1787800
1787801
1787802
1787803
1787804
1787805
1787806
1787807
1787808
1787809
1787810
1787811
1787812
1787813
1787814
1787815
1787816
1787817
1787818
1787819
1787820
1787821
1787822
1787823
1787824
1787825
1787826
1787827
1787828
1787829
1787830
1787831
1787832
1787833
1787834
1787835
1787836
1787837
1787838
1787839
1787840
1787841
1787842
1787843
1787844
1787845
1787846
1787847
1787848
1787849
1787850
1787851
1787852
1787853
1787854
1787855
1787856
1787857
1787858
1787859
1787860
1787861
1787862
1787863
1787864
1787865
1787866
1787867
1787868
1787869
1787870
1787871
1787872
1787873
1787874
1787875
1787876
1787877
1787878
1787879
1787880
1787881
1787882
1787883
1787884
1787885
1787886
1787887
1787888
1787889
1787890
1787891
1787892
1787893
1787894
1787895
1787896
1787897
1787898
1787899
1787900
1787901
1787902
1787903
1787904
1787905
1787906
1787907
1787908
1787909
1787910
1787911
1787912
1787913
1787914
1787915
1787916
1787917
1787918
1787919
1787920
1787921
1787922
1787923
1787924
1787925
1787926
1787927
1787928
1787929
1787930
1787931
1787932
1787933
1787934
1787935
1787936
1787937
1787938
1787939
1787940
1787941
1787942
1787943
1787944
1787945
1787946
1787947
1787948
1787949
1787950
1787951
1787952
1787953
1787954
1787955
1787956
1787957
1787958
1787959
1787960
1787961
1787962
1787963
1787964
1787965
1787966
1787967
1787968
1787969
1787970
1787971
1787972
1787973
1787974
1787975
1787976
1787977
1787978
1787979
1787980
1787981
1787982
1787983
1787984
1787985
1787986
1787987
1787988
1787989
1787990
1787991
1787992
1787993
1787994
1787995
1787996
1787997
1787998
1787999
1788000
1788001
1788002
1788003
1788004
1788005
1788006
1788007
1788008
1788009
1788010
1788011
1788012
1788013
1788014
1788015
1788016
1788017
1788018
1788019
1788020
1788021
1788022
1788023
1788024
1788025
1788026
1788027
1788028
1788029
1788030
1788031
1788032
1788033
1788034
1788035
1788036
1788037
1788038
1788039
1788040
1788041
1788042
1788043
1788044
1788045
1788046
1788047
1788048
1788049
1788050
1788051
1788052
1788053
1788054
1788055
1788056
1788057
1788058
1788059
1788060
1788061
1788062
1788063
1788064
1788065
1788066
1788067
1788068
1788069
1788070
1788071
1788072
1788073
1788074
1788075
1788076
1788077
1788078
1788079
1788080
1788081
1788082
1788083
1788084
1788085
1788086
1788087
1788088
1788089
1788090
1788091
1788092
1788093
1788094
1788095
1788096
1788097
1788098
1788099
1788100
1788101
1788102
1788103
1788104
1788105
1788106
1788107
1788108
1788109
1788110
1788111
1788112
1788113
1788114
1788115
1788116
1788117
1788118
1788119
1788120
1788121
1788122
1788123
1788124
1788125
1788126
1788127
1788128
1788129
1788130
1788131
1788132
1788133
1788134
1788135
1788136
1788137
1788138
1788139
1788140
1788141
1788142
1788143
1788144
1788145
1788146
1788147
1788148
1788149
1788150
1788151
1788152
1788153
1788154
1788155
1788156
1788157
1788158
1788159
1788160
1788161
1788162
1788163
1788164
1788165
1788166
1788167
1788168
1788169
1788170
1788171
1788172
1788173
1788174
1788175
1788176
1788177
1788178
1788179
1788180
1788181
1788182
1788183
1788184
1788185
1788186
1788187
1788188
1788189
1788190
1788191
1788192
1788193
1788194
1788195
1788196
1788197
1788198
1788199
1788200
1788201
1788202
1788203
1788204
1788205
1788206
1788207
1788208
1788209
1788210
1788211
1788212
1788213
1788214
1788215
1788216
1788217
1788218
1788219
1788220
1788221
1788222
1788223
1788224
1788225
1788226
1788227
1788228
1788229
1788230
1788231
1788232
1788233
1788234
1788235
1788236
1788237
1788238
1788239
1788240
1788241
1788242
1788243
1788244
1788245
1788246
1788247
1788248
1788249
1788250
1788251
1788252
1788253
1788254
1788255
1788256
1788257
1788258
1788259
1788260
1788261
1788262
1788263
1788264
1788265
1788266
1788267
1788268
1788269
1788270
1788271
1788272
1788273
1788274
1788275
1788276
1788277
1788278
1788279
1788280
1788281
1788282
1788283
1788284
1788285
1788286
1788287
1788288
1788289
1788290
1788291
1788292
1788293
1788294
1788295
1788296
1788297
1788298
1788299
1788300
1788301
1788302
1788303
1788304
1788305
1788306
1788307
1788308
1788309
1788310
1788311
1788312
1788313
1788314
1788315
1788316
1788317
1788318
1788319
1788320
1788321
1788322
1788323
1788324
1788325
1788326
1788327
1788328
1788329
1788330
1788331
1788332
1788333
1788334
1788335
1788336
1788337
1788338
1788339
1788340
1788341
1788342
1788343
1788344
1788345
1788346
1788347
1788348
1788349
1788350
1788351
1788352
1788353
1788354
1788355
1788356
1788357
1788358
1788359
1788360
1788361
1788362
1788363
1788364
1788365
1788366
1788367
1788368
1788369
1788370
1788371
1788372
1788373
1788374
1788375
1788376
1788377
1788378
1788379
1788380
1788381
1788382
1788383
1788384
1788385
1788386
1788387
1788388
1788389
1788390
1788391
1788392
1788393
1788394
1788395
1788396
1788397
1788398
1788399
1788400
1788401
1788402
1788403
1788404
1788405
1788406
1788407
1788408
1788409
1788410
1788411
1788412
1788413
1788414
1788415
1788416
1788417
1788418
1788419
1788420
1788421
1788422
1788423
1788424
1788425
1788426
1788427
1788428
1788429
1788430
1788431
1788432
1788433
1788434
1788435
1788436
1788437
1788438
1788439
1788440
1788441
1788442
1788443
1788444
1788445
1788446
1788447
1788448
1788449
1788450
1788451
1788452
1788453
1788454
1788455
1788456
1788457
1788458
1788459
1788460
1788461
1788462
1788463
1788464
1788465
1788466
1788467
1788468
1788469
1788470
1788471
1788472
1788473
1788474
1788475
1788476
1788477
1788478
1788479
1788480
1788481
1788482
1788483
1788484
1788485
1788486
1788487
1788488
1788489
1788490
1788491
1788492
1788493
1788494
1788495
1788496
1788497
1788498
1788499
1788500
1788501
1788502
1788503
1788504
1788505
1788506
1788507
1788508
1788509
1788510
1788511
1788512
1788513
1788514
1788515
1788516
1788517
1788518
1788519
1788520
1788521
1788522
1788523
1788524
1788525
1788526
1788527
1788528
1788529
1788530
1788531
1788532
1788533
1788534
1788535
1788536
1788537
1788538
1788539
1788540
1788541
1788542
1788543
1788544
1788545
1788546
1788547
1788548
1788549
1788550
1788551
1788552
1788553
1788554
1788555
1788556
1788557
1788558
1788559
1788560
1788561
1788562
1788563
1788564
1788565
1788566
1788567
1788568
1788569
1788570
1788571
1788572
1788573
1788574
1788575
1788576
1788577
1788578
1788579
1788580
1788581
1788582
1788583
1788584
1788585
1788586
1788587
1788588
1788589
1788590
1788591
1788592
1788593
1788594
1788595
1788596
1788597
1788598
1788599
1788600
1788601
1788602
1788603
1788604
1788605
1788606
1788607
1788608
1788609
1788610
1788611
1788612
1788613
1788614
1788615
1788616
1788617
1788618
1788619
1788620
1788621
1788622
1788623
1788624
1788625
1788626
1788627
1788628
1788629
1788630
1788631
1788632
1788633
1788634
1788635
1788636
1788637
1788638
1788639
1788640
1788641
1788642
1788643
1788644
1788645
1788646
1788647
1788648
1788649
1788650
1788651
1788652
1788653
1788654
1788655
1788656
1788657
1788658
1788659
1788660
1788661
1788662
1788663
1788664
1788665
1788666
1788667
1788668
1788669
1788670
1788671
1788672
1788673
1788674
1788675
1788676
1788677
1788678
1788679
1788680
1788681
1788682
1788683
1788684
1788685
1788686
1788687
1788688
1788689
1788690
1788691
1788692
1788693
1788694
1788695
1788696
1788697
1788698
1788699
1788700
1788701
1788702
1788703
1788704
1788705
1788706
1788707
1788708
1788709
1788710
1788711
1788712
1788713
1788714
1788715
1788716
1788717
1788718
1788719
1788720
1788721
1788722
1788723
1788724
1788725
1788726
1788727
1788728
1788729
1788730
1788731
1788732
1788733
1788734
1788735
1788736
1788737
1788738
1788739
1788740
1788741
1788742
1788743
1788744
1788745
1788746
1788747
1788748
1788749
1788750
1788751
1788752
1788753
1788754
1788755
1788756
1788757
1788758
1788759
1788760
1788761
1788762
1788763
1788764
1788765
1788766
1788767
1788768
1788769
1788770
1788771
1788772
1788773
1788774
1788775
1788776
1788777
1788778
1788779
1788780
1788781
1788782
1788783
1788784
1788785
1788786
1788787
1788788
1788789
1788790
1788791
1788792
1788793
1788794
1788795
1788796
1788797
1788798
1788799
1788800
1788801
1788802
1788803
1788804
1788805
1788806
1788807
1788808
1788809
1788810
1788811
1788812
1788813
1788814
1788815
1788816
1788817
1788818
1788819
1788820
1788821
1788822
1788823
1788824
1788825
1788826
1788827
1788828
1788829
1788830
1788831
1788832
1788833
1788834
1788835
1788836
1788837
1788838
1788839
1788840
1788841
1788842
1788843
1788844
1788845
1788846
1788847
1788848
1788849
1788850
1788851
1788852
1788853
1788854
1788855
1788856
1788857
1788858
1788859
1788860
1788861
1788862
1788863
1788864
1788865
1788866
1788867
1788868
1788869
1788870
1788871
1788872
1788873
1788874
1788875
1788876
1788877
1788878
1788879
1788880
1788881
1788882
1788883
1788884
1788885
1788886
1788887
1788888
1788889
1788890
1788891
1788892
1788893
1788894
1788895
1788896
1788897
1788898
1788899
1788900
1788901
1788902
1788903
1788904
1788905
1788906
1788907
1788908
1788909
1788910
1788911
1788912
1788913
1788914
1788915
1788916
1788917
1788918
1788919
1788920
1788921
1788922
1788923
1788924
1788925
1788926
1788927
1788928
1788929
1788930
1788931
1788932
1788933
1788934
1788935
1788936
1788937
1788938
1788939
1788940
1788941
1788942
1788943
1788944
1788945
1788946
1788947
1788948
1788949
1788950
1788951
1788952
1788953
1788954
1788955
1788956
1788957
1788958
1788959
1788960
1788961
1788962
1788963
1788964
1788965
1788966
1788967
1788968
1788969
1788970
1788971
1788972
1788973
1788974
1788975
1788976
1788977
1788978
1788979
1788980
1788981
1788982
1788983
1788984
1788985
1788986
1788987
1788988
1788989
1788990
1788991
1788992
1788993
1788994
1788995
1788996
1788997
1788998
1788999
1789000
1789001
1789002
1789003
1789004
1789005
1789006
1789007
1789008
1789009
1789010
1789011
1789012
1789013
1789014
1789015
1789016
1789017
1789018
1789019
1789020
1789021
1789022
1789023
1789024
1789025
1789026
1789027
1789028
1789029
1789030
1789031
1789032
1789033
1789034
1789035
1789036
1789037
1789038
1789039
1789040
1789041
1789042
1789043
1789044
1789045
1789046
1789047
1789048
1789049
1789050
1789051
1789052
1789053
1789054
1789055
1789056
1789057
1789058
1789059
1789060
1789061
1789062
1789063
1789064
1789065
1789066
1789067
1789068
1789069
1789070
1789071
1789072
1789073
1789074
1789075
1789076
1789077
1789078
1789079
1789080
1789081
1789082
1789083
1789084
1789085
1789086
1789087
1789088
1789089
1789090
1789091
1789092
1789093
1789094
1789095
1789096
1789097
1789098
1789099
1789100
1789101
1789102
1789103
1789104
1789105
1789106
1789107
1789108
1789109
1789110
1789111
1789112
1789113
1789114
1789115
1789116
1789117
1789118
1789119
1789120
1789121
1789122
1789123
1789124
1789125
1789126
1789127
1789128
1789129
1789130
1789131
1789132
1789133
1789134
1789135
1789136
1789137
1789138
1789139
1789140
1789141
1789142
1789143
1789144
1789145
1789146
1789147
1789148
1789149
1789150
1789151
1789152
1789153
1789154
1789155
1789156
1789157
1789158
1789159
1789160
1789161
1789162
1789163
1789164
1789165
1789166
1789167
1789168
1789169
1789170
1789171
1789172
1789173
1789174
1789175
1789176
1789177
1789178
1789179
1789180
1789181
1789182
1789183
1789184
1789185
1789186
1789187
1789188
1789189
1789190
1789191
1789192
1789193
1789194
1789195
1789196
1789197
1789198
1789199
1789200
1789201
1789202
1789203
1789204
1789205
1789206
1789207
1789208
1789209
1789210
1789211
1789212
1789213
1789214
1789215
1789216
1789217
1789218
1789219
1789220
1789221
1789222
1789223
1789224
1789225
1789226
1789227
1789228
1789229
1789230
1789231
1789232
1789233
1789234
1789235
1789236
1789237
1789238
1789239
1789240
1789241
1789242
1789243
1789244
1789245
1789246
1789247
1789248
1789249
1789250
1789251
1789252
1789253
1789254
1789255
1789256
1789257
1789258
1789259
1789260
1789261
1789262
1789263
1789264
1789265
1789266
1789267
1789268
1789269
1789270
1789271
1789272
1789273
1789274
1789275
1789276
1789277
1789278
1789279
1789280
1789281
1789282
1789283
1789284
1789285
1789286
1789287
1789288
1789289
1789290
1789291
1789292
1789293
1789294
1789295
1789296
1789297
1789298
1789299
1789300
1789301
1789302
1789303
1789304
1789305
1789306
1789307
1789308
1789309
1789310
1789311
1789312
1789313
1789314
1789315
1789316
1789317
1789318
1789319
1789320
1789321
1789322
1789323
1789324
1789325
1789326
1789327
1789328
1789329
1789330
1789331
1789332
1789333
1789334
1789335
1789336
1789337
1789338
1789339
1789340
1789341
1789342
1789343
1789344
1789345
1789346
1789347
1789348
1789349
1789350
1789351
1789352
1789353
1789354
1789355
1789356
1789357
1789358
1789359
1789360
1789361
1789362
1789363
1789364
1789365
1789366
1789367
1789368
1789369
1789370
1789371
1789372
1789373
1789374
1789375
1789376
1789377
1789378
1789379
1789380
1789381
1789382
1789383
1789384
1789385
1789386
1789387
1789388
1789389
1789390
1789391
1789392
1789393
1789394
1789395
1789396
1789397
1789398
1789399
1789400
1789401
1789402
1789403
1789404
1789405
1789406
1789407
1789408
1789409
1789410
1789411
1789412
1789413
1789414
1789415
1789416
1789417
1789418
1789419
1789420
1789421
1789422
1789423
1789424
1789425
1789426
1789427
1789428
1789429
1789430
1789431
1789432
1789433
1789434
1789435
1789436
1789437
1789438
1789439
1789440
1789441
1789442
1789443
1789444
1789445
1789446
1789447
1789448
1789449
1789450
1789451
1789452
1789453
1789454
1789455
1789456
1789457
1789458
1789459
1789460
1789461
1789462
1789463
1789464
1789465
1789466
1789467
1789468
1789469
1789470
1789471
1789472
1789473
1789474
1789475
1789476
1789477
1789478
1789479
1789480
1789481
1789482
1789483
1789484
1789485
1789486
1789487
1789488
1789489
1789490
1789491
1789492
1789493
1789494
1789495
1789496
1789497
1789498
1789499
1789500
1789501
1789502
1789503
1789504
1789505
1789506
1789507
1789508
1789509
1789510
1789511
1789512
1789513
1789514
1789515
1789516
1789517
1789518
1789519
1789520
1789521
1789522
1789523
1789524
1789525
1789526
1789527
1789528
1789529
1789530
1789531
1789532
1789533
1789534
1789535
1789536
1789537
1789538
1789539
1789540
1789541
1789542
1789543
1789544
1789545
1789546
1789547
1789548
1789549
1789550
1789551
1789552
1789553
1789554
1789555
1789556
1789557
1789558
1789559
1789560
1789561
1789562
1789563
1789564
1789565
1789566
1789567
1789568
1789569
1789570
1789571
1789572
1789573
1789574
1789575
1789576
1789577
1789578
1789579
1789580
1789581
1789582
1789583
1789584
1789585
1789586
1789587
1789588
1789589
1789590
1789591
1789592
1789593
1789594
1789595
1789596
1789597
1789598
1789599
1789600
1789601
1789602
1789603
1789604
1789605
1789606
1789607
1789608
1789609
1789610
1789611
1789612
1789613
1789614
1789615
1789616
1789617
1789618
1789619
1789620
1789621
1789622
1789623
1789624
1789625
1789626
1789627
1789628
1789629
1789630
1789631
1789632
1789633
1789634
1789635
1789636
1789637
1789638
1789639
1789640
1789641
1789642
1789643
1789644
1789645
1789646
1789647
1789648
1789649
1789650
1789651
1789652
1789653
1789654
1789655
1789656
1789657
1789658
1789659
1789660
1789661
1789662
1789663
1789664
1789665
1789666
1789667
1789668
1789669
1789670
1789671
1789672
1789673
1789674
1789675
1789676
1789677
1789678
1789679
1789680
1789681
1789682
1789683
1789684
1789685
1789686
1789687
1789688
1789689
1789690
1789691
1789692
1789693
1789694
1789695
1789696
1789697
1789698
1789699
1789700
1789701
1789702
1789703
1789704
1789705
1789706
1789707
1789708
1789709
1789710
1789711
1789712
1789713
1789714
1789715
1789716
1789717
1789718
1789719
1789720
1789721
1789722
1789723
1789724
1789725
1789726
1789727
1789728
1789729
1789730
1789731
1789732
1789733
1789734
1789735
1789736
1789737
1789738
1789739
1789740
1789741
1789742
1789743
1789744
1789745
1789746
1789747
1789748
1789749
1789750
1789751
1789752
1789753
1789754
1789755
1789756
1789757
1789758
1789759
1789760
1789761
1789762
1789763
1789764
1789765
1789766
1789767
1789768
1789769
1789770
1789771
1789772
1789773
1789774
1789775
1789776
1789777
1789778
1789779
1789780
1789781
1789782
1789783
1789784
1789785
1789786
1789787
1789788
1789789
1789790
1789791
1789792
1789793
1789794
1789795
1789796
1789797
1789798
1789799
1789800
1789801
1789802
1789803
1789804
1789805
1789806
1789807
1789808
1789809
1789810
1789811
1789812
1789813
1789814
1789815
1789816
1789817
1789818
1789819
1789820
1789821
1789822
1789823
1789824
1789825
1789826
1789827
1789828
1789829
1789830
1789831
1789832
1789833
1789834
1789835
1789836
1789837
1789838
1789839
1789840
1789841
1789842
1789843
1789844
1789845
1789846
1789847
1789848
1789849
1789850
1789851
1789852
1789853
1789854
1789855
1789856
1789857
1789858
1789859
1789860
1789861
1789862
1789863
1789864
1789865
1789866
1789867
1789868
1789869
1789870
1789871
1789872
1789873
1789874
1789875
1789876
1789877
1789878
1789879
1789880
1789881
1789882
1789883
1789884
1789885
1789886
1789887
1789888
1789889
1789890
1789891
1789892
1789893
1789894
1789895
1789896
1789897
1789898
1789899
1789900
1789901
1789902
1789903
1789904
1789905
1789906
1789907
1789908
1789909
1789910
1789911
1789912
1789913
1789914
1789915
1789916
1789917
1789918
1789919
1789920
1789921
1789922
1789923
1789924
1789925
1789926
1789927
1789928
1789929
1789930
1789931
1789932
1789933
1789934
1789935
1789936
1789937
1789938
1789939
1789940
1789941
1789942
1789943
1789944
1789945
1789946
1789947
1789948
1789949
1789950
1789951
1789952
1789953
1789954
1789955
1789956
1789957
1789958
1789959
1789960
1789961
1789962
1789963
1789964
1789965
1789966
1789967
1789968
1789969
1789970
1789971
1789972
1789973
1789974
1789975
1789976
1789977
1789978
1789979
1789980
1789981
1789982
1789983
1789984
1789985
1789986
1789987
1789988
1789989
1789990
1789991
1789992
1789993
1789994
1789995
1789996
1789997
1789998
1789999
1790000
