1850001
1850002
1850003
1850004
1850005
1850006
1850007
1850008
1850009
1850010
1850011
1850012
1850013
1850014
1850015
1850016
1850017
1850018
1850019
1850020
1850021
1850022
1850023
1850024
1850025
1850026
1850027
1850028
1850029
1850030
1850031
1850032
1850033
1850034
1850035
1850036
1850037
1850038
1850039
1850040
1850041
1850042
1850043
1850044
1850045
1850046
1850047
1850048
1850049
1850050
1850051
1850052
1850053
1850054
1850055
1850056
1850057
1850058
1850059
1850060
1850061
1850062
1850063
1850064
1850065
1850066
1850067
1850068
1850069
1850070
1850071
1850072
1850073
1850074
1850075
1850076
1850077
1850078
1850079
1850080
1850081
1850082
1850083
1850084
1850085
1850086
1850087
1850088
1850089
1850090
1850091
1850092
1850093
1850094
1850095
1850096
1850097
1850098
1850099
1850100
1850101
1850102
1850103
1850104
1850105
1850106
1850107
1850108
1850109
1850110
1850111
1850112
1850113
1850114
1850115
1850116
1850117
1850118
1850119
1850120
1850121
1850122
1850123
1850124
1850125
1850126
1850127
1850128
1850129
1850130
1850131
1850132
1850133
1850134
1850135
1850136
1850137
1850138
1850139
1850140
1850141
1850142
1850143
1850144
1850145
1850146
1850147
1850148
1850149
1850150
1850151
1850152
1850153
1850154
1850155
1850156
1850157
1850158
1850159
1850160
1850161
1850162
1850163
1850164
1850165
1850166
1850167
1850168
1850169
1850170
1850171
1850172
1850173
1850174
1850175
1850176
1850177
1850178
1850179
1850180
1850181
1850182
1850183
1850184
1850185
1850186
1850187
1850188
1850189
1850190
1850191
1850192
1850193
1850194
1850195
1850196
1850197
1850198
1850199
1850200
1850201
1850202
1850203
1850204
1850205
1850206
1850207
1850208
1850209
1850210
1850211
1850212
1850213
1850214
1850215
1850216
1850217
1850218
1850219
1850220
1850221
1850222
1850223
1850224
1850225
1850226
1850227
1850228
1850229
1850230
1850231
1850232
1850233
1850234
1850235
1850236
1850237
1850238
1850239
1850240
1850241
1850242
1850243
1850244
1850245
1850246
1850247
1850248
1850249
1850250
1850251
1850252
1850253
1850254
1850255
1850256
1850257
1850258
1850259
1850260
1850261
1850262
1850263
1850264
1850265
1850266
1850267
1850268
1850269
1850270
1850271
1850272
1850273
1850274
1850275
1850276
1850277
1850278
1850279
1850280
1850281
1850282
1850283
1850284
1850285
1850286
1850287
1850288
1850289
1850290
1850291
1850292
1850293
1850294
1850295
1850296
1850297
1850298
1850299
1850300
1850301
1850302
1850303
1850304
1850305
1850306
1850307
1850308
1850309
1850310
1850311
1850312
1850313
1850314
1850315
1850316
1850317
1850318
1850319
1850320
1850321
1850322
1850323
1850324
1850325
1850326
1850327
1850328
1850329
1850330
1850331
1850332
1850333
1850334
1850335
1850336
1850337
1850338
1850339
1850340
1850341
1850342
1850343
1850344
1850345
1850346
1850347
1850348
1850349
1850350
1850351
1850352
1850353
1850354
1850355
1850356
1850357
1850358
1850359
1850360
1850361
1850362
1850363
1850364
1850365
1850366
1850367
1850368
1850369
1850370
1850371
1850372
1850373
1850374
1850375
1850376
1850377
1850378
1850379
1850380
1850381
1850382
1850383
1850384
1850385
1850386
1850387
1850388
1850389
1850390
1850391
1850392
1850393
1850394
1850395
1850396
1850397
1850398
1850399
1850400
1850401
1850402
1850403
1850404
1850405
1850406
1850407
1850408
1850409
1850410
1850411
1850412
1850413
1850414
1850415
1850416
1850417
1850418
1850419
1850420
1850421
1850422
1850423
1850424
1850425
1850426
1850427
1850428
1850429
1850430
1850431
1850432
1850433
1850434
1850435
1850436
1850437
1850438
1850439
1850440
1850441
1850442
1850443
1850444
1850445
1850446
1850447
1850448
1850449
1850450
1850451
1850452
1850453
1850454
1850455
1850456
1850457
1850458
1850459
1850460
1850461
1850462
1850463
1850464
1850465
1850466
1850467
1850468
1850469
1850470
1850471
1850472
1850473
1850474
1850475
1850476
1850477
1850478
1850479
1850480
1850481
1850482
1850483
1850484
1850485
1850486
1850487
1850488
1850489
1850490
1850491
1850492
1850493
1850494
1850495
1850496
1850497
1850498
1850499
1850500
1850501
1850502
1850503
1850504
1850505
1850506
1850507
1850508
1850509
1850510
1850511
1850512
1850513
1850514
1850515
1850516
1850517
1850518
1850519
1850520
1850521
1850522
1850523
1850524
1850525
1850526
1850527
1850528
1850529
1850530
1850531
1850532
1850533
1850534
1850535
1850536
1850537
1850538
1850539
1850540
1850541
1850542
1850543
1850544
1850545
1850546
1850547
1850548
1850549
1850550
1850551
1850552
1850553
1850554
1850555
1850556
1850557
1850558
1850559
1850560
1850561
1850562
1850563
1850564
1850565
1850566
1850567
1850568
1850569
1850570
1850571
1850572
1850573
1850574
1850575
1850576
1850577
1850578
1850579
1850580
1850581
1850582
1850583
1850584
1850585
1850586
1850587
1850588
1850589
1850590
1850591
1850592
1850593
1850594
1850595
1850596
1850597
1850598
1850599
1850600
1850601
1850602
1850603
1850604
1850605
1850606
1850607
1850608
1850609
1850610
1850611
1850612
1850613
1850614
1850615
1850616
1850617
1850618
1850619
1850620
1850621
1850622
1850623
1850624
1850625
1850626
1850627
1850628
1850629
1850630
1850631
1850632
1850633
1850634
1850635
1850636
1850637
1850638
1850639
1850640
1850641
1850642
1850643
1850644
1850645
1850646
1850647
1850648
1850649
1850650
1850651
1850652
1850653
1850654
1850655
1850656
1850657
1850658
1850659
1850660
1850661
1850662
1850663
1850664
1850665
1850666
1850667
1850668
1850669
1850670
1850671
1850672
1850673
1850674
1850675
1850676
1850677
1850678
1850679
1850680
1850681
1850682
1850683
1850684
1850685
1850686
1850687
1850688
1850689
1850690
1850691
1850692
1850693
1850694
1850695
1850696
1850697
1850698
1850699
1850700
1850701
1850702
1850703
1850704
1850705
1850706
1850707
1850708
1850709
1850710
1850711
1850712
1850713
1850714
1850715
1850716
1850717
1850718
1850719
1850720
1850721
1850722
1850723
1850724
1850725
1850726
1850727
1850728
1850729
1850730
1850731
1850732
1850733
1850734
1850735
1850736
1850737
1850738
1850739
1850740
1850741
1850742
1850743
1850744
1850745
1850746
1850747
1850748
1850749
1850750
1850751
1850752
1850753
1850754
1850755
1850756
1850757
1850758
1850759
1850760
1850761
1850762
1850763
1850764
1850765
1850766
1850767
1850768
1850769
1850770
1850771
1850772
1850773
1850774
1850775
1850776
1850777
1850778
1850779
1850780
1850781
1850782
1850783
1850784
1850785
1850786
1850787
1850788
1850789
1850790
1850791
1850792
1850793
1850794
1850795
1850796
1850797
1850798
1850799
1850800
1850801
1850802
1850803
1850804
1850805
1850806
1850807
1850808
1850809
1850810
1850811
1850812
1850813
1850814
1850815
1850816
1850817
1850818
1850819
1850820
1850821
1850822
1850823
1850824
1850825
1850826
1850827
1850828
1850829
1850830
1850831
1850832
1850833
1850834
1850835
1850836
1850837
1850838
1850839
1850840
1850841
1850842
1850843
1850844
1850845
1850846
1850847
1850848
1850849
1850850
1850851
1850852
1850853
1850854
1850855
1850856
1850857
1850858
1850859
1850860
1850861
1850862
1850863
1850864
1850865
1850866
1850867
1850868
1850869
1850870
1850871
1850872
1850873
1850874
1850875
1850876
1850877
1850878
1850879
1850880
1850881
1850882
1850883
1850884
1850885
1850886
1850887
1850888
1850889
1850890
1850891
1850892
1850893
1850894
1850895
1850896
1850897
1850898
1850899
1850900
1850901
1850902
1850903
1850904
1850905
1850906
1850907
1850908
1850909
1850910
1850911
1850912
1850913
1850914
1850915
1850916
1850917
1850918
1850919
1850920
1850921
1850922
1850923
1850924
1850925
1850926
1850927
1850928
1850929
1850930
1850931
1850932
1850933
1850934
1850935
1850936
1850937
1850938
1850939
1850940
1850941
1850942
1850943
1850944
1850945
1850946
1850947
1850948
1850949
1850950
1850951
1850952
1850953
1850954
1850955
1850956
1850957
1850958
1850959
1850960
1850961
1850962
1850963
1850964
1850965
1850966
1850967
1850968
1850969
1850970
1850971
1850972
1850973
1850974
1850975
1850976
1850977
1850978
1850979
1850980
1850981
1850982
1850983
1850984
1850985
1850986
1850987
1850988
1850989
1850990
1850991
1850992
1850993
1850994
1850995
1850996
1850997
1850998
1850999
1851000
1851001
1851002
1851003
1851004
1851005
1851006
1851007
1851008
1851009
1851010
1851011
1851012
1851013
1851014
1851015
1851016
1851017
1851018
1851019
1851020
1851021
1851022
1851023
1851024
1851025
1851026
1851027
1851028
1851029
1851030
1851031
1851032
1851033
1851034
1851035
1851036
1851037
1851038
1851039
1851040
1851041
1851042
1851043
1851044
1851045
1851046
1851047
1851048
1851049
1851050
1851051
1851052
1851053
1851054
1851055
1851056
1851057
1851058
1851059
1851060
1851061
1851062
1851063
1851064
1851065
1851066
1851067
1851068
1851069
1851070
1851071
1851072
1851073
1851074
1851075
1851076
1851077
1851078
1851079
1851080
1851081
1851082
1851083
1851084
1851085
1851086
1851087
1851088
1851089
1851090
1851091
1851092
1851093
1851094
1851095
1851096
1851097
1851098
1851099
1851100
1851101
1851102
1851103
1851104
1851105
1851106
1851107
1851108
1851109
1851110
1851111
1851112
1851113
1851114
1851115
1851116
1851117
1851118
1851119
1851120
1851121
1851122
1851123
1851124
1851125
1851126
1851127
1851128
1851129
1851130
1851131
1851132
1851133
1851134
1851135
1851136
1851137
1851138
1851139
1851140
1851141
1851142
1851143
1851144
1851145
1851146
1851147
1851148
1851149
1851150
1851151
1851152
1851153
1851154
1851155
1851156
1851157
1851158
1851159
1851160
1851161
1851162
1851163
1851164
1851165
1851166
1851167
1851168
1851169
1851170
1851171
1851172
1851173
1851174
1851175
1851176
1851177
1851178
1851179
1851180
1851181
1851182
1851183
1851184
1851185
1851186
1851187
1851188
1851189
1851190
1851191
1851192
1851193
1851194
1851195
1851196
1851197
1851198
1851199
1851200
1851201
1851202
1851203
1851204
1851205
1851206
1851207
1851208
1851209
1851210
1851211
1851212
1851213
1851214
1851215
1851216
1851217
1851218
1851219
1851220
1851221
1851222
1851223
1851224
1851225
1851226
1851227
1851228
1851229
1851230
1851231
1851232
1851233
1851234
1851235
1851236
1851237
1851238
1851239
1851240
1851241
1851242
1851243
1851244
1851245
1851246
1851247
1851248
1851249
1851250
1851251
1851252
1851253
1851254
1851255
1851256
1851257
1851258
1851259
1851260
1851261
1851262
1851263
1851264
1851265
1851266
1851267
1851268
1851269
1851270
1851271
1851272
1851273
1851274
1851275
1851276
1851277
1851278
1851279
1851280
1851281
1851282
1851283
1851284
1851285
1851286
1851287
1851288
1851289
1851290
1851291
1851292
1851293
1851294
1851295
1851296
1851297
1851298
1851299
1851300
1851301
1851302
1851303
1851304
1851305
1851306
1851307
1851308
1851309
1851310
1851311
1851312
1851313
1851314
1851315
1851316
1851317
1851318
1851319
1851320
1851321
1851322
1851323
1851324
1851325
1851326
1851327
1851328
1851329
1851330
1851331
1851332
1851333
1851334
1851335
1851336
1851337
1851338
1851339
1851340
1851341
1851342
1851343
1851344
1851345
1851346
1851347
1851348
1851349
1851350
1851351
1851352
1851353
1851354
1851355
1851356
1851357
1851358
1851359
1851360
1851361
1851362
1851363
1851364
1851365
1851366
1851367
1851368
1851369
1851370
1851371
1851372
1851373
1851374
1851375
1851376
1851377
1851378
1851379
1851380
1851381
1851382
1851383
1851384
1851385
1851386
1851387
1851388
1851389
1851390
1851391
1851392
1851393
1851394
1851395
1851396
1851397
1851398
1851399
1851400
1851401
1851402
1851403
1851404
1851405
1851406
1851407
1851408
1851409
1851410
1851411
1851412
1851413
1851414
1851415
1851416
1851417
1851418
1851419
1851420
1851421
1851422
1851423
1851424
1851425
1851426
1851427
1851428
1851429
1851430
1851431
1851432
1851433
1851434
1851435
1851436
1851437
1851438
1851439
1851440
1851441
1851442
1851443
1851444
1851445
1851446
1851447
1851448
1851449
1851450
1851451
1851452
1851453
1851454
1851455
1851456
1851457
1851458
1851459
1851460
1851461
1851462
1851463
1851464
1851465
1851466
1851467
1851468
1851469
1851470
1851471
1851472
1851473
1851474
1851475
1851476
1851477
1851478
1851479
1851480
1851481
1851482
1851483
1851484
1851485
1851486
1851487
1851488
1851489
1851490
1851491
1851492
1851493
1851494
1851495
1851496
1851497
1851498
1851499
1851500
1851501
1851502
1851503
1851504
1851505
1851506
1851507
1851508
1851509
1851510
1851511
1851512
1851513
1851514
1851515
1851516
1851517
1851518
1851519
1851520
1851521
1851522
1851523
1851524
1851525
1851526
1851527
1851528
1851529
1851530
1851531
1851532
1851533
1851534
1851535
1851536
1851537
1851538
1851539
1851540
1851541
1851542
1851543
1851544
1851545
1851546
1851547
1851548
1851549
1851550
1851551
1851552
1851553
1851554
1851555
1851556
1851557
1851558
1851559
1851560
1851561
1851562
1851563
1851564
1851565
1851566
1851567
1851568
1851569
1851570
1851571
1851572
1851573
1851574
1851575
1851576
1851577
1851578
1851579
1851580
1851581
1851582
1851583
1851584
1851585
1851586
1851587
1851588
1851589
1851590
1851591
1851592
1851593
1851594
1851595
1851596
1851597
1851598
1851599
1851600
1851601
1851602
1851603
1851604
1851605
1851606
1851607
1851608
1851609
1851610
1851611
1851612
1851613
1851614
1851615
1851616
1851617
1851618
1851619
1851620
1851621
1851622
1851623
1851624
1851625
1851626
1851627
1851628
1851629
1851630
1851631
1851632
1851633
1851634
1851635
1851636
1851637
1851638
1851639
1851640
1851641
1851642
1851643
1851644
1851645
1851646
1851647
1851648
1851649
1851650
1851651
1851652
1851653
1851654
1851655
1851656
1851657
1851658
1851659
1851660
1851661
1851662
1851663
1851664
1851665
1851666
1851667
1851668
1851669
1851670
1851671
1851672
1851673
1851674
1851675
1851676
1851677
1851678
1851679
1851680
1851681
1851682
1851683
1851684
1851685
1851686
1851687
1851688
1851689
1851690
1851691
1851692
1851693
1851694
1851695
1851696
1851697
1851698
1851699
1851700
1851701
1851702
1851703
1851704
1851705
1851706
1851707
1851708
1851709
1851710
1851711
1851712
1851713
1851714
1851715
1851716
1851717
1851718
1851719
1851720
1851721
1851722
1851723
1851724
1851725
1851726
1851727
1851728
1851729
1851730
1851731
1851732
1851733
1851734
1851735
1851736
1851737
1851738
1851739
1851740
1851741
1851742
1851743
1851744
1851745
1851746
1851747
1851748
1851749
1851750
1851751
1851752
1851753
1851754
1851755
1851756
1851757
1851758
1851759
1851760
1851761
1851762
1851763
1851764
1851765
1851766
1851767
1851768
1851769
1851770
1851771
1851772
1851773
1851774
1851775
1851776
1851777
1851778
1851779
1851780
1851781
1851782
1851783
1851784
1851785
1851786
1851787
1851788
1851789
1851790
1851791
1851792
1851793
1851794
1851795
1851796
1851797
1851798
1851799
1851800
1851801
1851802
1851803
1851804
1851805
1851806
1851807
1851808
1851809
1851810
1851811
1851812
1851813
1851814
1851815
1851816
1851817
1851818
1851819
1851820
1851821
1851822
1851823
1851824
1851825
1851826
1851827
1851828
1851829
1851830
1851831
1851832
1851833
1851834
1851835
1851836
1851837
1851838
1851839
1851840
1851841
1851842
1851843
1851844
1851845
1851846
1851847
1851848
1851849
1851850
1851851
1851852
1851853
1851854
1851855
1851856
1851857
1851858
1851859
1851860
1851861
1851862
1851863
1851864
1851865
1851866
1851867
1851868
1851869
1851870
1851871
1851872
1851873
1851874
1851875
1851876
1851877
1851878
1851879
1851880
1851881
1851882
1851883
1851884
1851885
1851886
1851887
1851888
1851889
1851890
1851891
1851892
1851893
1851894
1851895
1851896
1851897
1851898
1851899
1851900
1851901
1851902
1851903
1851904
1851905
1851906
1851907
1851908
1851909
1851910
1851911
1851912
1851913
1851914
1851915
1851916
1851917
1851918
1851919
1851920
1851921
1851922
1851923
1851924
1851925
1851926
1851927
1851928
1851929
1851930
1851931
1851932
1851933
1851934
1851935
1851936
1851937
1851938
1851939
1851940
1851941
1851942
1851943
1851944
1851945
1851946
1851947
1851948
1851949
1851950
1851951
1851952
1851953
1851954
1851955
1851956
1851957
1851958
1851959
1851960
1851961
1851962
1851963
1851964
1851965
1851966
1851967
1851968
1851969
1851970
1851971
1851972
1851973
1851974
1851975
1851976
1851977
1851978
1851979
1851980
1851981
1851982
1851983
1851984
1851985
1851986
1851987
1851988
1851989
1851990
1851991
1851992
1851993
1851994
1851995
1851996
1851997
1851998
1851999
1852000
1852001
1852002
1852003
1852004
1852005
1852006
1852007
1852008
1852009
1852010
1852011
1852012
1852013
1852014
1852015
1852016
1852017
1852018
1852019
1852020
1852021
1852022
1852023
1852024
1852025
1852026
1852027
1852028
1852029
1852030
1852031
1852032
1852033
1852034
1852035
1852036
1852037
1852038
1852039
1852040
1852041
1852042
1852043
1852044
1852045
1852046
1852047
1852048
1852049
1852050
1852051
1852052
1852053
1852054
1852055
1852056
1852057
1852058
1852059
1852060
1852061
1852062
1852063
1852064
1852065
1852066
1852067
1852068
1852069
1852070
1852071
1852072
1852073
1852074
1852075
1852076
1852077
1852078
1852079
1852080
1852081
1852082
1852083
1852084
1852085
1852086
1852087
1852088
1852089
1852090
1852091
1852092
1852093
1852094
1852095
1852096
1852097
1852098
1852099
1852100
1852101
1852102
1852103
1852104
1852105
1852106
1852107
1852108
1852109
1852110
1852111
1852112
1852113
1852114
1852115
1852116
1852117
1852118
1852119
1852120
1852121
1852122
1852123
1852124
1852125
1852126
1852127
1852128
1852129
1852130
1852131
1852132
1852133
1852134
1852135
1852136
1852137
1852138
1852139
1852140
1852141
1852142
1852143
1852144
1852145
1852146
1852147
1852148
1852149
1852150
1852151
1852152
1852153
1852154
1852155
1852156
1852157
1852158
1852159
1852160
1852161
1852162
1852163
1852164
1852165
1852166
1852167
1852168
1852169
1852170
1852171
1852172
1852173
1852174
1852175
1852176
1852177
1852178
1852179
1852180
1852181
1852182
1852183
1852184
1852185
1852186
1852187
1852188
1852189
1852190
1852191
1852192
1852193
1852194
1852195
1852196
1852197
1852198
1852199
1852200
1852201
1852202
1852203
1852204
1852205
1852206
1852207
1852208
1852209
1852210
1852211
1852212
1852213
1852214
1852215
1852216
1852217
1852218
1852219
1852220
1852221
1852222
1852223
1852224
1852225
1852226
1852227
1852228
1852229
1852230
1852231
1852232
1852233
1852234
1852235
1852236
1852237
1852238
1852239
1852240
1852241
1852242
1852243
1852244
1852245
1852246
1852247
1852248
1852249
1852250
1852251
1852252
1852253
1852254
1852255
1852256
1852257
1852258
1852259
1852260
1852261
1852262
1852263
1852264
1852265
1852266
1852267
1852268
1852269
1852270
1852271
1852272
1852273
1852274
1852275
1852276
1852277
1852278
1852279
1852280
1852281
1852282
1852283
1852284
1852285
1852286
1852287
1852288
1852289
1852290
1852291
1852292
1852293
1852294
1852295
1852296
1852297
1852298
1852299
1852300
1852301
1852302
1852303
1852304
1852305
1852306
1852307
1852308
1852309
1852310
1852311
1852312
1852313
1852314
1852315
1852316
1852317
1852318
1852319
1852320
1852321
1852322
1852323
1852324
1852325
1852326
1852327
1852328
1852329
1852330
1852331
1852332
1852333
1852334
1852335
1852336
1852337
1852338
1852339
1852340
1852341
1852342
1852343
1852344
1852345
1852346
1852347
1852348
1852349
1852350
1852351
1852352
1852353
1852354
1852355
1852356
1852357
1852358
1852359
1852360
1852361
1852362
1852363
1852364
1852365
1852366
1852367
1852368
1852369
1852370
1852371
1852372
1852373
1852374
1852375
1852376
1852377
1852378
1852379
1852380
1852381
1852382
1852383
1852384
1852385
1852386
1852387
1852388
1852389
1852390
1852391
1852392
1852393
1852394
1852395
1852396
1852397
1852398
1852399
1852400
1852401
1852402
1852403
1852404
1852405
1852406
1852407
1852408
1852409
1852410
1852411
1852412
1852413
1852414
1852415
1852416
1852417
1852418
1852419
1852420
1852421
1852422
1852423
1852424
1852425
1852426
1852427
1852428
1852429
1852430
1852431
1852432
1852433
1852434
1852435
1852436
1852437
1852438
1852439
1852440
1852441
1852442
1852443
1852444
1852445
1852446
1852447
1852448
1852449
1852450
1852451
1852452
1852453
1852454
1852455
1852456
1852457
1852458
1852459
1852460
1852461
1852462
1852463
1852464
1852465
1852466
1852467
1852468
1852469
1852470
1852471
1852472
1852473
1852474
1852475
1852476
1852477
1852478
1852479
1852480
1852481
1852482
1852483
1852484
1852485
1852486
1852487
1852488
1852489
1852490
1852491
1852492
1852493
1852494
1852495
1852496
1852497
1852498
1852499
1852500
1852501
1852502
1852503
1852504
1852505
1852506
1852507
1852508
1852509
1852510
1852511
1852512
1852513
1852514
1852515
1852516
1852517
1852518
1852519
1852520
1852521
1852522
1852523
1852524
1852525
1852526
1852527
1852528
1852529
1852530
1852531
1852532
1852533
1852534
1852535
1852536
1852537
1852538
1852539
1852540
1852541
1852542
1852543
1852544
1852545
1852546
1852547
1852548
1852549
1852550
1852551
1852552
1852553
1852554
1852555
1852556
1852557
1852558
1852559
1852560
1852561
1852562
1852563
1852564
1852565
1852566
1852567
1852568
1852569
1852570
1852571
1852572
1852573
1852574
1852575
1852576
1852577
1852578
1852579
1852580
1852581
1852582
1852583
1852584
1852585
1852586
1852587
1852588
1852589
1852590
1852591
1852592
1852593
1852594
1852595
1852596
1852597
1852598
1852599
1852600
1852601
1852602
1852603
1852604
1852605
1852606
1852607
1852608
1852609
1852610
1852611
1852612
1852613
1852614
1852615
1852616
1852617
1852618
1852619
1852620
1852621
1852622
1852623
1852624
1852625
1852626
1852627
1852628
1852629
1852630
1852631
1852632
1852633
1852634
1852635
1852636
1852637
1852638
1852639
1852640
1852641
1852642
1852643
1852644
1852645
1852646
1852647
1852648
1852649
1852650
1852651
1852652
1852653
1852654
1852655
1852656
1852657
1852658
1852659
1852660
1852661
1852662
1852663
1852664
1852665
1852666
1852667
1852668
1852669
1852670
1852671
1852672
1852673
1852674
1852675
1852676
1852677
1852678
1852679
1852680
1852681
1852682
1852683
1852684
1852685
1852686
1852687
1852688
1852689
1852690
1852691
1852692
1852693
1852694
1852695
1852696
1852697
1852698
1852699
1852700
1852701
1852702
1852703
1852704
1852705
1852706
1852707
1852708
1852709
1852710
1852711
1852712
1852713
1852714
1852715
1852716
1852717
1852718
1852719
1852720
1852721
1852722
1852723
1852724
1852725
1852726
1852727
1852728
1852729
1852730
1852731
1852732
1852733
1852734
1852735
1852736
1852737
1852738
1852739
1852740
1852741
1852742
1852743
1852744
1852745
1852746
1852747
1852748
1852749
1852750
1852751
1852752
1852753
1852754
1852755
1852756
1852757
1852758
1852759
1852760
1852761
1852762
1852763
1852764
1852765
1852766
1852767
1852768
1852769
1852770
1852771
1852772
1852773
1852774
1852775
1852776
1852777
1852778
1852779
1852780
1852781
1852782
1852783
1852784
1852785
1852786
1852787
1852788
1852789
1852790
1852791
1852792
1852793
1852794
1852795
1852796
1852797
1852798
1852799
1852800
1852801
1852802
1852803
1852804
1852805
1852806
1852807
1852808
1852809
1852810
1852811
1852812
1852813
1852814
1852815
1852816
1852817
1852818
1852819
1852820
1852821
1852822
1852823
1852824
1852825
1852826
1852827
1852828
1852829
1852830
1852831
1852832
1852833
1852834
1852835
1852836
1852837
1852838
1852839
1852840
1852841
1852842
1852843
1852844
1852845
1852846
1852847
1852848
1852849
1852850
1852851
1852852
1852853
1852854
1852855
1852856
1852857
1852858
1852859
1852860
1852861
1852862
1852863
1852864
1852865
1852866
1852867
1852868
1852869
1852870
1852871
1852872
1852873
1852874
1852875
1852876
1852877
1852878
1852879
1852880
1852881
1852882
1852883
1852884
1852885
1852886
1852887
1852888
1852889
1852890
1852891
1852892
1852893
1852894
1852895
1852896
1852897
1852898
1852899
1852900
1852901
1852902
1852903
1852904
1852905
1852906
1852907
1852908
1852909
1852910
1852911
1852912
1852913
1852914
1852915
1852916
1852917
1852918
1852919
1852920
1852921
1852922
1852923
1852924
1852925
1852926
1852927
1852928
1852929
1852930
1852931
1852932
1852933
1852934
1852935
1852936
1852937
1852938
1852939
1852940
1852941
1852942
1852943
1852944
1852945
1852946
1852947
1852948
1852949
1852950
1852951
1852952
1852953
1852954
1852955
1852956
1852957
1852958
1852959
1852960
1852961
1852962
1852963
1852964
1852965
1852966
1852967
1852968
1852969
1852970
1852971
1852972
1852973
1852974
1852975
1852976
1852977
1852978
1852979
1852980
1852981
1852982
1852983
1852984
1852985
1852986
1852987
1852988
1852989
1852990
1852991
1852992
1852993
1852994
1852995
1852996
1852997
1852998
1852999
1853000
1853001
1853002
1853003
1853004
1853005
1853006
1853007
1853008
1853009
1853010
1853011
1853012
1853013
1853014
1853015
1853016
1853017
1853018
1853019
1853020
1853021
1853022
1853023
1853024
1853025
1853026
1853027
1853028
1853029
1853030
1853031
1853032
1853033
1853034
1853035
1853036
1853037
1853038
1853039
1853040
1853041
1853042
1853043
1853044
1853045
1853046
1853047
1853048
1853049
1853050
1853051
1853052
1853053
1853054
1853055
1853056
1853057
1853058
1853059
1853060
1853061
1853062
1853063
1853064
1853065
1853066
1853067
1853068
1853069
1853070
1853071
1853072
1853073
1853074
1853075
1853076
1853077
1853078
1853079
1853080
1853081
1853082
1853083
1853084
1853085
1853086
1853087
1853088
1853089
1853090
1853091
1853092
1853093
1853094
1853095
1853096
1853097
1853098
1853099
1853100
1853101
1853102
1853103
1853104
1853105
1853106
1853107
1853108
1853109
1853110
1853111
1853112
1853113
1853114
1853115
1853116
1853117
1853118
1853119
1853120
1853121
1853122
1853123
1853124
1853125
1853126
1853127
1853128
1853129
1853130
1853131
1853132
1853133
1853134
1853135
1853136
1853137
1853138
1853139
1853140
1853141
1853142
1853143
1853144
1853145
1853146
1853147
1853148
1853149
1853150
1853151
1853152
1853153
1853154
1853155
1853156
1853157
1853158
1853159
1853160
1853161
1853162
1853163
1853164
1853165
1853166
1853167
1853168
1853169
1853170
1853171
1853172
1853173
1853174
1853175
1853176
1853177
1853178
1853179
1853180
1853181
1853182
1853183
1853184
1853185
1853186
1853187
1853188
1853189
1853190
1853191
1853192
1853193
1853194
1853195
1853196
1853197
1853198
1853199
1853200
1853201
1853202
1853203
1853204
1853205
1853206
1853207
1853208
1853209
1853210
1853211
1853212
1853213
1853214
1853215
1853216
1853217
1853218
1853219
1853220
1853221
1853222
1853223
1853224
1853225
1853226
1853227
1853228
1853229
1853230
1853231
1853232
1853233
1853234
1853235
1853236
1853237
1853238
1853239
1853240
1853241
1853242
1853243
1853244
1853245
1853246
1853247
1853248
1853249
1853250
1853251
1853252
1853253
1853254
1853255
1853256
1853257
1853258
1853259
1853260
1853261
1853262
1853263
1853264
1853265
1853266
1853267
1853268
1853269
1853270
1853271
1853272
1853273
1853274
1853275
1853276
1853277
1853278
1853279
1853280
1853281
1853282
1853283
1853284
1853285
1853286
1853287
1853288
1853289
1853290
1853291
1853292
1853293
1853294
1853295
1853296
1853297
1853298
1853299
1853300
1853301
1853302
1853303
1853304
1853305
1853306
1853307
1853308
1853309
1853310
1853311
1853312
1853313
1853314
1853315
1853316
1853317
1853318
1853319
1853320
1853321
1853322
1853323
1853324
1853325
1853326
1853327
1853328
1853329
1853330
1853331
1853332
1853333
1853334
1853335
1853336
1853337
1853338
1853339
1853340
1853341
1853342
1853343
1853344
1853345
1853346
1853347
1853348
1853349
1853350
1853351
1853352
1853353
1853354
1853355
1853356
1853357
1853358
1853359
1853360
1853361
1853362
1853363
1853364
1853365
1853366
1853367
1853368
1853369
1853370
1853371
1853372
1853373
1853374
1853375
1853376
1853377
1853378
1853379
1853380
1853381
1853382
1853383
1853384
1853385
1853386
1853387
1853388
1853389
1853390
1853391
1853392
1853393
1853394
1853395
1853396
1853397
1853398
1853399
1853400
1853401
1853402
1853403
1853404
1853405
1853406
1853407
1853408
1853409
1853410
1853411
1853412
1853413
1853414
1853415
1853416
1853417
1853418
1853419
1853420
1853421
1853422
1853423
1853424
1853425
1853426
1853427
1853428
1853429
1853430
1853431
1853432
1853433
1853434
1853435
1853436
1853437
1853438
1853439
1853440
1853441
1853442
1853443
1853444
1853445
1853446
1853447
1853448
1853449
1853450
1853451
1853452
1853453
1853454
1853455
1853456
1853457
1853458
1853459
1853460
1853461
1853462
1853463
1853464
1853465
1853466
1853467
1853468
1853469
1853470
1853471
1853472
1853473
1853474
1853475
1853476
1853477
1853478
1853479
1853480
1853481
1853482
1853483
1853484
1853485
1853486
1853487
1853488
1853489
1853490
1853491
1853492
1853493
1853494
1853495
1853496
1853497
1853498
1853499
1853500
1853501
1853502
1853503
1853504
1853505
1853506
1853507
1853508
1853509
1853510
1853511
1853512
1853513
1853514
1853515
1853516
1853517
1853518
1853519
1853520
1853521
1853522
1853523
1853524
1853525
1853526
1853527
1853528
1853529
1853530
1853531
1853532
1853533
1853534
1853535
1853536
1853537
1853538
1853539
1853540
1853541
1853542
1853543
1853544
1853545
1853546
1853547
1853548
1853549
1853550
1853551
1853552
1853553
1853554
1853555
1853556
1853557
1853558
1853559
1853560
1853561
1853562
1853563
1853564
1853565
1853566
1853567
1853568
1853569
1853570
1853571
1853572
1853573
1853574
1853575
1853576
1853577
1853578
1853579
1853580
1853581
1853582
1853583
1853584
1853585
1853586
1853587
1853588
1853589
1853590
1853591
1853592
1853593
1853594
1853595
1853596
1853597
1853598
1853599
1853600
1853601
1853602
1853603
1853604
1853605
1853606
1853607
1853608
1853609
1853610
1853611
1853612
1853613
1853614
1853615
1853616
1853617
1853618
1853619
1853620
1853621
1853622
1853623
1853624
1853625
1853626
1853627
1853628
1853629
1853630
1853631
1853632
1853633
1853634
1853635
1853636
1853637
1853638
1853639
1853640
1853641
1853642
1853643
1853644
1853645
1853646
1853647
1853648
1853649
1853650
1853651
1853652
1853653
1853654
1853655
1853656
1853657
1853658
1853659
1853660
1853661
1853662
1853663
1853664
1853665
1853666
1853667
1853668
1853669
1853670
1853671
1853672
1853673
1853674
1853675
1853676
1853677
1853678
1853679
1853680
1853681
1853682
1853683
1853684
1853685
1853686
1853687
1853688
1853689
1853690
1853691
1853692
1853693
1853694
1853695
1853696
1853697
1853698
1853699
1853700
1853701
1853702
1853703
1853704
1853705
1853706
1853707
1853708
1853709
1853710
1853711
1853712
1853713
1853714
1853715
1853716
1853717
1853718
1853719
1853720
1853721
1853722
1853723
1853724
1853725
1853726
1853727
1853728
1853729
1853730
1853731
1853732
1853733
1853734
1853735
1853736
1853737
1853738
1853739
1853740
1853741
1853742
1853743
1853744
1853745
1853746
1853747
1853748
1853749
1853750
1853751
1853752
1853753
1853754
1853755
1853756
1853757
1853758
1853759
1853760
1853761
1853762
1853763
1853764
1853765
1853766
1853767
1853768
1853769
1853770
1853771
1853772
1853773
1853774
1853775
1853776
1853777
1853778
1853779
1853780
1853781
1853782
1853783
1853784
1853785
1853786
1853787
1853788
1853789
1853790
1853791
1853792
1853793
1853794
1853795
1853796
1853797
1853798
1853799
1853800
1853801
1853802
1853803
1853804
1853805
1853806
1853807
1853808
1853809
1853810
1853811
1853812
1853813
1853814
1853815
1853816
1853817
1853818
1853819
1853820
1853821
1853822
1853823
1853824
1853825
1853826
1853827
1853828
1853829
1853830
1853831
1853832
1853833
1853834
1853835
1853836
1853837
1853838
1853839
1853840
1853841
1853842
1853843
1853844
1853845
1853846
1853847
1853848
1853849
1853850
1853851
1853852
1853853
1853854
1853855
1853856
1853857
1853858
1853859
1853860
1853861
1853862
1853863
1853864
1853865
1853866
1853867
1853868
1853869
1853870
1853871
1853872
1853873
1853874
1853875
1853876
1853877
1853878
1853879
1853880
1853881
1853882
1853883
1853884
1853885
1853886
1853887
1853888
1853889
1853890
1853891
1853892
1853893
1853894
1853895
1853896
1853897
1853898
1853899
1853900
1853901
1853902
1853903
1853904
1853905
1853906
1853907
1853908
1853909
1853910
1853911
1853912
1853913
1853914
1853915
1853916
1853917
1853918
1853919
1853920
1853921
1853922
1853923
1853924
1853925
1853926
1853927
1853928
1853929
1853930
1853931
1853932
1853933
1853934
1853935
1853936
1853937
1853938
1853939
1853940
1853941
1853942
1853943
1853944
1853945
1853946
1853947
1853948
1853949
1853950
1853951
1853952
1853953
1853954
1853955
1853956
1853957
1853958
1853959
1853960
1853961
1853962
1853963
1853964
1853965
1853966
1853967
1853968
1853969
1853970
1853971
1853972
1853973
1853974
1853975
1853976
1853977
1853978
1853979
1853980
1853981
1853982
1853983
1853984
1853985
1853986
1853987
1853988
1853989
1853990
1853991
1853992
1853993
1853994
1853995
1853996
1853997
1853998
1853999
1854000
1854001
1854002
1854003
1854004
1854005
1854006
1854007
1854008
1854009
1854010
1854011
1854012
1854013
1854014
1854015
1854016
1854017
1854018
1854019
1854020
1854021
1854022
1854023
1854024
1854025
1854026
1854027
1854028
1854029
1854030
1854031
1854032
1854033
1854034
1854035
1854036
1854037
1854038
1854039
1854040
1854041
1854042
1854043
1854044
1854045
1854046
1854047
1854048
1854049
1854050
1854051
1854052
1854053
1854054
1854055
1854056
1854057
1854058
1854059
1854060
1854061
1854062
1854063
1854064
1854065
1854066
1854067
1854068
1854069
1854070
1854071
1854072
1854073
1854074
1854075
1854076
1854077
1854078
1854079
1854080
1854081
1854082
1854083
1854084
1854085
1854086
1854087
1854088
1854089
1854090
1854091
1854092
1854093
1854094
1854095
1854096
1854097
1854098
1854099
1854100
1854101
1854102
1854103
1854104
1854105
1854106
1854107
1854108
1854109
1854110
1854111
1854112
1854113
1854114
1854115
1854116
1854117
1854118
1854119
1854120
1854121
1854122
1854123
1854124
1854125
1854126
1854127
1854128
1854129
1854130
1854131
1854132
1854133
1854134
1854135
1854136
1854137
1854138
1854139
1854140
1854141
1854142
1854143
1854144
1854145
1854146
1854147
1854148
1854149
1854150
1854151
1854152
1854153
1854154
1854155
1854156
1854157
1854158
1854159
1854160
1854161
1854162
1854163
1854164
1854165
1854166
1854167
1854168
1854169
1854170
1854171
1854172
1854173
1854174
1854175
1854176
1854177
1854178
1854179
1854180
1854181
1854182
1854183
1854184
1854185
1854186
1854187
1854188
1854189
1854190
1854191
1854192
1854193
1854194
1854195
1854196
1854197
1854198
1854199
1854200
1854201
1854202
1854203
1854204
1854205
1854206
1854207
1854208
1854209
1854210
1854211
1854212
1854213
1854214
1854215
1854216
1854217
1854218
1854219
1854220
1854221
1854222
1854223
1854224
1854225
1854226
1854227
1854228
1854229
1854230
1854231
1854232
1854233
1854234
1854235
1854236
1854237
1854238
1854239
1854240
1854241
1854242
1854243
1854244
1854245
1854246
1854247
1854248
1854249
1854250
1854251
1854252
1854253
1854254
1854255
1854256
1854257
1854258
1854259
1854260
1854261
1854262
1854263
1854264
1854265
1854266
1854267
1854268
1854269
1854270
1854271
1854272
1854273
1854274
1854275
1854276
1854277
1854278
1854279
1854280
1854281
1854282
1854283
1854284
1854285
1854286
1854287
1854288
1854289
1854290
1854291
1854292
1854293
1854294
1854295
1854296
1854297
1854298
1854299
1854300
1854301
1854302
1854303
1854304
1854305
1854306
1854307
1854308
1854309
1854310
1854311
1854312
1854313
1854314
1854315
1854316
1854317
1854318
1854319
1854320
1854321
1854322
1854323
1854324
1854325
1854326
1854327
1854328
1854329
1854330
1854331
1854332
1854333
1854334
1854335
1854336
1854337
1854338
1854339
1854340
1854341
1854342
1854343
1854344
1854345
1854346
1854347
1854348
1854349
1854350
1854351
1854352
1854353
1854354
1854355
1854356
1854357
1854358
1854359
1854360
1854361
1854362
1854363
1854364
1854365
1854366
1854367
1854368
1854369
1854370
1854371
1854372
1854373
1854374
1854375
1854376
1854377
1854378
1854379
1854380
1854381
1854382
1854383
1854384
1854385
1854386
1854387
1854388
1854389
1854390
1854391
1854392
1854393
1854394
1854395
1854396
1854397
1854398
1854399
1854400
1854401
1854402
1854403
1854404
1854405
1854406
1854407
1854408
1854409
1854410
1854411
1854412
1854413
1854414
1854415
1854416
1854417
1854418
1854419
1854420
1854421
1854422
1854423
1854424
1854425
1854426
1854427
1854428
1854429
1854430
1854431
1854432
1854433
1854434
1854435
1854436
1854437
1854438
1854439
1854440
1854441
1854442
1854443
1854444
1854445
1854446
1854447
1854448
1854449
1854450
1854451
1854452
1854453
1854454
1854455
1854456
1854457
1854458
1854459
1854460
1854461
1854462
1854463
1854464
1854465
1854466
1854467
1854468
1854469
1854470
1854471
1854472
1854473
1854474
1854475
1854476
1854477
1854478
1854479
1854480
1854481
1854482
1854483
1854484
1854485
1854486
1854487
1854488
1854489
1854490
1854491
1854492
1854493
1854494
1854495
1854496
1854497
1854498
1854499
1854500
1854501
1854502
1854503
1854504
1854505
1854506
1854507
1854508
1854509
1854510
1854511
1854512
1854513
1854514
1854515
1854516
1854517
1854518
1854519
1854520
1854521
1854522
1854523
1854524
1854525
1854526
1854527
1854528
1854529
1854530
1854531
1854532
1854533
1854534
1854535
1854536
1854537
1854538
1854539
1854540
1854541
1854542
1854543
1854544
1854545
1854546
1854547
1854548
1854549
1854550
1854551
1854552
1854553
1854554
1854555
1854556
1854557
1854558
1854559
1854560
1854561
1854562
1854563
1854564
1854565
1854566
1854567
1854568
1854569
1854570
1854571
1854572
1854573
1854574
1854575
1854576
1854577
1854578
1854579
1854580
1854581
1854582
1854583
1854584
1854585
1854586
1854587
1854588
1854589
1854590
1854591
1854592
1854593
1854594
1854595
1854596
1854597
1854598
1854599
1854600
1854601
1854602
1854603
1854604
1854605
1854606
1854607
1854608
1854609
1854610
1854611
1854612
1854613
1854614
1854615
1854616
1854617
1854618
1854619
1854620
1854621
1854622
1854623
1854624
1854625
1854626
1854627
1854628
1854629
1854630
1854631
1854632
1854633
1854634
1854635
1854636
1854637
1854638
1854639
1854640
1854641
1854642
1854643
1854644
1854645
1854646
1854647
1854648
1854649
1854650
1854651
1854652
1854653
1854654
1854655
1854656
1854657
1854658
1854659
1854660
1854661
1854662
1854663
1854664
1854665
1854666
1854667
1854668
1854669
1854670
1854671
1854672
1854673
1854674
1854675
1854676
1854677
1854678
1854679
1854680
1854681
1854682
1854683
1854684
1854685
1854686
1854687
1854688
1854689
1854690
1854691
1854692
1854693
1854694
1854695
1854696
1854697
1854698
1854699
1854700
1854701
1854702
1854703
1854704
1854705
1854706
1854707
1854708
1854709
1854710
1854711
1854712
1854713
1854714
1854715
1854716
1854717
1854718
1854719
1854720
1854721
1854722
1854723
1854724
1854725
1854726
1854727
1854728
1854729
1854730
1854731
1854732
1854733
1854734
1854735
1854736
1854737
1854738
1854739
1854740
1854741
1854742
1854743
1854744
1854745
1854746
1854747
1854748
1854749
1854750
1854751
1854752
1854753
1854754
1854755
1854756
1854757
1854758
1854759
1854760
1854761
1854762
1854763
1854764
1854765
1854766
1854767
1854768
1854769
1854770
1854771
1854772
1854773
1854774
1854775
1854776
1854777
1854778
1854779
1854780
1854781
1854782
1854783
1854784
1854785
1854786
1854787
1854788
1854789
1854790
1854791
1854792
1854793
1854794
1854795
1854796
1854797
1854798
1854799
1854800
1854801
1854802
1854803
1854804
1854805
1854806
1854807
1854808
1854809
1854810
1854811
1854812
1854813
1854814
1854815
1854816
1854817
1854818
1854819
1854820
1854821
1854822
1854823
1854824
1854825
1854826
1854827
1854828
1854829
1854830
1854831
1854832
1854833
1854834
1854835
1854836
1854837
1854838
1854839
1854840
1854841
1854842
1854843
1854844
1854845
1854846
1854847
1854848
1854849
1854850
1854851
1854852
1854853
1854854
1854855
1854856
1854857
1854858
1854859
1854860
1854861
1854862
1854863
1854864
1854865
1854866
1854867
1854868
1854869
1854870
1854871
1854872
1854873
1854874
1854875
1854876
1854877
1854878
1854879
1854880
1854881
1854882
1854883
1854884
1854885
1854886
1854887
1854888
1854889
1854890
1854891
1854892
1854893
1854894
1854895
1854896
1854897
1854898
1854899
1854900
1854901
1854902
1854903
1854904
1854905
1854906
1854907
1854908
1854909
1854910
1854911
1854912
1854913
1854914
1854915
1854916
1854917
1854918
1854919
1854920
1854921
1854922
1854923
1854924
1854925
1854926
1854927
1854928
1854929
1854930
1854931
1854932
1854933
1854934
1854935
1854936
1854937
1854938
1854939
1854940
1854941
1854942
1854943
1854944
1854945
1854946
1854947
1854948
1854949
1854950
1854951
1854952
1854953
1854954
1854955
1854956
1854957
1854958
1854959
1854960
1854961
1854962
1854963
1854964
1854965
1854966
1854967
1854968
1854969
1854970
1854971
1854972
1854973
1854974
1854975
1854976
1854977
1854978
1854979
1854980
1854981
1854982
1854983
1854984
1854985
1854986
1854987
1854988
1854989
1854990
1854991
1854992
1854993
1854994
1854995
1854996
1854997
1854998
1854999
1855000
1855001
1855002
1855003
1855004
1855005
1855006
1855007
1855008
1855009
1855010
1855011
1855012
1855013
1855014
1855015
1855016
1855017
1855018
1855019
1855020
1855021
1855022
1855023
1855024
1855025
1855026
1855027
1855028
1855029
1855030
1855031
1855032
1855033
1855034
1855035
1855036
1855037
1855038
1855039
1855040
1855041
1855042
1855043
1855044
1855045
1855046
1855047
1855048
1855049
1855050
1855051
1855052
1855053
1855054
1855055
1855056
1855057
1855058
1855059
1855060
1855061
1855062
1855063
1855064
1855065
1855066
1855067
1855068
1855069
1855070
1855071
1855072
1855073
1855074
1855075
1855076
1855077
1855078
1855079
1855080
1855081
1855082
1855083
1855084
1855085
1855086
1855087
1855088
1855089
1855090
1855091
1855092
1855093
1855094
1855095
1855096
1855097
1855098
1855099
1855100
1855101
1855102
1855103
1855104
1855105
1855106
1855107
1855108
1855109
1855110
1855111
1855112
1855113
1855114
1855115
1855116
1855117
1855118
1855119
1855120
1855121
1855122
1855123
1855124
1855125
1855126
1855127
1855128
1855129
1855130
1855131
1855132
1855133
1855134
1855135
1855136
1855137
1855138
1855139
1855140
1855141
1855142
1855143
1855144
1855145
1855146
1855147
1855148
1855149
1855150
1855151
1855152
1855153
1855154
1855155
1855156
1855157
1855158
1855159
1855160
1855161
1855162
1855163
1855164
1855165
1855166
1855167
1855168
1855169
1855170
1855171
1855172
1855173
1855174
1855175
1855176
1855177
1855178
1855179
1855180
1855181
1855182
1855183
1855184
1855185
1855186
1855187
1855188
1855189
1855190
1855191
1855192
1855193
1855194
1855195
1855196
1855197
1855198
1855199
1855200
1855201
1855202
1855203
1855204
1855205
1855206
1855207
1855208
1855209
1855210
1855211
1855212
1855213
1855214
1855215
1855216
1855217
1855218
1855219
1855220
1855221
1855222
1855223
1855224
1855225
1855226
1855227
1855228
1855229
1855230
1855231
1855232
1855233
1855234
1855235
1855236
1855237
1855238
1855239
1855240
1855241
1855242
1855243
1855244
1855245
1855246
1855247
1855248
1855249
1855250
1855251
1855252
1855253
1855254
1855255
1855256
1855257
1855258
1855259
1855260
1855261
1855262
1855263
1855264
1855265
1855266
1855267
1855268
1855269
1855270
1855271
1855272
1855273
1855274
1855275
1855276
1855277
1855278
1855279
1855280
1855281
1855282
1855283
1855284
1855285
1855286
1855287
1855288
1855289
1855290
1855291
1855292
1855293
1855294
1855295
1855296
1855297
1855298
1855299
1855300
1855301
1855302
1855303
1855304
1855305
1855306
1855307
1855308
1855309
1855310
1855311
1855312
1855313
1855314
1855315
1855316
1855317
1855318
1855319
1855320
1855321
1855322
1855323
1855324
1855325
1855326
1855327
1855328
1855329
1855330
1855331
1855332
1855333
1855334
1855335
1855336
1855337
1855338
1855339
1855340
1855341
1855342
1855343
1855344
1855345
1855346
1855347
1855348
1855349
1855350
1855351
1855352
1855353
1855354
1855355
1855356
1855357
1855358
1855359
1855360
1855361
1855362
1855363
1855364
1855365
1855366
1855367
1855368
1855369
1855370
1855371
1855372
1855373
1855374
1855375
1855376
1855377
1855378
1855379
1855380
1855381
1855382
1855383
1855384
1855385
1855386
1855387
1855388
1855389
1855390
1855391
1855392
1855393
1855394
1855395
1855396
1855397
1855398
1855399
1855400
1855401
1855402
1855403
1855404
1855405
1855406
1855407
1855408
1855409
1855410
1855411
1855412
1855413
1855414
1855415
1855416
1855417
1855418
1855419
1855420
1855421
1855422
1855423
1855424
1855425
1855426
1855427
1855428
1855429
1855430
1855431
1855432
1855433
1855434
1855435
1855436
1855437
1855438
1855439
1855440
1855441
1855442
1855443
1855444
1855445
1855446
1855447
1855448
1855449
1855450
1855451
1855452
1855453
1855454
1855455
1855456
1855457
1855458
1855459
1855460
1855461
1855462
1855463
1855464
1855465
1855466
1855467
1855468
1855469
1855470
1855471
1855472
1855473
1855474
1855475
1855476
1855477
1855478
1855479
1855480
1855481
1855482
1855483
1855484
1855485
1855486
1855487
1855488
1855489
1855490
1855491
1855492
1855493
1855494
1855495
1855496
1855497
1855498
1855499
1855500
1855501
1855502
1855503
1855504
1855505
1855506
1855507
1855508
1855509
1855510
1855511
1855512
1855513
1855514
1855515
1855516
1855517
1855518
1855519
1855520
1855521
1855522
1855523
1855524
1855525
1855526
1855527
1855528
1855529
1855530
1855531
1855532
1855533
1855534
1855535
1855536
1855537
1855538
1855539
1855540
1855541
1855542
1855543
1855544
1855545
1855546
1855547
1855548
1855549
1855550
1855551
1855552
1855553
1855554
1855555
1855556
1855557
1855558
1855559
1855560
1855561
1855562
1855563
1855564
1855565
1855566
1855567
1855568
1855569
1855570
1855571
1855572
1855573
1855574
1855575
1855576
1855577
1855578
1855579
1855580
1855581
1855582
1855583
1855584
1855585
1855586
1855587
1855588
1855589
1855590
1855591
1855592
1855593
1855594
1855595
1855596
1855597
1855598
1855599
1855600
1855601
1855602
1855603
1855604
1855605
1855606
1855607
1855608
1855609
1855610
1855611
1855612
1855613
1855614
1855615
1855616
1855617
1855618
1855619
1855620
1855621
1855622
1855623
1855624
1855625
1855626
1855627
1855628
1855629
1855630
1855631
1855632
1855633
1855634
1855635
1855636
1855637
1855638
1855639
1855640
1855641
1855642
1855643
1855644
1855645
1855646
1855647
1855648
1855649
1855650
1855651
1855652
1855653
1855654
1855655
1855656
1855657
1855658
1855659
1855660
1855661
1855662
1855663
1855664
1855665
1855666
1855667
1855668
1855669
1855670
1855671
1855672
1855673
1855674
1855675
1855676
1855677
1855678
1855679
1855680
1855681
1855682
1855683
1855684
1855685
1855686
1855687
1855688
1855689
1855690
1855691
1855692
1855693
1855694
1855695
1855696
1855697
1855698
1855699
1855700
1855701
1855702
1855703
1855704
1855705
1855706
1855707
1855708
1855709
1855710
1855711
1855712
1855713
1855714
1855715
1855716
1855717
1855718
1855719
1855720
1855721
1855722
1855723
1855724
1855725
1855726
1855727
1855728
1855729
1855730
1855731
1855732
1855733
1855734
1855735
1855736
1855737
1855738
1855739
1855740
1855741
1855742
1855743
1855744
1855745
1855746
1855747
1855748
1855749
1855750
1855751
1855752
1855753
1855754
1855755
1855756
1855757
1855758
1855759
1855760
1855761
1855762
1855763
1855764
1855765
1855766
1855767
1855768
1855769
1855770
1855771
1855772
1855773
1855774
1855775
1855776
1855777
1855778
1855779
1855780
1855781
1855782
1855783
1855784
1855785
1855786
1855787
1855788
1855789
1855790
1855791
1855792
1855793
1855794
1855795
1855796
1855797
1855798
1855799
1855800
1855801
1855802
1855803
1855804
1855805
1855806
1855807
1855808
1855809
1855810
1855811
1855812
1855813
1855814
1855815
1855816
1855817
1855818
1855819
1855820
1855821
1855822
1855823
1855824
1855825
1855826
1855827
1855828
1855829
1855830
1855831
1855832
1855833
1855834
1855835
1855836
1855837
1855838
1855839
1855840
1855841
1855842
1855843
1855844
1855845
1855846
1855847
1855848
1855849
1855850
1855851
1855852
1855853
1855854
1855855
1855856
1855857
1855858
1855859
1855860
1855861
1855862
1855863
1855864
1855865
1855866
1855867
1855868
1855869
1855870
1855871
1855872
1855873
1855874
1855875
1855876
1855877
1855878
1855879
1855880
1855881
1855882
1855883
1855884
1855885
1855886
1855887
1855888
1855889
1855890
1855891
1855892
1855893
1855894
1855895
1855896
1855897
1855898
1855899
1855900
1855901
1855902
1855903
1855904
1855905
1855906
1855907
1855908
1855909
1855910
1855911
1855912
1855913
1855914
1855915
1855916
1855917
1855918
1855919
1855920
1855921
1855922
1855923
1855924
1855925
1855926
1855927
1855928
1855929
1855930
1855931
1855932
1855933
1855934
1855935
1855936
1855937
1855938
1855939
1855940
1855941
1855942
1855943
1855944
1855945
1855946
1855947
1855948
1855949
1855950
1855951
1855952
1855953
1855954
1855955
1855956
1855957
1855958
1855959
1855960
1855961
1855962
1855963
1855964
1855965
1855966
1855967
1855968
1855969
1855970
1855971
1855972
1855973
1855974
1855975
1855976
1855977
1855978
1855979
1855980
1855981
1855982
1855983
1855984
1855985
1855986
1855987
1855988
1855989
1855990
1855991
1855992
1855993
1855994
1855995
1855996
1855997
1855998
1855999
1856000
1856001
1856002
1856003
1856004
1856005
1856006
1856007
1856008
1856009
1856010
1856011
1856012
1856013
1856014
1856015
1856016
1856017
1856018
1856019
1856020
1856021
1856022
1856023
1856024
1856025
1856026
1856027
1856028
1856029
1856030
1856031
1856032
1856033
1856034
1856035
1856036
1856037
1856038
1856039
1856040
1856041
1856042
1856043
1856044
1856045
1856046
1856047
1856048
1856049
1856050
1856051
1856052
1856053
1856054
1856055
1856056
1856057
1856058
1856059
1856060
1856061
1856062
1856063
1856064
1856065
1856066
1856067
1856068
1856069
1856070
1856071
1856072
1856073
1856074
1856075
1856076
1856077
1856078
1856079
1856080
1856081
1856082
1856083
1856084
1856085
1856086
1856087
1856088
1856089
1856090
1856091
1856092
1856093
1856094
1856095
1856096
1856097
1856098
1856099
1856100
1856101
1856102
1856103
1856104
1856105
1856106
1856107
1856108
1856109
1856110
1856111
1856112
1856113
1856114
1856115
1856116
1856117
1856118
1856119
1856120
1856121
1856122
1856123
1856124
1856125
1856126
1856127
1856128
1856129
1856130
1856131
1856132
1856133
1856134
1856135
1856136
1856137
1856138
1856139
1856140
1856141
1856142
1856143
1856144
1856145
1856146
1856147
1856148
1856149
1856150
1856151
1856152
1856153
1856154
1856155
1856156
1856157
1856158
1856159
1856160
1856161
1856162
1856163
1856164
1856165
1856166
1856167
1856168
1856169
1856170
1856171
1856172
1856173
1856174
1856175
1856176
1856177
1856178
1856179
1856180
1856181
1856182
1856183
1856184
1856185
1856186
1856187
1856188
1856189
1856190
1856191
1856192
1856193
1856194
1856195
1856196
1856197
1856198
1856199
1856200
1856201
1856202
1856203
1856204
1856205
1856206
1856207
1856208
1856209
1856210
1856211
1856212
1856213
1856214
1856215
1856216
1856217
1856218
1856219
1856220
1856221
1856222
1856223
1856224
1856225
1856226
1856227
1856228
1856229
1856230
1856231
1856232
1856233
1856234
1856235
1856236
1856237
1856238
1856239
1856240
1856241
1856242
1856243
1856244
1856245
1856246
1856247
1856248
1856249
1856250
1856251
1856252
1856253
1856254
1856255
1856256
1856257
1856258
1856259
1856260
1856261
1856262
1856263
1856264
1856265
1856266
1856267
1856268
1856269
1856270
1856271
1856272
1856273
1856274
1856275
1856276
1856277
1856278
1856279
1856280
1856281
1856282
1856283
1856284
1856285
1856286
1856287
1856288
1856289
1856290
1856291
1856292
1856293
1856294
1856295
1856296
1856297
1856298
1856299
1856300
1856301
1856302
1856303
1856304
1856305
1856306
1856307
1856308
1856309
1856310
1856311
1856312
1856313
1856314
1856315
1856316
1856317
1856318
1856319
1856320
1856321
1856322
1856323
1856324
1856325
1856326
1856327
1856328
1856329
1856330
1856331
1856332
1856333
1856334
1856335
1856336
1856337
1856338
1856339
1856340
1856341
1856342
1856343
1856344
1856345
1856346
1856347
1856348
1856349
1856350
1856351
1856352
1856353
1856354
1856355
1856356
1856357
1856358
1856359
1856360
1856361
1856362
1856363
1856364
1856365
1856366
1856367
1856368
1856369
1856370
1856371
1856372
1856373
1856374
1856375
1856376
1856377
1856378
1856379
1856380
1856381
1856382
1856383
1856384
1856385
1856386
1856387
1856388
1856389
1856390
1856391
1856392
1856393
1856394
1856395
1856396
1856397
1856398
1856399
1856400
1856401
1856402
1856403
1856404
1856405
1856406
1856407
1856408
1856409
1856410
1856411
1856412
1856413
1856414
1856415
1856416
1856417
1856418
1856419
1856420
1856421
1856422
1856423
1856424
1856425
1856426
1856427
1856428
1856429
1856430
1856431
1856432
1856433
1856434
1856435
1856436
1856437
1856438
1856439
1856440
1856441
1856442
1856443
1856444
1856445
1856446
1856447
1856448
1856449
1856450
1856451
1856452
1856453
1856454
1856455
1856456
1856457
1856458
1856459
1856460
1856461
1856462
1856463
1856464
1856465
1856466
1856467
1856468
1856469
1856470
1856471
1856472
1856473
1856474
1856475
1856476
1856477
1856478
1856479
1856480
1856481
1856482
1856483
1856484
1856485
1856486
1856487
1856488
1856489
1856490
1856491
1856492
1856493
1856494
1856495
1856496
1856497
1856498
1856499
1856500
1856501
1856502
1856503
1856504
1856505
1856506
1856507
1856508
1856509
1856510
1856511
1856512
1856513
1856514
1856515
1856516
1856517
1856518
1856519
1856520
1856521
1856522
1856523
1856524
1856525
1856526
1856527
1856528
1856529
1856530
1856531
1856532
1856533
1856534
1856535
1856536
1856537
1856538
1856539
1856540
1856541
1856542
1856543
1856544
1856545
1856546
1856547
1856548
1856549
1856550
1856551
1856552
1856553
1856554
1856555
1856556
1856557
1856558
1856559
1856560
1856561
1856562
1856563
1856564
1856565
1856566
1856567
1856568
1856569
1856570
1856571
1856572
1856573
1856574
1856575
1856576
1856577
1856578
1856579
1856580
1856581
1856582
1856583
1856584
1856585
1856586
1856587
1856588
1856589
1856590
1856591
1856592
1856593
1856594
1856595
1856596
1856597
1856598
1856599
1856600
1856601
1856602
1856603
1856604
1856605
1856606
1856607
1856608
1856609
1856610
1856611
1856612
1856613
1856614
1856615
1856616
1856617
1856618
1856619
1856620
1856621
1856622
1856623
1856624
1856625
1856626
1856627
1856628
1856629
1856630
1856631
1856632
1856633
1856634
1856635
1856636
1856637
1856638
1856639
1856640
1856641
1856642
1856643
1856644
1856645
1856646
1856647
1856648
1856649
1856650
1856651
1856652
1856653
1856654
1856655
1856656
1856657
1856658
1856659
1856660
1856661
1856662
1856663
1856664
1856665
1856666
1856667
1856668
1856669
1856670
1856671
1856672
1856673
1856674
1856675
1856676
1856677
1856678
1856679
1856680
1856681
1856682
1856683
1856684
1856685
1856686
1856687
1856688
1856689
1856690
1856691
1856692
1856693
1856694
1856695
1856696
1856697
1856698
1856699
1856700
1856701
1856702
1856703
1856704
1856705
1856706
1856707
1856708
1856709
1856710
1856711
1856712
1856713
1856714
1856715
1856716
1856717
1856718
1856719
1856720
1856721
1856722
1856723
1856724
1856725
1856726
1856727
1856728
1856729
1856730
1856731
1856732
1856733
1856734
1856735
1856736
1856737
1856738
1856739
1856740
1856741
1856742
1856743
1856744
1856745
1856746
1856747
1856748
1856749
1856750
1856751
1856752
1856753
1856754
1856755
1856756
1856757
1856758
1856759
1856760
1856761
1856762
1856763
1856764
1856765
1856766
1856767
1856768
1856769
1856770
1856771
1856772
1856773
1856774
1856775
1856776
1856777
1856778
1856779
1856780
1856781
1856782
1856783
1856784
1856785
1856786
1856787
1856788
1856789
1856790
1856791
1856792
1856793
1856794
1856795
1856796
1856797
1856798
1856799
1856800
1856801
1856802
1856803
1856804
1856805
1856806
1856807
1856808
1856809
1856810
1856811
1856812
1856813
1856814
1856815
1856816
1856817
1856818
1856819
1856820
1856821
1856822
1856823
1856824
1856825
1856826
1856827
1856828
1856829
1856830
1856831
1856832
1856833
1856834
1856835
1856836
1856837
1856838
1856839
1856840
1856841
1856842
1856843
1856844
1856845
1856846
1856847
1856848
1856849
1856850
1856851
1856852
1856853
1856854
1856855
1856856
1856857
1856858
1856859
1856860
1856861
1856862
1856863
1856864
1856865
1856866
1856867
1856868
1856869
1856870
1856871
1856872
1856873
1856874
1856875
1856876
1856877
1856878
1856879
1856880
1856881
1856882
1856883
1856884
1856885
1856886
1856887
1856888
1856889
1856890
1856891
1856892
1856893
1856894
1856895
1856896
1856897
1856898
1856899
1856900
1856901
1856902
1856903
1856904
1856905
1856906
1856907
1856908
1856909
1856910
1856911
1856912
1856913
1856914
1856915
1856916
1856917
1856918
1856919
1856920
1856921
1856922
1856923
1856924
1856925
1856926
1856927
1856928
1856929
1856930
1856931
1856932
1856933
1856934
1856935
1856936
1856937
1856938
1856939
1856940
1856941
1856942
1856943
1856944
1856945
1856946
1856947
1856948
1856949
1856950
1856951
1856952
1856953
1856954
1856955
1856956
1856957
1856958
1856959
1856960
1856961
1856962
1856963
1856964
1856965
1856966
1856967
1856968
1856969
1856970
1856971
1856972
1856973
1856974
1856975
1856976
1856977
1856978
1856979
1856980
1856981
1856982
1856983
1856984
1856985
1856986
1856987
1856988
1856989
1856990
1856991
1856992
1856993
1856994
1856995
1856996
1856997
1856998
1856999
1857000
1857001
1857002
1857003
1857004
1857005
1857006
1857007
1857008
1857009
1857010
1857011
1857012
1857013
1857014
1857015
1857016
1857017
1857018
1857019
1857020
1857021
1857022
1857023
1857024
1857025
1857026
1857027
1857028
1857029
1857030
1857031
1857032
1857033
1857034
1857035
1857036
1857037
1857038
1857039
1857040
1857041
1857042
1857043
1857044
1857045
1857046
1857047
1857048
1857049
1857050
1857051
1857052
1857053
1857054
1857055
1857056
1857057
1857058
1857059
1857060
1857061
1857062
1857063
1857064
1857065
1857066
1857067
1857068
1857069
1857070
1857071
1857072
1857073
1857074
1857075
1857076
1857077
1857078
1857079
1857080
1857081
1857082
1857083
1857084
1857085
1857086
1857087
1857088
1857089
1857090
1857091
1857092
1857093
1857094
1857095
1857096
1857097
1857098
1857099
1857100
1857101
1857102
1857103
1857104
1857105
1857106
1857107
1857108
1857109
1857110
1857111
1857112
1857113
1857114
1857115
1857116
1857117
1857118
1857119
1857120
1857121
1857122
1857123
1857124
1857125
1857126
1857127
1857128
1857129
1857130
1857131
1857132
1857133
1857134
1857135
1857136
1857137
1857138
1857139
1857140
1857141
1857142
1857143
1857144
1857145
1857146
1857147
1857148
1857149
1857150
1857151
1857152
1857153
1857154
1857155
1857156
1857157
1857158
1857159
1857160
1857161
1857162
1857163
1857164
1857165
1857166
1857167
1857168
1857169
1857170
1857171
1857172
1857173
1857174
1857175
1857176
1857177
1857178
1857179
1857180
1857181
1857182
1857183
1857184
1857185
1857186
1857187
1857188
1857189
1857190
1857191
1857192
1857193
1857194
1857195
1857196
1857197
1857198
1857199
1857200
1857201
1857202
1857203
1857204
1857205
1857206
1857207
1857208
1857209
1857210
1857211
1857212
1857213
1857214
1857215
1857216
1857217
1857218
1857219
1857220
1857221
1857222
1857223
1857224
1857225
1857226
1857227
1857228
1857229
1857230
1857231
1857232
1857233
1857234
1857235
1857236
1857237
1857238
1857239
1857240
1857241
1857242
1857243
1857244
1857245
1857246
1857247
1857248
1857249
1857250
1857251
1857252
1857253
1857254
1857255
1857256
1857257
1857258
1857259
1857260
1857261
1857262
1857263
1857264
1857265
1857266
1857267
1857268
1857269
1857270
1857271
1857272
1857273
1857274
1857275
1857276
1857277
1857278
1857279
1857280
1857281
1857282
1857283
1857284
1857285
1857286
1857287
1857288
1857289
1857290
1857291
1857292
1857293
1857294
1857295
1857296
1857297
1857298
1857299
1857300
1857301
1857302
1857303
1857304
1857305
1857306
1857307
1857308
1857309
1857310
1857311
1857312
1857313
1857314
1857315
1857316
1857317
1857318
1857319
1857320
1857321
1857322
1857323
1857324
1857325
1857326
1857327
1857328
1857329
1857330
1857331
1857332
1857333
1857334
1857335
1857336
1857337
1857338
1857339
1857340
1857341
1857342
1857343
1857344
1857345
1857346
1857347
1857348
1857349
1857350
1857351
1857352
1857353
1857354
1857355
1857356
1857357
1857358
1857359
1857360
1857361
1857362
1857363
1857364
1857365
1857366
1857367
1857368
1857369
1857370
1857371
1857372
1857373
1857374
1857375
1857376
1857377
1857378
1857379
1857380
1857381
1857382
1857383
1857384
1857385
1857386
1857387
1857388
1857389
1857390
1857391
1857392
1857393
1857394
1857395
1857396
1857397
1857398
1857399
1857400
1857401
1857402
1857403
1857404
1857405
1857406
1857407
1857408
1857409
1857410
1857411
1857412
1857413
1857414
1857415
1857416
1857417
1857418
1857419
1857420
1857421
1857422
1857423
1857424
1857425
1857426
1857427
1857428
1857429
1857430
1857431
1857432
1857433
1857434
1857435
1857436
1857437
1857438
1857439
1857440
1857441
1857442
1857443
1857444
1857445
1857446
1857447
1857448
1857449
1857450
1857451
1857452
1857453
1857454
1857455
1857456
1857457
1857458
1857459
1857460
1857461
1857462
1857463
1857464
1857465
1857466
1857467
1857468
1857469
1857470
1857471
1857472
1857473
1857474
1857475
1857476
1857477
1857478
1857479
1857480
1857481
1857482
1857483
1857484
1857485
1857486
1857487
1857488
1857489
1857490
1857491
1857492
1857493
1857494
1857495
1857496
1857497
1857498
1857499
1857500
1857501
1857502
1857503
1857504
1857505
1857506
1857507
1857508
1857509
1857510
1857511
1857512
1857513
1857514
1857515
1857516
1857517
1857518
1857519
1857520
1857521
1857522
1857523
1857524
1857525
1857526
1857527
1857528
1857529
1857530
1857531
1857532
1857533
1857534
1857535
1857536
1857537
1857538
1857539
1857540
1857541
1857542
1857543
1857544
1857545
1857546
1857547
1857548
1857549
1857550
1857551
1857552
1857553
1857554
1857555
1857556
1857557
1857558
1857559
1857560
1857561
1857562
1857563
1857564
1857565
1857566
1857567
1857568
1857569
1857570
1857571
1857572
1857573
1857574
1857575
1857576
1857577
1857578
1857579
1857580
1857581
1857582
1857583
1857584
1857585
1857586
1857587
1857588
1857589
1857590
1857591
1857592
1857593
1857594
1857595
1857596
1857597
1857598
1857599
1857600
1857601
1857602
1857603
1857604
1857605
1857606
1857607
1857608
1857609
1857610
1857611
1857612
1857613
1857614
1857615
1857616
1857617
1857618
1857619
1857620
1857621
1857622
1857623
1857624
1857625
1857626
1857627
1857628
1857629
1857630
1857631
1857632
1857633
1857634
1857635
1857636
1857637
1857638
1857639
1857640
1857641
1857642
1857643
1857644
1857645
1857646
1857647
1857648
1857649
1857650
1857651
1857652
1857653
1857654
1857655
1857656
1857657
1857658
1857659
1857660
1857661
1857662
1857663
1857664
1857665
1857666
1857667
1857668
1857669
1857670
1857671
1857672
1857673
1857674
1857675
1857676
1857677
1857678
1857679
1857680
1857681
1857682
1857683
1857684
1857685
1857686
1857687
1857688
1857689
1857690
1857691
1857692
1857693
1857694
1857695
1857696
1857697
1857698
1857699
1857700
1857701
1857702
1857703
1857704
1857705
1857706
1857707
1857708
1857709
1857710
1857711
1857712
1857713
1857714
1857715
1857716
1857717
1857718
1857719
1857720
1857721
1857722
1857723
1857724
1857725
1857726
1857727
1857728
1857729
1857730
1857731
1857732
1857733
1857734
1857735
1857736
1857737
1857738
1857739
1857740
1857741
1857742
1857743
1857744
1857745
1857746
1857747
1857748
1857749
1857750
1857751
1857752
1857753
1857754
1857755
1857756
1857757
1857758
1857759
1857760
1857761
1857762
1857763
1857764
1857765
1857766
1857767
1857768
1857769
1857770
1857771
1857772
1857773
1857774
1857775
1857776
1857777
1857778
1857779
1857780
1857781
1857782
1857783
1857784
1857785
1857786
1857787
1857788
1857789
1857790
1857791
1857792
1857793
1857794
1857795
1857796
1857797
1857798
1857799
1857800
1857801
1857802
1857803
1857804
1857805
1857806
1857807
1857808
1857809
1857810
1857811
1857812
1857813
1857814
1857815
1857816
1857817
1857818
1857819
1857820
1857821
1857822
1857823
1857824
1857825
1857826
1857827
1857828
1857829
1857830
1857831
1857832
1857833
1857834
1857835
1857836
1857837
1857838
1857839
1857840
1857841
1857842
1857843
1857844
1857845
1857846
1857847
1857848
1857849
1857850
1857851
1857852
1857853
1857854
1857855
1857856
1857857
1857858
1857859
1857860
1857861
1857862
1857863
1857864
1857865
1857866
1857867
1857868
1857869
1857870
1857871
1857872
1857873
1857874
1857875
1857876
1857877
1857878
1857879
1857880
1857881
1857882
1857883
1857884
1857885
1857886
1857887
1857888
1857889
1857890
1857891
1857892
1857893
1857894
1857895
1857896
1857897
1857898
1857899
1857900
1857901
1857902
1857903
1857904
1857905
1857906
1857907
1857908
1857909
1857910
1857911
1857912
1857913
1857914
1857915
1857916
1857917
1857918
1857919
1857920
1857921
1857922
1857923
1857924
1857925
1857926
1857927
1857928
1857929
1857930
1857931
1857932
1857933
1857934
1857935
1857936
1857937
1857938
1857939
1857940
1857941
1857942
1857943
1857944
1857945
1857946
1857947
1857948
1857949
1857950
1857951
1857952
1857953
1857954
1857955
1857956
1857957
1857958
1857959
1857960
1857961
1857962
1857963
1857964
1857965
1857966
1857967
1857968
1857969
1857970
1857971
1857972
1857973
1857974
1857975
1857976
1857977
1857978
1857979
1857980
1857981
1857982
1857983
1857984
1857985
1857986
1857987
1857988
1857989
1857990
1857991
1857992
1857993
1857994
1857995
1857996
1857997
1857998
1857999
1858000
1858001
1858002
1858003
1858004
1858005
1858006
1858007
1858008
1858009
1858010
1858011
1858012
1858013
1858014
1858015
1858016
1858017
1858018
1858019
1858020
1858021
1858022
1858023
1858024
1858025
1858026
1858027
1858028
1858029
1858030
1858031
1858032
1858033
1858034
1858035
1858036
1858037
1858038
1858039
1858040
1858041
1858042
1858043
1858044
1858045
1858046
1858047
1858048
1858049
1858050
1858051
1858052
1858053
1858054
1858055
1858056
1858057
1858058
1858059
1858060
1858061
1858062
1858063
1858064
1858065
1858066
1858067
1858068
1858069
1858070
1858071
1858072
1858073
1858074
1858075
1858076
1858077
1858078
1858079
1858080
1858081
1858082
1858083
1858084
1858085
1858086
1858087
1858088
1858089
1858090
1858091
1858092
1858093
1858094
1858095
1858096
1858097
1858098
1858099
1858100
1858101
1858102
1858103
1858104
1858105
1858106
1858107
1858108
1858109
1858110
1858111
1858112
1858113
1858114
1858115
1858116
1858117
1858118
1858119
1858120
1858121
1858122
1858123
1858124
1858125
1858126
1858127
1858128
1858129
1858130
1858131
1858132
1858133
1858134
1858135
1858136
1858137
1858138
1858139
1858140
1858141
1858142
1858143
1858144
1858145
1858146
1858147
1858148
1858149
1858150
1858151
1858152
1858153
1858154
1858155
1858156
1858157
1858158
1858159
1858160
1858161
1858162
1858163
1858164
1858165
1858166
1858167
1858168
1858169
1858170
1858171
1858172
1858173
1858174
1858175
1858176
1858177
1858178
1858179
1858180
1858181
1858182
1858183
1858184
1858185
1858186
1858187
1858188
1858189
1858190
1858191
1858192
1858193
1858194
1858195
1858196
1858197
1858198
1858199
1858200
1858201
1858202
1858203
1858204
1858205
1858206
1858207
1858208
1858209
1858210
1858211
1858212
1858213
1858214
1858215
1858216
1858217
1858218
1858219
1858220
1858221
1858222
1858223
1858224
1858225
1858226
1858227
1858228
1858229
1858230
1858231
1858232
1858233
1858234
1858235
1858236
1858237
1858238
1858239
1858240
1858241
1858242
1858243
1858244
1858245
1858246
1858247
1858248
1858249
1858250
1858251
1858252
1858253
1858254
1858255
1858256
1858257
1858258
1858259
1858260
1858261
1858262
1858263
1858264
1858265
1858266
1858267
1858268
1858269
1858270
1858271
1858272
1858273
1858274
1858275
1858276
1858277
1858278
1858279
1858280
1858281
1858282
1858283
1858284
1858285
1858286
1858287
1858288
1858289
1858290
1858291
1858292
1858293
1858294
1858295
1858296
1858297
1858298
1858299
1858300
1858301
1858302
1858303
1858304
1858305
1858306
1858307
1858308
1858309
1858310
1858311
1858312
1858313
1858314
1858315
1858316
1858317
1858318
1858319
1858320
1858321
1858322
1858323
1858324
1858325
1858326
1858327
1858328
1858329
1858330
1858331
1858332
1858333
1858334
1858335
1858336
1858337
1858338
1858339
1858340
1858341
1858342
1858343
1858344
1858345
1858346
1858347
1858348
1858349
1858350
1858351
1858352
1858353
1858354
1858355
1858356
1858357
1858358
1858359
1858360
1858361
1858362
1858363
1858364
1858365
1858366
1858367
1858368
1858369
1858370
1858371
1858372
1858373
1858374
1858375
1858376
1858377
1858378
1858379
1858380
1858381
1858382
1858383
1858384
1858385
1858386
1858387
1858388
1858389
1858390
1858391
1858392
1858393
1858394
1858395
1858396
1858397
1858398
1858399
1858400
1858401
1858402
1858403
1858404
1858405
1858406
1858407
1858408
1858409
1858410
1858411
1858412
1858413
1858414
1858415
1858416
1858417
1858418
1858419
1858420
1858421
1858422
1858423
1858424
1858425
1858426
1858427
1858428
1858429
1858430
1858431
1858432
1858433
1858434
1858435
1858436
1858437
1858438
1858439
1858440
1858441
1858442
1858443
1858444
1858445
1858446
1858447
1858448
1858449
1858450
1858451
1858452
1858453
1858454
1858455
1858456
1858457
1858458
1858459
1858460
1858461
1858462
1858463
1858464
1858465
1858466
1858467
1858468
1858469
1858470
1858471
1858472
1858473
1858474
1858475
1858476
1858477
1858478
1858479
1858480
1858481
1858482
1858483
1858484
1858485
1858486
1858487
1858488
1858489
1858490
1858491
1858492
1858493
1858494
1858495
1858496
1858497
1858498
1858499
1858500
1858501
1858502
1858503
1858504
1858505
1858506
1858507
1858508
1858509
1858510
1858511
1858512
1858513
1858514
1858515
1858516
1858517
1858518
1858519
1858520
1858521
1858522
1858523
1858524
1858525
1858526
1858527
1858528
1858529
1858530
1858531
1858532
1858533
1858534
1858535
1858536
1858537
1858538
1858539
1858540
1858541
1858542
1858543
1858544
1858545
1858546
1858547
1858548
1858549
1858550
1858551
1858552
1858553
1858554
1858555
1858556
1858557
1858558
1858559
1858560
1858561
1858562
1858563
1858564
1858565
1858566
1858567
1858568
1858569
1858570
1858571
1858572
1858573
1858574
1858575
1858576
1858577
1858578
1858579
1858580
1858581
1858582
1858583
1858584
1858585
1858586
1858587
1858588
1858589
1858590
1858591
1858592
1858593
1858594
1858595
1858596
1858597
1858598
1858599
1858600
1858601
1858602
1858603
1858604
1858605
1858606
1858607
1858608
1858609
1858610
1858611
1858612
1858613
1858614
1858615
1858616
1858617
1858618
1858619
1858620
1858621
1858622
1858623
1858624
1858625
1858626
1858627
1858628
1858629
1858630
1858631
1858632
1858633
1858634
1858635
1858636
1858637
1858638
1858639
1858640
1858641
1858642
1858643
1858644
1858645
1858646
1858647
1858648
1858649
1858650
1858651
1858652
1858653
1858654
1858655
1858656
1858657
1858658
1858659
1858660
1858661
1858662
1858663
1858664
1858665
1858666
1858667
1858668
1858669
1858670
1858671
1858672
1858673
1858674
1858675
1858676
1858677
1858678
1858679
1858680
1858681
1858682
1858683
1858684
1858685
1858686
1858687
1858688
1858689
1858690
1858691
1858692
1858693
1858694
1858695
1858696
1858697
1858698
1858699
1858700
1858701
1858702
1858703
1858704
1858705
1858706
1858707
1858708
1858709
1858710
1858711
1858712
1858713
1858714
1858715
1858716
1858717
1858718
1858719
1858720
1858721
1858722
1858723
1858724
1858725
1858726
1858727
1858728
1858729
1858730
1858731
1858732
1858733
1858734
1858735
1858736
1858737
1858738
1858739
1858740
1858741
1858742
1858743
1858744
1858745
1858746
1858747
1858748
1858749
1858750
1858751
1858752
1858753
1858754
1858755
1858756
1858757
1858758
1858759
1858760
1858761
1858762
1858763
1858764
1858765
1858766
1858767
1858768
1858769
1858770
1858771
1858772
1858773
1858774
1858775
1858776
1858777
1858778
1858779
1858780
1858781
1858782
1858783
1858784
1858785
1858786
1858787
1858788
1858789
1858790
1858791
1858792
1858793
1858794
1858795
1858796
1858797
1858798
1858799
1858800
1858801
1858802
1858803
1858804
1858805
1858806
1858807
1858808
1858809
1858810
1858811
1858812
1858813
1858814
1858815
1858816
1858817
1858818
1858819
1858820
1858821
1858822
1858823
1858824
1858825
1858826
1858827
1858828
1858829
1858830
1858831
1858832
1858833
1858834
1858835
1858836
1858837
1858838
1858839
1858840
1858841
1858842
1858843
1858844
1858845
1858846
1858847
1858848
1858849
1858850
1858851
1858852
1858853
1858854
1858855
1858856
1858857
1858858
1858859
1858860
1858861
1858862
1858863
1858864
1858865
1858866
1858867
1858868
1858869
1858870
1858871
1858872
1858873
1858874
1858875
1858876
1858877
1858878
1858879
1858880
1858881
1858882
1858883
1858884
1858885
1858886
1858887
1858888
1858889
1858890
1858891
1858892
1858893
1858894
1858895
1858896
1858897
1858898
1858899
1858900
1858901
1858902
1858903
1858904
1858905
1858906
1858907
1858908
1858909
1858910
1858911
1858912
1858913
1858914
1858915
1858916
1858917
1858918
1858919
1858920
1858921
1858922
1858923
1858924
1858925
1858926
1858927
1858928
1858929
1858930
1858931
1858932
1858933
1858934
1858935
1858936
1858937
1858938
1858939
1858940
1858941
1858942
1858943
1858944
1858945
1858946
1858947
1858948
1858949
1858950
1858951
1858952
1858953
1858954
1858955
1858956
1858957
1858958
1858959
1858960
1858961
1858962
1858963
1858964
1858965
1858966
1858967
1858968
1858969
1858970
1858971
1858972
1858973
1858974
1858975
1858976
1858977
1858978
1858979
1858980
1858981
1858982
1858983
1858984
1858985
1858986
1858987
1858988
1858989
1858990
1858991
1858992
1858993
1858994
1858995
1858996
1858997
1858998
1858999
1859000
1859001
1859002
1859003
1859004
1859005
1859006
1859007
1859008
1859009
1859010
1859011
1859012
1859013
1859014
1859015
1859016
1859017
1859018
1859019
1859020
1859021
1859022
1859023
1859024
1859025
1859026
1859027
1859028
1859029
1859030
1859031
1859032
1859033
1859034
1859035
1859036
1859037
1859038
1859039
1859040
1859041
1859042
1859043
1859044
1859045
1859046
1859047
1859048
1859049
1859050
1859051
1859052
1859053
1859054
1859055
1859056
1859057
1859058
1859059
1859060
1859061
1859062
1859063
1859064
1859065
1859066
1859067
1859068
1859069
1859070
1859071
1859072
1859073
1859074
1859075
1859076
1859077
1859078
1859079
1859080
1859081
1859082
1859083
1859084
1859085
1859086
1859087
1859088
1859089
1859090
1859091
1859092
1859093
1859094
1859095
1859096
1859097
1859098
1859099
1859100
1859101
1859102
1859103
1859104
1859105
1859106
1859107
1859108
1859109
1859110
1859111
1859112
1859113
1859114
1859115
1859116
1859117
1859118
1859119
1859120
1859121
1859122
1859123
1859124
1859125
1859126
1859127
1859128
1859129
1859130
1859131
1859132
1859133
1859134
1859135
1859136
1859137
1859138
1859139
1859140
1859141
1859142
1859143
1859144
1859145
1859146
1859147
1859148
1859149
1859150
1859151
1859152
1859153
1859154
1859155
1859156
1859157
1859158
1859159
1859160
1859161
1859162
1859163
1859164
1859165
1859166
1859167
1859168
1859169
1859170
1859171
1859172
1859173
1859174
1859175
1859176
1859177
1859178
1859179
1859180
1859181
1859182
1859183
1859184
1859185
1859186
1859187
1859188
1859189
1859190
1859191
1859192
1859193
1859194
1859195
1859196
1859197
1859198
1859199
1859200
1859201
1859202
1859203
1859204
1859205
1859206
1859207
1859208
1859209
1859210
1859211
1859212
1859213
1859214
1859215
1859216
1859217
1859218
1859219
1859220
1859221
1859222
1859223
1859224
1859225
1859226
1859227
1859228
1859229
1859230
1859231
1859232
1859233
1859234
1859235
1859236
1859237
1859238
1859239
1859240
1859241
1859242
1859243
1859244
1859245
1859246
1859247
1859248
1859249
1859250
1859251
1859252
1859253
1859254
1859255
1859256
1859257
1859258
1859259
1859260
1859261
1859262
1859263
1859264
1859265
1859266
1859267
1859268
1859269
1859270
1859271
1859272
1859273
1859274
1859275
1859276
1859277
1859278
1859279
1859280
1859281
1859282
1859283
1859284
1859285
1859286
1859287
1859288
1859289
1859290
1859291
1859292
1859293
1859294
1859295
1859296
1859297
1859298
1859299
1859300
1859301
1859302
1859303
1859304
1859305
1859306
1859307
1859308
1859309
1859310
1859311
1859312
1859313
1859314
1859315
1859316
1859317
1859318
1859319
1859320
1859321
1859322
1859323
1859324
1859325
1859326
1859327
1859328
1859329
1859330
1859331
1859332
1859333
1859334
1859335
1859336
1859337
1859338
1859339
1859340
1859341
1859342
1859343
1859344
1859345
1859346
1859347
1859348
1859349
1859350
1859351
1859352
1859353
1859354
1859355
1859356
1859357
1859358
1859359
1859360
1859361
1859362
1859363
1859364
1859365
1859366
1859367
1859368
1859369
1859370
1859371
1859372
1859373
1859374
1859375
1859376
1859377
1859378
1859379
1859380
1859381
1859382
1859383
1859384
1859385
1859386
1859387
1859388
1859389
1859390
1859391
1859392
1859393
1859394
1859395
1859396
1859397
1859398
1859399
1859400
1859401
1859402
1859403
1859404
1859405
1859406
1859407
1859408
1859409
1859410
1859411
1859412
1859413
1859414
1859415
1859416
1859417
1859418
1859419
1859420
1859421
1859422
1859423
1859424
1859425
1859426
1859427
1859428
1859429
1859430
1859431
1859432
1859433
1859434
1859435
1859436
1859437
1859438
1859439
1859440
1859441
1859442
1859443
1859444
1859445
1859446
1859447
1859448
1859449
1859450
1859451
1859452
1859453
1859454
1859455
1859456
1859457
1859458
1859459
1859460
1859461
1859462
1859463
1859464
1859465
1859466
1859467
1859468
1859469
1859470
1859471
1859472
1859473
1859474
1859475
1859476
1859477
1859478
1859479
1859480
1859481
1859482
1859483
1859484
1859485
1859486
1859487
1859488
1859489
1859490
1859491
1859492
1859493
1859494
1859495
1859496
1859497
1859498
1859499
1859500
1859501
1859502
1859503
1859504
1859505
1859506
1859507
1859508
1859509
1859510
1859511
1859512
1859513
1859514
1859515
1859516
1859517
1859518
1859519
1859520
1859521
1859522
1859523
1859524
1859525
1859526
1859527
1859528
1859529
1859530
1859531
1859532
1859533
1859534
1859535
1859536
1859537
1859538
1859539
1859540
1859541
1859542
1859543
1859544
1859545
1859546
1859547
1859548
1859549
1859550
1859551
1859552
1859553
1859554
1859555
1859556
1859557
1859558
1859559
1859560
1859561
1859562
1859563
1859564
1859565
1859566
1859567
1859568
1859569
1859570
1859571
1859572
1859573
1859574
1859575
1859576
1859577
1859578
1859579
1859580
1859581
1859582
1859583
1859584
1859585
1859586
1859587
1859588
1859589
1859590
1859591
1859592
1859593
1859594
1859595
1859596
1859597
1859598
1859599
1859600
1859601
1859602
1859603
1859604
1859605
1859606
1859607
1859608
1859609
1859610
1859611
1859612
1859613
1859614
1859615
1859616
1859617
1859618
1859619
1859620
1859621
1859622
1859623
1859624
1859625
1859626
1859627
1859628
1859629
1859630
1859631
1859632
1859633
1859634
1859635
1859636
1859637
1859638
1859639
1859640
1859641
1859642
1859643
1859644
1859645
1859646
1859647
1859648
1859649
1859650
1859651
1859652
1859653
1859654
1859655
1859656
1859657
1859658
1859659
1859660
1859661
1859662
1859663
1859664
1859665
1859666
1859667
1859668
1859669
1859670
1859671
1859672
1859673
1859674
1859675
1859676
1859677
1859678
1859679
1859680
1859681
1859682
1859683
1859684
1859685
1859686
1859687
1859688
1859689
1859690
1859691
1859692
1859693
1859694
1859695
1859696
1859697
1859698
1859699
1859700
1859701
1859702
1859703
1859704
1859705
1859706
1859707
1859708
1859709
1859710
1859711
1859712
1859713
1859714
1859715
1859716
1859717
1859718
1859719
1859720
1859721
1859722
1859723
1859724
1859725
1859726
1859727
1859728
1859729
1859730
1859731
1859732
1859733
1859734
1859735
1859736
1859737
1859738
1859739
1859740
1859741
1859742
1859743
1859744
1859745
1859746
1859747
1859748
1859749
1859750
1859751
1859752
1859753
1859754
1859755
1859756
1859757
1859758
1859759
1859760
1859761
1859762
1859763
1859764
1859765
1859766
1859767
1859768
1859769
1859770
1859771
1859772
1859773
1859774
1859775
1859776
1859777
1859778
1859779
1859780
1859781
1859782
1859783
1859784
1859785
1859786
1859787
1859788
1859789
1859790
1859791
1859792
1859793
1859794
1859795
1859796
1859797
1859798
1859799
1859800
1859801
1859802
1859803
1859804
1859805
1859806
1859807
1859808
1859809
1859810
1859811
1859812
1859813
1859814
1859815
1859816
1859817
1859818
1859819
1859820
1859821
1859822
1859823
1859824
1859825
1859826
1859827
1859828
1859829
1859830
1859831
1859832
1859833
1859834
1859835
1859836
1859837
1859838
1859839
1859840
1859841
1859842
1859843
1859844
1859845
1859846
1859847
1859848
1859849
1859850
1859851
1859852
1859853
1859854
1859855
1859856
1859857
1859858
1859859
1859860
1859861
1859862
1859863
1859864
1859865
1859866
1859867
1859868
1859869
1859870
1859871
1859872
1859873
1859874
1859875
1859876
1859877
1859878
1859879
1859880
1859881
1859882
1859883
1859884
1859885
1859886
1859887
1859888
1859889
1859890
1859891
1859892
1859893
1859894
1859895
1859896
1859897
1859898
1859899
1859900
1859901
1859902
1859903
1859904
1859905
1859906
1859907
1859908
1859909
1859910
1859911
1859912
1859913
1859914
1859915
1859916
1859917
1859918
1859919
1859920
1859921
1859922
1859923
1859924
1859925
1859926
1859927
1859928
1859929
1859930
1859931
1859932
1859933
1859934
1859935
1859936
1859937
1859938
1859939
1859940
1859941
1859942
1859943
1859944
1859945
1859946
1859947
1859948
1859949
1859950
1859951
1859952
1859953
1859954
1859955
1859956
1859957
1859958
1859959
1859960
1859961
1859962
1859963
1859964
1859965
1859966
1859967
1859968
1859969
1859970
1859971
1859972
1859973
1859974
1859975
1859976
1859977
1859978
1859979
1859980
1859981
1859982
1859983
1859984
1859985
1859986
1859987
1859988
1859989
1859990
1859991
1859992
1859993
1859994
1859995
1859996
1859997
1859998
1859999
1860000
