2050001
2050002
2050003
2050004
2050005
2050006
2050007
2050008
2050009
2050010
2050011
2050012
2050013
2050014
2050015
2050016
2050017
2050018
2050019
2050020
2050021
2050022
2050023
2050024
2050025
2050026
2050027
2050028
2050029
2050030
2050031
2050032
2050033
2050034
2050035
2050036
2050037
2050038
2050039
2050040
2050041
2050042
2050043
2050044
2050045
2050046
2050047
2050048
2050049
2050050
2050051
2050052
2050053
2050054
2050055
2050056
2050057
2050058
2050059
2050060
2050061
2050062
2050063
2050064
2050065
2050066
2050067
2050068
2050069
2050070
2050071
2050072
2050073
2050074
2050075
2050076
2050077
2050078
2050079
2050080
2050081
2050082
2050083
2050084
2050085
2050086
2050087
2050088
2050089
2050090
2050091
2050092
2050093
2050094
2050095
2050096
2050097
2050098
2050099
2050100
2050101
2050102
2050103
2050104
2050105
2050106
2050107
2050108
2050109
2050110
2050111
2050112
2050113
2050114
2050115
2050116
2050117
2050118
2050119
2050120
2050121
2050122
2050123
2050124
2050125
2050126
2050127
2050128
2050129
2050130
2050131
2050132
2050133
2050134
2050135
2050136
2050137
2050138
2050139
2050140
2050141
2050142
2050143
2050144
2050145
2050146
2050147
2050148
2050149
2050150
2050151
2050152
2050153
2050154
2050155
2050156
2050157
2050158
2050159
2050160
2050161
2050162
2050163
2050164
2050165
2050166
2050167
2050168
2050169
2050170
2050171
2050172
2050173
2050174
2050175
2050176
2050177
2050178
2050179
2050180
2050181
2050182
2050183
2050184
2050185
2050186
2050187
2050188
2050189
2050190
2050191
2050192
2050193
2050194
2050195
2050196
2050197
2050198
2050199
2050200
2050201
2050202
2050203
2050204
2050205
2050206
2050207
2050208
2050209
2050210
2050211
2050212
2050213
2050214
2050215
2050216
2050217
2050218
2050219
2050220
2050221
2050222
2050223
2050224
2050225
2050226
2050227
2050228
2050229
2050230
2050231
2050232
2050233
2050234
2050235
2050236
2050237
2050238
2050239
2050240
2050241
2050242
2050243
2050244
2050245
2050246
2050247
2050248
2050249
2050250
2050251
2050252
2050253
2050254
2050255
2050256
2050257
2050258
2050259
2050260
2050261
2050262
2050263
2050264
2050265
2050266
2050267
2050268
2050269
2050270
2050271
2050272
2050273
2050274
2050275
2050276
2050277
2050278
2050279
2050280
2050281
2050282
2050283
2050284
2050285
2050286
2050287
2050288
2050289
2050290
2050291
2050292
2050293
2050294
2050295
2050296
2050297
2050298
2050299
2050300
2050301
2050302
2050303
2050304
2050305
2050306
2050307
2050308
2050309
2050310
2050311
2050312
2050313
2050314
2050315
2050316
2050317
2050318
2050319
2050320
2050321
2050322
2050323
2050324
2050325
2050326
2050327
2050328
2050329
2050330
2050331
2050332
2050333
2050334
2050335
2050336
2050337
2050338
2050339
2050340
2050341
2050342
2050343
2050344
2050345
2050346
2050347
2050348
2050349
2050350
2050351
2050352
2050353
2050354
2050355
2050356
2050357
2050358
2050359
2050360
2050361
2050362
2050363
2050364
2050365
2050366
2050367
2050368
2050369
2050370
2050371
2050372
2050373
2050374
2050375
2050376
2050377
2050378
2050379
2050380
2050381
2050382
2050383
2050384
2050385
2050386
2050387
2050388
2050389
2050390
2050391
2050392
2050393
2050394
2050395
2050396
2050397
2050398
2050399
2050400
2050401
2050402
2050403
2050404
2050405
2050406
2050407
2050408
2050409
2050410
2050411
2050412
2050413
2050414
2050415
2050416
2050417
2050418
2050419
2050420
2050421
2050422
2050423
2050424
2050425
2050426
2050427
2050428
2050429
2050430
2050431
2050432
2050433
2050434
2050435
2050436
2050437
2050438
2050439
2050440
2050441
2050442
2050443
2050444
2050445
2050446
2050447
2050448
2050449
2050450
2050451
2050452
2050453
2050454
2050455
2050456
2050457
2050458
2050459
2050460
2050461
2050462
2050463
2050464
2050465
2050466
2050467
2050468
2050469
2050470
2050471
2050472
2050473
2050474
2050475
2050476
2050477
2050478
2050479
2050480
2050481
2050482
2050483
2050484
2050485
2050486
2050487
2050488
2050489
2050490
2050491
2050492
2050493
2050494
2050495
2050496
2050497
2050498
2050499
2050500
2050501
2050502
2050503
2050504
2050505
2050506
2050507
2050508
2050509
2050510
2050511
2050512
2050513
2050514
2050515
2050516
2050517
2050518
2050519
2050520
2050521
2050522
2050523
2050524
2050525
2050526
2050527
2050528
2050529
2050530
2050531
2050532
2050533
2050534
2050535
2050536
2050537
2050538
2050539
2050540
2050541
2050542
2050543
2050544
2050545
2050546
2050547
2050548
2050549
2050550
2050551
2050552
2050553
2050554
2050555
2050556
2050557
2050558
2050559
2050560
2050561
2050562
2050563
2050564
2050565
2050566
2050567
2050568
2050569
2050570
2050571
2050572
2050573
2050574
2050575
2050576
2050577
2050578
2050579
2050580
2050581
2050582
2050583
2050584
2050585
2050586
2050587
2050588
2050589
2050590
2050591
2050592
2050593
2050594
2050595
2050596
2050597
2050598
2050599
2050600
2050601
2050602
2050603
2050604
2050605
2050606
2050607
2050608
2050609
2050610
2050611
2050612
2050613
2050614
2050615
2050616
2050617
2050618
2050619
2050620
2050621
2050622
2050623
2050624
2050625
2050626
2050627
2050628
2050629
2050630
2050631
2050632
2050633
2050634
2050635
2050636
2050637
2050638
2050639
2050640
2050641
2050642
2050643
2050644
2050645
2050646
2050647
2050648
2050649
2050650
2050651
2050652
2050653
2050654
2050655
2050656
2050657
2050658
2050659
2050660
2050661
2050662
2050663
2050664
2050665
2050666
2050667
2050668
2050669
2050670
2050671
2050672
2050673
2050674
2050675
2050676
2050677
2050678
2050679
2050680
2050681
2050682
2050683
2050684
2050685
2050686
2050687
2050688
2050689
2050690
2050691
2050692
2050693
2050694
2050695
2050696
2050697
2050698
2050699
2050700
2050701
2050702
2050703
2050704
2050705
2050706
2050707
2050708
2050709
2050710
2050711
2050712
2050713
2050714
2050715
2050716
2050717
2050718
2050719
2050720
2050721
2050722
2050723
2050724
2050725
2050726
2050727
2050728
2050729
2050730
2050731
2050732
2050733
2050734
2050735
2050736
2050737
2050738
2050739
2050740
2050741
2050742
2050743
2050744
2050745
2050746
2050747
2050748
2050749
2050750
2050751
2050752
2050753
2050754
2050755
2050756
2050757
2050758
2050759
2050760
2050761
2050762
2050763
2050764
2050765
2050766
2050767
2050768
2050769
2050770
2050771
2050772
2050773
2050774
2050775
2050776
2050777
2050778
2050779
2050780
2050781
2050782
2050783
2050784
2050785
2050786
2050787
2050788
2050789
2050790
2050791
2050792
2050793
2050794
2050795
2050796
2050797
2050798
2050799
2050800
2050801
2050802
2050803
2050804
2050805
2050806
2050807
2050808
2050809
2050810
2050811
2050812
2050813
2050814
2050815
2050816
2050817
2050818
2050819
2050820
2050821
2050822
2050823
2050824
2050825
2050826
2050827
2050828
2050829
2050830
2050831
2050832
2050833
2050834
2050835
2050836
2050837
2050838
2050839
2050840
2050841
2050842
2050843
2050844
2050845
2050846
2050847
2050848
2050849
2050850
2050851
2050852
2050853
2050854
2050855
2050856
2050857
2050858
2050859
2050860
2050861
2050862
2050863
2050864
2050865
2050866
2050867
2050868
2050869
2050870
2050871
2050872
2050873
2050874
2050875
2050876
2050877
2050878
2050879
2050880
2050881
2050882
2050883
2050884
2050885
2050886
2050887
2050888
2050889
2050890
2050891
2050892
2050893
2050894
2050895
2050896
2050897
2050898
2050899
2050900
2050901
2050902
2050903
2050904
2050905
2050906
2050907
2050908
2050909
2050910
2050911
2050912
2050913
2050914
2050915
2050916
2050917
2050918
2050919
2050920
2050921
2050922
2050923
2050924
2050925
2050926
2050927
2050928
2050929
2050930
2050931
2050932
2050933
2050934
2050935
2050936
2050937
2050938
2050939
2050940
2050941
2050942
2050943
2050944
2050945
2050946
2050947
2050948
2050949
2050950
2050951
2050952
2050953
2050954
2050955
2050956
2050957
2050958
2050959
2050960
2050961
2050962
2050963
2050964
2050965
2050966
2050967
2050968
2050969
2050970
2050971
2050972
2050973
2050974
2050975
2050976
2050977
2050978
2050979
2050980
2050981
2050982
2050983
2050984
2050985
2050986
2050987
2050988
2050989
2050990
2050991
2050992
2050993
2050994
2050995
2050996
2050997
2050998
2050999
2051000
2051001
2051002
2051003
2051004
2051005
2051006
2051007
2051008
2051009
2051010
2051011
2051012
2051013
2051014
2051015
2051016
2051017
2051018
2051019
2051020
2051021
2051022
2051023
2051024
2051025
2051026
2051027
2051028
2051029
2051030
2051031
2051032
2051033
2051034
2051035
2051036
2051037
2051038
2051039
2051040
2051041
2051042
2051043
2051044
2051045
2051046
2051047
2051048
2051049
2051050
2051051
2051052
2051053
2051054
2051055
2051056
2051057
2051058
2051059
2051060
2051061
2051062
2051063
2051064
2051065
2051066
2051067
2051068
2051069
2051070
2051071
2051072
2051073
2051074
2051075
2051076
2051077
2051078
2051079
2051080
2051081
2051082
2051083
2051084
2051085
2051086
2051087
2051088
2051089
2051090
2051091
2051092
2051093
2051094
2051095
2051096
2051097
2051098
2051099
2051100
2051101
2051102
2051103
2051104
2051105
2051106
2051107
2051108
2051109
2051110
2051111
2051112
2051113
2051114
2051115
2051116
2051117
2051118
2051119
2051120
2051121
2051122
2051123
2051124
2051125
2051126
2051127
2051128
2051129
2051130
2051131
2051132
2051133
2051134
2051135
2051136
2051137
2051138
2051139
2051140
2051141
2051142
2051143
2051144
2051145
2051146
2051147
2051148
2051149
2051150
2051151
2051152
2051153
2051154
2051155
2051156
2051157
2051158
2051159
2051160
2051161
2051162
2051163
2051164
2051165
2051166
2051167
2051168
2051169
2051170
2051171
2051172
2051173
2051174
2051175
2051176
2051177
2051178
2051179
2051180
2051181
2051182
2051183
2051184
2051185
2051186
2051187
2051188
2051189
2051190
2051191
2051192
2051193
2051194
2051195
2051196
2051197
2051198
2051199
2051200
2051201
2051202
2051203
2051204
2051205
2051206
2051207
2051208
2051209
2051210
2051211
2051212
2051213
2051214
2051215
2051216
2051217
2051218
2051219
2051220
2051221
2051222
2051223
2051224
2051225
2051226
2051227
2051228
2051229
2051230
2051231
2051232
2051233
2051234
2051235
2051236
2051237
2051238
2051239
2051240
2051241
2051242
2051243
2051244
2051245
2051246
2051247
2051248
2051249
2051250
2051251
2051252
2051253
2051254
2051255
2051256
2051257
2051258
2051259
2051260
2051261
2051262
2051263
2051264
2051265
2051266
2051267
2051268
2051269
2051270
2051271
2051272
2051273
2051274
2051275
2051276
2051277
2051278
2051279
2051280
2051281
2051282
2051283
2051284
2051285
2051286
2051287
2051288
2051289
2051290
2051291
2051292
2051293
2051294
2051295
2051296
2051297
2051298
2051299
2051300
2051301
2051302
2051303
2051304
2051305
2051306
2051307
2051308
2051309
2051310
2051311
2051312
2051313
2051314
2051315
2051316
2051317
2051318
2051319
2051320
2051321
2051322
2051323
2051324
2051325
2051326
2051327
2051328
2051329
2051330
2051331
2051332
2051333
2051334
2051335
2051336
2051337
2051338
2051339
2051340
2051341
2051342
2051343
2051344
2051345
2051346
2051347
2051348
2051349
2051350
2051351
2051352
2051353
2051354
2051355
2051356
2051357
2051358
2051359
2051360
2051361
2051362
2051363
2051364
2051365
2051366
2051367
2051368
2051369
2051370
2051371
2051372
2051373
2051374
2051375
2051376
2051377
2051378
2051379
2051380
2051381
2051382
2051383
2051384
2051385
2051386
2051387
2051388
2051389
2051390
2051391
2051392
2051393
2051394
2051395
2051396
2051397
2051398
2051399
2051400
2051401
2051402
2051403
2051404
2051405
2051406
2051407
2051408
2051409
2051410
2051411
2051412
2051413
2051414
2051415
2051416
2051417
2051418
2051419
2051420
2051421
2051422
2051423
2051424
2051425
2051426
2051427
2051428
2051429
2051430
2051431
2051432
2051433
2051434
2051435
2051436
2051437
2051438
2051439
2051440
2051441
2051442
2051443
2051444
2051445
2051446
2051447
2051448
2051449
2051450
2051451
2051452
2051453
2051454
2051455
2051456
2051457
2051458
2051459
2051460
2051461
2051462
2051463
2051464
2051465
2051466
2051467
2051468
2051469
2051470
2051471
2051472
2051473
2051474
2051475
2051476
2051477
2051478
2051479
2051480
2051481
2051482
2051483
2051484
2051485
2051486
2051487
2051488
2051489
2051490
2051491
2051492
2051493
2051494
2051495
2051496
2051497
2051498
2051499
2051500
2051501
2051502
2051503
2051504
2051505
2051506
2051507
2051508
2051509
2051510
2051511
2051512
2051513
2051514
2051515
2051516
2051517
2051518
2051519
2051520
2051521
2051522
2051523
2051524
2051525
2051526
2051527
2051528
2051529
2051530
2051531
2051532
2051533
2051534
2051535
2051536
2051537
2051538
2051539
2051540
2051541
2051542
2051543
2051544
2051545
2051546
2051547
2051548
2051549
2051550
2051551
2051552
2051553
2051554
2051555
2051556
2051557
2051558
2051559
2051560
2051561
2051562
2051563
2051564
2051565
2051566
2051567
2051568
2051569
2051570
2051571
2051572
2051573
2051574
2051575
2051576
2051577
2051578
2051579
2051580
2051581
2051582
2051583
2051584
2051585
2051586
2051587
2051588
2051589
2051590
2051591
2051592
2051593
2051594
2051595
2051596
2051597
2051598
2051599
2051600
2051601
2051602
2051603
2051604
2051605
2051606
2051607
2051608
2051609
2051610
2051611
2051612
2051613
2051614
2051615
2051616
2051617
2051618
2051619
2051620
2051621
2051622
2051623
2051624
2051625
2051626
2051627
2051628
2051629
2051630
2051631
2051632
2051633
2051634
2051635
2051636
2051637
2051638
2051639
2051640
2051641
2051642
2051643
2051644
2051645
2051646
2051647
2051648
2051649
2051650
2051651
2051652
2051653
2051654
2051655
2051656
2051657
2051658
2051659
2051660
2051661
2051662
2051663
2051664
2051665
2051666
2051667
2051668
2051669
2051670
2051671
2051672
2051673
2051674
2051675
2051676
2051677
2051678
2051679
2051680
2051681
2051682
2051683
2051684
2051685
2051686
2051687
2051688
2051689
2051690
2051691
2051692
2051693
2051694
2051695
2051696
2051697
2051698
2051699
2051700
2051701
2051702
2051703
2051704
2051705
2051706
2051707
2051708
2051709
2051710
2051711
2051712
2051713
2051714
2051715
2051716
2051717
2051718
2051719
2051720
2051721
2051722
2051723
2051724
2051725
2051726
2051727
2051728
2051729
2051730
2051731
2051732
2051733
2051734
2051735
2051736
2051737
2051738
2051739
2051740
2051741
2051742
2051743
2051744
2051745
2051746
2051747
2051748
2051749
2051750
2051751
2051752
2051753
2051754
2051755
2051756
2051757
2051758
2051759
2051760
2051761
2051762
2051763
2051764
2051765
2051766
2051767
2051768
2051769
2051770
2051771
2051772
2051773
2051774
2051775
2051776
2051777
2051778
2051779
2051780
2051781
2051782
2051783
2051784
2051785
2051786
2051787
2051788
2051789
2051790
2051791
2051792
2051793
2051794
2051795
2051796
2051797
2051798
2051799
2051800
2051801
2051802
2051803
2051804
2051805
2051806
2051807
2051808
2051809
2051810
2051811
2051812
2051813
2051814
2051815
2051816
2051817
2051818
2051819
2051820
2051821
2051822
2051823
2051824
2051825
2051826
2051827
2051828
2051829
2051830
2051831
2051832
2051833
2051834
2051835
2051836
2051837
2051838
2051839
2051840
2051841
2051842
2051843
2051844
2051845
2051846
2051847
2051848
2051849
2051850
2051851
2051852
2051853
2051854
2051855
2051856
2051857
2051858
2051859
2051860
2051861
2051862
2051863
2051864
2051865
2051866
2051867
2051868
2051869
2051870
2051871
2051872
2051873
2051874
2051875
2051876
2051877
2051878
2051879
2051880
2051881
2051882
2051883
2051884
2051885
2051886
2051887
2051888
2051889
2051890
2051891
2051892
2051893
2051894
2051895
2051896
2051897
2051898
2051899
2051900
2051901
2051902
2051903
2051904
2051905
2051906
2051907
2051908
2051909
2051910
2051911
2051912
2051913
2051914
2051915
2051916
2051917
2051918
2051919
2051920
2051921
2051922
2051923
2051924
2051925
2051926
2051927
2051928
2051929
2051930
2051931
2051932
2051933
2051934
2051935
2051936
2051937
2051938
2051939
2051940
2051941
2051942
2051943
2051944
2051945
2051946
2051947
2051948
2051949
2051950
2051951
2051952
2051953
2051954
2051955
2051956
2051957
2051958
2051959
2051960
2051961
2051962
2051963
2051964
2051965
2051966
2051967
2051968
2051969
2051970
2051971
2051972
2051973
2051974
2051975
2051976
2051977
2051978
2051979
2051980
2051981
2051982
2051983
2051984
2051985
2051986
2051987
2051988
2051989
2051990
2051991
2051992
2051993
2051994
2051995
2051996
2051997
2051998
2051999
2052000
2052001
2052002
2052003
2052004
2052005
2052006
2052007
2052008
2052009
2052010
2052011
2052012
2052013
2052014
2052015
2052016
2052017
2052018
2052019
2052020
2052021
2052022
2052023
2052024
2052025
2052026
2052027
2052028
2052029
2052030
2052031
2052032
2052033
2052034
2052035
2052036
2052037
2052038
2052039
2052040
2052041
2052042
2052043
2052044
2052045
2052046
2052047
2052048
2052049
2052050
2052051
2052052
2052053
2052054
2052055
2052056
2052057
2052058
2052059
2052060
2052061
2052062
2052063
2052064
2052065
2052066
2052067
2052068
2052069
2052070
2052071
2052072
2052073
2052074
2052075
2052076
2052077
2052078
2052079
2052080
2052081
2052082
2052083
2052084
2052085
2052086
2052087
2052088
2052089
2052090
2052091
2052092
2052093
2052094
2052095
2052096
2052097
2052098
2052099
2052100
2052101
2052102
2052103
2052104
2052105
2052106
2052107
2052108
2052109
2052110
2052111
2052112
2052113
2052114
2052115
2052116
2052117
2052118
2052119
2052120
2052121
2052122
2052123
2052124
2052125
2052126
2052127
2052128
2052129
2052130
2052131
2052132
2052133
2052134
2052135
2052136
2052137
2052138
2052139
2052140
2052141
2052142
2052143
2052144
2052145
2052146
2052147
2052148
2052149
2052150
2052151
2052152
2052153
2052154
2052155
2052156
2052157
2052158
2052159
2052160
2052161
2052162
2052163
2052164
2052165
2052166
2052167
2052168
2052169
2052170
2052171
2052172
2052173
2052174
2052175
2052176
2052177
2052178
2052179
2052180
2052181
2052182
2052183
2052184
2052185
2052186
2052187
2052188
2052189
2052190
2052191
2052192
2052193
2052194
2052195
2052196
2052197
2052198
2052199
2052200
2052201
2052202
2052203
2052204
2052205
2052206
2052207
2052208
2052209
2052210
2052211
2052212
2052213
2052214
2052215
2052216
2052217
2052218
2052219
2052220
2052221
2052222
2052223
2052224
2052225
2052226
2052227
2052228
2052229
2052230
2052231
2052232
2052233
2052234
2052235
2052236
2052237
2052238
2052239
2052240
2052241
2052242
2052243
2052244
2052245
2052246
2052247
2052248
2052249
2052250
2052251
2052252
2052253
2052254
2052255
2052256
2052257
2052258
2052259
2052260
2052261
2052262
2052263
2052264
2052265
2052266
2052267
2052268
2052269
2052270
2052271
2052272
2052273
2052274
2052275
2052276
2052277
2052278
2052279
2052280
2052281
2052282
2052283
2052284
2052285
2052286
2052287
2052288
2052289
2052290
2052291
2052292
2052293
2052294
2052295
2052296
2052297
2052298
2052299
2052300
2052301
2052302
2052303
2052304
2052305
2052306
2052307
2052308
2052309
2052310
2052311
2052312
2052313
2052314
2052315
2052316
2052317
2052318
2052319
2052320
2052321
2052322
2052323
2052324
2052325
2052326
2052327
2052328
2052329
2052330
2052331
2052332
2052333
2052334
2052335
2052336
2052337
2052338
2052339
2052340
2052341
2052342
2052343
2052344
2052345
2052346
2052347
2052348
2052349
2052350
2052351
2052352
2052353
2052354
2052355
2052356
2052357
2052358
2052359
2052360
2052361
2052362
2052363
2052364
2052365
2052366
2052367
2052368
2052369
2052370
2052371
2052372
2052373
2052374
2052375
2052376
2052377
2052378
2052379
2052380
2052381
2052382
2052383
2052384
2052385
2052386
2052387
2052388
2052389
2052390
2052391
2052392
2052393
2052394
2052395
2052396
2052397
2052398
2052399
2052400
2052401
2052402
2052403
2052404
2052405
2052406
2052407
2052408
2052409
2052410
2052411
2052412
2052413
2052414
2052415
2052416
2052417
2052418
2052419
2052420
2052421
2052422
2052423
2052424
2052425
2052426
2052427
2052428
2052429
2052430
2052431
2052432
2052433
2052434
2052435
2052436
2052437
2052438
2052439
2052440
2052441
2052442
2052443
2052444
2052445
2052446
2052447
2052448
2052449
2052450
2052451
2052452
2052453
2052454
2052455
2052456
2052457
2052458
2052459
2052460
2052461
2052462
2052463
2052464
2052465
2052466
2052467
2052468
2052469
2052470
2052471
2052472
2052473
2052474
2052475
2052476
2052477
2052478
2052479
2052480
2052481
2052482
2052483
2052484
2052485
2052486
2052487
2052488
2052489
2052490
2052491
2052492
2052493
2052494
2052495
2052496
2052497
2052498
2052499
2052500
2052501
2052502
2052503
2052504
2052505
2052506
2052507
2052508
2052509
2052510
2052511
2052512
2052513
2052514
2052515
2052516
2052517
2052518
2052519
2052520
2052521
2052522
2052523
2052524
2052525
2052526
2052527
2052528
2052529
2052530
2052531
2052532
2052533
2052534
2052535
2052536
2052537
2052538
2052539
2052540
2052541
2052542
2052543
2052544
2052545
2052546
2052547
2052548
2052549
2052550
2052551
2052552
2052553
2052554
2052555
2052556
2052557
2052558
2052559
2052560
2052561
2052562
2052563
2052564
2052565
2052566
2052567
2052568
2052569
2052570
2052571
2052572
2052573
2052574
2052575
2052576
2052577
2052578
2052579
2052580
2052581
2052582
2052583
2052584
2052585
2052586
2052587
2052588
2052589
2052590
2052591
2052592
2052593
2052594
2052595
2052596
2052597
2052598
2052599
2052600
2052601
2052602
2052603
2052604
2052605
2052606
2052607
2052608
2052609
2052610
2052611
2052612
2052613
2052614
2052615
2052616
2052617
2052618
2052619
2052620
2052621
2052622
2052623
2052624
2052625
2052626
2052627
2052628
2052629
2052630
2052631
2052632
2052633
2052634
2052635
2052636
2052637
2052638
2052639
2052640
2052641
2052642
2052643
2052644
2052645
2052646
2052647
2052648
2052649
2052650
2052651
2052652
2052653
2052654
2052655
2052656
2052657
2052658
2052659
2052660
2052661
2052662
2052663
2052664
2052665
2052666
2052667
2052668
2052669
2052670
2052671
2052672
2052673
2052674
2052675
2052676
2052677
2052678
2052679
2052680
2052681
2052682
2052683
2052684
2052685
2052686
2052687
2052688
2052689
2052690
2052691
2052692
2052693
2052694
2052695
2052696
2052697
2052698
2052699
2052700
2052701
2052702
2052703
2052704
2052705
2052706
2052707
2052708
2052709
2052710
2052711
2052712
2052713
2052714
2052715
2052716
2052717
2052718
2052719
2052720
2052721
2052722
2052723
2052724
2052725
2052726
2052727
2052728
2052729
2052730
2052731
2052732
2052733
2052734
2052735
2052736
2052737
2052738
2052739
2052740
2052741
2052742
2052743
2052744
2052745
2052746
2052747
2052748
2052749
2052750
2052751
2052752
2052753
2052754
2052755
2052756
2052757
2052758
2052759
2052760
2052761
2052762
2052763
2052764
2052765
2052766
2052767
2052768
2052769
2052770
2052771
2052772
2052773
2052774
2052775
2052776
2052777
2052778
2052779
2052780
2052781
2052782
2052783
2052784
2052785
2052786
2052787
2052788
2052789
2052790
2052791
2052792
2052793
2052794
2052795
2052796
2052797
2052798
2052799
2052800
2052801
2052802
2052803
2052804
2052805
2052806
2052807
2052808
2052809
2052810
2052811
2052812
2052813
2052814
2052815
2052816
2052817
2052818
2052819
2052820
2052821
2052822
2052823
2052824
2052825
2052826
2052827
2052828
2052829
2052830
2052831
2052832
2052833
2052834
2052835
2052836
2052837
2052838
2052839
2052840
2052841
2052842
2052843
2052844
2052845
2052846
2052847
2052848
2052849
2052850
2052851
2052852
2052853
2052854
2052855
2052856
2052857
2052858
2052859
2052860
2052861
2052862
2052863
2052864
2052865
2052866
2052867
2052868
2052869
2052870
2052871
2052872
2052873
2052874
2052875
2052876
2052877
2052878
2052879
2052880
2052881
2052882
2052883
2052884
2052885
2052886
2052887
2052888
2052889
2052890
2052891
2052892
2052893
2052894
2052895
2052896
2052897
2052898
2052899
2052900
2052901
2052902
2052903
2052904
2052905
2052906
2052907
2052908
2052909
2052910
2052911
2052912
2052913
2052914
2052915
2052916
2052917
2052918
2052919
2052920
2052921
2052922
2052923
2052924
2052925
2052926
2052927
2052928
2052929
2052930
2052931
2052932
2052933
2052934
2052935
2052936
2052937
2052938
2052939
2052940
2052941
2052942
2052943
2052944
2052945
2052946
2052947
2052948
2052949
2052950
2052951
2052952
2052953
2052954
2052955
2052956
2052957
2052958
2052959
2052960
2052961
2052962
2052963
2052964
2052965
2052966
2052967
2052968
2052969
2052970
2052971
2052972
2052973
2052974
2052975
2052976
2052977
2052978
2052979
2052980
2052981
2052982
2052983
2052984
2052985
2052986
2052987
2052988
2052989
2052990
2052991
2052992
2052993
2052994
2052995
2052996
2052997
2052998
2052999
2053000
2053001
2053002
2053003
2053004
2053005
2053006
2053007
2053008
2053009
2053010
2053011
2053012
2053013
2053014
2053015
2053016
2053017
2053018
2053019
2053020
2053021
2053022
2053023
2053024
2053025
2053026
2053027
2053028
2053029
2053030
2053031
2053032
2053033
2053034
2053035
2053036
2053037
2053038
2053039
2053040
2053041
2053042
2053043
2053044
2053045
2053046
2053047
2053048
2053049
2053050
2053051
2053052
2053053
2053054
2053055
2053056
2053057
2053058
2053059
2053060
2053061
2053062
2053063
2053064
2053065
2053066
2053067
2053068
2053069
2053070
2053071
2053072
2053073
2053074
2053075
2053076
2053077
2053078
2053079
2053080
2053081
2053082
2053083
2053084
2053085
2053086
2053087
2053088
2053089
2053090
2053091
2053092
2053093
2053094
2053095
2053096
2053097
2053098
2053099
2053100
2053101
2053102
2053103
2053104
2053105
2053106
2053107
2053108
2053109
2053110
2053111
2053112
2053113
2053114
2053115
2053116
2053117
2053118
2053119
2053120
2053121
2053122
2053123
2053124
2053125
2053126
2053127
2053128
2053129
2053130
2053131
2053132
2053133
2053134
2053135
2053136
2053137
2053138
2053139
2053140
2053141
2053142
2053143
2053144
2053145
2053146
2053147
2053148
2053149
2053150
2053151
2053152
2053153
2053154
2053155
2053156
2053157
2053158
2053159
2053160
2053161
2053162
2053163
2053164
2053165
2053166
2053167
2053168
2053169
2053170
2053171
2053172
2053173
2053174
2053175
2053176
2053177
2053178
2053179
2053180
2053181
2053182
2053183
2053184
2053185
2053186
2053187
2053188
2053189
2053190
2053191
2053192
2053193
2053194
2053195
2053196
2053197
2053198
2053199
2053200
2053201
2053202
2053203
2053204
2053205
2053206
2053207
2053208
2053209
2053210
2053211
2053212
2053213
2053214
2053215
2053216
2053217
2053218
2053219
2053220
2053221
2053222
2053223
2053224
2053225
2053226
2053227
2053228
2053229
2053230
2053231
2053232
2053233
2053234
2053235
2053236
2053237
2053238
2053239
2053240
2053241
2053242
2053243
2053244
2053245
2053246
2053247
2053248
2053249
2053250
2053251
2053252
2053253
2053254
2053255
2053256
2053257
2053258
2053259
2053260
2053261
2053262
2053263
2053264
2053265
2053266
2053267
2053268
2053269
2053270
2053271
2053272
2053273
2053274
2053275
2053276
2053277
2053278
2053279
2053280
2053281
2053282
2053283
2053284
2053285
2053286
2053287
2053288
2053289
2053290
2053291
2053292
2053293
2053294
2053295
2053296
2053297
2053298
2053299
2053300
2053301
2053302
2053303
2053304
2053305
2053306
2053307
2053308
2053309
2053310
2053311
2053312
2053313
2053314
2053315
2053316
2053317
2053318
2053319
2053320
2053321
2053322
2053323
2053324
2053325
2053326
2053327
2053328
2053329
2053330
2053331
2053332
2053333
2053334
2053335
2053336
2053337
2053338
2053339
2053340
2053341
2053342
2053343
2053344
2053345
2053346
2053347
2053348
2053349
2053350
2053351
2053352
2053353
2053354
2053355
2053356
2053357
2053358
2053359
2053360
2053361
2053362
2053363
2053364
2053365
2053366
2053367
2053368
2053369
2053370
2053371
2053372
2053373
2053374
2053375
2053376
2053377
2053378
2053379
2053380
2053381
2053382
2053383
2053384
2053385
2053386
2053387
2053388
2053389
2053390
2053391
2053392
2053393
2053394
2053395
2053396
2053397
2053398
2053399
2053400
2053401
2053402
2053403
2053404
2053405
2053406
2053407
2053408
2053409
2053410
2053411
2053412
2053413
2053414
2053415
2053416
2053417
2053418
2053419
2053420
2053421
2053422
2053423
2053424
2053425
2053426
2053427
2053428
2053429
2053430
2053431
2053432
2053433
2053434
2053435
2053436
2053437
2053438
2053439
2053440
2053441
2053442
2053443
2053444
2053445
2053446
2053447
2053448
2053449
2053450
2053451
2053452
2053453
2053454
2053455
2053456
2053457
2053458
2053459
2053460
2053461
2053462
2053463
2053464
2053465
2053466
2053467
2053468
2053469
2053470
2053471
2053472
2053473
2053474
2053475
2053476
2053477
2053478
2053479
2053480
2053481
2053482
2053483
2053484
2053485
2053486
2053487
2053488
2053489
2053490
2053491
2053492
2053493
2053494
2053495
2053496
2053497
2053498
2053499
2053500
2053501
2053502
2053503
2053504
2053505
2053506
2053507
2053508
2053509
2053510
2053511
2053512
2053513
2053514
2053515
2053516
2053517
2053518
2053519
2053520
2053521
2053522
2053523
2053524
2053525
2053526
2053527
2053528
2053529
2053530
2053531
2053532
2053533
2053534
2053535
2053536
2053537
2053538
2053539
2053540
2053541
2053542
2053543
2053544
2053545
2053546
2053547
2053548
2053549
2053550
2053551
2053552
2053553
2053554
2053555
2053556
2053557
2053558
2053559
2053560
2053561
2053562
2053563
2053564
2053565
2053566
2053567
2053568
2053569
2053570
2053571
2053572
2053573
2053574
2053575
2053576
2053577
2053578
2053579
2053580
2053581
2053582
2053583
2053584
2053585
2053586
2053587
2053588
2053589
2053590
2053591
2053592
2053593
2053594
2053595
2053596
2053597
2053598
2053599
2053600
2053601
2053602
2053603
2053604
2053605
2053606
2053607
2053608
2053609
2053610
2053611
2053612
2053613
2053614
2053615
2053616
2053617
2053618
2053619
2053620
2053621
2053622
2053623
2053624
2053625
2053626
2053627
2053628
2053629
2053630
2053631
2053632
2053633
2053634
2053635
2053636
2053637
2053638
2053639
2053640
2053641
2053642
2053643
2053644
2053645
2053646
2053647
2053648
2053649
2053650
2053651
2053652
2053653
2053654
2053655
2053656
2053657
2053658
2053659
2053660
2053661
2053662
2053663
2053664
2053665
2053666
2053667
2053668
2053669
2053670
2053671
2053672
2053673
2053674
2053675
2053676
2053677
2053678
2053679
2053680
2053681
2053682
2053683
2053684
2053685
2053686
2053687
2053688
2053689
2053690
2053691
2053692
2053693
2053694
2053695
2053696
2053697
2053698
2053699
2053700
2053701
2053702
2053703
2053704
2053705
2053706
2053707
2053708
2053709
2053710
2053711
2053712
2053713
2053714
2053715
2053716
2053717
2053718
2053719
2053720
2053721
2053722
2053723
2053724
2053725
2053726
2053727
2053728
2053729
2053730
2053731
2053732
2053733
2053734
2053735
2053736
2053737
2053738
2053739
2053740
2053741
2053742
2053743
2053744
2053745
2053746
2053747
2053748
2053749
2053750
2053751
2053752
2053753
2053754
2053755
2053756
2053757
2053758
2053759
2053760
2053761
2053762
2053763
2053764
2053765
2053766
2053767
2053768
2053769
2053770
2053771
2053772
2053773
2053774
2053775
2053776
2053777
2053778
2053779
2053780
2053781
2053782
2053783
2053784
2053785
2053786
2053787
2053788
2053789
2053790
2053791
2053792
2053793
2053794
2053795
2053796
2053797
2053798
2053799
2053800
2053801
2053802
2053803
2053804
2053805
2053806
2053807
2053808
2053809
2053810
2053811
2053812
2053813
2053814
2053815
2053816
2053817
2053818
2053819
2053820
2053821
2053822
2053823
2053824
2053825
2053826
2053827
2053828
2053829
2053830
2053831
2053832
2053833
2053834
2053835
2053836
2053837
2053838
2053839
2053840
2053841
2053842
2053843
2053844
2053845
2053846
2053847
2053848
2053849
2053850
2053851
2053852
2053853
2053854
2053855
2053856
2053857
2053858
2053859
2053860
2053861
2053862
2053863
2053864
2053865
2053866
2053867
2053868
2053869
2053870
2053871
2053872
2053873
2053874
2053875
2053876
2053877
2053878
2053879
2053880
2053881
2053882
2053883
2053884
2053885
2053886
2053887
2053888
2053889
2053890
2053891
2053892
2053893
2053894
2053895
2053896
2053897
2053898
2053899
2053900
2053901
2053902
2053903
2053904
2053905
2053906
2053907
2053908
2053909
2053910
2053911
2053912
2053913
2053914
2053915
2053916
2053917
2053918
2053919
2053920
2053921
2053922
2053923
2053924
2053925
2053926
2053927
2053928
2053929
2053930
2053931
2053932
2053933
2053934
2053935
2053936
2053937
2053938
2053939
2053940
2053941
2053942
2053943
2053944
2053945
2053946
2053947
2053948
2053949
2053950
2053951
2053952
2053953
2053954
2053955
2053956
2053957
2053958
2053959
2053960
2053961
2053962
2053963
2053964
2053965
2053966
2053967
2053968
2053969
2053970
2053971
2053972
2053973
2053974
2053975
2053976
2053977
2053978
2053979
2053980
2053981
2053982
2053983
2053984
2053985
2053986
2053987
2053988
2053989
2053990
2053991
2053992
2053993
2053994
2053995
2053996
2053997
2053998
2053999
2054000
2054001
2054002
2054003
2054004
2054005
2054006
2054007
2054008
2054009
2054010
2054011
2054012
2054013
2054014
2054015
2054016
2054017
2054018
2054019
2054020
2054021
2054022
2054023
2054024
2054025
2054026
2054027
2054028
2054029
2054030
2054031
2054032
2054033
2054034
2054035
2054036
2054037
2054038
2054039
2054040
2054041
2054042
2054043
2054044
2054045
2054046
2054047
2054048
2054049
2054050
2054051
2054052
2054053
2054054
2054055
2054056
2054057
2054058
2054059
2054060
2054061
2054062
2054063
2054064
2054065
2054066
2054067
2054068
2054069
2054070
2054071
2054072
2054073
2054074
2054075
2054076
2054077
2054078
2054079
2054080
2054081
2054082
2054083
2054084
2054085
2054086
2054087
2054088
2054089
2054090
2054091
2054092
2054093
2054094
2054095
2054096
2054097
2054098
2054099
2054100
2054101
2054102
2054103
2054104
2054105
2054106
2054107
2054108
2054109
2054110
2054111
2054112
2054113
2054114
2054115
2054116
2054117
2054118
2054119
2054120
2054121
2054122
2054123
2054124
2054125
2054126
2054127
2054128
2054129
2054130
2054131
2054132
2054133
2054134
2054135
2054136
2054137
2054138
2054139
2054140
2054141
2054142
2054143
2054144
2054145
2054146
2054147
2054148
2054149
2054150
2054151
2054152
2054153
2054154
2054155
2054156
2054157
2054158
2054159
2054160
2054161
2054162
2054163
2054164
2054165
2054166
2054167
2054168
2054169
2054170
2054171
2054172
2054173
2054174
2054175
2054176
2054177
2054178
2054179
2054180
2054181
2054182
2054183
2054184
2054185
2054186
2054187
2054188
2054189
2054190
2054191
2054192
2054193
2054194
2054195
2054196
2054197
2054198
2054199
2054200
2054201
2054202
2054203
2054204
2054205
2054206
2054207
2054208
2054209
2054210
2054211
2054212
2054213
2054214
2054215
2054216
2054217
2054218
2054219
2054220
2054221
2054222
2054223
2054224
2054225
2054226
2054227
2054228
2054229
2054230
2054231
2054232
2054233
2054234
2054235
2054236
2054237
2054238
2054239
2054240
2054241
2054242
2054243
2054244
2054245
2054246
2054247
2054248
2054249
2054250
2054251
2054252
2054253
2054254
2054255
2054256
2054257
2054258
2054259
2054260
2054261
2054262
2054263
2054264
2054265
2054266
2054267
2054268
2054269
2054270
2054271
2054272
2054273
2054274
2054275
2054276
2054277
2054278
2054279
2054280
2054281
2054282
2054283
2054284
2054285
2054286
2054287
2054288
2054289
2054290
2054291
2054292
2054293
2054294
2054295
2054296
2054297
2054298
2054299
2054300
2054301
2054302
2054303
2054304
2054305
2054306
2054307
2054308
2054309
2054310
2054311
2054312
2054313
2054314
2054315
2054316
2054317
2054318
2054319
2054320
2054321
2054322
2054323
2054324
2054325
2054326
2054327
2054328
2054329
2054330
2054331
2054332
2054333
2054334
2054335
2054336
2054337
2054338
2054339
2054340
2054341
2054342
2054343
2054344
2054345
2054346
2054347
2054348
2054349
2054350
2054351
2054352
2054353
2054354
2054355
2054356
2054357
2054358
2054359
2054360
2054361
2054362
2054363
2054364
2054365
2054366
2054367
2054368
2054369
2054370
2054371
2054372
2054373
2054374
2054375
2054376
2054377
2054378
2054379
2054380
2054381
2054382
2054383
2054384
2054385
2054386
2054387
2054388
2054389
2054390
2054391
2054392
2054393
2054394
2054395
2054396
2054397
2054398
2054399
2054400
2054401
2054402
2054403
2054404
2054405
2054406
2054407
2054408
2054409
2054410
2054411
2054412
2054413
2054414
2054415
2054416
2054417
2054418
2054419
2054420
2054421
2054422
2054423
2054424
2054425
2054426
2054427
2054428
2054429
2054430
2054431
2054432
2054433
2054434
2054435
2054436
2054437
2054438
2054439
2054440
2054441
2054442
2054443
2054444
2054445
2054446
2054447
2054448
2054449
2054450
2054451
2054452
2054453
2054454
2054455
2054456
2054457
2054458
2054459
2054460
2054461
2054462
2054463
2054464
2054465
2054466
2054467
2054468
2054469
2054470
2054471
2054472
2054473
2054474
2054475
2054476
2054477
2054478
2054479
2054480
2054481
2054482
2054483
2054484
2054485
2054486
2054487
2054488
2054489
2054490
2054491
2054492
2054493
2054494
2054495
2054496
2054497
2054498
2054499
2054500
2054501
2054502
2054503
2054504
2054505
2054506
2054507
2054508
2054509
2054510
2054511
2054512
2054513
2054514
2054515
2054516
2054517
2054518
2054519
2054520
2054521
2054522
2054523
2054524
2054525
2054526
2054527
2054528
2054529
2054530
2054531
2054532
2054533
2054534
2054535
2054536
2054537
2054538
2054539
2054540
2054541
2054542
2054543
2054544
2054545
2054546
2054547
2054548
2054549
2054550
2054551
2054552
2054553
2054554
2054555
2054556
2054557
2054558
2054559
2054560
2054561
2054562
2054563
2054564
2054565
2054566
2054567
2054568
2054569
2054570
2054571
2054572
2054573
2054574
2054575
2054576
2054577
2054578
2054579
2054580
2054581
2054582
2054583
2054584
2054585
2054586
2054587
2054588
2054589
2054590
2054591
2054592
2054593
2054594
2054595
2054596
2054597
2054598
2054599
2054600
2054601
2054602
2054603
2054604
2054605
2054606
2054607
2054608
2054609
2054610
2054611
2054612
2054613
2054614
2054615
2054616
2054617
2054618
2054619
2054620
2054621
2054622
2054623
2054624
2054625
2054626
2054627
2054628
2054629
2054630
2054631
2054632
2054633
2054634
2054635
2054636
2054637
2054638
2054639
2054640
2054641
2054642
2054643
2054644
2054645
2054646
2054647
2054648
2054649
2054650
2054651
2054652
2054653
2054654
2054655
2054656
2054657
2054658
2054659
2054660
2054661
2054662
2054663
2054664
2054665
2054666
2054667
2054668
2054669
2054670
2054671
2054672
2054673
2054674
2054675
2054676
2054677
2054678
2054679
2054680
2054681
2054682
2054683
2054684
2054685
2054686
2054687
2054688
2054689
2054690
2054691
2054692
2054693
2054694
2054695
2054696
2054697
2054698
2054699
2054700
2054701
2054702
2054703
2054704
2054705
2054706
2054707
2054708
2054709
2054710
2054711
2054712
2054713
2054714
2054715
2054716
2054717
2054718
2054719
2054720
2054721
2054722
2054723
2054724
2054725
2054726
2054727
2054728
2054729
2054730
2054731
2054732
2054733
2054734
2054735
2054736
2054737
2054738
2054739
2054740
2054741
2054742
2054743
2054744
2054745
2054746
2054747
2054748
2054749
2054750
2054751
2054752
2054753
2054754
2054755
2054756
2054757
2054758
2054759
2054760
2054761
2054762
2054763
2054764
2054765
2054766
2054767
2054768
2054769
2054770
2054771
2054772
2054773
2054774
2054775
2054776
2054777
2054778
2054779
2054780
2054781
2054782
2054783
2054784
2054785
2054786
2054787
2054788
2054789
2054790
2054791
2054792
2054793
2054794
2054795
2054796
2054797
2054798
2054799
2054800
2054801
2054802
2054803
2054804
2054805
2054806
2054807
2054808
2054809
2054810
2054811
2054812
2054813
2054814
2054815
2054816
2054817
2054818
2054819
2054820
2054821
2054822
2054823
2054824
2054825
2054826
2054827
2054828
2054829
2054830
2054831
2054832
2054833
2054834
2054835
2054836
2054837
2054838
2054839
2054840
2054841
2054842
2054843
2054844
2054845
2054846
2054847
2054848
2054849
2054850
2054851
2054852
2054853
2054854
2054855
2054856
2054857
2054858
2054859
2054860
2054861
2054862
2054863
2054864
2054865
2054866
2054867
2054868
2054869
2054870
2054871
2054872
2054873
2054874
2054875
2054876
2054877
2054878
2054879
2054880
2054881
2054882
2054883
2054884
2054885
2054886
2054887
2054888
2054889
2054890
2054891
2054892
2054893
2054894
2054895
2054896
2054897
2054898
2054899
2054900
2054901
2054902
2054903
2054904
2054905
2054906
2054907
2054908
2054909
2054910
2054911
2054912
2054913
2054914
2054915
2054916
2054917
2054918
2054919
2054920
2054921
2054922
2054923
2054924
2054925
2054926
2054927
2054928
2054929
2054930
2054931
2054932
2054933
2054934
2054935
2054936
2054937
2054938
2054939
2054940
2054941
2054942
2054943
2054944
2054945
2054946
2054947
2054948
2054949
2054950
2054951
2054952
2054953
2054954
2054955
2054956
2054957
2054958
2054959
2054960
2054961
2054962
2054963
2054964
2054965
2054966
2054967
2054968
2054969
2054970
2054971
2054972
2054973
2054974
2054975
2054976
2054977
2054978
2054979
2054980
2054981
2054982
2054983
2054984
2054985
2054986
2054987
2054988
2054989
2054990
2054991
2054992
2054993
2054994
2054995
2054996
2054997
2054998
2054999
2055000
2055001
2055002
2055003
2055004
2055005
2055006
2055007
2055008
2055009
2055010
2055011
2055012
2055013
2055014
2055015
2055016
2055017
2055018
2055019
2055020
2055021
2055022
2055023
2055024
2055025
2055026
2055027
2055028
2055029
2055030
2055031
2055032
2055033
2055034
2055035
2055036
2055037
2055038
2055039
2055040
2055041
2055042
2055043
2055044
2055045
2055046
2055047
2055048
2055049
2055050
2055051
2055052
2055053
2055054
2055055
2055056
2055057
2055058
2055059
2055060
2055061
2055062
2055063
2055064
2055065
2055066
2055067
2055068
2055069
2055070
2055071
2055072
2055073
2055074
2055075
2055076
2055077
2055078
2055079
2055080
2055081
2055082
2055083
2055084
2055085
2055086
2055087
2055088
2055089
2055090
2055091
2055092
2055093
2055094
2055095
2055096
2055097
2055098
2055099
2055100
2055101
2055102
2055103
2055104
2055105
2055106
2055107
2055108
2055109
2055110
2055111
2055112
2055113
2055114
2055115
2055116
2055117
2055118
2055119
2055120
2055121
2055122
2055123
2055124
2055125
2055126
2055127
2055128
2055129
2055130
2055131
2055132
2055133
2055134
2055135
2055136
2055137
2055138
2055139
2055140
2055141
2055142
2055143
2055144
2055145
2055146
2055147
2055148
2055149
2055150
2055151
2055152
2055153
2055154
2055155
2055156
2055157
2055158
2055159
2055160
2055161
2055162
2055163
2055164
2055165
2055166
2055167
2055168
2055169
2055170
2055171
2055172
2055173
2055174
2055175
2055176
2055177
2055178
2055179
2055180
2055181
2055182
2055183
2055184
2055185
2055186
2055187
2055188
2055189
2055190
2055191
2055192
2055193
2055194
2055195
2055196
2055197
2055198
2055199
2055200
2055201
2055202
2055203
2055204
2055205
2055206
2055207
2055208
2055209
2055210
2055211
2055212
2055213
2055214
2055215
2055216
2055217
2055218
2055219
2055220
2055221
2055222
2055223
2055224
2055225
2055226
2055227
2055228
2055229
2055230
2055231
2055232
2055233
2055234
2055235
2055236
2055237
2055238
2055239
2055240
2055241
2055242
2055243
2055244
2055245
2055246
2055247
2055248
2055249
2055250
2055251
2055252
2055253
2055254
2055255
2055256
2055257
2055258
2055259
2055260
2055261
2055262
2055263
2055264
2055265
2055266
2055267
2055268
2055269
2055270
2055271
2055272
2055273
2055274
2055275
2055276
2055277
2055278
2055279
2055280
2055281
2055282
2055283
2055284
2055285
2055286
2055287
2055288
2055289
2055290
2055291
2055292
2055293
2055294
2055295
2055296
2055297
2055298
2055299
2055300
2055301
2055302
2055303
2055304
2055305
2055306
2055307
2055308
2055309
2055310
2055311
2055312
2055313
2055314
2055315
2055316
2055317
2055318
2055319
2055320
2055321
2055322
2055323
2055324
2055325
2055326
2055327
2055328
2055329
2055330
2055331
2055332
2055333
2055334
2055335
2055336
2055337
2055338
2055339
2055340
2055341
2055342
2055343
2055344
2055345
2055346
2055347
2055348
2055349
2055350
2055351
2055352
2055353
2055354
2055355
2055356
2055357
2055358
2055359
2055360
2055361
2055362
2055363
2055364
2055365
2055366
2055367
2055368
2055369
2055370
2055371
2055372
2055373
2055374
2055375
2055376
2055377
2055378
2055379
2055380
2055381
2055382
2055383
2055384
2055385
2055386
2055387
2055388
2055389
2055390
2055391
2055392
2055393
2055394
2055395
2055396
2055397
2055398
2055399
2055400
2055401
2055402
2055403
2055404
2055405
2055406
2055407
2055408
2055409
2055410
2055411
2055412
2055413
2055414
2055415
2055416
2055417
2055418
2055419
2055420
2055421
2055422
2055423
2055424
2055425
2055426
2055427
2055428
2055429
2055430
2055431
2055432
2055433
2055434
2055435
2055436
2055437
2055438
2055439
2055440
2055441
2055442
2055443
2055444
2055445
2055446
2055447
2055448
2055449
2055450
2055451
2055452
2055453
2055454
2055455
2055456
2055457
2055458
2055459
2055460
2055461
2055462
2055463
2055464
2055465
2055466
2055467
2055468
2055469
2055470
2055471
2055472
2055473
2055474
2055475
2055476
2055477
2055478
2055479
2055480
2055481
2055482
2055483
2055484
2055485
2055486
2055487
2055488
2055489
2055490
2055491
2055492
2055493
2055494
2055495
2055496
2055497
2055498
2055499
2055500
2055501
2055502
2055503
2055504
2055505
2055506
2055507
2055508
2055509
2055510
2055511
2055512
2055513
2055514
2055515
2055516
2055517
2055518
2055519
2055520
2055521
2055522
2055523
2055524
2055525
2055526
2055527
2055528
2055529
2055530
2055531
2055532
2055533
2055534
2055535
2055536
2055537
2055538
2055539
2055540
2055541
2055542
2055543
2055544
2055545
2055546
2055547
2055548
2055549
2055550
2055551
2055552
2055553
2055554
2055555
2055556
2055557
2055558
2055559
2055560
2055561
2055562
2055563
2055564
2055565
2055566
2055567
2055568
2055569
2055570
2055571
2055572
2055573
2055574
2055575
2055576
2055577
2055578
2055579
2055580
2055581
2055582
2055583
2055584
2055585
2055586
2055587
2055588
2055589
2055590
2055591
2055592
2055593
2055594
2055595
2055596
2055597
2055598
2055599
2055600
2055601
2055602
2055603
2055604
2055605
2055606
2055607
2055608
2055609
2055610
2055611
2055612
2055613
2055614
2055615
2055616
2055617
2055618
2055619
2055620
2055621
2055622
2055623
2055624
2055625
2055626
2055627
2055628
2055629
2055630
2055631
2055632
2055633
2055634
2055635
2055636
2055637
2055638
2055639
2055640
2055641
2055642
2055643
2055644
2055645
2055646
2055647
2055648
2055649
2055650
2055651
2055652
2055653
2055654
2055655
2055656
2055657
2055658
2055659
2055660
2055661
2055662
2055663
2055664
2055665
2055666
2055667
2055668
2055669
2055670
2055671
2055672
2055673
2055674
2055675
2055676
2055677
2055678
2055679
2055680
2055681
2055682
2055683
2055684
2055685
2055686
2055687
2055688
2055689
2055690
2055691
2055692
2055693
2055694
2055695
2055696
2055697
2055698
2055699
2055700
2055701
2055702
2055703
2055704
2055705
2055706
2055707
2055708
2055709
2055710
2055711
2055712
2055713
2055714
2055715
2055716
2055717
2055718
2055719
2055720
2055721
2055722
2055723
2055724
2055725
2055726
2055727
2055728
2055729
2055730
2055731
2055732
2055733
2055734
2055735
2055736
2055737
2055738
2055739
2055740
2055741
2055742
2055743
2055744
2055745
2055746
2055747
2055748
2055749
2055750
2055751
2055752
2055753
2055754
2055755
2055756
2055757
2055758
2055759
2055760
2055761
2055762
2055763
2055764
2055765
2055766
2055767
2055768
2055769
2055770
2055771
2055772
2055773
2055774
2055775
2055776
2055777
2055778
2055779
2055780
2055781
2055782
2055783
2055784
2055785
2055786
2055787
2055788
2055789
2055790
2055791
2055792
2055793
2055794
2055795
2055796
2055797
2055798
2055799
2055800
2055801
2055802
2055803
2055804
2055805
2055806
2055807
2055808
2055809
2055810
2055811
2055812
2055813
2055814
2055815
2055816
2055817
2055818
2055819
2055820
2055821
2055822
2055823
2055824
2055825
2055826
2055827
2055828
2055829
2055830
2055831
2055832
2055833
2055834
2055835
2055836
2055837
2055838
2055839
2055840
2055841
2055842
2055843
2055844
2055845
2055846
2055847
2055848
2055849
2055850
2055851
2055852
2055853
2055854
2055855
2055856
2055857
2055858
2055859
2055860
2055861
2055862
2055863
2055864
2055865
2055866
2055867
2055868
2055869
2055870
2055871
2055872
2055873
2055874
2055875
2055876
2055877
2055878
2055879
2055880
2055881
2055882
2055883
2055884
2055885
2055886
2055887
2055888
2055889
2055890
2055891
2055892
2055893
2055894
2055895
2055896
2055897
2055898
2055899
2055900
2055901
2055902
2055903
2055904
2055905
2055906
2055907
2055908
2055909
2055910
2055911
2055912
2055913
2055914
2055915
2055916
2055917
2055918
2055919
2055920
2055921
2055922
2055923
2055924
2055925
2055926
2055927
2055928
2055929
2055930
2055931
2055932
2055933
2055934
2055935
2055936
2055937
2055938
2055939
2055940
2055941
2055942
2055943
2055944
2055945
2055946
2055947
2055948
2055949
2055950
2055951
2055952
2055953
2055954
2055955
2055956
2055957
2055958
2055959
2055960
2055961
2055962
2055963
2055964
2055965
2055966
2055967
2055968
2055969
2055970
2055971
2055972
2055973
2055974
2055975
2055976
2055977
2055978
2055979
2055980
2055981
2055982
2055983
2055984
2055985
2055986
2055987
2055988
2055989
2055990
2055991
2055992
2055993
2055994
2055995
2055996
2055997
2055998
2055999
2056000
2056001
2056002
2056003
2056004
2056005
2056006
2056007
2056008
2056009
2056010
2056011
2056012
2056013
2056014
2056015
2056016
2056017
2056018
2056019
2056020
2056021
2056022
2056023
2056024
2056025
2056026
2056027
2056028
2056029
2056030
2056031
2056032
2056033
2056034
2056035
2056036
2056037
2056038
2056039
2056040
2056041
2056042
2056043
2056044
2056045
2056046
2056047
2056048
2056049
2056050
2056051
2056052
2056053
2056054
2056055
2056056
2056057
2056058
2056059
2056060
2056061
2056062
2056063
2056064
2056065
2056066
2056067
2056068
2056069
2056070
2056071
2056072
2056073
2056074
2056075
2056076
2056077
2056078
2056079
2056080
2056081
2056082
2056083
2056084
2056085
2056086
2056087
2056088
2056089
2056090
2056091
2056092
2056093
2056094
2056095
2056096
2056097
2056098
2056099
2056100
2056101
2056102
2056103
2056104
2056105
2056106
2056107
2056108
2056109
2056110
2056111
2056112
2056113
2056114
2056115
2056116
2056117
2056118
2056119
2056120
2056121
2056122
2056123
2056124
2056125
2056126
2056127
2056128
2056129
2056130
2056131
2056132
2056133
2056134
2056135
2056136
2056137
2056138
2056139
2056140
2056141
2056142
2056143
2056144
2056145
2056146
2056147
2056148
2056149
2056150
2056151
2056152
2056153
2056154
2056155
2056156
2056157
2056158
2056159
2056160
2056161
2056162
2056163
2056164
2056165
2056166
2056167
2056168
2056169
2056170
2056171
2056172
2056173
2056174
2056175
2056176
2056177
2056178
2056179
2056180
2056181
2056182
2056183
2056184
2056185
2056186
2056187
2056188
2056189
2056190
2056191
2056192
2056193
2056194
2056195
2056196
2056197
2056198
2056199
2056200
2056201
2056202
2056203
2056204
2056205
2056206
2056207
2056208
2056209
2056210
2056211
2056212
2056213
2056214
2056215
2056216
2056217
2056218
2056219
2056220
2056221
2056222
2056223
2056224
2056225
2056226
2056227
2056228
2056229
2056230
2056231
2056232
2056233
2056234
2056235
2056236
2056237
2056238
2056239
2056240
2056241
2056242
2056243
2056244
2056245
2056246
2056247
2056248
2056249
2056250
2056251
2056252
2056253
2056254
2056255
2056256
2056257
2056258
2056259
2056260
2056261
2056262
2056263
2056264
2056265
2056266
2056267
2056268
2056269
2056270
2056271
2056272
2056273
2056274
2056275
2056276
2056277
2056278
2056279
2056280
2056281
2056282
2056283
2056284
2056285
2056286
2056287
2056288
2056289
2056290
2056291
2056292
2056293
2056294
2056295
2056296
2056297
2056298
2056299
2056300
2056301
2056302
2056303
2056304
2056305
2056306
2056307
2056308
2056309
2056310
2056311
2056312
2056313
2056314
2056315
2056316
2056317
2056318
2056319
2056320
2056321
2056322
2056323
2056324
2056325
2056326
2056327
2056328
2056329
2056330
2056331
2056332
2056333
2056334
2056335
2056336
2056337
2056338
2056339
2056340
2056341
2056342
2056343
2056344
2056345
2056346
2056347
2056348
2056349
2056350
2056351
2056352
2056353
2056354
2056355
2056356
2056357
2056358
2056359
2056360
2056361
2056362
2056363
2056364
2056365
2056366
2056367
2056368
2056369
2056370
2056371
2056372
2056373
2056374
2056375
2056376
2056377
2056378
2056379
2056380
2056381
2056382
2056383
2056384
2056385
2056386
2056387
2056388
2056389
2056390
2056391
2056392
2056393
2056394
2056395
2056396
2056397
2056398
2056399
2056400
2056401
2056402
2056403
2056404
2056405
2056406
2056407
2056408
2056409
2056410
2056411
2056412
2056413
2056414
2056415
2056416
2056417
2056418
2056419
2056420
2056421
2056422
2056423
2056424
2056425
2056426
2056427
2056428
2056429
2056430
2056431
2056432
2056433
2056434
2056435
2056436
2056437
2056438
2056439
2056440
2056441
2056442
2056443
2056444
2056445
2056446
2056447
2056448
2056449
2056450
2056451
2056452
2056453
2056454
2056455
2056456
2056457
2056458
2056459
2056460
2056461
2056462
2056463
2056464
2056465
2056466
2056467
2056468
2056469
2056470
2056471
2056472
2056473
2056474
2056475
2056476
2056477
2056478
2056479
2056480
2056481
2056482
2056483
2056484
2056485
2056486
2056487
2056488
2056489
2056490
2056491
2056492
2056493
2056494
2056495
2056496
2056497
2056498
2056499
2056500
2056501
2056502
2056503
2056504
2056505
2056506
2056507
2056508
2056509
2056510
2056511
2056512
2056513
2056514
2056515
2056516
2056517
2056518
2056519
2056520
2056521
2056522
2056523
2056524
2056525
2056526
2056527
2056528
2056529
2056530
2056531
2056532
2056533
2056534
2056535
2056536
2056537
2056538
2056539
2056540
2056541
2056542
2056543
2056544
2056545
2056546
2056547
2056548
2056549
2056550
2056551
2056552
2056553
2056554
2056555
2056556
2056557
2056558
2056559
2056560
2056561
2056562
2056563
2056564
2056565
2056566
2056567
2056568
2056569
2056570
2056571
2056572
2056573
2056574
2056575
2056576
2056577
2056578
2056579
2056580
2056581
2056582
2056583
2056584
2056585
2056586
2056587
2056588
2056589
2056590
2056591
2056592
2056593
2056594
2056595
2056596
2056597
2056598
2056599
2056600
2056601
2056602
2056603
2056604
2056605
2056606
2056607
2056608
2056609
2056610
2056611
2056612
2056613
2056614
2056615
2056616
2056617
2056618
2056619
2056620
2056621
2056622
2056623
2056624
2056625
2056626
2056627
2056628
2056629
2056630
2056631
2056632
2056633
2056634
2056635
2056636
2056637
2056638
2056639
2056640
2056641
2056642
2056643
2056644
2056645
2056646
2056647
2056648
2056649
2056650
2056651
2056652
2056653
2056654
2056655
2056656
2056657
2056658
2056659
2056660
2056661
2056662
2056663
2056664
2056665
2056666
2056667
2056668
2056669
2056670
2056671
2056672
2056673
2056674
2056675
2056676
2056677
2056678
2056679
2056680
2056681
2056682
2056683
2056684
2056685
2056686
2056687
2056688
2056689
2056690
2056691
2056692
2056693
2056694
2056695
2056696
2056697
2056698
2056699
2056700
2056701
2056702
2056703
2056704
2056705
2056706
2056707
2056708
2056709
2056710
2056711
2056712
2056713
2056714
2056715
2056716
2056717
2056718
2056719
2056720
2056721
2056722
2056723
2056724
2056725
2056726
2056727
2056728
2056729
2056730
2056731
2056732
2056733
2056734
2056735
2056736
2056737
2056738
2056739
2056740
2056741
2056742
2056743
2056744
2056745
2056746
2056747
2056748
2056749
2056750
2056751
2056752
2056753
2056754
2056755
2056756
2056757
2056758
2056759
2056760
2056761
2056762
2056763
2056764
2056765
2056766
2056767
2056768
2056769
2056770
2056771
2056772
2056773
2056774
2056775
2056776
2056777
2056778
2056779
2056780
2056781
2056782
2056783
2056784
2056785
2056786
2056787
2056788
2056789
2056790
2056791
2056792
2056793
2056794
2056795
2056796
2056797
2056798
2056799
2056800
2056801
2056802
2056803
2056804
2056805
2056806
2056807
2056808
2056809
2056810
2056811
2056812
2056813
2056814
2056815
2056816
2056817
2056818
2056819
2056820
2056821
2056822
2056823
2056824
2056825
2056826
2056827
2056828
2056829
2056830
2056831
2056832
2056833
2056834
2056835
2056836
2056837
2056838
2056839
2056840
2056841
2056842
2056843
2056844
2056845
2056846
2056847
2056848
2056849
2056850
2056851
2056852
2056853
2056854
2056855
2056856
2056857
2056858
2056859
2056860
2056861
2056862
2056863
2056864
2056865
2056866
2056867
2056868
2056869
2056870
2056871
2056872
2056873
2056874
2056875
2056876
2056877
2056878
2056879
2056880
2056881
2056882
2056883
2056884
2056885
2056886
2056887
2056888
2056889
2056890
2056891
2056892
2056893
2056894
2056895
2056896
2056897
2056898
2056899
2056900
2056901
2056902
2056903
2056904
2056905
2056906
2056907
2056908
2056909
2056910
2056911
2056912
2056913
2056914
2056915
2056916
2056917
2056918
2056919
2056920
2056921
2056922
2056923
2056924
2056925
2056926
2056927
2056928
2056929
2056930
2056931
2056932
2056933
2056934
2056935
2056936
2056937
2056938
2056939
2056940
2056941
2056942
2056943
2056944
2056945
2056946
2056947
2056948
2056949
2056950
2056951
2056952
2056953
2056954
2056955
2056956
2056957
2056958
2056959
2056960
2056961
2056962
2056963
2056964
2056965
2056966
2056967
2056968
2056969
2056970
2056971
2056972
2056973
2056974
2056975
2056976
2056977
2056978
2056979
2056980
2056981
2056982
2056983
2056984
2056985
2056986
2056987
2056988
2056989
2056990
2056991
2056992
2056993
2056994
2056995
2056996
2056997
2056998
2056999
2057000
2057001
2057002
2057003
2057004
2057005
2057006
2057007
2057008
2057009
2057010
2057011
2057012
2057013
2057014
2057015
2057016
2057017
2057018
2057019
2057020
2057021
2057022
2057023
2057024
2057025
2057026
2057027
2057028
2057029
2057030
2057031
2057032
2057033
2057034
2057035
2057036
2057037
2057038
2057039
2057040
2057041
2057042
2057043
2057044
2057045
2057046
2057047
2057048
2057049
2057050
2057051
2057052
2057053
2057054
2057055
2057056
2057057
2057058
2057059
2057060
2057061
2057062
2057063
2057064
2057065
2057066
2057067
2057068
2057069
2057070
2057071
2057072
2057073
2057074
2057075
2057076
2057077
2057078
2057079
2057080
2057081
2057082
2057083
2057084
2057085
2057086
2057087
2057088
2057089
2057090
2057091
2057092
2057093
2057094
2057095
2057096
2057097
2057098
2057099
2057100
2057101
2057102
2057103
2057104
2057105
2057106
2057107
2057108
2057109
2057110
2057111
2057112
2057113
2057114
2057115
2057116
2057117
2057118
2057119
2057120
2057121
2057122
2057123
2057124
2057125
2057126
2057127
2057128
2057129
2057130
2057131
2057132
2057133
2057134
2057135
2057136
2057137
2057138
2057139
2057140
2057141
2057142
2057143
2057144
2057145
2057146
2057147
2057148
2057149
2057150
2057151
2057152
2057153
2057154
2057155
2057156
2057157
2057158
2057159
2057160
2057161
2057162
2057163
2057164
2057165
2057166
2057167
2057168
2057169
2057170
2057171
2057172
2057173
2057174
2057175
2057176
2057177
2057178
2057179
2057180
2057181
2057182
2057183
2057184
2057185
2057186
2057187
2057188
2057189
2057190
2057191
2057192
2057193
2057194
2057195
2057196
2057197
2057198
2057199
2057200
2057201
2057202
2057203
2057204
2057205
2057206
2057207
2057208
2057209
2057210
2057211
2057212
2057213
2057214
2057215
2057216
2057217
2057218
2057219
2057220
2057221
2057222
2057223
2057224
2057225
2057226
2057227
2057228
2057229
2057230
2057231
2057232
2057233
2057234
2057235
2057236
2057237
2057238
2057239
2057240
2057241
2057242
2057243
2057244
2057245
2057246
2057247
2057248
2057249
2057250
2057251
2057252
2057253
2057254
2057255
2057256
2057257
2057258
2057259
2057260
2057261
2057262
2057263
2057264
2057265
2057266
2057267
2057268
2057269
2057270
2057271
2057272
2057273
2057274
2057275
2057276
2057277
2057278
2057279
2057280
2057281
2057282
2057283
2057284
2057285
2057286
2057287
2057288
2057289
2057290
2057291
2057292
2057293
2057294
2057295
2057296
2057297
2057298
2057299
2057300
2057301
2057302
2057303
2057304
2057305
2057306
2057307
2057308
2057309
2057310
2057311
2057312
2057313
2057314
2057315
2057316
2057317
2057318
2057319
2057320
2057321
2057322
2057323
2057324
2057325
2057326
2057327
2057328
2057329
2057330
2057331
2057332
2057333
2057334
2057335
2057336
2057337
2057338
2057339
2057340
2057341
2057342
2057343
2057344
2057345
2057346
2057347
2057348
2057349
2057350
2057351
2057352
2057353
2057354
2057355
2057356
2057357
2057358
2057359
2057360
2057361
2057362
2057363
2057364
2057365
2057366
2057367
2057368
2057369
2057370
2057371
2057372
2057373
2057374
2057375
2057376
2057377
2057378
2057379
2057380
2057381
2057382
2057383
2057384
2057385
2057386
2057387
2057388
2057389
2057390
2057391
2057392
2057393
2057394
2057395
2057396
2057397
2057398
2057399
2057400
2057401
2057402
2057403
2057404
2057405
2057406
2057407
2057408
2057409
2057410
2057411
2057412
2057413
2057414
2057415
2057416
2057417
2057418
2057419
2057420
2057421
2057422
2057423
2057424
2057425
2057426
2057427
2057428
2057429
2057430
2057431
2057432
2057433
2057434
2057435
2057436
2057437
2057438
2057439
2057440
2057441
2057442
2057443
2057444
2057445
2057446
2057447
2057448
2057449
2057450
2057451
2057452
2057453
2057454
2057455
2057456
2057457
2057458
2057459
2057460
2057461
2057462
2057463
2057464
2057465
2057466
2057467
2057468
2057469
2057470
2057471
2057472
2057473
2057474
2057475
2057476
2057477
2057478
2057479
2057480
2057481
2057482
2057483
2057484
2057485
2057486
2057487
2057488
2057489
2057490
2057491
2057492
2057493
2057494
2057495
2057496
2057497
2057498
2057499
2057500
2057501
2057502
2057503
2057504
2057505
2057506
2057507
2057508
2057509
2057510
2057511
2057512
2057513
2057514
2057515
2057516
2057517
2057518
2057519
2057520
2057521
2057522
2057523
2057524
2057525
2057526
2057527
2057528
2057529
2057530
2057531
2057532
2057533
2057534
2057535
2057536
2057537
2057538
2057539
2057540
2057541
2057542
2057543
2057544
2057545
2057546
2057547
2057548
2057549
2057550
2057551
2057552
2057553
2057554
2057555
2057556
2057557
2057558
2057559
2057560
2057561
2057562
2057563
2057564
2057565
2057566
2057567
2057568
2057569
2057570
2057571
2057572
2057573
2057574
2057575
2057576
2057577
2057578
2057579
2057580
2057581
2057582
2057583
2057584
2057585
2057586
2057587
2057588
2057589
2057590
2057591
2057592
2057593
2057594
2057595
2057596
2057597
2057598
2057599
2057600
2057601
2057602
2057603
2057604
2057605
2057606
2057607
2057608
2057609
2057610
2057611
2057612
2057613
2057614
2057615
2057616
2057617
2057618
2057619
2057620
2057621
2057622
2057623
2057624
2057625
2057626
2057627
2057628
2057629
2057630
2057631
2057632
2057633
2057634
2057635
2057636
2057637
2057638
2057639
2057640
2057641
2057642
2057643
2057644
2057645
2057646
2057647
2057648
2057649
2057650
2057651
2057652
2057653
2057654
2057655
2057656
2057657
2057658
2057659
2057660
2057661
2057662
2057663
2057664
2057665
2057666
2057667
2057668
2057669
2057670
2057671
2057672
2057673
2057674
2057675
2057676
2057677
2057678
2057679
2057680
2057681
2057682
2057683
2057684
2057685
2057686
2057687
2057688
2057689
2057690
2057691
2057692
2057693
2057694
2057695
2057696
2057697
2057698
2057699
2057700
2057701
2057702
2057703
2057704
2057705
2057706
2057707
2057708
2057709
2057710
2057711
2057712
2057713
2057714
2057715
2057716
2057717
2057718
2057719
2057720
2057721
2057722
2057723
2057724
2057725
2057726
2057727
2057728
2057729
2057730
2057731
2057732
2057733
2057734
2057735
2057736
2057737
2057738
2057739
2057740
2057741
2057742
2057743
2057744
2057745
2057746
2057747
2057748
2057749
2057750
2057751
2057752
2057753
2057754
2057755
2057756
2057757
2057758
2057759
2057760
2057761
2057762
2057763
2057764
2057765
2057766
2057767
2057768
2057769
2057770
2057771
2057772
2057773
2057774
2057775
2057776
2057777
2057778
2057779
2057780
2057781
2057782
2057783
2057784
2057785
2057786
2057787
2057788
2057789
2057790
2057791
2057792
2057793
2057794
2057795
2057796
2057797
2057798
2057799
2057800
2057801
2057802
2057803
2057804
2057805
2057806
2057807
2057808
2057809
2057810
2057811
2057812
2057813
2057814
2057815
2057816
2057817
2057818
2057819
2057820
2057821
2057822
2057823
2057824
2057825
2057826
2057827
2057828
2057829
2057830
2057831
2057832
2057833
2057834
2057835
2057836
2057837
2057838
2057839
2057840
2057841
2057842
2057843
2057844
2057845
2057846
2057847
2057848
2057849
2057850
2057851
2057852
2057853
2057854
2057855
2057856
2057857
2057858
2057859
2057860
2057861
2057862
2057863
2057864
2057865
2057866
2057867
2057868
2057869
2057870
2057871
2057872
2057873
2057874
2057875
2057876
2057877
2057878
2057879
2057880
2057881
2057882
2057883
2057884
2057885
2057886
2057887
2057888
2057889
2057890
2057891
2057892
2057893
2057894
2057895
2057896
2057897
2057898
2057899
2057900
2057901
2057902
2057903
2057904
2057905
2057906
2057907
2057908
2057909
2057910
2057911
2057912
2057913
2057914
2057915
2057916
2057917
2057918
2057919
2057920
2057921
2057922
2057923
2057924
2057925
2057926
2057927
2057928
2057929
2057930
2057931
2057932
2057933
2057934
2057935
2057936
2057937
2057938
2057939
2057940
2057941
2057942
2057943
2057944
2057945
2057946
2057947
2057948
2057949
2057950
2057951
2057952
2057953
2057954
2057955
2057956
2057957
2057958
2057959
2057960
2057961
2057962
2057963
2057964
2057965
2057966
2057967
2057968
2057969
2057970
2057971
2057972
2057973
2057974
2057975
2057976
2057977
2057978
2057979
2057980
2057981
2057982
2057983
2057984
2057985
2057986
2057987
2057988
2057989
2057990
2057991
2057992
2057993
2057994
2057995
2057996
2057997
2057998
2057999
2058000
2058001
2058002
2058003
2058004
2058005
2058006
2058007
2058008
2058009
2058010
2058011
2058012
2058013
2058014
2058015
2058016
2058017
2058018
2058019
2058020
2058021
2058022
2058023
2058024
2058025
2058026
2058027
2058028
2058029
2058030
2058031
2058032
2058033
2058034
2058035
2058036
2058037
2058038
2058039
2058040
2058041
2058042
2058043
2058044
2058045
2058046
2058047
2058048
2058049
2058050
2058051
2058052
2058053
2058054
2058055
2058056
2058057
2058058
2058059
2058060
2058061
2058062
2058063
2058064
2058065
2058066
2058067
2058068
2058069
2058070
2058071
2058072
2058073
2058074
2058075
2058076
2058077
2058078
2058079
2058080
2058081
2058082
2058083
2058084
2058085
2058086
2058087
2058088
2058089
2058090
2058091
2058092
2058093
2058094
2058095
2058096
2058097
2058098
2058099
2058100
2058101
2058102
2058103
2058104
2058105
2058106
2058107
2058108
2058109
2058110
2058111
2058112
2058113
2058114
2058115
2058116
2058117
2058118
2058119
2058120
2058121
2058122
2058123
2058124
2058125
2058126
2058127
2058128
2058129
2058130
2058131
2058132
2058133
2058134
2058135
2058136
2058137
2058138
2058139
2058140
2058141
2058142
2058143
2058144
2058145
2058146
2058147
2058148
2058149
2058150
2058151
2058152
2058153
2058154
2058155
2058156
2058157
2058158
2058159
2058160
2058161
2058162
2058163
2058164
2058165
2058166
2058167
2058168
2058169
2058170
2058171
2058172
2058173
2058174
2058175
2058176
2058177
2058178
2058179
2058180
2058181
2058182
2058183
2058184
2058185
2058186
2058187
2058188
2058189
2058190
2058191
2058192
2058193
2058194
2058195
2058196
2058197
2058198
2058199
2058200
2058201
2058202
2058203
2058204
2058205
2058206
2058207
2058208
2058209
2058210
2058211
2058212
2058213
2058214
2058215
2058216
2058217
2058218
2058219
2058220
2058221
2058222
2058223
2058224
2058225
2058226
2058227
2058228
2058229
2058230
2058231
2058232
2058233
2058234
2058235
2058236
2058237
2058238
2058239
2058240
2058241
2058242
2058243
2058244
2058245
2058246
2058247
2058248
2058249
2058250
2058251
2058252
2058253
2058254
2058255
2058256
2058257
2058258
2058259
2058260
2058261
2058262
2058263
2058264
2058265
2058266
2058267
2058268
2058269
2058270
2058271
2058272
2058273
2058274
2058275
2058276
2058277
2058278
2058279
2058280
2058281
2058282
2058283
2058284
2058285
2058286
2058287
2058288
2058289
2058290
2058291
2058292
2058293
2058294
2058295
2058296
2058297
2058298
2058299
2058300
2058301
2058302
2058303
2058304
2058305
2058306
2058307
2058308
2058309
2058310
2058311
2058312
2058313
2058314
2058315
2058316
2058317
2058318
2058319
2058320
2058321
2058322
2058323
2058324
2058325
2058326
2058327
2058328
2058329
2058330
2058331
2058332
2058333
2058334
2058335
2058336
2058337
2058338
2058339
2058340
2058341
2058342
2058343
2058344
2058345
2058346
2058347
2058348
2058349
2058350
2058351
2058352
2058353
2058354
2058355
2058356
2058357
2058358
2058359
2058360
2058361
2058362
2058363
2058364
2058365
2058366
2058367
2058368
2058369
2058370
2058371
2058372
2058373
2058374
2058375
2058376
2058377
2058378
2058379
2058380
2058381
2058382
2058383
2058384
2058385
2058386
2058387
2058388
2058389
2058390
2058391
2058392
2058393
2058394
2058395
2058396
2058397
2058398
2058399
2058400
2058401
2058402
2058403
2058404
2058405
2058406
2058407
2058408
2058409
2058410
2058411
2058412
2058413
2058414
2058415
2058416
2058417
2058418
2058419
2058420
2058421
2058422
2058423
2058424
2058425
2058426
2058427
2058428
2058429
2058430
2058431
2058432
2058433
2058434
2058435
2058436
2058437
2058438
2058439
2058440
2058441
2058442
2058443
2058444
2058445
2058446
2058447
2058448
2058449
2058450
2058451
2058452
2058453
2058454
2058455
2058456
2058457
2058458
2058459
2058460
2058461
2058462
2058463
2058464
2058465
2058466
2058467
2058468
2058469
2058470
2058471
2058472
2058473
2058474
2058475
2058476
2058477
2058478
2058479
2058480
2058481
2058482
2058483
2058484
2058485
2058486
2058487
2058488
2058489
2058490
2058491
2058492
2058493
2058494
2058495
2058496
2058497
2058498
2058499
2058500
2058501
2058502
2058503
2058504
2058505
2058506
2058507
2058508
2058509
2058510
2058511
2058512
2058513
2058514
2058515
2058516
2058517
2058518
2058519
2058520
2058521
2058522
2058523
2058524
2058525
2058526
2058527
2058528
2058529
2058530
2058531
2058532
2058533
2058534
2058535
2058536
2058537
2058538
2058539
2058540
2058541
2058542
2058543
2058544
2058545
2058546
2058547
2058548
2058549
2058550
2058551
2058552
2058553
2058554
2058555
2058556
2058557
2058558
2058559
2058560
2058561
2058562
2058563
2058564
2058565
2058566
2058567
2058568
2058569
2058570
2058571
2058572
2058573
2058574
2058575
2058576
2058577
2058578
2058579
2058580
2058581
2058582
2058583
2058584
2058585
2058586
2058587
2058588
2058589
2058590
2058591
2058592
2058593
2058594
2058595
2058596
2058597
2058598
2058599
2058600
2058601
2058602
2058603
2058604
2058605
2058606
2058607
2058608
2058609
2058610
2058611
2058612
2058613
2058614
2058615
2058616
2058617
2058618
2058619
2058620
2058621
2058622
2058623
2058624
2058625
2058626
2058627
2058628
2058629
2058630
2058631
2058632
2058633
2058634
2058635
2058636
2058637
2058638
2058639
2058640
2058641
2058642
2058643
2058644
2058645
2058646
2058647
2058648
2058649
2058650
2058651
2058652
2058653
2058654
2058655
2058656
2058657
2058658
2058659
2058660
2058661
2058662
2058663
2058664
2058665
2058666
2058667
2058668
2058669
2058670
2058671
2058672
2058673
2058674
2058675
2058676
2058677
2058678
2058679
2058680
2058681
2058682
2058683
2058684
2058685
2058686
2058687
2058688
2058689
2058690
2058691
2058692
2058693
2058694
2058695
2058696
2058697
2058698
2058699
2058700
2058701
2058702
2058703
2058704
2058705
2058706
2058707
2058708
2058709
2058710
2058711
2058712
2058713
2058714
2058715
2058716
2058717
2058718
2058719
2058720
2058721
2058722
2058723
2058724
2058725
2058726
2058727
2058728
2058729
2058730
2058731
2058732
2058733
2058734
2058735
2058736
2058737
2058738
2058739
2058740
2058741
2058742
2058743
2058744
2058745
2058746
2058747
2058748
2058749
2058750
2058751
2058752
2058753
2058754
2058755
2058756
2058757
2058758
2058759
2058760
2058761
2058762
2058763
2058764
2058765
2058766
2058767
2058768
2058769
2058770
2058771
2058772
2058773
2058774
2058775
2058776
2058777
2058778
2058779
2058780
2058781
2058782
2058783
2058784
2058785
2058786
2058787
2058788
2058789
2058790
2058791
2058792
2058793
2058794
2058795
2058796
2058797
2058798
2058799
2058800
2058801
2058802
2058803
2058804
2058805
2058806
2058807
2058808
2058809
2058810
2058811
2058812
2058813
2058814
2058815
2058816
2058817
2058818
2058819
2058820
2058821
2058822
2058823
2058824
2058825
2058826
2058827
2058828
2058829
2058830
2058831
2058832
2058833
2058834
2058835
2058836
2058837
2058838
2058839
2058840
2058841
2058842
2058843
2058844
2058845
2058846
2058847
2058848
2058849
2058850
2058851
2058852
2058853
2058854
2058855
2058856
2058857
2058858
2058859
2058860
2058861
2058862
2058863
2058864
2058865
2058866
2058867
2058868
2058869
2058870
2058871
2058872
2058873
2058874
2058875
2058876
2058877
2058878
2058879
2058880
2058881
2058882
2058883
2058884
2058885
2058886
2058887
2058888
2058889
2058890
2058891
2058892
2058893
2058894
2058895
2058896
2058897
2058898
2058899
2058900
2058901
2058902
2058903
2058904
2058905
2058906
2058907
2058908
2058909
2058910
2058911
2058912
2058913
2058914
2058915
2058916
2058917
2058918
2058919
2058920
2058921
2058922
2058923
2058924
2058925
2058926
2058927
2058928
2058929
2058930
2058931
2058932
2058933
2058934
2058935
2058936
2058937
2058938
2058939
2058940
2058941
2058942
2058943
2058944
2058945
2058946
2058947
2058948
2058949
2058950
2058951
2058952
2058953
2058954
2058955
2058956
2058957
2058958
2058959
2058960
2058961
2058962
2058963
2058964
2058965
2058966
2058967
2058968
2058969
2058970
2058971
2058972
2058973
2058974
2058975
2058976
2058977
2058978
2058979
2058980
2058981
2058982
2058983
2058984
2058985
2058986
2058987
2058988
2058989
2058990
2058991
2058992
2058993
2058994
2058995
2058996
2058997
2058998
2058999
2059000
2059001
2059002
2059003
2059004
2059005
2059006
2059007
2059008
2059009
2059010
2059011
2059012
2059013
2059014
2059015
2059016
2059017
2059018
2059019
2059020
2059021
2059022
2059023
2059024
2059025
2059026
2059027
2059028
2059029
2059030
2059031
2059032
2059033
2059034
2059035
2059036
2059037
2059038
2059039
2059040
2059041
2059042
2059043
2059044
2059045
2059046
2059047
2059048
2059049
2059050
2059051
2059052
2059053
2059054
2059055
2059056
2059057
2059058
2059059
2059060
2059061
2059062
2059063
2059064
2059065
2059066
2059067
2059068
2059069
2059070
2059071
2059072
2059073
2059074
2059075
2059076
2059077
2059078
2059079
2059080
2059081
2059082
2059083
2059084
2059085
2059086
2059087
2059088
2059089
2059090
2059091
2059092
2059093
2059094
2059095
2059096
2059097
2059098
2059099
2059100
2059101
2059102
2059103
2059104
2059105
2059106
2059107
2059108
2059109
2059110
2059111
2059112
2059113
2059114
2059115
2059116
2059117
2059118
2059119
2059120
2059121
2059122
2059123
2059124
2059125
2059126
2059127
2059128
2059129
2059130
2059131
2059132
2059133
2059134
2059135
2059136
2059137
2059138
2059139
2059140
2059141
2059142
2059143
2059144
2059145
2059146
2059147
2059148
2059149
2059150
2059151
2059152
2059153
2059154
2059155
2059156
2059157
2059158
2059159
2059160
2059161
2059162
2059163
2059164
2059165
2059166
2059167
2059168
2059169
2059170
2059171
2059172
2059173
2059174
2059175
2059176
2059177
2059178
2059179
2059180
2059181
2059182
2059183
2059184
2059185
2059186
2059187
2059188
2059189
2059190
2059191
2059192
2059193
2059194
2059195
2059196
2059197
2059198
2059199
2059200
2059201
2059202
2059203
2059204
2059205
2059206
2059207
2059208
2059209
2059210
2059211
2059212
2059213
2059214
2059215
2059216
2059217
2059218
2059219
2059220
2059221
2059222
2059223
2059224
2059225
2059226
2059227
2059228
2059229
2059230
2059231
2059232
2059233
2059234
2059235
2059236
2059237
2059238
2059239
2059240
2059241
2059242
2059243
2059244
2059245
2059246
2059247
2059248
2059249
2059250
2059251
2059252
2059253
2059254
2059255
2059256
2059257
2059258
2059259
2059260
2059261
2059262
2059263
2059264
2059265
2059266
2059267
2059268
2059269
2059270
2059271
2059272
2059273
2059274
2059275
2059276
2059277
2059278
2059279
2059280
2059281
2059282
2059283
2059284
2059285
2059286
2059287
2059288
2059289
2059290
2059291
2059292
2059293
2059294
2059295
2059296
2059297
2059298
2059299
2059300
2059301
2059302
2059303
2059304
2059305
2059306
2059307
2059308
2059309
2059310
2059311
2059312
2059313
2059314
2059315
2059316
2059317
2059318
2059319
2059320
2059321
2059322
2059323
2059324
2059325
2059326
2059327
2059328
2059329
2059330
2059331
2059332
2059333
2059334
2059335
2059336
2059337
2059338
2059339
2059340
2059341
2059342
2059343
2059344
2059345
2059346
2059347
2059348
2059349
2059350
2059351
2059352
2059353
2059354
2059355
2059356
2059357
2059358
2059359
2059360
2059361
2059362
2059363
2059364
2059365
2059366
2059367
2059368
2059369
2059370
2059371
2059372
2059373
2059374
2059375
2059376
2059377
2059378
2059379
2059380
2059381
2059382
2059383
2059384
2059385
2059386
2059387
2059388
2059389
2059390
2059391
2059392
2059393
2059394
2059395
2059396
2059397
2059398
2059399
2059400
2059401
2059402
2059403
2059404
2059405
2059406
2059407
2059408
2059409
2059410
2059411
2059412
2059413
2059414
2059415
2059416
2059417
2059418
2059419
2059420
2059421
2059422
2059423
2059424
2059425
2059426
2059427
2059428
2059429
2059430
2059431
2059432
2059433
2059434
2059435
2059436
2059437
2059438
2059439
2059440
2059441
2059442
2059443
2059444
2059445
2059446
2059447
2059448
2059449
2059450
2059451
2059452
2059453
2059454
2059455
2059456
2059457
2059458
2059459
2059460
2059461
2059462
2059463
2059464
2059465
2059466
2059467
2059468
2059469
2059470
2059471
2059472
2059473
2059474
2059475
2059476
2059477
2059478
2059479
2059480
2059481
2059482
2059483
2059484
2059485
2059486
2059487
2059488
2059489
2059490
2059491
2059492
2059493
2059494
2059495
2059496
2059497
2059498
2059499
2059500
2059501
2059502
2059503
2059504
2059505
2059506
2059507
2059508
2059509
2059510
2059511
2059512
2059513
2059514
2059515
2059516
2059517
2059518
2059519
2059520
2059521
2059522
2059523
2059524
2059525
2059526
2059527
2059528
2059529
2059530
2059531
2059532
2059533
2059534
2059535
2059536
2059537
2059538
2059539
2059540
2059541
2059542
2059543
2059544
2059545
2059546
2059547
2059548
2059549
2059550
2059551
2059552
2059553
2059554
2059555
2059556
2059557
2059558
2059559
2059560
2059561
2059562
2059563
2059564
2059565
2059566
2059567
2059568
2059569
2059570
2059571
2059572
2059573
2059574
2059575
2059576
2059577
2059578
2059579
2059580
2059581
2059582
2059583
2059584
2059585
2059586
2059587
2059588
2059589
2059590
2059591
2059592
2059593
2059594
2059595
2059596
2059597
2059598
2059599
2059600
2059601
2059602
2059603
2059604
2059605
2059606
2059607
2059608
2059609
2059610
2059611
2059612
2059613
2059614
2059615
2059616
2059617
2059618
2059619
2059620
2059621
2059622
2059623
2059624
2059625
2059626
2059627
2059628
2059629
2059630
2059631
2059632
2059633
2059634
2059635
2059636
2059637
2059638
2059639
2059640
2059641
2059642
2059643
2059644
2059645
2059646
2059647
2059648
2059649
2059650
2059651
2059652
2059653
2059654
2059655
2059656
2059657
2059658
2059659
2059660
2059661
2059662
2059663
2059664
2059665
2059666
2059667
2059668
2059669
2059670
2059671
2059672
2059673
2059674
2059675
2059676
2059677
2059678
2059679
2059680
2059681
2059682
2059683
2059684
2059685
2059686
2059687
2059688
2059689
2059690
2059691
2059692
2059693
2059694
2059695
2059696
2059697
2059698
2059699
2059700
2059701
2059702
2059703
2059704
2059705
2059706
2059707
2059708
2059709
2059710
2059711
2059712
2059713
2059714
2059715
2059716
2059717
2059718
2059719
2059720
2059721
2059722
2059723
2059724
2059725
2059726
2059727
2059728
2059729
2059730
2059731
2059732
2059733
2059734
2059735
2059736
2059737
2059738
2059739
2059740
2059741
2059742
2059743
2059744
2059745
2059746
2059747
2059748
2059749
2059750
2059751
2059752
2059753
2059754
2059755
2059756
2059757
2059758
2059759
2059760
2059761
2059762
2059763
2059764
2059765
2059766
2059767
2059768
2059769
2059770
2059771
2059772
2059773
2059774
2059775
2059776
2059777
2059778
2059779
2059780
2059781
2059782
2059783
2059784
2059785
2059786
2059787
2059788
2059789
2059790
2059791
2059792
2059793
2059794
2059795
2059796
2059797
2059798
2059799
2059800
2059801
2059802
2059803
2059804
2059805
2059806
2059807
2059808
2059809
2059810
2059811
2059812
2059813
2059814
2059815
2059816
2059817
2059818
2059819
2059820
2059821
2059822
2059823
2059824
2059825
2059826
2059827
2059828
2059829
2059830
2059831
2059832
2059833
2059834
2059835
2059836
2059837
2059838
2059839
2059840
2059841
2059842
2059843
2059844
2059845
2059846
2059847
2059848
2059849
2059850
2059851
2059852
2059853
2059854
2059855
2059856
2059857
2059858
2059859
2059860
2059861
2059862
2059863
2059864
2059865
2059866
2059867
2059868
2059869
2059870
2059871
2059872
2059873
2059874
2059875
2059876
2059877
2059878
2059879
2059880
2059881
2059882
2059883
2059884
2059885
2059886
2059887
2059888
2059889
2059890
2059891
2059892
2059893
2059894
2059895
2059896
2059897
2059898
2059899
2059900
2059901
2059902
2059903
2059904
2059905
2059906
2059907
2059908
2059909
2059910
2059911
2059912
2059913
2059914
2059915
2059916
2059917
2059918
2059919
2059920
2059921
2059922
2059923
2059924
2059925
2059926
2059927
2059928
2059929
2059930
2059931
2059932
2059933
2059934
2059935
2059936
2059937
2059938
2059939
2059940
2059941
2059942
2059943
2059944
2059945
2059946
2059947
2059948
2059949
2059950
2059951
2059952
2059953
2059954
2059955
2059956
2059957
2059958
2059959
2059960
2059961
2059962
2059963
2059964
2059965
2059966
2059967
2059968
2059969
2059970
2059971
2059972
2059973
2059974
2059975
2059976
2059977
2059978
2059979
2059980
2059981
2059982
2059983
2059984
2059985
2059986
2059987
2059988
2059989
2059990
2059991
2059992
2059993
2059994
2059995
2059996
2059997
2059998
2059999
2060000
