2090001
2090002
2090003
2090004
2090005
2090006
2090007
2090008
2090009
2090010
2090011
2090012
2090013
2090014
2090015
2090016
2090017
2090018
2090019
2090020
2090021
2090022
2090023
2090024
2090025
2090026
2090027
2090028
2090029
2090030
2090031
2090032
2090033
2090034
2090035
2090036
2090037
2090038
2090039
2090040
2090041
2090042
2090043
2090044
2090045
2090046
2090047
2090048
2090049
2090050
2090051
2090052
2090053
2090054
2090055
2090056
2090057
2090058
2090059
2090060
2090061
2090062
2090063
2090064
2090065
2090066
2090067
2090068
2090069
2090070
2090071
2090072
2090073
2090074
2090075
2090076
2090077
2090078
2090079
2090080
2090081
2090082
2090083
2090084
2090085
2090086
2090087
2090088
2090089
2090090
2090091
2090092
2090093
2090094
2090095
2090096
2090097
2090098
2090099
2090100
2090101
2090102
2090103
2090104
2090105
2090106
2090107
2090108
2090109
2090110
2090111
2090112
2090113
2090114
2090115
2090116
2090117
2090118
2090119
2090120
2090121
2090122
2090123
2090124
2090125
2090126
2090127
2090128
2090129
2090130
2090131
2090132
2090133
2090134
2090135
2090136
2090137
2090138
2090139
2090140
2090141
2090142
2090143
2090144
2090145
2090146
2090147
2090148
2090149
2090150
2090151
2090152
2090153
2090154
2090155
2090156
2090157
2090158
2090159
2090160
2090161
2090162
2090163
2090164
2090165
2090166
2090167
2090168
2090169
2090170
2090171
2090172
2090173
2090174
2090175
2090176
2090177
2090178
2090179
2090180
2090181
2090182
2090183
2090184
2090185
2090186
2090187
2090188
2090189
2090190
2090191
2090192
2090193
2090194
2090195
2090196
2090197
2090198
2090199
2090200
2090201
2090202
2090203
2090204
2090205
2090206
2090207
2090208
2090209
2090210
2090211
2090212
2090213
2090214
2090215
2090216
2090217
2090218
2090219
2090220
2090221
2090222
2090223
2090224
2090225
2090226
2090227
2090228
2090229
2090230
2090231
2090232
2090233
2090234
2090235
2090236
2090237
2090238
2090239
2090240
2090241
2090242
2090243
2090244
2090245
2090246
2090247
2090248
2090249
2090250
2090251
2090252
2090253
2090254
2090255
2090256
2090257
2090258
2090259
2090260
2090261
2090262
2090263
2090264
2090265
2090266
2090267
2090268
2090269
2090270
2090271
2090272
2090273
2090274
2090275
2090276
2090277
2090278
2090279
2090280
2090281
2090282
2090283
2090284
2090285
2090286
2090287
2090288
2090289
2090290
2090291
2090292
2090293
2090294
2090295
2090296
2090297
2090298
2090299
2090300
2090301
2090302
2090303
2090304
2090305
2090306
2090307
2090308
2090309
2090310
2090311
2090312
2090313
2090314
2090315
2090316
2090317
2090318
2090319
2090320
2090321
2090322
2090323
2090324
2090325
2090326
2090327
2090328
2090329
2090330
2090331
2090332
2090333
2090334
2090335
2090336
2090337
2090338
2090339
2090340
2090341
2090342
2090343
2090344
2090345
2090346
2090347
2090348
2090349
2090350
2090351
2090352
2090353
2090354
2090355
2090356
2090357
2090358
2090359
2090360
2090361
2090362
2090363
2090364
2090365
2090366
2090367
2090368
2090369
2090370
2090371
2090372
2090373
2090374
2090375
2090376
2090377
2090378
2090379
2090380
2090381
2090382
2090383
2090384
2090385
2090386
2090387
2090388
2090389
2090390
2090391
2090392
2090393
2090394
2090395
2090396
2090397
2090398
2090399
2090400
2090401
2090402
2090403
2090404
2090405
2090406
2090407
2090408
2090409
2090410
2090411
2090412
2090413
2090414
2090415
2090416
2090417
2090418
2090419
2090420
2090421
2090422
2090423
2090424
2090425
2090426
2090427
2090428
2090429
2090430
2090431
2090432
2090433
2090434
2090435
2090436
2090437
2090438
2090439
2090440
2090441
2090442
2090443
2090444
2090445
2090446
2090447
2090448
2090449
2090450
2090451
2090452
2090453
2090454
2090455
2090456
2090457
2090458
2090459
2090460
2090461
2090462
2090463
2090464
2090465
2090466
2090467
2090468
2090469
2090470
2090471
2090472
2090473
2090474
2090475
2090476
2090477
2090478
2090479
2090480
2090481
2090482
2090483
2090484
2090485
2090486
2090487
2090488
2090489
2090490
2090491
2090492
2090493
2090494
2090495
2090496
2090497
2090498
2090499
2090500
2090501
2090502
2090503
2090504
2090505
2090506
2090507
2090508
2090509
2090510
2090511
2090512
2090513
2090514
2090515
2090516
2090517
2090518
2090519
2090520
2090521
2090522
2090523
2090524
2090525
2090526
2090527
2090528
2090529
2090530
2090531
2090532
2090533
2090534
2090535
2090536
2090537
2090538
2090539
2090540
2090541
2090542
2090543
2090544
2090545
2090546
2090547
2090548
2090549
2090550
2090551
2090552
2090553
2090554
2090555
2090556
2090557
2090558
2090559
2090560
2090561
2090562
2090563
2090564
2090565
2090566
2090567
2090568
2090569
2090570
2090571
2090572
2090573
2090574
2090575
2090576
2090577
2090578
2090579
2090580
2090581
2090582
2090583
2090584
2090585
2090586
2090587
2090588
2090589
2090590
2090591
2090592
2090593
2090594
2090595
2090596
2090597
2090598
2090599
2090600
2090601
2090602
2090603
2090604
2090605
2090606
2090607
2090608
2090609
2090610
2090611
2090612
2090613
2090614
2090615
2090616
2090617
2090618
2090619
2090620
2090621
2090622
2090623
2090624
2090625
2090626
2090627
2090628
2090629
2090630
2090631
2090632
2090633
2090634
2090635
2090636
2090637
2090638
2090639
2090640
2090641
2090642
2090643
2090644
2090645
2090646
2090647
2090648
2090649
2090650
2090651
2090652
2090653
2090654
2090655
2090656
2090657
2090658
2090659
2090660
2090661
2090662
2090663
2090664
2090665
2090666
2090667
2090668
2090669
2090670
2090671
2090672
2090673
2090674
2090675
2090676
2090677
2090678
2090679
2090680
2090681
2090682
2090683
2090684
2090685
2090686
2090687
2090688
2090689
2090690
2090691
2090692
2090693
2090694
2090695
2090696
2090697
2090698
2090699
2090700
2090701
2090702
2090703
2090704
2090705
2090706
2090707
2090708
2090709
2090710
2090711
2090712
2090713
2090714
2090715
2090716
2090717
2090718
2090719
2090720
2090721
2090722
2090723
2090724
2090725
2090726
2090727
2090728
2090729
2090730
2090731
2090732
2090733
2090734
2090735
2090736
2090737
2090738
2090739
2090740
2090741
2090742
2090743
2090744
2090745
2090746
2090747
2090748
2090749
2090750
2090751
2090752
2090753
2090754
2090755
2090756
2090757
2090758
2090759
2090760
2090761
2090762
2090763
2090764
2090765
2090766
2090767
2090768
2090769
2090770
2090771
2090772
2090773
2090774
2090775
2090776
2090777
2090778
2090779
2090780
2090781
2090782
2090783
2090784
2090785
2090786
2090787
2090788
2090789
2090790
2090791
2090792
2090793
2090794
2090795
2090796
2090797
2090798
2090799
2090800
2090801
2090802
2090803
2090804
2090805
2090806
2090807
2090808
2090809
2090810
2090811
2090812
2090813
2090814
2090815
2090816
2090817
2090818
2090819
2090820
2090821
2090822
2090823
2090824
2090825
2090826
2090827
2090828
2090829
2090830
2090831
2090832
2090833
2090834
2090835
2090836
2090837
2090838
2090839
2090840
2090841
2090842
2090843
2090844
2090845
2090846
2090847
2090848
2090849
2090850
2090851
2090852
2090853
2090854
2090855
2090856
2090857
2090858
2090859
2090860
2090861
2090862
2090863
2090864
2090865
2090866
2090867
2090868
2090869
2090870
2090871
2090872
2090873
2090874
2090875
2090876
2090877
2090878
2090879
2090880
2090881
2090882
2090883
2090884
2090885
2090886
2090887
2090888
2090889
2090890
2090891
2090892
2090893
2090894
2090895
2090896
2090897
2090898
2090899
2090900
2090901
2090902
2090903
2090904
2090905
2090906
2090907
2090908
2090909
2090910
2090911
2090912
2090913
2090914
2090915
2090916
2090917
2090918
2090919
2090920
2090921
2090922
2090923
2090924
2090925
2090926
2090927
2090928
2090929
2090930
2090931
2090932
2090933
2090934
2090935
2090936
2090937
2090938
2090939
2090940
2090941
2090942
2090943
2090944
2090945
2090946
2090947
2090948
2090949
2090950
2090951
2090952
2090953
2090954
2090955
2090956
2090957
2090958
2090959
2090960
2090961
2090962
2090963
2090964
2090965
2090966
2090967
2090968
2090969
2090970
2090971
2090972
2090973
2090974
2090975
2090976
2090977
2090978
2090979
2090980
2090981
2090982
2090983
2090984
2090985
2090986
2090987
2090988
2090989
2090990
2090991
2090992
2090993
2090994
2090995
2090996
2090997
2090998
2090999
2091000
2091001
2091002
2091003
2091004
2091005
2091006
2091007
2091008
2091009
2091010
2091011
2091012
2091013
2091014
2091015
2091016
2091017
2091018
2091019
2091020
2091021
2091022
2091023
2091024
2091025
2091026
2091027
2091028
2091029
2091030
2091031
2091032
2091033
2091034
2091035
2091036
2091037
2091038
2091039
2091040
2091041
2091042
2091043
2091044
2091045
2091046
2091047
2091048
2091049
2091050
2091051
2091052
2091053
2091054
2091055
2091056
2091057
2091058
2091059
2091060
2091061
2091062
2091063
2091064
2091065
2091066
2091067
2091068
2091069
2091070
2091071
2091072
2091073
2091074
2091075
2091076
2091077
2091078
2091079
2091080
2091081
2091082
2091083
2091084
2091085
2091086
2091087
2091088
2091089
2091090
2091091
2091092
2091093
2091094
2091095
2091096
2091097
2091098
2091099
2091100
2091101
2091102
2091103
2091104
2091105
2091106
2091107
2091108
2091109
2091110
2091111
2091112
2091113
2091114
2091115
2091116
2091117
2091118
2091119
2091120
2091121
2091122
2091123
2091124
2091125
2091126
2091127
2091128
2091129
2091130
2091131
2091132
2091133
2091134
2091135
2091136
2091137
2091138
2091139
2091140
2091141
2091142
2091143
2091144
2091145
2091146
2091147
2091148
2091149
2091150
2091151
2091152
2091153
2091154
2091155
2091156
2091157
2091158
2091159
2091160
2091161
2091162
2091163
2091164
2091165
2091166
2091167
2091168
2091169
2091170
2091171
2091172
2091173
2091174
2091175
2091176
2091177
2091178
2091179
2091180
2091181
2091182
2091183
2091184
2091185
2091186
2091187
2091188
2091189
2091190
2091191
2091192
2091193
2091194
2091195
2091196
2091197
2091198
2091199
2091200
2091201
2091202
2091203
2091204
2091205
2091206
2091207
2091208
2091209
2091210
2091211
2091212
2091213
2091214
2091215
2091216
2091217
2091218
2091219
2091220
2091221
2091222
2091223
2091224
2091225
2091226
2091227
2091228
2091229
2091230
2091231
2091232
2091233
2091234
2091235
2091236
2091237
2091238
2091239
2091240
2091241
2091242
2091243
2091244
2091245
2091246
2091247
2091248
2091249
2091250
2091251
2091252
2091253
2091254
2091255
2091256
2091257
2091258
2091259
2091260
2091261
2091262
2091263
2091264
2091265
2091266
2091267
2091268
2091269
2091270
2091271
2091272
2091273
2091274
2091275
2091276
2091277
2091278
2091279
2091280
2091281
2091282
2091283
2091284
2091285
2091286
2091287
2091288
2091289
2091290
2091291
2091292
2091293
2091294
2091295
2091296
2091297
2091298
2091299
2091300
2091301
2091302
2091303
2091304
2091305
2091306
2091307
2091308
2091309
2091310
2091311
2091312
2091313
2091314
2091315
2091316
2091317
2091318
2091319
2091320
2091321
2091322
2091323
2091324
2091325
2091326
2091327
2091328
2091329
2091330
2091331
2091332
2091333
2091334
2091335
2091336
2091337
2091338
2091339
2091340
2091341
2091342
2091343
2091344
2091345
2091346
2091347
2091348
2091349
2091350
2091351
2091352
2091353
2091354
2091355
2091356
2091357
2091358
2091359
2091360
2091361
2091362
2091363
2091364
2091365
2091366
2091367
2091368
2091369
2091370
2091371
2091372
2091373
2091374
2091375
2091376
2091377
2091378
2091379
2091380
2091381
2091382
2091383
2091384
2091385
2091386
2091387
2091388
2091389
2091390
2091391
2091392
2091393
2091394
2091395
2091396
2091397
2091398
2091399
2091400
2091401
2091402
2091403
2091404
2091405
2091406
2091407
2091408
2091409
2091410
2091411
2091412
2091413
2091414
2091415
2091416
2091417
2091418
2091419
2091420
2091421
2091422
2091423
2091424
2091425
2091426
2091427
2091428
2091429
2091430
2091431
2091432
2091433
2091434
2091435
2091436
2091437
2091438
2091439
2091440
2091441
2091442
2091443
2091444
2091445
2091446
2091447
2091448
2091449
2091450
2091451
2091452
2091453
2091454
2091455
2091456
2091457
2091458
2091459
2091460
2091461
2091462
2091463
2091464
2091465
2091466
2091467
2091468
2091469
2091470
2091471
2091472
2091473
2091474
2091475
2091476
2091477
2091478
2091479
2091480
2091481
2091482
2091483
2091484
2091485
2091486
2091487
2091488
2091489
2091490
2091491
2091492
2091493
2091494
2091495
2091496
2091497
2091498
2091499
2091500
2091501
2091502
2091503
2091504
2091505
2091506
2091507
2091508
2091509
2091510
2091511
2091512
2091513
2091514
2091515
2091516
2091517
2091518
2091519
2091520
2091521
2091522
2091523
2091524
2091525
2091526
2091527
2091528
2091529
2091530
2091531
2091532
2091533
2091534
2091535
2091536
2091537
2091538
2091539
2091540
2091541
2091542
2091543
2091544
2091545
2091546
2091547
2091548
2091549
2091550
2091551
2091552
2091553
2091554
2091555
2091556
2091557
2091558
2091559
2091560
2091561
2091562
2091563
2091564
2091565
2091566
2091567
2091568
2091569
2091570
2091571
2091572
2091573
2091574
2091575
2091576
2091577
2091578
2091579
2091580
2091581
2091582
2091583
2091584
2091585
2091586
2091587
2091588
2091589
2091590
2091591
2091592
2091593
2091594
2091595
2091596
2091597
2091598
2091599
2091600
2091601
2091602
2091603
2091604
2091605
2091606
2091607
2091608
2091609
2091610
2091611
2091612
2091613
2091614
2091615
2091616
2091617
2091618
2091619
2091620
2091621
2091622
2091623
2091624
2091625
2091626
2091627
2091628
2091629
2091630
2091631
2091632
2091633
2091634
2091635
2091636
2091637
2091638
2091639
2091640
2091641
2091642
2091643
2091644
2091645
2091646
2091647
2091648
2091649
2091650
2091651
2091652
2091653
2091654
2091655
2091656
2091657
2091658
2091659
2091660
2091661
2091662
2091663
2091664
2091665
2091666
2091667
2091668
2091669
2091670
2091671
2091672
2091673
2091674
2091675
2091676
2091677
2091678
2091679
2091680
2091681
2091682
2091683
2091684
2091685
2091686
2091687
2091688
2091689
2091690
2091691
2091692
2091693
2091694
2091695
2091696
2091697
2091698
2091699
2091700
2091701
2091702
2091703
2091704
2091705
2091706
2091707
2091708
2091709
2091710
2091711
2091712
2091713
2091714
2091715
2091716
2091717
2091718
2091719
2091720
2091721
2091722
2091723
2091724
2091725
2091726
2091727
2091728
2091729
2091730
2091731
2091732
2091733
2091734
2091735
2091736
2091737
2091738
2091739
2091740
2091741
2091742
2091743
2091744
2091745
2091746
2091747
2091748
2091749
2091750
2091751
2091752
2091753
2091754
2091755
2091756
2091757
2091758
2091759
2091760
2091761
2091762
2091763
2091764
2091765
2091766
2091767
2091768
2091769
2091770
2091771
2091772
2091773
2091774
2091775
2091776
2091777
2091778
2091779
2091780
2091781
2091782
2091783
2091784
2091785
2091786
2091787
2091788
2091789
2091790
2091791
2091792
2091793
2091794
2091795
2091796
2091797
2091798
2091799
2091800
2091801
2091802
2091803
2091804
2091805
2091806
2091807
2091808
2091809
2091810
2091811
2091812
2091813
2091814
2091815
2091816
2091817
2091818
2091819
2091820
2091821
2091822
2091823
2091824
2091825
2091826
2091827
2091828
2091829
2091830
2091831
2091832
2091833
2091834
2091835
2091836
2091837
2091838
2091839
2091840
2091841
2091842
2091843
2091844
2091845
2091846
2091847
2091848
2091849
2091850
2091851
2091852
2091853
2091854
2091855
2091856
2091857
2091858
2091859
2091860
2091861
2091862
2091863
2091864
2091865
2091866
2091867
2091868
2091869
2091870
2091871
2091872
2091873
2091874
2091875
2091876
2091877
2091878
2091879
2091880
2091881
2091882
2091883
2091884
2091885
2091886
2091887
2091888
2091889
2091890
2091891
2091892
2091893
2091894
2091895
2091896
2091897
2091898
2091899
2091900
2091901
2091902
2091903
2091904
2091905
2091906
2091907
2091908
2091909
2091910
2091911
2091912
2091913
2091914
2091915
2091916
2091917
2091918
2091919
2091920
2091921
2091922
2091923
2091924
2091925
2091926
2091927
2091928
2091929
2091930
2091931
2091932
2091933
2091934
2091935
2091936
2091937
2091938
2091939
2091940
2091941
2091942
2091943
2091944
2091945
2091946
2091947
2091948
2091949
2091950
2091951
2091952
2091953
2091954
2091955
2091956
2091957
2091958
2091959
2091960
2091961
2091962
2091963
2091964
2091965
2091966
2091967
2091968
2091969
2091970
2091971
2091972
2091973
2091974
2091975
2091976
2091977
2091978
2091979
2091980
2091981
2091982
2091983
2091984
2091985
2091986
2091987
2091988
2091989
2091990
2091991
2091992
2091993
2091994
2091995
2091996
2091997
2091998
2091999
2092000
2092001
2092002
2092003
2092004
2092005
2092006
2092007
2092008
2092009
2092010
2092011
2092012
2092013
2092014
2092015
2092016
2092017
2092018
2092019
2092020
2092021
2092022
2092023
2092024
2092025
2092026
2092027
2092028
2092029
2092030
2092031
2092032
2092033
2092034
2092035
2092036
2092037
2092038
2092039
2092040
2092041
2092042
2092043
2092044
2092045
2092046
2092047
2092048
2092049
2092050
2092051
2092052
2092053
2092054
2092055
2092056
2092057
2092058
2092059
2092060
2092061
2092062
2092063
2092064
2092065
2092066
2092067
2092068
2092069
2092070
2092071
2092072
2092073
2092074
2092075
2092076
2092077
2092078
2092079
2092080
2092081
2092082
2092083
2092084
2092085
2092086
2092087
2092088
2092089
2092090
2092091
2092092
2092093
2092094
2092095
2092096
2092097
2092098
2092099
2092100
2092101
2092102
2092103
2092104
2092105
2092106
2092107
2092108
2092109
2092110
2092111
2092112
2092113
2092114
2092115
2092116
2092117
2092118
2092119
2092120
2092121
2092122
2092123
2092124
2092125
2092126
2092127
2092128
2092129
2092130
2092131
2092132
2092133
2092134
2092135
2092136
2092137
2092138
2092139
2092140
2092141
2092142
2092143
2092144
2092145
2092146
2092147
2092148
2092149
2092150
2092151
2092152
2092153
2092154
2092155
2092156
2092157
2092158
2092159
2092160
2092161
2092162
2092163
2092164
2092165
2092166
2092167
2092168
2092169
2092170
2092171
2092172
2092173
2092174
2092175
2092176
2092177
2092178
2092179
2092180
2092181
2092182
2092183
2092184
2092185
2092186
2092187
2092188
2092189
2092190
2092191
2092192
2092193
2092194
2092195
2092196
2092197
2092198
2092199
2092200
2092201
2092202
2092203
2092204
2092205
2092206
2092207
2092208
2092209
2092210
2092211
2092212
2092213
2092214
2092215
2092216
2092217
2092218
2092219
2092220
2092221
2092222
2092223
2092224
2092225
2092226
2092227
2092228
2092229
2092230
2092231
2092232
2092233
2092234
2092235
2092236
2092237
2092238
2092239
2092240
2092241
2092242
2092243
2092244
2092245
2092246
2092247
2092248
2092249
2092250
2092251
2092252
2092253
2092254
2092255
2092256
2092257
2092258
2092259
2092260
2092261
2092262
2092263
2092264
2092265
2092266
2092267
2092268
2092269
2092270
2092271
2092272
2092273
2092274
2092275
2092276
2092277
2092278
2092279
2092280
2092281
2092282
2092283
2092284
2092285
2092286
2092287
2092288
2092289
2092290
2092291
2092292
2092293
2092294
2092295
2092296
2092297
2092298
2092299
2092300
2092301
2092302
2092303
2092304
2092305
2092306
2092307
2092308
2092309
2092310
2092311
2092312
2092313
2092314
2092315
2092316
2092317
2092318
2092319
2092320
2092321
2092322
2092323
2092324
2092325
2092326
2092327
2092328
2092329
2092330
2092331
2092332
2092333
2092334
2092335
2092336
2092337
2092338
2092339
2092340
2092341
2092342
2092343
2092344
2092345
2092346
2092347
2092348
2092349
2092350
2092351
2092352
2092353
2092354
2092355
2092356
2092357
2092358
2092359
2092360
2092361
2092362
2092363
2092364
2092365
2092366
2092367
2092368
2092369
2092370
2092371
2092372
2092373
2092374
2092375
2092376
2092377
2092378
2092379
2092380
2092381
2092382
2092383
2092384
2092385
2092386
2092387
2092388
2092389
2092390
2092391
2092392
2092393
2092394
2092395
2092396
2092397
2092398
2092399
2092400
2092401
2092402
2092403
2092404
2092405
2092406
2092407
2092408
2092409
2092410
2092411
2092412
2092413
2092414
2092415
2092416
2092417
2092418
2092419
2092420
2092421
2092422
2092423
2092424
2092425
2092426
2092427
2092428
2092429
2092430
2092431
2092432
2092433
2092434
2092435
2092436
2092437
2092438
2092439
2092440
2092441
2092442
2092443
2092444
2092445
2092446
2092447
2092448
2092449
2092450
2092451
2092452
2092453
2092454
2092455
2092456
2092457
2092458
2092459
2092460
2092461
2092462
2092463
2092464
2092465
2092466
2092467
2092468
2092469
2092470
2092471
2092472
2092473
2092474
2092475
2092476
2092477
2092478
2092479
2092480
2092481
2092482
2092483
2092484
2092485
2092486
2092487
2092488
2092489
2092490
2092491
2092492
2092493
2092494
2092495
2092496
2092497
2092498
2092499
2092500
2092501
2092502
2092503
2092504
2092505
2092506
2092507
2092508
2092509
2092510
2092511
2092512
2092513
2092514
2092515
2092516
2092517
2092518
2092519
2092520
2092521
2092522
2092523
2092524
2092525
2092526
2092527
2092528
2092529
2092530
2092531
2092532
2092533
2092534
2092535
2092536
2092537
2092538
2092539
2092540
2092541
2092542
2092543
2092544
2092545
2092546
2092547
2092548
2092549
2092550
2092551
2092552
2092553
2092554
2092555
2092556
2092557
2092558
2092559
2092560
2092561
2092562
2092563
2092564
2092565
2092566
2092567
2092568
2092569
2092570
2092571
2092572
2092573
2092574
2092575
2092576
2092577
2092578
2092579
2092580
2092581
2092582
2092583
2092584
2092585
2092586
2092587
2092588
2092589
2092590
2092591
2092592
2092593
2092594
2092595
2092596
2092597
2092598
2092599
2092600
2092601
2092602
2092603
2092604
2092605
2092606
2092607
2092608
2092609
2092610
2092611
2092612
2092613
2092614
2092615
2092616
2092617
2092618
2092619
2092620
2092621
2092622
2092623
2092624
2092625
2092626
2092627
2092628
2092629
2092630
2092631
2092632
2092633
2092634
2092635
2092636
2092637
2092638
2092639
2092640
2092641
2092642
2092643
2092644
2092645
2092646
2092647
2092648
2092649
2092650
2092651
2092652
2092653
2092654
2092655
2092656
2092657
2092658
2092659
2092660
2092661
2092662
2092663
2092664
2092665
2092666
2092667
2092668
2092669
2092670
2092671
2092672
2092673
2092674
2092675
2092676
2092677
2092678
2092679
2092680
2092681
2092682
2092683
2092684
2092685
2092686
2092687
2092688
2092689
2092690
2092691
2092692
2092693
2092694
2092695
2092696
2092697
2092698
2092699
2092700
2092701
2092702
2092703
2092704
2092705
2092706
2092707
2092708
2092709
2092710
2092711
2092712
2092713
2092714
2092715
2092716
2092717
2092718
2092719
2092720
2092721
2092722
2092723
2092724
2092725
2092726
2092727
2092728
2092729
2092730
2092731
2092732
2092733
2092734
2092735
2092736
2092737
2092738
2092739
2092740
2092741
2092742
2092743
2092744
2092745
2092746
2092747
2092748
2092749
2092750
2092751
2092752
2092753
2092754
2092755
2092756
2092757
2092758
2092759
2092760
2092761
2092762
2092763
2092764
2092765
2092766
2092767
2092768
2092769
2092770
2092771
2092772
2092773
2092774
2092775
2092776
2092777
2092778
2092779
2092780
2092781
2092782
2092783
2092784
2092785
2092786
2092787
2092788
2092789
2092790
2092791
2092792
2092793
2092794
2092795
2092796
2092797
2092798
2092799
2092800
2092801
2092802
2092803
2092804
2092805
2092806
2092807
2092808
2092809
2092810
2092811
2092812
2092813
2092814
2092815
2092816
2092817
2092818
2092819
2092820
2092821
2092822
2092823
2092824
2092825
2092826
2092827
2092828
2092829
2092830
2092831
2092832
2092833
2092834
2092835
2092836
2092837
2092838
2092839
2092840
2092841
2092842
2092843
2092844
2092845
2092846
2092847
2092848
2092849
2092850
2092851
2092852
2092853
2092854
2092855
2092856
2092857
2092858
2092859
2092860
2092861
2092862
2092863
2092864
2092865
2092866
2092867
2092868
2092869
2092870
2092871
2092872
2092873
2092874
2092875
2092876
2092877
2092878
2092879
2092880
2092881
2092882
2092883
2092884
2092885
2092886
2092887
2092888
2092889
2092890
2092891
2092892
2092893
2092894
2092895
2092896
2092897
2092898
2092899
2092900
2092901
2092902
2092903
2092904
2092905
2092906
2092907
2092908
2092909
2092910
2092911
2092912
2092913
2092914
2092915
2092916
2092917
2092918
2092919
2092920
2092921
2092922
2092923
2092924
2092925
2092926
2092927
2092928
2092929
2092930
2092931
2092932
2092933
2092934
2092935
2092936
2092937
2092938
2092939
2092940
2092941
2092942
2092943
2092944
2092945
2092946
2092947
2092948
2092949
2092950
2092951
2092952
2092953
2092954
2092955
2092956
2092957
2092958
2092959
2092960
2092961
2092962
2092963
2092964
2092965
2092966
2092967
2092968
2092969
2092970
2092971
2092972
2092973
2092974
2092975
2092976
2092977
2092978
2092979
2092980
2092981
2092982
2092983
2092984
2092985
2092986
2092987
2092988
2092989
2092990
2092991
2092992
2092993
2092994
2092995
2092996
2092997
2092998
2092999
2093000
2093001
2093002
2093003
2093004
2093005
2093006
2093007
2093008
2093009
2093010
2093011
2093012
2093013
2093014
2093015
2093016
2093017
2093018
2093019
2093020
2093021
2093022
2093023
2093024
2093025
2093026
2093027
2093028
2093029
2093030
2093031
2093032
2093033
2093034
2093035
2093036
2093037
2093038
2093039
2093040
2093041
2093042
2093043
2093044
2093045
2093046
2093047
2093048
2093049
2093050
2093051
2093052
2093053
2093054
2093055
2093056
2093057
2093058
2093059
2093060
2093061
2093062
2093063
2093064
2093065
2093066
2093067
2093068
2093069
2093070
2093071
2093072
2093073
2093074
2093075
2093076
2093077
2093078
2093079
2093080
2093081
2093082
2093083
2093084
2093085
2093086
2093087
2093088
2093089
2093090
2093091
2093092
2093093
2093094
2093095
2093096
2093097
2093098
2093099
2093100
2093101
2093102
2093103
2093104
2093105
2093106
2093107
2093108
2093109
2093110
2093111
2093112
2093113
2093114
2093115
2093116
2093117
2093118
2093119
2093120
2093121
2093122
2093123
2093124
2093125
2093126
2093127
2093128
2093129
2093130
2093131
2093132
2093133
2093134
2093135
2093136
2093137
2093138
2093139
2093140
2093141
2093142
2093143
2093144
2093145
2093146
2093147
2093148
2093149
2093150
2093151
2093152
2093153
2093154
2093155
2093156
2093157
2093158
2093159
2093160
2093161
2093162
2093163
2093164
2093165
2093166
2093167
2093168
2093169
2093170
2093171
2093172
2093173
2093174
2093175
2093176
2093177
2093178
2093179
2093180
2093181
2093182
2093183
2093184
2093185
2093186
2093187
2093188
2093189
2093190
2093191
2093192
2093193
2093194
2093195
2093196
2093197
2093198
2093199
2093200
2093201
2093202
2093203
2093204
2093205
2093206
2093207
2093208
2093209
2093210
2093211
2093212
2093213
2093214
2093215
2093216
2093217
2093218
2093219
2093220
2093221
2093222
2093223
2093224
2093225
2093226
2093227
2093228
2093229
2093230
2093231
2093232
2093233
2093234
2093235
2093236
2093237
2093238
2093239
2093240
2093241
2093242
2093243
2093244
2093245
2093246
2093247
2093248
2093249
2093250
2093251
2093252
2093253
2093254
2093255
2093256
2093257
2093258
2093259
2093260
2093261
2093262
2093263
2093264
2093265
2093266
2093267
2093268
2093269
2093270
2093271
2093272
2093273
2093274
2093275
2093276
2093277
2093278
2093279
2093280
2093281
2093282
2093283
2093284
2093285
2093286
2093287
2093288
2093289
2093290
2093291
2093292
2093293
2093294
2093295
2093296
2093297
2093298
2093299
2093300
2093301
2093302
2093303
2093304
2093305
2093306
2093307
2093308
2093309
2093310
2093311
2093312
2093313
2093314
2093315
2093316
2093317
2093318
2093319
2093320
2093321
2093322
2093323
2093324
2093325
2093326
2093327
2093328
2093329
2093330
2093331
2093332
2093333
2093334
2093335
2093336
2093337
2093338
2093339
2093340
2093341
2093342
2093343
2093344
2093345
2093346
2093347
2093348
2093349
2093350
2093351
2093352
2093353
2093354
2093355
2093356
2093357
2093358
2093359
2093360
2093361
2093362
2093363
2093364
2093365
2093366
2093367
2093368
2093369
2093370
2093371
2093372
2093373
2093374
2093375
2093376
2093377
2093378
2093379
2093380
2093381
2093382
2093383
2093384
2093385
2093386
2093387
2093388
2093389
2093390
2093391
2093392
2093393
2093394
2093395
2093396
2093397
2093398
2093399
2093400
2093401
2093402
2093403
2093404
2093405
2093406
2093407
2093408
2093409
2093410
2093411
2093412
2093413
2093414
2093415
2093416
2093417
2093418
2093419
2093420
2093421
2093422
2093423
2093424
2093425
2093426
2093427
2093428
2093429
2093430
2093431
2093432
2093433
2093434
2093435
2093436
2093437
2093438
2093439
2093440
2093441
2093442
2093443
2093444
2093445
2093446
2093447
2093448
2093449
2093450
2093451
2093452
2093453
2093454
2093455
2093456
2093457
2093458
2093459
2093460
2093461
2093462
2093463
2093464
2093465
2093466
2093467
2093468
2093469
2093470
2093471
2093472
2093473
2093474
2093475
2093476
2093477
2093478
2093479
2093480
2093481
2093482
2093483
2093484
2093485
2093486
2093487
2093488
2093489
2093490
2093491
2093492
2093493
2093494
2093495
2093496
2093497
2093498
2093499
2093500
2093501
2093502
2093503
2093504
2093505
2093506
2093507
2093508
2093509
2093510
2093511
2093512
2093513
2093514
2093515
2093516
2093517
2093518
2093519
2093520
2093521
2093522
2093523
2093524
2093525
2093526
2093527
2093528
2093529
2093530
2093531
2093532
2093533
2093534
2093535
2093536
2093537
2093538
2093539
2093540
2093541
2093542
2093543
2093544
2093545
2093546
2093547
2093548
2093549
2093550
2093551
2093552
2093553
2093554
2093555
2093556
2093557
2093558
2093559
2093560
2093561
2093562
2093563
2093564
2093565
2093566
2093567
2093568
2093569
2093570
2093571
2093572
2093573
2093574
2093575
2093576
2093577
2093578
2093579
2093580
2093581
2093582
2093583
2093584
2093585
2093586
2093587
2093588
2093589
2093590
2093591
2093592
2093593
2093594
2093595
2093596
2093597
2093598
2093599
2093600
2093601
2093602
2093603
2093604
2093605
2093606
2093607
2093608
2093609
2093610
2093611
2093612
2093613
2093614
2093615
2093616
2093617
2093618
2093619
2093620
2093621
2093622
2093623
2093624
2093625
2093626
2093627
2093628
2093629
2093630
2093631
2093632
2093633
2093634
2093635
2093636
2093637
2093638
2093639
2093640
2093641
2093642
2093643
2093644
2093645
2093646
2093647
2093648
2093649
2093650
2093651
2093652
2093653
2093654
2093655
2093656
2093657
2093658
2093659
2093660
2093661
2093662
2093663
2093664
2093665
2093666
2093667
2093668
2093669
2093670
2093671
2093672
2093673
2093674
2093675
2093676
2093677
2093678
2093679
2093680
2093681
2093682
2093683
2093684
2093685
2093686
2093687
2093688
2093689
2093690
2093691
2093692
2093693
2093694
2093695
2093696
2093697
2093698
2093699
2093700
2093701
2093702
2093703
2093704
2093705
2093706
2093707
2093708
2093709
2093710
2093711
2093712
2093713
2093714
2093715
2093716
2093717
2093718
2093719
2093720
2093721
2093722
2093723
2093724
2093725
2093726
2093727
2093728
2093729
2093730
2093731
2093732
2093733
2093734
2093735
2093736
2093737
2093738
2093739
2093740
2093741
2093742
2093743
2093744
2093745
2093746
2093747
2093748
2093749
2093750
2093751
2093752
2093753
2093754
2093755
2093756
2093757
2093758
2093759
2093760
2093761
2093762
2093763
2093764
2093765
2093766
2093767
2093768
2093769
2093770
2093771
2093772
2093773
2093774
2093775
2093776
2093777
2093778
2093779
2093780
2093781
2093782
2093783
2093784
2093785
2093786
2093787
2093788
2093789
2093790
2093791
2093792
2093793
2093794
2093795
2093796
2093797
2093798
2093799
2093800
2093801
2093802
2093803
2093804
2093805
2093806
2093807
2093808
2093809
2093810
2093811
2093812
2093813
2093814
2093815
2093816
2093817
2093818
2093819
2093820
2093821
2093822
2093823
2093824
2093825
2093826
2093827
2093828
2093829
2093830
2093831
2093832
2093833
2093834
2093835
2093836
2093837
2093838
2093839
2093840
2093841
2093842
2093843
2093844
2093845
2093846
2093847
2093848
2093849
2093850
2093851
2093852
2093853
2093854
2093855
2093856
2093857
2093858
2093859
2093860
2093861
2093862
2093863
2093864
2093865
2093866
2093867
2093868
2093869
2093870
2093871
2093872
2093873
2093874
2093875
2093876
2093877
2093878
2093879
2093880
2093881
2093882
2093883
2093884
2093885
2093886
2093887
2093888
2093889
2093890
2093891
2093892
2093893
2093894
2093895
2093896
2093897
2093898
2093899
2093900
2093901
2093902
2093903
2093904
2093905
2093906
2093907
2093908
2093909
2093910
2093911
2093912
2093913
2093914
2093915
2093916
2093917
2093918
2093919
2093920
2093921
2093922
2093923
2093924
2093925
2093926
2093927
2093928
2093929
2093930
2093931
2093932
2093933
2093934
2093935
2093936
2093937
2093938
2093939
2093940
2093941
2093942
2093943
2093944
2093945
2093946
2093947
2093948
2093949
2093950
2093951
2093952
2093953
2093954
2093955
2093956
2093957
2093958
2093959
2093960
2093961
2093962
2093963
2093964
2093965
2093966
2093967
2093968
2093969
2093970
2093971
2093972
2093973
2093974
2093975
2093976
2093977
2093978
2093979
2093980
2093981
2093982
2093983
2093984
2093985
2093986
2093987
2093988
2093989
2093990
2093991
2093992
2093993
2093994
2093995
2093996
2093997
2093998
2093999
2094000
2094001
2094002
2094003
2094004
2094005
2094006
2094007
2094008
2094009
2094010
2094011
2094012
2094013
2094014
2094015
2094016
2094017
2094018
2094019
2094020
2094021
2094022
2094023
2094024
2094025
2094026
2094027
2094028
2094029
2094030
2094031
2094032
2094033
2094034
2094035
2094036
2094037
2094038
2094039
2094040
2094041
2094042
2094043
2094044
2094045
2094046
2094047
2094048
2094049
2094050
2094051
2094052
2094053
2094054
2094055
2094056
2094057
2094058
2094059
2094060
2094061
2094062
2094063
2094064
2094065
2094066
2094067
2094068
2094069
2094070
2094071
2094072
2094073
2094074
2094075
2094076
2094077
2094078
2094079
2094080
2094081
2094082
2094083
2094084
2094085
2094086
2094087
2094088
2094089
2094090
2094091
2094092
2094093
2094094
2094095
2094096
2094097
2094098
2094099
2094100
2094101
2094102
2094103
2094104
2094105
2094106
2094107
2094108
2094109
2094110
2094111
2094112
2094113
2094114
2094115
2094116
2094117
2094118
2094119
2094120
2094121
2094122
2094123
2094124
2094125
2094126
2094127
2094128
2094129
2094130
2094131
2094132
2094133
2094134
2094135
2094136
2094137
2094138
2094139
2094140
2094141
2094142
2094143
2094144
2094145
2094146
2094147
2094148
2094149
2094150
2094151
2094152
2094153
2094154
2094155
2094156
2094157
2094158
2094159
2094160
2094161
2094162
2094163
2094164
2094165
2094166
2094167
2094168
2094169
2094170
2094171
2094172
2094173
2094174
2094175
2094176
2094177
2094178
2094179
2094180
2094181
2094182
2094183
2094184
2094185
2094186
2094187
2094188
2094189
2094190
2094191
2094192
2094193
2094194
2094195
2094196
2094197
2094198
2094199
2094200
2094201
2094202
2094203
2094204
2094205
2094206
2094207
2094208
2094209
2094210
2094211
2094212
2094213
2094214
2094215
2094216
2094217
2094218
2094219
2094220
2094221
2094222
2094223
2094224
2094225
2094226
2094227
2094228
2094229
2094230
2094231
2094232
2094233
2094234
2094235
2094236
2094237
2094238
2094239
2094240
2094241
2094242
2094243
2094244
2094245
2094246
2094247
2094248
2094249
2094250
2094251
2094252
2094253
2094254
2094255
2094256
2094257
2094258
2094259
2094260
2094261
2094262
2094263
2094264
2094265
2094266
2094267
2094268
2094269
2094270
2094271
2094272
2094273
2094274
2094275
2094276
2094277
2094278
2094279
2094280
2094281
2094282
2094283
2094284
2094285
2094286
2094287
2094288
2094289
2094290
2094291
2094292
2094293
2094294
2094295
2094296
2094297
2094298
2094299
2094300
2094301
2094302
2094303
2094304
2094305
2094306
2094307
2094308
2094309
2094310
2094311
2094312
2094313
2094314
2094315
2094316
2094317
2094318
2094319
2094320
2094321
2094322
2094323
2094324
2094325
2094326
2094327
2094328
2094329
2094330
2094331
2094332
2094333
2094334
2094335
2094336
2094337
2094338
2094339
2094340
2094341
2094342
2094343
2094344
2094345
2094346
2094347
2094348
2094349
2094350
2094351
2094352
2094353
2094354
2094355
2094356
2094357
2094358
2094359
2094360
2094361
2094362
2094363
2094364
2094365
2094366
2094367
2094368
2094369
2094370
2094371
2094372
2094373
2094374
2094375
2094376
2094377
2094378
2094379
2094380
2094381
2094382
2094383
2094384
2094385
2094386
2094387
2094388
2094389
2094390
2094391
2094392
2094393
2094394
2094395
2094396
2094397
2094398
2094399
2094400
2094401
2094402
2094403
2094404
2094405
2094406
2094407
2094408
2094409
2094410
2094411
2094412
2094413
2094414
2094415
2094416
2094417
2094418
2094419
2094420
2094421
2094422
2094423
2094424
2094425
2094426
2094427
2094428
2094429
2094430
2094431
2094432
2094433
2094434
2094435
2094436
2094437
2094438
2094439
2094440
2094441
2094442
2094443
2094444
2094445
2094446
2094447
2094448
2094449
2094450
2094451
2094452
2094453
2094454
2094455
2094456
2094457
2094458
2094459
2094460
2094461
2094462
2094463
2094464
2094465
2094466
2094467
2094468
2094469
2094470
2094471
2094472
2094473
2094474
2094475
2094476
2094477
2094478
2094479
2094480
2094481
2094482
2094483
2094484
2094485
2094486
2094487
2094488
2094489
2094490
2094491
2094492
2094493
2094494
2094495
2094496
2094497
2094498
2094499
2094500
2094501
2094502
2094503
2094504
2094505
2094506
2094507
2094508
2094509
2094510
2094511
2094512
2094513
2094514
2094515
2094516
2094517
2094518
2094519
2094520
2094521
2094522
2094523
2094524
2094525
2094526
2094527
2094528
2094529
2094530
2094531
2094532
2094533
2094534
2094535
2094536
2094537
2094538
2094539
2094540
2094541
2094542
2094543
2094544
2094545
2094546
2094547
2094548
2094549
2094550
2094551
2094552
2094553
2094554
2094555
2094556
2094557
2094558
2094559
2094560
2094561
2094562
2094563
2094564
2094565
2094566
2094567
2094568
2094569
2094570
2094571
2094572
2094573
2094574
2094575
2094576
2094577
2094578
2094579
2094580
2094581
2094582
2094583
2094584
2094585
2094586
2094587
2094588
2094589
2094590
2094591
2094592
2094593
2094594
2094595
2094596
2094597
2094598
2094599
2094600
2094601
2094602
2094603
2094604
2094605
2094606
2094607
2094608
2094609
2094610
2094611
2094612
2094613
2094614
2094615
2094616
2094617
2094618
2094619
2094620
2094621
2094622
2094623
2094624
2094625
2094626
2094627
2094628
2094629
2094630
2094631
2094632
2094633
2094634
2094635
2094636
2094637
2094638
2094639
2094640
2094641
2094642
2094643
2094644
2094645
2094646
2094647
2094648
2094649
2094650
2094651
2094652
2094653
2094654
2094655
2094656
2094657
2094658
2094659
2094660
2094661
2094662
2094663
2094664
2094665
2094666
2094667
2094668
2094669
2094670
2094671
2094672
2094673
2094674
2094675
2094676
2094677
2094678
2094679
2094680
2094681
2094682
2094683
2094684
2094685
2094686
2094687
2094688
2094689
2094690
2094691
2094692
2094693
2094694
2094695
2094696
2094697
2094698
2094699
2094700
2094701
2094702
2094703
2094704
2094705
2094706
2094707
2094708
2094709
2094710
2094711
2094712
2094713
2094714
2094715
2094716
2094717
2094718
2094719
2094720
2094721
2094722
2094723
2094724
2094725
2094726
2094727
2094728
2094729
2094730
2094731
2094732
2094733
2094734
2094735
2094736
2094737
2094738
2094739
2094740
2094741
2094742
2094743
2094744
2094745
2094746
2094747
2094748
2094749
2094750
2094751
2094752
2094753
2094754
2094755
2094756
2094757
2094758
2094759
2094760
2094761
2094762
2094763
2094764
2094765
2094766
2094767
2094768
2094769
2094770
2094771
2094772
2094773
2094774
2094775
2094776
2094777
2094778
2094779
2094780
2094781
2094782
2094783
2094784
2094785
2094786
2094787
2094788
2094789
2094790
2094791
2094792
2094793
2094794
2094795
2094796
2094797
2094798
2094799
2094800
2094801
2094802
2094803
2094804
2094805
2094806
2094807
2094808
2094809
2094810
2094811
2094812
2094813
2094814
2094815
2094816
2094817
2094818
2094819
2094820
2094821
2094822
2094823
2094824
2094825
2094826
2094827
2094828
2094829
2094830
2094831
2094832
2094833
2094834
2094835
2094836
2094837
2094838
2094839
2094840
2094841
2094842
2094843
2094844
2094845
2094846
2094847
2094848
2094849
2094850
2094851
2094852
2094853
2094854
2094855
2094856
2094857
2094858
2094859
2094860
2094861
2094862
2094863
2094864
2094865
2094866
2094867
2094868
2094869
2094870
2094871
2094872
2094873
2094874
2094875
2094876
2094877
2094878
2094879
2094880
2094881
2094882
2094883
2094884
2094885
2094886
2094887
2094888
2094889
2094890
2094891
2094892
2094893
2094894
2094895
2094896
2094897
2094898
2094899
2094900
2094901
2094902
2094903
2094904
2094905
2094906
2094907
2094908
2094909
2094910
2094911
2094912
2094913
2094914
2094915
2094916
2094917
2094918
2094919
2094920
2094921
2094922
2094923
2094924
2094925
2094926
2094927
2094928
2094929
2094930
2094931
2094932
2094933
2094934
2094935
2094936
2094937
2094938
2094939
2094940
2094941
2094942
2094943
2094944
2094945
2094946
2094947
2094948
2094949
2094950
2094951
2094952
2094953
2094954
2094955
2094956
2094957
2094958
2094959
2094960
2094961
2094962
2094963
2094964
2094965
2094966
2094967
2094968
2094969
2094970
2094971
2094972
2094973
2094974
2094975
2094976
2094977
2094978
2094979
2094980
2094981
2094982
2094983
2094984
2094985
2094986
2094987
2094988
2094989
2094990
2094991
2094992
2094993
2094994
2094995
2094996
2094997
2094998
2094999
2095000
2095001
2095002
2095003
2095004
2095005
2095006
2095007
2095008
2095009
2095010
2095011
2095012
2095013
2095014
2095015
2095016
2095017
2095018
2095019
2095020
2095021
2095022
2095023
2095024
2095025
2095026
2095027
2095028
2095029
2095030
2095031
2095032
2095033
2095034
2095035
2095036
2095037
2095038
2095039
2095040
2095041
2095042
2095043
2095044
2095045
2095046
2095047
2095048
2095049
2095050
2095051
2095052
2095053
2095054
2095055
2095056
2095057
2095058
2095059
2095060
2095061
2095062
2095063
2095064
2095065
2095066
2095067
2095068
2095069
2095070
2095071
2095072
2095073
2095074
2095075
2095076
2095077
2095078
2095079
2095080
2095081
2095082
2095083
2095084
2095085
2095086
2095087
2095088
2095089
2095090
2095091
2095092
2095093
2095094
2095095
2095096
2095097
2095098
2095099
2095100
2095101
2095102
2095103
2095104
2095105
2095106
2095107
2095108
2095109
2095110
2095111
2095112
2095113
2095114
2095115
2095116
2095117
2095118
2095119
2095120
2095121
2095122
2095123
2095124
2095125
2095126
2095127
2095128
2095129
2095130
2095131
2095132
2095133
2095134
2095135
2095136
2095137
2095138
2095139
2095140
2095141
2095142
2095143
2095144
2095145
2095146
2095147
2095148
2095149
2095150
2095151
2095152
2095153
2095154
2095155
2095156
2095157
2095158
2095159
2095160
2095161
2095162
2095163
2095164
2095165
2095166
2095167
2095168
2095169
2095170
2095171
2095172
2095173
2095174
2095175
2095176
2095177
2095178
2095179
2095180
2095181
2095182
2095183
2095184
2095185
2095186
2095187
2095188
2095189
2095190
2095191
2095192
2095193
2095194
2095195
2095196
2095197
2095198
2095199
2095200
2095201
2095202
2095203
2095204
2095205
2095206
2095207
2095208
2095209
2095210
2095211
2095212
2095213
2095214
2095215
2095216
2095217
2095218
2095219
2095220
2095221
2095222
2095223
2095224
2095225
2095226
2095227
2095228
2095229
2095230
2095231
2095232
2095233
2095234
2095235
2095236
2095237
2095238
2095239
2095240
2095241
2095242
2095243
2095244
2095245
2095246
2095247
2095248
2095249
2095250
2095251
2095252
2095253
2095254
2095255
2095256
2095257
2095258
2095259
2095260
2095261
2095262
2095263
2095264
2095265
2095266
2095267
2095268
2095269
2095270
2095271
2095272
2095273
2095274
2095275
2095276
2095277
2095278
2095279
2095280
2095281
2095282
2095283
2095284
2095285
2095286
2095287
2095288
2095289
2095290
2095291
2095292
2095293
2095294
2095295
2095296
2095297
2095298
2095299
2095300
2095301
2095302
2095303
2095304
2095305
2095306
2095307
2095308
2095309
2095310
2095311
2095312
2095313
2095314
2095315
2095316
2095317
2095318
2095319
2095320
2095321
2095322
2095323
2095324
2095325
2095326
2095327
2095328
2095329
2095330
2095331
2095332
2095333
2095334
2095335
2095336
2095337
2095338
2095339
2095340
2095341
2095342
2095343
2095344
2095345
2095346
2095347
2095348
2095349
2095350
2095351
2095352
2095353
2095354
2095355
2095356
2095357
2095358
2095359
2095360
2095361
2095362
2095363
2095364
2095365
2095366
2095367
2095368
2095369
2095370
2095371
2095372
2095373
2095374
2095375
2095376
2095377
2095378
2095379
2095380
2095381
2095382
2095383
2095384
2095385
2095386
2095387
2095388
2095389
2095390
2095391
2095392
2095393
2095394
2095395
2095396
2095397
2095398
2095399
2095400
2095401
2095402
2095403
2095404
2095405
2095406
2095407
2095408
2095409
2095410
2095411
2095412
2095413
2095414
2095415
2095416
2095417
2095418
2095419
2095420
2095421
2095422
2095423
2095424
2095425
2095426
2095427
2095428
2095429
2095430
2095431
2095432
2095433
2095434
2095435
2095436
2095437
2095438
2095439
2095440
2095441
2095442
2095443
2095444
2095445
2095446
2095447
2095448
2095449
2095450
2095451
2095452
2095453
2095454
2095455
2095456
2095457
2095458
2095459
2095460
2095461
2095462
2095463
2095464
2095465
2095466
2095467
2095468
2095469
2095470
2095471
2095472
2095473
2095474
2095475
2095476
2095477
2095478
2095479
2095480
2095481
2095482
2095483
2095484
2095485
2095486
2095487
2095488
2095489
2095490
2095491
2095492
2095493
2095494
2095495
2095496
2095497
2095498
2095499
2095500
2095501
2095502
2095503
2095504
2095505
2095506
2095507
2095508
2095509
2095510
2095511
2095512
2095513
2095514
2095515
2095516
2095517
2095518
2095519
2095520
2095521
2095522
2095523
2095524
2095525
2095526
2095527
2095528
2095529
2095530
2095531
2095532
2095533
2095534
2095535
2095536
2095537
2095538
2095539
2095540
2095541
2095542
2095543
2095544
2095545
2095546
2095547
2095548
2095549
2095550
2095551
2095552
2095553
2095554
2095555
2095556
2095557
2095558
2095559
2095560
2095561
2095562
2095563
2095564
2095565
2095566
2095567
2095568
2095569
2095570
2095571
2095572
2095573
2095574
2095575
2095576
2095577
2095578
2095579
2095580
2095581
2095582
2095583
2095584
2095585
2095586
2095587
2095588
2095589
2095590
2095591
2095592
2095593
2095594
2095595
2095596
2095597
2095598
2095599
2095600
2095601
2095602
2095603
2095604
2095605
2095606
2095607
2095608
2095609
2095610
2095611
2095612
2095613
2095614
2095615
2095616
2095617
2095618
2095619
2095620
2095621
2095622
2095623
2095624
2095625
2095626
2095627
2095628
2095629
2095630
2095631
2095632
2095633
2095634
2095635
2095636
2095637
2095638
2095639
2095640
2095641
2095642
2095643
2095644
2095645
2095646
2095647
2095648
2095649
2095650
2095651
2095652
2095653
2095654
2095655
2095656
2095657
2095658
2095659
2095660
2095661
2095662
2095663
2095664
2095665
2095666
2095667
2095668
2095669
2095670
2095671
2095672
2095673
2095674
2095675
2095676
2095677
2095678
2095679
2095680
2095681
2095682
2095683
2095684
2095685
2095686
2095687
2095688
2095689
2095690
2095691
2095692
2095693
2095694
2095695
2095696
2095697
2095698
2095699
2095700
2095701
2095702
2095703
2095704
2095705
2095706
2095707
2095708
2095709
2095710
2095711
2095712
2095713
2095714
2095715
2095716
2095717
2095718
2095719
2095720
2095721
2095722
2095723
2095724
2095725
2095726
2095727
2095728
2095729
2095730
2095731
2095732
2095733
2095734
2095735
2095736
2095737
2095738
2095739
2095740
2095741
2095742
2095743
2095744
2095745
2095746
2095747
2095748
2095749
2095750
2095751
2095752
2095753
2095754
2095755
2095756
2095757
2095758
2095759
2095760
2095761
2095762
2095763
2095764
2095765
2095766
2095767
2095768
2095769
2095770
2095771
2095772
2095773
2095774
2095775
2095776
2095777
2095778
2095779
2095780
2095781
2095782
2095783
2095784
2095785
2095786
2095787
2095788
2095789
2095790
2095791
2095792
2095793
2095794
2095795
2095796
2095797
2095798
2095799
2095800
2095801
2095802
2095803
2095804
2095805
2095806
2095807
2095808
2095809
2095810
2095811
2095812
2095813
2095814
2095815
2095816
2095817
2095818
2095819
2095820
2095821
2095822
2095823
2095824
2095825
2095826
2095827
2095828
2095829
2095830
2095831
2095832
2095833
2095834
2095835
2095836
2095837
2095838
2095839
2095840
2095841
2095842
2095843
2095844
2095845
2095846
2095847
2095848
2095849
2095850
2095851
2095852
2095853
2095854
2095855
2095856
2095857
2095858
2095859
2095860
2095861
2095862
2095863
2095864
2095865
2095866
2095867
2095868
2095869
2095870
2095871
2095872
2095873
2095874
2095875
2095876
2095877
2095878
2095879
2095880
2095881
2095882
2095883
2095884
2095885
2095886
2095887
2095888
2095889
2095890
2095891
2095892
2095893
2095894
2095895
2095896
2095897
2095898
2095899
2095900
2095901
2095902
2095903
2095904
2095905
2095906
2095907
2095908
2095909
2095910
2095911
2095912
2095913
2095914
2095915
2095916
2095917
2095918
2095919
2095920
2095921
2095922
2095923
2095924
2095925
2095926
2095927
2095928
2095929
2095930
2095931
2095932
2095933
2095934
2095935
2095936
2095937
2095938
2095939
2095940
2095941
2095942
2095943
2095944
2095945
2095946
2095947
2095948
2095949
2095950
2095951
2095952
2095953
2095954
2095955
2095956
2095957
2095958
2095959
2095960
2095961
2095962
2095963
2095964
2095965
2095966
2095967
2095968
2095969
2095970
2095971
2095972
2095973
2095974
2095975
2095976
2095977
2095978
2095979
2095980
2095981
2095982
2095983
2095984
2095985
2095986
2095987
2095988
2095989
2095990
2095991
2095992
2095993
2095994
2095995
2095996
2095997
2095998
2095999
2096000
2096001
2096002
2096003
2096004
2096005
2096006
2096007
2096008
2096009
2096010
2096011
2096012
2096013
2096014
2096015
2096016
2096017
2096018
2096019
2096020
2096021
2096022
2096023
2096024
2096025
2096026
2096027
2096028
2096029
2096030
2096031
2096032
2096033
2096034
2096035
2096036
2096037
2096038
2096039
2096040
2096041
2096042
2096043
2096044
2096045
2096046
2096047
2096048
2096049
2096050
2096051
2096052
2096053
2096054
2096055
2096056
2096057
2096058
2096059
2096060
2096061
2096062
2096063
2096064
2096065
2096066
2096067
2096068
2096069
2096070
2096071
2096072
2096073
2096074
2096075
2096076
2096077
2096078
2096079
2096080
2096081
2096082
2096083
2096084
2096085
2096086
2096087
2096088
2096089
2096090
2096091
2096092
2096093
2096094
2096095
2096096
2096097
2096098
2096099
2096100
2096101
2096102
2096103
2096104
2096105
2096106
2096107
2096108
2096109
2096110
2096111
2096112
2096113
2096114
2096115
2096116
2096117
2096118
2096119
2096120
2096121
2096122
2096123
2096124
2096125
2096126
2096127
2096128
2096129
2096130
2096131
2096132
2096133
2096134
2096135
2096136
2096137
2096138
2096139
2096140
2096141
2096142
2096143
2096144
2096145
2096146
2096147
2096148
2096149
2096150
2096151
2096152
2096153
2096154
2096155
2096156
2096157
2096158
2096159
2096160
2096161
2096162
2096163
2096164
2096165
2096166
2096167
2096168
2096169
2096170
2096171
2096172
2096173
2096174
2096175
2096176
2096177
2096178
2096179
2096180
2096181
2096182
2096183
2096184
2096185
2096186
2096187
2096188
2096189
2096190
2096191
2096192
2096193
2096194
2096195
2096196
2096197
2096198
2096199
2096200
2096201
2096202
2096203
2096204
2096205
2096206
2096207
2096208
2096209
2096210
2096211
2096212
2096213
2096214
2096215
2096216
2096217
2096218
2096219
2096220
2096221
2096222
2096223
2096224
2096225
2096226
2096227
2096228
2096229
2096230
2096231
2096232
2096233
2096234
2096235
2096236
2096237
2096238
2096239
2096240
2096241
2096242
2096243
2096244
2096245
2096246
2096247
2096248
2096249
2096250
2096251
2096252
2096253
2096254
2096255
2096256
2096257
2096258
2096259
2096260
2096261
2096262
2096263
2096264
2096265
2096266
2096267
2096268
2096269
2096270
2096271
2096272
2096273
2096274
2096275
2096276
2096277
2096278
2096279
2096280
2096281
2096282
2096283
2096284
2096285
2096286
2096287
2096288
2096289
2096290
2096291
2096292
2096293
2096294
2096295
2096296
2096297
2096298
2096299
2096300
2096301
2096302
2096303
2096304
2096305
2096306
2096307
2096308
2096309
2096310
2096311
2096312
2096313
2096314
2096315
2096316
2096317
2096318
2096319
2096320
2096321
2096322
2096323
2096324
2096325
2096326
2096327
2096328
2096329
2096330
2096331
2096332
2096333
2096334
2096335
2096336
2096337
2096338
2096339
2096340
2096341
2096342
2096343
2096344
2096345
2096346
2096347
2096348
2096349
2096350
2096351
2096352
2096353
2096354
2096355
2096356
2096357
2096358
2096359
2096360
2096361
2096362
2096363
2096364
2096365
2096366
2096367
2096368
2096369
2096370
2096371
2096372
2096373
2096374
2096375
2096376
2096377
2096378
2096379
2096380
2096381
2096382
2096383
2096384
2096385
2096386
2096387
2096388
2096389
2096390
2096391
2096392
2096393
2096394
2096395
2096396
2096397
2096398
2096399
2096400
2096401
2096402
2096403
2096404
2096405
2096406
2096407
2096408
2096409
2096410
2096411
2096412
2096413
2096414
2096415
2096416
2096417
2096418
2096419
2096420
2096421
2096422
2096423
2096424
2096425
2096426
2096427
2096428
2096429
2096430
2096431
2096432
2096433
2096434
2096435
2096436
2096437
2096438
2096439
2096440
2096441
2096442
2096443
2096444
2096445
2096446
2096447
2096448
2096449
2096450
2096451
2096452
2096453
2096454
2096455
2096456
2096457
2096458
2096459
2096460
2096461
2096462
2096463
2096464
2096465
2096466
2096467
2096468
2096469
2096470
2096471
2096472
2096473
2096474
2096475
2096476
2096477
2096478
2096479
2096480
2096481
2096482
2096483
2096484
2096485
2096486
2096487
2096488
2096489
2096490
2096491
2096492
2096493
2096494
2096495
2096496
2096497
2096498
2096499
2096500
2096501
2096502
2096503
2096504
2096505
2096506
2096507
2096508
2096509
2096510
2096511
2096512
2096513
2096514
2096515
2096516
2096517
2096518
2096519
2096520
2096521
2096522
2096523
2096524
2096525
2096526
2096527
2096528
2096529
2096530
2096531
2096532
2096533
2096534
2096535
2096536
2096537
2096538
2096539
2096540
2096541
2096542
2096543
2096544
2096545
2096546
2096547
2096548
2096549
2096550
2096551
2096552
2096553
2096554
2096555
2096556
2096557
2096558
2096559
2096560
2096561
2096562
2096563
2096564
2096565
2096566
2096567
2096568
2096569
2096570
2096571
2096572
2096573
2096574
2096575
2096576
2096577
2096578
2096579
2096580
2096581
2096582
2096583
2096584
2096585
2096586
2096587
2096588
2096589
2096590
2096591
2096592
2096593
2096594
2096595
2096596
2096597
2096598
2096599
2096600
2096601
2096602
2096603
2096604
2096605
2096606
2096607
2096608
2096609
2096610
2096611
2096612
2096613
2096614
2096615
2096616
2096617
2096618
2096619
2096620
2096621
2096622
2096623
2096624
2096625
2096626
2096627
2096628
2096629
2096630
2096631
2096632
2096633
2096634
2096635
2096636
2096637
2096638
2096639
2096640
2096641
2096642
2096643
2096644
2096645
2096646
2096647
2096648
2096649
2096650
2096651
2096652
2096653
2096654
2096655
2096656
2096657
2096658
2096659
2096660
2096661
2096662
2096663
2096664
2096665
2096666
2096667
2096668
2096669
2096670
2096671
2096672
2096673
2096674
2096675
2096676
2096677
2096678
2096679
2096680
2096681
2096682
2096683
2096684
2096685
2096686
2096687
2096688
2096689
2096690
2096691
2096692
2096693
2096694
2096695
2096696
2096697
2096698
2096699
2096700
2096701
2096702
2096703
2096704
2096705
2096706
2096707
2096708
2096709
2096710
2096711
2096712
2096713
2096714
2096715
2096716
2096717
2096718
2096719
2096720
2096721
2096722
2096723
2096724
2096725
2096726
2096727
2096728
2096729
2096730
2096731
2096732
2096733
2096734
2096735
2096736
2096737
2096738
2096739
2096740
2096741
2096742
2096743
2096744
2096745
2096746
2096747
2096748
2096749
2096750
2096751
2096752
2096753
2096754
2096755
2096756
2096757
2096758
2096759
2096760
2096761
2096762
2096763
2096764
2096765
2096766
2096767
2096768
2096769
2096770
2096771
2096772
2096773
2096774
2096775
2096776
2096777
2096778
2096779
2096780
2096781
2096782
2096783
2096784
2096785
2096786
2096787
2096788
2096789
2096790
2096791
2096792
2096793
2096794
2096795
2096796
2096797
2096798
2096799
2096800
2096801
2096802
2096803
2096804
2096805
2096806
2096807
2096808
2096809
2096810
2096811
2096812
2096813
2096814
2096815
2096816
2096817
2096818
2096819
2096820
2096821
2096822
2096823
2096824
2096825
2096826
2096827
2096828
2096829
2096830
2096831
2096832
2096833
2096834
2096835
2096836
2096837
2096838
2096839
2096840
2096841
2096842
2096843
2096844
2096845
2096846
2096847
2096848
2096849
2096850
2096851
2096852
2096853
2096854
2096855
2096856
2096857
2096858
2096859
2096860
2096861
2096862
2096863
2096864
2096865
2096866
2096867
2096868
2096869
2096870
2096871
2096872
2096873
2096874
2096875
2096876
2096877
2096878
2096879
2096880
2096881
2096882
2096883
2096884
2096885
2096886
2096887
2096888
2096889
2096890
2096891
2096892
2096893
2096894
2096895
2096896
2096897
2096898
2096899
2096900
2096901
2096902
2096903
2096904
2096905
2096906
2096907
2096908
2096909
2096910
2096911
2096912
2096913
2096914
2096915
2096916
2096917
2096918
2096919
2096920
2096921
2096922
2096923
2096924
2096925
2096926
2096927
2096928
2096929
2096930
2096931
2096932
2096933
2096934
2096935
2096936
2096937
2096938
2096939
2096940
2096941
2096942
2096943
2096944
2096945
2096946
2096947
2096948
2096949
2096950
2096951
2096952
2096953
2096954
2096955
2096956
2096957
2096958
2096959
2096960
2096961
2096962
2096963
2096964
2096965
2096966
2096967
2096968
2096969
2096970
2096971
2096972
2096973
2096974
2096975
2096976
2096977
2096978
2096979
2096980
2096981
2096982
2096983
2096984
2096985
2096986
2096987
2096988
2096989
2096990
2096991
2096992
2096993
2096994
2096995
2096996
2096997
2096998
2096999
2097000
2097001
2097002
2097003
2097004
2097005
2097006
2097007
2097008
2097009
2097010
2097011
2097012
2097013
2097014
2097015
2097016
2097017
2097018
2097019
2097020
2097021
2097022
2097023
2097024
2097025
2097026
2097027
2097028
2097029
2097030
2097031
2097032
2097033
2097034
2097035
2097036
2097037
2097038
2097039
2097040
2097041
2097042
2097043
2097044
2097045
2097046
2097047
2097048
2097049
2097050
2097051
2097052
2097053
2097054
2097055
2097056
2097057
2097058
2097059
2097060
2097061
2097062
2097063
2097064
2097065
2097066
2097067
2097068
2097069
2097070
2097071
2097072
2097073
2097074
2097075
2097076
2097077
2097078
2097079
2097080
2097081
2097082
2097083
2097084
2097085
2097086
2097087
2097088
2097089
2097090
2097091
2097092
2097093
2097094
2097095
2097096
2097097
2097098
2097099
2097100
2097101
2097102
2097103
2097104
2097105
2097106
2097107
2097108
2097109
2097110
2097111
2097112
2097113
2097114
2097115
2097116
2097117
2097118
2097119
2097120
2097121
2097122
2097123
2097124
2097125
2097126
2097127
2097128
2097129
2097130
2097131
2097132
2097133
2097134
2097135
2097136
2097137
2097138
2097139
2097140
2097141
2097142
2097143
2097144
2097145
2097146
2097147
2097148
2097149
2097150
2097151
2097152
2097153
2097154
2097155
2097156
2097157
2097158
2097159
2097160
2097161
2097162
2097163
2097164
2097165
2097166
2097167
2097168
2097169
2097170
2097171
2097172
2097173
2097174
2097175
2097176
2097177
2097178
2097179
2097180
2097181
2097182
2097183
2097184
2097185
2097186
2097187
2097188
2097189
2097190
2097191
2097192
2097193
2097194
2097195
2097196
2097197
2097198
2097199
2097200
2097201
2097202
2097203
2097204
2097205
2097206
2097207
2097208
2097209
2097210
2097211
2097212
2097213
2097214
2097215
2097216
2097217
2097218
2097219
2097220
2097221
2097222
2097223
2097224
2097225
2097226
2097227
2097228
2097229
2097230
2097231
2097232
2097233
2097234
2097235
2097236
2097237
2097238
2097239
2097240
2097241
2097242
2097243
2097244
2097245
2097246
2097247
2097248
2097249
2097250
2097251
2097252
2097253
2097254
2097255
2097256
2097257
2097258
2097259
2097260
2097261
2097262
2097263
2097264
2097265
2097266
2097267
2097268
2097269
2097270
2097271
2097272
2097273
2097274
2097275
2097276
2097277
2097278
2097279
2097280
2097281
2097282
2097283
2097284
2097285
2097286
2097287
2097288
2097289
2097290
2097291
2097292
2097293
2097294
2097295
2097296
2097297
2097298
2097299
2097300
2097301
2097302
2097303
2097304
2097305
2097306
2097307
2097308
2097309
2097310
2097311
2097312
2097313
2097314
2097315
2097316
2097317
2097318
2097319
2097320
2097321
2097322
2097323
2097324
2097325
2097326
2097327
2097328
2097329
2097330
2097331
2097332
2097333
2097334
2097335
2097336
2097337
2097338
2097339
2097340
2097341
2097342
2097343
2097344
2097345
2097346
2097347
2097348
2097349
2097350
2097351
2097352
2097353
2097354
2097355
2097356
2097357
2097358
2097359
2097360
2097361
2097362
2097363
2097364
2097365
2097366
2097367
2097368
2097369
2097370
2097371
2097372
2097373
2097374
2097375
2097376
2097377
2097378
2097379
2097380
2097381
2097382
2097383
2097384
2097385
2097386
2097387
2097388
2097389
2097390
2097391
2097392
2097393
2097394
2097395
2097396
2097397
2097398
2097399
2097400
2097401
2097402
2097403
2097404
2097405
2097406
2097407
2097408
2097409
2097410
2097411
2097412
2097413
2097414
2097415
2097416
2097417
2097418
2097419
2097420
2097421
2097422
2097423
2097424
2097425
2097426
2097427
2097428
2097429
2097430
2097431
2097432
2097433
2097434
2097435
2097436
2097437
2097438
2097439
2097440
2097441
2097442
2097443
2097444
2097445
2097446
2097447
2097448
2097449
2097450
2097451
2097452
2097453
2097454
2097455
2097456
2097457
2097458
2097459
2097460
2097461
2097462
2097463
2097464
2097465
2097466
2097467
2097468
2097469
2097470
2097471
2097472
2097473
2097474
2097475
2097476
2097477
2097478
2097479
2097480
2097481
2097482
2097483
2097484
2097485
2097486
2097487
2097488
2097489
2097490
2097491
2097492
2097493
2097494
2097495
2097496
2097497
2097498
2097499
2097500
2097501
2097502
2097503
2097504
2097505
2097506
2097507
2097508
2097509
2097510
2097511
2097512
2097513
2097514
2097515
2097516
2097517
2097518
2097519
2097520
2097521
2097522
2097523
2097524
2097525
2097526
2097527
2097528
2097529
2097530
2097531
2097532
2097533
2097534
2097535
2097536
2097537
2097538
2097539
2097540
2097541
2097542
2097543
2097544
2097545
2097546
2097547
2097548
2097549
2097550
2097551
2097552
2097553
2097554
2097555
2097556
2097557
2097558
2097559
2097560
2097561
2097562
2097563
2097564
2097565
2097566
2097567
2097568
2097569
2097570
2097571
2097572
2097573
2097574
2097575
2097576
2097577
2097578
2097579
2097580
2097581
2097582
2097583
2097584
2097585
2097586
2097587
2097588
2097589
2097590
2097591
2097592
2097593
2097594
2097595
2097596
2097597
2097598
2097599
2097600
2097601
2097602
2097603
2097604
2097605
2097606
2097607
2097608
2097609
2097610
2097611
2097612
2097613
2097614
2097615
2097616
2097617
2097618
2097619
2097620
2097621
2097622
2097623
2097624
2097625
2097626
2097627
2097628
2097629
2097630
2097631
2097632
2097633
2097634
2097635
2097636
2097637
2097638
2097639
2097640
2097641
2097642
2097643
2097644
2097645
2097646
2097647
2097648
2097649
2097650
2097651
2097652
2097653
2097654
2097655
2097656
2097657
2097658
2097659
2097660
2097661
2097662
2097663
2097664
2097665
2097666
2097667
2097668
2097669
2097670
2097671
2097672
2097673
2097674
2097675
2097676
2097677
2097678
2097679
2097680
2097681
2097682
2097683
2097684
2097685
2097686
2097687
2097688
2097689
2097690
2097691
2097692
2097693
2097694
2097695
2097696
2097697
2097698
2097699
2097700
2097701
2097702
2097703
2097704
2097705
2097706
2097707
2097708
2097709
2097710
2097711
2097712
2097713
2097714
2097715
2097716
2097717
2097718
2097719
2097720
2097721
2097722
2097723
2097724
2097725
2097726
2097727
2097728
2097729
2097730
2097731
2097732
2097733
2097734
2097735
2097736
2097737
2097738
2097739
2097740
2097741
2097742
2097743
2097744
2097745
2097746
2097747
2097748
2097749
2097750
2097751
2097752
2097753
2097754
2097755
2097756
2097757
2097758
2097759
2097760
2097761
2097762
2097763
2097764
2097765
2097766
2097767
2097768
2097769
2097770
2097771
2097772
2097773
2097774
2097775
2097776
2097777
2097778
2097779
2097780
2097781
2097782
2097783
2097784
2097785
2097786
2097787
2097788
2097789
2097790
2097791
2097792
2097793
2097794
2097795
2097796
2097797
2097798
2097799
2097800
2097801
2097802
2097803
2097804
2097805
2097806
2097807
2097808
2097809
2097810
2097811
2097812
2097813
2097814
2097815
2097816
2097817
2097818
2097819
2097820
2097821
2097822
2097823
2097824
2097825
2097826
2097827
2097828
2097829
2097830
2097831
2097832
2097833
2097834
2097835
2097836
2097837
2097838
2097839
2097840
2097841
2097842
2097843
2097844
2097845
2097846
2097847
2097848
2097849
2097850
2097851
2097852
2097853
2097854
2097855
2097856
2097857
2097858
2097859
2097860
2097861
2097862
2097863
2097864
2097865
2097866
2097867
2097868
2097869
2097870
2097871
2097872
2097873
2097874
2097875
2097876
2097877
2097878
2097879
2097880
2097881
2097882
2097883
2097884
2097885
2097886
2097887
2097888
2097889
2097890
2097891
2097892
2097893
2097894
2097895
2097896
2097897
2097898
2097899
2097900
2097901
2097902
2097903
2097904
2097905
2097906
2097907
2097908
2097909
2097910
2097911
2097912
2097913
2097914
2097915
2097916
2097917
2097918
2097919
2097920
2097921
2097922
2097923
2097924
2097925
2097926
2097927
2097928
2097929
2097930
2097931
2097932
2097933
2097934
2097935
2097936
2097937
2097938
2097939
2097940
2097941
2097942
2097943
2097944
2097945
2097946
2097947
2097948
2097949
2097950
2097951
2097952
2097953
2097954
2097955
2097956
2097957
2097958
2097959
2097960
2097961
2097962
2097963
2097964
2097965
2097966
2097967
2097968
2097969
2097970
2097971
2097972
2097973
2097974
2097975
2097976
2097977
2097978
2097979
2097980
2097981
2097982
2097983
2097984
2097985
2097986
2097987
2097988
2097989
2097990
2097991
2097992
2097993
2097994
2097995
2097996
2097997
2097998
2097999
2098000
2098001
2098002
2098003
2098004
2098005
2098006
2098007
2098008
2098009
2098010
2098011
2098012
2098013
2098014
2098015
2098016
2098017
2098018
2098019
2098020
2098021
2098022
2098023
2098024
2098025
2098026
2098027
2098028
2098029
2098030
2098031
2098032
2098033
2098034
2098035
2098036
2098037
2098038
2098039
2098040
2098041
2098042
2098043
2098044
2098045
2098046
2098047
2098048
2098049
2098050
2098051
2098052
2098053
2098054
2098055
2098056
2098057
2098058
2098059
2098060
2098061
2098062
2098063
2098064
2098065
2098066
2098067
2098068
2098069
2098070
2098071
2098072
2098073
2098074
2098075
2098076
2098077
2098078
2098079
2098080
2098081
2098082
2098083
2098084
2098085
2098086
2098087
2098088
2098089
2098090
2098091
2098092
2098093
2098094
2098095
2098096
2098097
2098098
2098099
2098100
2098101
2098102
2098103
2098104
2098105
2098106
2098107
2098108
2098109
2098110
2098111
2098112
2098113
2098114
2098115
2098116
2098117
2098118
2098119
2098120
2098121
2098122
2098123
2098124
2098125
2098126
2098127
2098128
2098129
2098130
2098131
2098132
2098133
2098134
2098135
2098136
2098137
2098138
2098139
2098140
2098141
2098142
2098143
2098144
2098145
2098146
2098147
2098148
2098149
2098150
2098151
2098152
2098153
2098154
2098155
2098156
2098157
2098158
2098159
2098160
2098161
2098162
2098163
2098164
2098165
2098166
2098167
2098168
2098169
2098170
2098171
2098172
2098173
2098174
2098175
2098176
2098177
2098178
2098179
2098180
2098181
2098182
2098183
2098184
2098185
2098186
2098187
2098188
2098189
2098190
2098191
2098192
2098193
2098194
2098195
2098196
2098197
2098198
2098199
2098200
2098201
2098202
2098203
2098204
2098205
2098206
2098207
2098208
2098209
2098210
2098211
2098212
2098213
2098214
2098215
2098216
2098217
2098218
2098219
2098220
2098221
2098222
2098223
2098224
2098225
2098226
2098227
2098228
2098229
2098230
2098231
2098232
2098233
2098234
2098235
2098236
2098237
2098238
2098239
2098240
2098241
2098242
2098243
2098244
2098245
2098246
2098247
2098248
2098249
2098250
2098251
2098252
2098253
2098254
2098255
2098256
2098257
2098258
2098259
2098260
2098261
2098262
2098263
2098264
2098265
2098266
2098267
2098268
2098269
2098270
2098271
2098272
2098273
2098274
2098275
2098276
2098277
2098278
2098279
2098280
2098281
2098282
2098283
2098284
2098285
2098286
2098287
2098288
2098289
2098290
2098291
2098292
2098293
2098294
2098295
2098296
2098297
2098298
2098299
2098300
2098301
2098302
2098303
2098304
2098305
2098306
2098307
2098308
2098309
2098310
2098311
2098312
2098313
2098314
2098315
2098316
2098317
2098318
2098319
2098320
2098321
2098322
2098323
2098324
2098325
2098326
2098327
2098328
2098329
2098330
2098331
2098332
2098333
2098334
2098335
2098336
2098337
2098338
2098339
2098340
2098341
2098342
2098343
2098344
2098345
2098346
2098347
2098348
2098349
2098350
2098351
2098352
2098353
2098354
2098355
2098356
2098357
2098358
2098359
2098360
2098361
2098362
2098363
2098364
2098365
2098366
2098367
2098368
2098369
2098370
2098371
2098372
2098373
2098374
2098375
2098376
2098377
2098378
2098379
2098380
2098381
2098382
2098383
2098384
2098385
2098386
2098387
2098388
2098389
2098390
2098391
2098392
2098393
2098394
2098395
2098396
2098397
2098398
2098399
2098400
2098401
2098402
2098403
2098404
2098405
2098406
2098407
2098408
2098409
2098410
2098411
2098412
2098413
2098414
2098415
2098416
2098417
2098418
2098419
2098420
2098421
2098422
2098423
2098424
2098425
2098426
2098427
2098428
2098429
2098430
2098431
2098432
2098433
2098434
2098435
2098436
2098437
2098438
2098439
2098440
2098441
2098442
2098443
2098444
2098445
2098446
2098447
2098448
2098449
2098450
2098451
2098452
2098453
2098454
2098455
2098456
2098457
2098458
2098459
2098460
2098461
2098462
2098463
2098464
2098465
2098466
2098467
2098468
2098469
2098470
2098471
2098472
2098473
2098474
2098475
2098476
2098477
2098478
2098479
2098480
2098481
2098482
2098483
2098484
2098485
2098486
2098487
2098488
2098489
2098490
2098491
2098492
2098493
2098494
2098495
2098496
2098497
2098498
2098499
2098500
2098501
2098502
2098503
2098504
2098505
2098506
2098507
2098508
2098509
2098510
2098511
2098512
2098513
2098514
2098515
2098516
2098517
2098518
2098519
2098520
2098521
2098522
2098523
2098524
2098525
2098526
2098527
2098528
2098529
2098530
2098531
2098532
2098533
2098534
2098535
2098536
2098537
2098538
2098539
2098540
2098541
2098542
2098543
2098544
2098545
2098546
2098547
2098548
2098549
2098550
2098551
2098552
2098553
2098554
2098555
2098556
2098557
2098558
2098559
2098560
2098561
2098562
2098563
2098564
2098565
2098566
2098567
2098568
2098569
2098570
2098571
2098572
2098573
2098574
2098575
2098576
2098577
2098578
2098579
2098580
2098581
2098582
2098583
2098584
2098585
2098586
2098587
2098588
2098589
2098590
2098591
2098592
2098593
2098594
2098595
2098596
2098597
2098598
2098599
2098600
2098601
2098602
2098603
2098604
2098605
2098606
2098607
2098608
2098609
2098610
2098611
2098612
2098613
2098614
2098615
2098616
2098617
2098618
2098619
2098620
2098621
2098622
2098623
2098624
2098625
2098626
2098627
2098628
2098629
2098630
2098631
2098632
2098633
2098634
2098635
2098636
2098637
2098638
2098639
2098640
2098641
2098642
2098643
2098644
2098645
2098646
2098647
2098648
2098649
2098650
2098651
2098652
2098653
2098654
2098655
2098656
2098657
2098658
2098659
2098660
2098661
2098662
2098663
2098664
2098665
2098666
2098667
2098668
2098669
2098670
2098671
2098672
2098673
2098674
2098675
2098676
2098677
2098678
2098679
2098680
2098681
2098682
2098683
2098684
2098685
2098686
2098687
2098688
2098689
2098690
2098691
2098692
2098693
2098694
2098695
2098696
2098697
2098698
2098699
2098700
2098701
2098702
2098703
2098704
2098705
2098706
2098707
2098708
2098709
2098710
2098711
2098712
2098713
2098714
2098715
2098716
2098717
2098718
2098719
2098720
2098721
2098722
2098723
2098724
2098725
2098726
2098727
2098728
2098729
2098730
2098731
2098732
2098733
2098734
2098735
2098736
2098737
2098738
2098739
2098740
2098741
2098742
2098743
2098744
2098745
2098746
2098747
2098748
2098749
2098750
2098751
2098752
2098753
2098754
2098755
2098756
2098757
2098758
2098759
2098760
2098761
2098762
2098763
2098764
2098765
2098766
2098767
2098768
2098769
2098770
2098771
2098772
2098773
2098774
2098775
2098776
2098777
2098778
2098779
2098780
2098781
2098782
2098783
2098784
2098785
2098786
2098787
2098788
2098789
2098790
2098791
2098792
2098793
2098794
2098795
2098796
2098797
2098798
2098799
2098800
2098801
2098802
2098803
2098804
2098805
2098806
2098807
2098808
2098809
2098810
2098811
2098812
2098813
2098814
2098815
2098816
2098817
2098818
2098819
2098820
2098821
2098822
2098823
2098824
2098825
2098826
2098827
2098828
2098829
2098830
2098831
2098832
2098833
2098834
2098835
2098836
2098837
2098838
2098839
2098840
2098841
2098842
2098843
2098844
2098845
2098846
2098847
2098848
2098849
2098850
2098851
2098852
2098853
2098854
2098855
2098856
2098857
2098858
2098859
2098860
2098861
2098862
2098863
2098864
2098865
2098866
2098867
2098868
2098869
2098870
2098871
2098872
2098873
2098874
2098875
2098876
2098877
2098878
2098879
2098880
2098881
2098882
2098883
2098884
2098885
2098886
2098887
2098888
2098889
2098890
2098891
2098892
2098893
2098894
2098895
2098896
2098897
2098898
2098899
2098900
2098901
2098902
2098903
2098904
2098905
2098906
2098907
2098908
2098909
2098910
2098911
2098912
2098913
2098914
2098915
2098916
2098917
2098918
2098919
2098920
2098921
2098922
2098923
2098924
2098925
2098926
2098927
2098928
2098929
2098930
2098931
2098932
2098933
2098934
2098935
2098936
2098937
2098938
2098939
2098940
2098941
2098942
2098943
2098944
2098945
2098946
2098947
2098948
2098949
2098950
2098951
2098952
2098953
2098954
2098955
2098956
2098957
2098958
2098959
2098960
2098961
2098962
2098963
2098964
2098965
2098966
2098967
2098968
2098969
2098970
2098971
2098972
2098973
2098974
2098975
2098976
2098977
2098978
2098979
2098980
2098981
2098982
2098983
2098984
2098985
2098986
2098987
2098988
2098989
2098990
2098991
2098992
2098993
2098994
2098995
2098996
2098997
2098998
2098999
2099000
2099001
2099002
2099003
2099004
2099005
2099006
2099007
2099008
2099009
2099010
2099011
2099012
2099013
2099014
2099015
2099016
2099017
2099018
2099019
2099020
2099021
2099022
2099023
2099024
2099025
2099026
2099027
2099028
2099029
2099030
2099031
2099032
2099033
2099034
2099035
2099036
2099037
2099038
2099039
2099040
2099041
2099042
2099043
2099044
2099045
2099046
2099047
2099048
2099049
2099050
2099051
2099052
2099053
2099054
2099055
2099056
2099057
2099058
2099059
2099060
2099061
2099062
2099063
2099064
2099065
2099066
2099067
2099068
2099069
2099070
2099071
2099072
2099073
2099074
2099075
2099076
2099077
2099078
2099079
2099080
2099081
2099082
2099083
2099084
2099085
2099086
2099087
2099088
2099089
2099090
2099091
2099092
2099093
2099094
2099095
2099096
2099097
2099098
2099099
2099100
2099101
2099102
2099103
2099104
2099105
2099106
2099107
2099108
2099109
2099110
2099111
2099112
2099113
2099114
2099115
2099116
2099117
2099118
2099119
2099120
2099121
2099122
2099123
2099124
2099125
2099126
2099127
2099128
2099129
2099130
2099131
2099132
2099133
2099134
2099135
2099136
2099137
2099138
2099139
2099140
2099141
2099142
2099143
2099144
2099145
2099146
2099147
2099148
2099149
2099150
2099151
2099152
2099153
2099154
2099155
2099156
2099157
2099158
2099159
2099160
2099161
2099162
2099163
2099164
2099165
2099166
2099167
2099168
2099169
2099170
2099171
2099172
2099173
2099174
2099175
2099176
2099177
2099178
2099179
2099180
2099181
2099182
2099183
2099184
2099185
2099186
2099187
2099188
2099189
2099190
2099191
2099192
2099193
2099194
2099195
2099196
2099197
2099198
2099199
2099200
2099201
2099202
2099203
2099204
2099205
2099206
2099207
2099208
2099209
2099210
2099211
2099212
2099213
2099214
2099215
2099216
2099217
2099218
2099219
2099220
2099221
2099222
2099223
2099224
2099225
2099226
2099227
2099228
2099229
2099230
2099231
2099232
2099233
2099234
2099235
2099236
2099237
2099238
2099239
2099240
2099241
2099242
2099243
2099244
2099245
2099246
2099247
2099248
2099249
2099250
2099251
2099252
2099253
2099254
2099255
2099256
2099257
2099258
2099259
2099260
2099261
2099262
2099263
2099264
2099265
2099266
2099267
2099268
2099269
2099270
2099271
2099272
2099273
2099274
2099275
2099276
2099277
2099278
2099279
2099280
2099281
2099282
2099283
2099284
2099285
2099286
2099287
2099288
2099289
2099290
2099291
2099292
2099293
2099294
2099295
2099296
2099297
2099298
2099299
2099300
2099301
2099302
2099303
2099304
2099305
2099306
2099307
2099308
2099309
2099310
2099311
2099312
2099313
2099314
2099315
2099316
2099317
2099318
2099319
2099320
2099321
2099322
2099323
2099324
2099325
2099326
2099327
2099328
2099329
2099330
2099331
2099332
2099333
2099334
2099335
2099336
2099337
2099338
2099339
2099340
2099341
2099342
2099343
2099344
2099345
2099346
2099347
2099348
2099349
2099350
2099351
2099352
2099353
2099354
2099355
2099356
2099357
2099358
2099359
2099360
2099361
2099362
2099363
2099364
2099365
2099366
2099367
2099368
2099369
2099370
2099371
2099372
2099373
2099374
2099375
2099376
2099377
2099378
2099379
2099380
2099381
2099382
2099383
2099384
2099385
2099386
2099387
2099388
2099389
2099390
2099391
2099392
2099393
2099394
2099395
2099396
2099397
2099398
2099399
2099400
2099401
2099402
2099403
2099404
2099405
2099406
2099407
2099408
2099409
2099410
2099411
2099412
2099413
2099414
2099415
2099416
2099417
2099418
2099419
2099420
2099421
2099422
2099423
2099424
2099425
2099426
2099427
2099428
2099429
2099430
2099431
2099432
2099433
2099434
2099435
2099436
2099437
2099438
2099439
2099440
2099441
2099442
2099443
2099444
2099445
2099446
2099447
2099448
2099449
2099450
2099451
2099452
2099453
2099454
2099455
2099456
2099457
2099458
2099459
2099460
2099461
2099462
2099463
2099464
2099465
2099466
2099467
2099468
2099469
2099470
2099471
2099472
2099473
2099474
2099475
2099476
2099477
2099478
2099479
2099480
2099481
2099482
2099483
2099484
2099485
2099486
2099487
2099488
2099489
2099490
2099491
2099492
2099493
2099494
2099495
2099496
2099497
2099498
2099499
2099500
2099501
2099502
2099503
2099504
2099505
2099506
2099507
2099508
2099509
2099510
2099511
2099512
2099513
2099514
2099515
2099516
2099517
2099518
2099519
2099520
2099521
2099522
2099523
2099524
2099525
2099526
2099527
2099528
2099529
2099530
2099531
2099532
2099533
2099534
2099535
2099536
2099537
2099538
2099539
2099540
2099541
2099542
2099543
2099544
2099545
2099546
2099547
2099548
2099549
2099550
2099551
2099552
2099553
2099554
2099555
2099556
2099557
2099558
2099559
2099560
2099561
2099562
2099563
2099564
2099565
2099566
2099567
2099568
2099569
2099570
2099571
2099572
2099573
2099574
2099575
2099576
2099577
2099578
2099579
2099580
2099581
2099582
2099583
2099584
2099585
2099586
2099587
2099588
2099589
2099590
2099591
2099592
2099593
2099594
2099595
2099596
2099597
2099598
2099599
2099600
2099601
2099602
2099603
2099604
2099605
2099606
2099607
2099608
2099609
2099610
2099611
2099612
2099613
2099614
2099615
2099616
2099617
2099618
2099619
2099620
2099621
2099622
2099623
2099624
2099625
2099626
2099627
2099628
2099629
2099630
2099631
2099632
2099633
2099634
2099635
2099636
2099637
2099638
2099639
2099640
2099641
2099642
2099643
2099644
2099645
2099646
2099647
2099648
2099649
2099650
2099651
2099652
2099653
2099654
2099655
2099656
2099657
2099658
2099659
2099660
2099661
2099662
2099663
2099664
2099665
2099666
2099667
2099668
2099669
2099670
2099671
2099672
2099673
2099674
2099675
2099676
2099677
2099678
2099679
2099680
2099681
2099682
2099683
2099684
2099685
2099686
2099687
2099688
2099689
2099690
2099691
2099692
2099693
2099694
2099695
2099696
2099697
2099698
2099699
2099700
2099701
2099702
2099703
2099704
2099705
2099706
2099707
2099708
2099709
2099710
2099711
2099712
2099713
2099714
2099715
2099716
2099717
2099718
2099719
2099720
2099721
2099722
2099723
2099724
2099725
2099726
2099727
2099728
2099729
2099730
2099731
2099732
2099733
2099734
2099735
2099736
2099737
2099738
2099739
2099740
2099741
2099742
2099743
2099744
2099745
2099746
2099747
2099748
2099749
2099750
2099751
2099752
2099753
2099754
2099755
2099756
2099757
2099758
2099759
2099760
2099761
2099762
2099763
2099764
2099765
2099766
2099767
2099768
2099769
2099770
2099771
2099772
2099773
2099774
2099775
2099776
2099777
2099778
2099779
2099780
2099781
2099782
2099783
2099784
2099785
2099786
2099787
2099788
2099789
2099790
2099791
2099792
2099793
2099794
2099795
2099796
2099797
2099798
2099799
2099800
2099801
2099802
2099803
2099804
2099805
2099806
2099807
2099808
2099809
2099810
2099811
2099812
2099813
2099814
2099815
2099816
2099817
2099818
2099819
2099820
2099821
2099822
2099823
2099824
2099825
2099826
2099827
2099828
2099829
2099830
2099831
2099832
2099833
2099834
2099835
2099836
2099837
2099838
2099839
2099840
2099841
2099842
2099843
2099844
2099845
2099846
2099847
2099848
2099849
2099850
2099851
2099852
2099853
2099854
2099855
2099856
2099857
2099858
2099859
2099860
2099861
2099862
2099863
2099864
2099865
2099866
2099867
2099868
2099869
2099870
2099871
2099872
2099873
2099874
2099875
2099876
2099877
2099878
2099879
2099880
2099881
2099882
2099883
2099884
2099885
2099886
2099887
2099888
2099889
2099890
2099891
2099892
2099893
2099894
2099895
2099896
2099897
2099898
2099899
2099900
2099901
2099902
2099903
2099904
2099905
2099906
2099907
2099908
2099909
2099910
2099911
2099912
2099913
2099914
2099915
2099916
2099917
2099918
2099919
2099920
2099921
2099922
2099923
2099924
2099925
2099926
2099927
2099928
2099929
2099930
2099931
2099932
2099933
2099934
2099935
2099936
2099937
2099938
2099939
2099940
2099941
2099942
2099943
2099944
2099945
2099946
2099947
2099948
2099949
2099950
2099951
2099952
2099953
2099954
2099955
2099956
2099957
2099958
2099959
2099960
2099961
2099962
2099963
2099964
2099965
2099966
2099967
2099968
2099969
2099970
2099971
2099972
2099973
2099974
2099975
2099976
2099977
2099978
2099979
2099980
2099981
2099982
2099983
2099984
2099985
2099986
2099987
2099988
2099989
2099990
2099991
2099992
2099993
2099994
2099995
2099996
2099997
2099998
2099999
2100000
