2140001
2140002
2140003
2140004
2140005
2140006
2140007
2140008
2140009
2140010
2140011
2140012
2140013
2140014
2140015
2140016
2140017
2140018
2140019
2140020
2140021
2140022
2140023
2140024
2140025
2140026
2140027
2140028
2140029
2140030
2140031
2140032
2140033
2140034
2140035
2140036
2140037
2140038
2140039
2140040
2140041
2140042
2140043
2140044
2140045
2140046
2140047
2140048
2140049
2140050
2140051
2140052
2140053
2140054
2140055
2140056
2140057
2140058
2140059
2140060
2140061
2140062
2140063
2140064
2140065
2140066
2140067
2140068
2140069
2140070
2140071
2140072
2140073
2140074
2140075
2140076
2140077
2140078
2140079
2140080
2140081
2140082
2140083
2140084
2140085
2140086
2140087
2140088
2140089
2140090
2140091
2140092
2140093
2140094
2140095
2140096
2140097
2140098
2140099
2140100
2140101
2140102
2140103
2140104
2140105
2140106
2140107
2140108
2140109
2140110
2140111
2140112
2140113
2140114
2140115
2140116
2140117
2140118
2140119
2140120
2140121
2140122
2140123
2140124
2140125
2140126
2140127
2140128
2140129
2140130
2140131
2140132
2140133
2140134
2140135
2140136
2140137
2140138
2140139
2140140
2140141
2140142
2140143
2140144
2140145
2140146
2140147
2140148
2140149
2140150
2140151
2140152
2140153
2140154
2140155
2140156
2140157
2140158
2140159
2140160
2140161
2140162
2140163
2140164
2140165
2140166
2140167
2140168
2140169
2140170
2140171
2140172
2140173
2140174
2140175
2140176
2140177
2140178
2140179
2140180
2140181
2140182
2140183
2140184
2140185
2140186
2140187
2140188
2140189
2140190
2140191
2140192
2140193
2140194
2140195
2140196
2140197
2140198
2140199
2140200
2140201
2140202
2140203
2140204
2140205
2140206
2140207
2140208
2140209
2140210
2140211
2140212
2140213
2140214
2140215
2140216
2140217
2140218
2140219
2140220
2140221
2140222
2140223
2140224
2140225
2140226
2140227
2140228
2140229
2140230
2140231
2140232
2140233
2140234
2140235
2140236
2140237
2140238
2140239
2140240
2140241
2140242
2140243
2140244
2140245
2140246
2140247
2140248
2140249
2140250
2140251
2140252
2140253
2140254
2140255
2140256
2140257
2140258
2140259
2140260
2140261
2140262
2140263
2140264
2140265
2140266
2140267
2140268
2140269
2140270
2140271
2140272
2140273
2140274
2140275
2140276
2140277
2140278
2140279
2140280
2140281
2140282
2140283
2140284
2140285
2140286
2140287
2140288
2140289
2140290
2140291
2140292
2140293
2140294
2140295
2140296
2140297
2140298
2140299
2140300
2140301
2140302
2140303
2140304
2140305
2140306
2140307
2140308
2140309
2140310
2140311
2140312
2140313
2140314
2140315
2140316
2140317
2140318
2140319
2140320
2140321
2140322
2140323
2140324
2140325
2140326
2140327
2140328
2140329
2140330
2140331
2140332
2140333
2140334
2140335
2140336
2140337
2140338
2140339
2140340
2140341
2140342
2140343
2140344
2140345
2140346
2140347
2140348
2140349
2140350
2140351
2140352
2140353
2140354
2140355
2140356
2140357
2140358
2140359
2140360
2140361
2140362
2140363
2140364
2140365
2140366
2140367
2140368
2140369
2140370
2140371
2140372
2140373
2140374
2140375
2140376
2140377
2140378
2140379
2140380
2140381
2140382
2140383
2140384
2140385
2140386
2140387
2140388
2140389
2140390
2140391
2140392
2140393
2140394
2140395
2140396
2140397
2140398
2140399
2140400
2140401
2140402
2140403
2140404
2140405
2140406
2140407
2140408
2140409
2140410
2140411
2140412
2140413
2140414
2140415
2140416
2140417
2140418
2140419
2140420
2140421
2140422
2140423
2140424
2140425
2140426
2140427
2140428
2140429
2140430
2140431
2140432
2140433
2140434
2140435
2140436
2140437
2140438
2140439
2140440
2140441
2140442
2140443
2140444
2140445
2140446
2140447
2140448
2140449
2140450
2140451
2140452
2140453
2140454
2140455
2140456
2140457
2140458
2140459
2140460
2140461
2140462
2140463
2140464
2140465
2140466
2140467
2140468
2140469
2140470
2140471
2140472
2140473
2140474
2140475
2140476
2140477
2140478
2140479
2140480
2140481
2140482
2140483
2140484
2140485
2140486
2140487
2140488
2140489
2140490
2140491
2140492
2140493
2140494
2140495
2140496
2140497
2140498
2140499
2140500
2140501
2140502
2140503
2140504
2140505
2140506
2140507
2140508
2140509
2140510
2140511
2140512
2140513
2140514
2140515
2140516
2140517
2140518
2140519
2140520
2140521
2140522
2140523
2140524
2140525
2140526
2140527
2140528
2140529
2140530
2140531
2140532
2140533
2140534
2140535
2140536
2140537
2140538
2140539
2140540
2140541
2140542
2140543
2140544
2140545
2140546
2140547
2140548
2140549
2140550
2140551
2140552
2140553
2140554
2140555
2140556
2140557
2140558
2140559
2140560
2140561
2140562
2140563
2140564
2140565
2140566
2140567
2140568
2140569
2140570
2140571
2140572
2140573
2140574
2140575
2140576
2140577
2140578
2140579
2140580
2140581
2140582
2140583
2140584
2140585
2140586
2140587
2140588
2140589
2140590
2140591
2140592
2140593
2140594
2140595
2140596
2140597
2140598
2140599
2140600
2140601
2140602
2140603
2140604
2140605
2140606
2140607
2140608
2140609
2140610
2140611
2140612
2140613
2140614
2140615
2140616
2140617
2140618
2140619
2140620
2140621
2140622
2140623
2140624
2140625
2140626
2140627
2140628
2140629
2140630
2140631
2140632
2140633
2140634
2140635
2140636
2140637
2140638
2140639
2140640
2140641
2140642
2140643
2140644
2140645
2140646
2140647
2140648
2140649
2140650
2140651
2140652
2140653
2140654
2140655
2140656
2140657
2140658
2140659
2140660
2140661
2140662
2140663
2140664
2140665
2140666
2140667
2140668
2140669
2140670
2140671
2140672
2140673
2140674
2140675
2140676
2140677
2140678
2140679
2140680
2140681
2140682
2140683
2140684
2140685
2140686
2140687
2140688
2140689
2140690
2140691
2140692
2140693
2140694
2140695
2140696
2140697
2140698
2140699
2140700
2140701
2140702
2140703
2140704
2140705
2140706
2140707
2140708
2140709
2140710
2140711
2140712
2140713
2140714
2140715
2140716
2140717
2140718
2140719
2140720
2140721
2140722
2140723
2140724
2140725
2140726
2140727
2140728
2140729
2140730
2140731
2140732
2140733
2140734
2140735
2140736
2140737
2140738
2140739
2140740
2140741
2140742
2140743
2140744
2140745
2140746
2140747
2140748
2140749
2140750
2140751
2140752
2140753
2140754
2140755
2140756
2140757
2140758
2140759
2140760
2140761
2140762
2140763
2140764
2140765
2140766
2140767
2140768
2140769
2140770
2140771
2140772
2140773
2140774
2140775
2140776
2140777
2140778
2140779
2140780
2140781
2140782
2140783
2140784
2140785
2140786
2140787
2140788
2140789
2140790
2140791
2140792
2140793
2140794
2140795
2140796
2140797
2140798
2140799
2140800
2140801
2140802
2140803
2140804
2140805
2140806
2140807
2140808
2140809
2140810
2140811
2140812
2140813
2140814
2140815
2140816
2140817
2140818
2140819
2140820
2140821
2140822
2140823
2140824
2140825
2140826
2140827
2140828
2140829
2140830
2140831
2140832
2140833
2140834
2140835
2140836
2140837
2140838
2140839
2140840
2140841
2140842
2140843
2140844
2140845
2140846
2140847
2140848
2140849
2140850
2140851
2140852
2140853
2140854
2140855
2140856
2140857
2140858
2140859
2140860
2140861
2140862
2140863
2140864
2140865
2140866
2140867
2140868
2140869
2140870
2140871
2140872
2140873
2140874
2140875
2140876
2140877
2140878
2140879
2140880
2140881
2140882
2140883
2140884
2140885
2140886
2140887
2140888
2140889
2140890
2140891
2140892
2140893
2140894
2140895
2140896
2140897
2140898
2140899
2140900
2140901
2140902
2140903
2140904
2140905
2140906
2140907
2140908
2140909
2140910
2140911
2140912
2140913
2140914
2140915
2140916
2140917
2140918
2140919
2140920
2140921
2140922
2140923
2140924
2140925
2140926
2140927
2140928
2140929
2140930
2140931
2140932
2140933
2140934
2140935
2140936
2140937
2140938
2140939
2140940
2140941
2140942
2140943
2140944
2140945
2140946
2140947
2140948
2140949
2140950
2140951
2140952
2140953
2140954
2140955
2140956
2140957
2140958
2140959
2140960
2140961
2140962
2140963
2140964
2140965
2140966
2140967
2140968
2140969
2140970
2140971
2140972
2140973
2140974
2140975
2140976
2140977
2140978
2140979
2140980
2140981
2140982
2140983
2140984
2140985
2140986
2140987
2140988
2140989
2140990
2140991
2140992
2140993
2140994
2140995
2140996
2140997
2140998
2140999
2141000
2141001
2141002
2141003
2141004
2141005
2141006
2141007
2141008
2141009
2141010
2141011
2141012
2141013
2141014
2141015
2141016
2141017
2141018
2141019
2141020
2141021
2141022
2141023
2141024
2141025
2141026
2141027
2141028
2141029
2141030
2141031
2141032
2141033
2141034
2141035
2141036
2141037
2141038
2141039
2141040
2141041
2141042
2141043
2141044
2141045
2141046
2141047
2141048
2141049
2141050
2141051
2141052
2141053
2141054
2141055
2141056
2141057
2141058
2141059
2141060
2141061
2141062
2141063
2141064
2141065
2141066
2141067
2141068
2141069
2141070
2141071
2141072
2141073
2141074
2141075
2141076
2141077
2141078
2141079
2141080
2141081
2141082
2141083
2141084
2141085
2141086
2141087
2141088
2141089
2141090
2141091
2141092
2141093
2141094
2141095
2141096
2141097
2141098
2141099
2141100
2141101
2141102
2141103
2141104
2141105
2141106
2141107
2141108
2141109
2141110
2141111
2141112
2141113
2141114
2141115
2141116
2141117
2141118
2141119
2141120
2141121
2141122
2141123
2141124
2141125
2141126
2141127
2141128
2141129
2141130
2141131
2141132
2141133
2141134
2141135
2141136
2141137
2141138
2141139
2141140
2141141
2141142
2141143
2141144
2141145
2141146
2141147
2141148
2141149
2141150
2141151
2141152
2141153
2141154
2141155
2141156
2141157
2141158
2141159
2141160
2141161
2141162
2141163
2141164
2141165
2141166
2141167
2141168
2141169
2141170
2141171
2141172
2141173
2141174
2141175
2141176
2141177
2141178
2141179
2141180
2141181
2141182
2141183
2141184
2141185
2141186
2141187
2141188
2141189
2141190
2141191
2141192
2141193
2141194
2141195
2141196
2141197
2141198
2141199
2141200
2141201
2141202
2141203
2141204
2141205
2141206
2141207
2141208
2141209
2141210
2141211
2141212
2141213
2141214
2141215
2141216
2141217
2141218
2141219
2141220
2141221
2141222
2141223
2141224
2141225
2141226
2141227
2141228
2141229
2141230
2141231
2141232
2141233
2141234
2141235
2141236
2141237
2141238
2141239
2141240
2141241
2141242
2141243
2141244
2141245
2141246
2141247
2141248
2141249
2141250
2141251
2141252
2141253
2141254
2141255
2141256
2141257
2141258
2141259
2141260
2141261
2141262
2141263
2141264
2141265
2141266
2141267
2141268
2141269
2141270
2141271
2141272
2141273
2141274
2141275
2141276
2141277
2141278
2141279
2141280
2141281
2141282
2141283
2141284
2141285
2141286
2141287
2141288
2141289
2141290
2141291
2141292
2141293
2141294
2141295
2141296
2141297
2141298
2141299
2141300
2141301
2141302
2141303
2141304
2141305
2141306
2141307
2141308
2141309
2141310
2141311
2141312
2141313
2141314
2141315
2141316
2141317
2141318
2141319
2141320
2141321
2141322
2141323
2141324
2141325
2141326
2141327
2141328
2141329
2141330
2141331
2141332
2141333
2141334
2141335
2141336
2141337
2141338
2141339
2141340
2141341
2141342
2141343
2141344
2141345
2141346
2141347
2141348
2141349
2141350
2141351
2141352
2141353
2141354
2141355
2141356
2141357
2141358
2141359
2141360
2141361
2141362
2141363
2141364
2141365
2141366
2141367
2141368
2141369
2141370
2141371
2141372
2141373
2141374
2141375
2141376
2141377
2141378
2141379
2141380
2141381
2141382
2141383
2141384
2141385
2141386
2141387
2141388
2141389
2141390
2141391
2141392
2141393
2141394
2141395
2141396
2141397
2141398
2141399
2141400
2141401
2141402
2141403
2141404
2141405
2141406
2141407
2141408
2141409
2141410
2141411
2141412
2141413
2141414
2141415
2141416
2141417
2141418
2141419
2141420
2141421
2141422
2141423
2141424
2141425
2141426
2141427
2141428
2141429
2141430
2141431
2141432
2141433
2141434
2141435
2141436
2141437
2141438
2141439
2141440
2141441
2141442
2141443
2141444
2141445
2141446
2141447
2141448
2141449
2141450
2141451
2141452
2141453
2141454
2141455
2141456
2141457
2141458
2141459
2141460
2141461
2141462
2141463
2141464
2141465
2141466
2141467
2141468
2141469
2141470
2141471
2141472
2141473
2141474
2141475
2141476
2141477
2141478
2141479
2141480
2141481
2141482
2141483
2141484
2141485
2141486
2141487
2141488
2141489
2141490
2141491
2141492
2141493
2141494
2141495
2141496
2141497
2141498
2141499
2141500
2141501
2141502
2141503
2141504
2141505
2141506
2141507
2141508
2141509
2141510
2141511
2141512
2141513
2141514
2141515
2141516
2141517
2141518
2141519
2141520
2141521
2141522
2141523
2141524
2141525
2141526
2141527
2141528
2141529
2141530
2141531
2141532
2141533
2141534
2141535
2141536
2141537
2141538
2141539
2141540
2141541
2141542
2141543
2141544
2141545
2141546
2141547
2141548
2141549
2141550
2141551
2141552
2141553
2141554
2141555
2141556
2141557
2141558
2141559
2141560
2141561
2141562
2141563
2141564
2141565
2141566
2141567
2141568
2141569
2141570
2141571
2141572
2141573
2141574
2141575
2141576
2141577
2141578
2141579
2141580
2141581
2141582
2141583
2141584
2141585
2141586
2141587
2141588
2141589
2141590
2141591
2141592
2141593
2141594
2141595
2141596
2141597
2141598
2141599
2141600
2141601
2141602
2141603
2141604
2141605
2141606
2141607
2141608
2141609
2141610
2141611
2141612
2141613
2141614
2141615
2141616
2141617
2141618
2141619
2141620
2141621
2141622
2141623
2141624
2141625
2141626
2141627
2141628
2141629
2141630
2141631
2141632
2141633
2141634
2141635
2141636
2141637
2141638
2141639
2141640
2141641
2141642
2141643
2141644
2141645
2141646
2141647
2141648
2141649
2141650
2141651
2141652
2141653
2141654
2141655
2141656
2141657
2141658
2141659
2141660
2141661
2141662
2141663
2141664
2141665
2141666
2141667
2141668
2141669
2141670
2141671
2141672
2141673
2141674
2141675
2141676
2141677
2141678
2141679
2141680
2141681
2141682
2141683
2141684
2141685
2141686
2141687
2141688
2141689
2141690
2141691
2141692
2141693
2141694
2141695
2141696
2141697
2141698
2141699
2141700
2141701
2141702
2141703
2141704
2141705
2141706
2141707
2141708
2141709
2141710
2141711
2141712
2141713
2141714
2141715
2141716
2141717
2141718
2141719
2141720
2141721
2141722
2141723
2141724
2141725
2141726
2141727
2141728
2141729
2141730
2141731
2141732
2141733
2141734
2141735
2141736
2141737
2141738
2141739
2141740
2141741
2141742
2141743
2141744
2141745
2141746
2141747
2141748
2141749
2141750
2141751
2141752
2141753
2141754
2141755
2141756
2141757
2141758
2141759
2141760
2141761
2141762
2141763
2141764
2141765
2141766
2141767
2141768
2141769
2141770
2141771
2141772
2141773
2141774
2141775
2141776
2141777
2141778
2141779
2141780
2141781
2141782
2141783
2141784
2141785
2141786
2141787
2141788
2141789
2141790
2141791
2141792
2141793
2141794
2141795
2141796
2141797
2141798
2141799
2141800
2141801
2141802
2141803
2141804
2141805
2141806
2141807
2141808
2141809
2141810
2141811
2141812
2141813
2141814
2141815
2141816
2141817
2141818
2141819
2141820
2141821
2141822
2141823
2141824
2141825
2141826
2141827
2141828
2141829
2141830
2141831
2141832
2141833
2141834
2141835
2141836
2141837
2141838
2141839
2141840
2141841
2141842
2141843
2141844
2141845
2141846
2141847
2141848
2141849
2141850
2141851
2141852
2141853
2141854
2141855
2141856
2141857
2141858
2141859
2141860
2141861
2141862
2141863
2141864
2141865
2141866
2141867
2141868
2141869
2141870
2141871
2141872
2141873
2141874
2141875
2141876
2141877
2141878
2141879
2141880
2141881
2141882
2141883
2141884
2141885
2141886
2141887
2141888
2141889
2141890
2141891
2141892
2141893
2141894
2141895
2141896
2141897
2141898
2141899
2141900
2141901
2141902
2141903
2141904
2141905
2141906
2141907
2141908
2141909
2141910
2141911
2141912
2141913
2141914
2141915
2141916
2141917
2141918
2141919
2141920
2141921
2141922
2141923
2141924
2141925
2141926
2141927
2141928
2141929
2141930
2141931
2141932
2141933
2141934
2141935
2141936
2141937
2141938
2141939
2141940
2141941
2141942
2141943
2141944
2141945
2141946
2141947
2141948
2141949
2141950
2141951
2141952
2141953
2141954
2141955
2141956
2141957
2141958
2141959
2141960
2141961
2141962
2141963
2141964
2141965
2141966
2141967
2141968
2141969
2141970
2141971
2141972
2141973
2141974
2141975
2141976
2141977
2141978
2141979
2141980
2141981
2141982
2141983
2141984
2141985
2141986
2141987
2141988
2141989
2141990
2141991
2141992
2141993
2141994
2141995
2141996
2141997
2141998
2141999
2142000
2142001
2142002
2142003
2142004
2142005
2142006
2142007
2142008
2142009
2142010
2142011
2142012
2142013
2142014
2142015
2142016
2142017
2142018
2142019
2142020
2142021
2142022
2142023
2142024
2142025
2142026
2142027
2142028
2142029
2142030
2142031
2142032
2142033
2142034
2142035
2142036
2142037
2142038
2142039
2142040
2142041
2142042
2142043
2142044
2142045
2142046
2142047
2142048
2142049
2142050
2142051
2142052
2142053
2142054
2142055
2142056
2142057
2142058
2142059
2142060
2142061
2142062
2142063
2142064
2142065
2142066
2142067
2142068
2142069
2142070
2142071
2142072
2142073
2142074
2142075
2142076
2142077
2142078
2142079
2142080
2142081
2142082
2142083
2142084
2142085
2142086
2142087
2142088
2142089
2142090
2142091
2142092
2142093
2142094
2142095
2142096
2142097
2142098
2142099
2142100
2142101
2142102
2142103
2142104
2142105
2142106
2142107
2142108
2142109
2142110
2142111
2142112
2142113
2142114
2142115
2142116
2142117
2142118
2142119
2142120
2142121
2142122
2142123
2142124
2142125
2142126
2142127
2142128
2142129
2142130
2142131
2142132
2142133
2142134
2142135
2142136
2142137
2142138
2142139
2142140
2142141
2142142
2142143
2142144
2142145
2142146
2142147
2142148
2142149
2142150
2142151
2142152
2142153
2142154
2142155
2142156
2142157
2142158
2142159
2142160
2142161
2142162
2142163
2142164
2142165
2142166
2142167
2142168
2142169
2142170
2142171
2142172
2142173
2142174
2142175
2142176
2142177
2142178
2142179
2142180
2142181
2142182
2142183
2142184
2142185
2142186
2142187
2142188
2142189
2142190
2142191
2142192
2142193
2142194
2142195
2142196
2142197
2142198
2142199
2142200
2142201
2142202
2142203
2142204
2142205
2142206
2142207
2142208
2142209
2142210
2142211
2142212
2142213
2142214
2142215
2142216
2142217
2142218
2142219
2142220
2142221
2142222
2142223
2142224
2142225
2142226
2142227
2142228
2142229
2142230
2142231
2142232
2142233
2142234
2142235
2142236
2142237
2142238
2142239
2142240
2142241
2142242
2142243
2142244
2142245
2142246
2142247
2142248
2142249
2142250
2142251
2142252
2142253
2142254
2142255
2142256
2142257
2142258
2142259
2142260
2142261
2142262
2142263
2142264
2142265
2142266
2142267
2142268
2142269
2142270
2142271
2142272
2142273
2142274
2142275
2142276
2142277
2142278
2142279
2142280
2142281
2142282
2142283
2142284
2142285
2142286
2142287
2142288
2142289
2142290
2142291
2142292
2142293
2142294
2142295
2142296
2142297
2142298
2142299
2142300
2142301
2142302
2142303
2142304
2142305
2142306
2142307
2142308
2142309
2142310
2142311
2142312
2142313
2142314
2142315
2142316
2142317
2142318
2142319
2142320
2142321
2142322
2142323
2142324
2142325
2142326
2142327
2142328
2142329
2142330
2142331
2142332
2142333
2142334
2142335
2142336
2142337
2142338
2142339
2142340
2142341
2142342
2142343
2142344
2142345
2142346
2142347
2142348
2142349
2142350
2142351
2142352
2142353
2142354
2142355
2142356
2142357
2142358
2142359
2142360
2142361
2142362
2142363
2142364
2142365
2142366
2142367
2142368
2142369
2142370
2142371
2142372
2142373
2142374
2142375
2142376
2142377
2142378
2142379
2142380
2142381
2142382
2142383
2142384
2142385
2142386
2142387
2142388
2142389
2142390
2142391
2142392
2142393
2142394
2142395
2142396
2142397
2142398
2142399
2142400
2142401
2142402
2142403
2142404
2142405
2142406
2142407
2142408
2142409
2142410
2142411
2142412
2142413
2142414
2142415
2142416
2142417
2142418
2142419
2142420
2142421
2142422
2142423
2142424
2142425
2142426
2142427
2142428
2142429
2142430
2142431
2142432
2142433
2142434
2142435
2142436
2142437
2142438
2142439
2142440
2142441
2142442
2142443
2142444
2142445
2142446
2142447
2142448
2142449
2142450
2142451
2142452
2142453
2142454
2142455
2142456
2142457
2142458
2142459
2142460
2142461
2142462
2142463
2142464
2142465
2142466
2142467
2142468
2142469
2142470
2142471
2142472
2142473
2142474
2142475
2142476
2142477
2142478
2142479
2142480
2142481
2142482
2142483
2142484
2142485
2142486
2142487
2142488
2142489
2142490
2142491
2142492
2142493
2142494
2142495
2142496
2142497
2142498
2142499
2142500
2142501
2142502
2142503
2142504
2142505
2142506
2142507
2142508
2142509
2142510
2142511
2142512
2142513
2142514
2142515
2142516
2142517
2142518
2142519
2142520
2142521
2142522
2142523
2142524
2142525
2142526
2142527
2142528
2142529
2142530
2142531
2142532
2142533
2142534
2142535
2142536
2142537
2142538
2142539
2142540
2142541
2142542
2142543
2142544
2142545
2142546
2142547
2142548
2142549
2142550
2142551
2142552
2142553
2142554
2142555
2142556
2142557
2142558
2142559
2142560
2142561
2142562
2142563
2142564
2142565
2142566
2142567
2142568
2142569
2142570
2142571
2142572
2142573
2142574
2142575
2142576
2142577
2142578
2142579
2142580
2142581
2142582
2142583
2142584
2142585
2142586
2142587
2142588
2142589
2142590
2142591
2142592
2142593
2142594
2142595
2142596
2142597
2142598
2142599
2142600
2142601
2142602
2142603
2142604
2142605
2142606
2142607
2142608
2142609
2142610
2142611
2142612
2142613
2142614
2142615
2142616
2142617
2142618
2142619
2142620
2142621
2142622
2142623
2142624
2142625
2142626
2142627
2142628
2142629
2142630
2142631
2142632
2142633
2142634
2142635
2142636
2142637
2142638
2142639
2142640
2142641
2142642
2142643
2142644
2142645
2142646
2142647
2142648
2142649
2142650
2142651
2142652
2142653
2142654
2142655
2142656
2142657
2142658
2142659
2142660
2142661
2142662
2142663
2142664
2142665
2142666
2142667
2142668
2142669
2142670
2142671
2142672
2142673
2142674
2142675
2142676
2142677
2142678
2142679
2142680
2142681
2142682
2142683
2142684
2142685
2142686
2142687
2142688
2142689
2142690
2142691
2142692
2142693
2142694
2142695
2142696
2142697
2142698
2142699
2142700
2142701
2142702
2142703
2142704
2142705
2142706
2142707
2142708
2142709
2142710
2142711
2142712
2142713
2142714
2142715
2142716
2142717
2142718
2142719
2142720
2142721
2142722
2142723
2142724
2142725
2142726
2142727
2142728
2142729
2142730
2142731
2142732
2142733
2142734
2142735
2142736
2142737
2142738
2142739
2142740
2142741
2142742
2142743
2142744
2142745
2142746
2142747
2142748
2142749
2142750
2142751
2142752
2142753
2142754
2142755
2142756
2142757
2142758
2142759
2142760
2142761
2142762
2142763
2142764
2142765
2142766
2142767
2142768
2142769
2142770
2142771
2142772
2142773
2142774
2142775
2142776
2142777
2142778
2142779
2142780
2142781
2142782
2142783
2142784
2142785
2142786
2142787
2142788
2142789
2142790
2142791
2142792
2142793
2142794
2142795
2142796
2142797
2142798
2142799
2142800
2142801
2142802
2142803
2142804
2142805
2142806
2142807
2142808
2142809
2142810
2142811
2142812
2142813
2142814
2142815
2142816
2142817
2142818
2142819
2142820
2142821
2142822
2142823
2142824
2142825
2142826
2142827
2142828
2142829
2142830
2142831
2142832
2142833
2142834
2142835
2142836
2142837
2142838
2142839
2142840
2142841
2142842
2142843
2142844
2142845
2142846
2142847
2142848
2142849
2142850
2142851
2142852
2142853
2142854
2142855
2142856
2142857
2142858
2142859
2142860
2142861
2142862
2142863
2142864
2142865
2142866
2142867
2142868
2142869
2142870
2142871
2142872
2142873
2142874
2142875
2142876
2142877
2142878
2142879
2142880
2142881
2142882
2142883
2142884
2142885
2142886
2142887
2142888
2142889
2142890
2142891
2142892
2142893
2142894
2142895
2142896
2142897
2142898
2142899
2142900
2142901
2142902
2142903
2142904
2142905
2142906
2142907
2142908
2142909
2142910
2142911
2142912
2142913
2142914
2142915
2142916
2142917
2142918
2142919
2142920
2142921
2142922
2142923
2142924
2142925
2142926
2142927
2142928
2142929
2142930
2142931
2142932
2142933
2142934
2142935
2142936
2142937
2142938
2142939
2142940
2142941
2142942
2142943
2142944
2142945
2142946
2142947
2142948
2142949
2142950
2142951
2142952
2142953
2142954
2142955
2142956
2142957
2142958
2142959
2142960
2142961
2142962
2142963
2142964
2142965
2142966
2142967
2142968
2142969
2142970
2142971
2142972
2142973
2142974
2142975
2142976
2142977
2142978
2142979
2142980
2142981
2142982
2142983
2142984
2142985
2142986
2142987
2142988
2142989
2142990
2142991
2142992
2142993
2142994
2142995
2142996
2142997
2142998
2142999
2143000
2143001
2143002
2143003
2143004
2143005
2143006
2143007
2143008
2143009
2143010
2143011
2143012
2143013
2143014
2143015
2143016
2143017
2143018
2143019
2143020
2143021
2143022
2143023
2143024
2143025
2143026
2143027
2143028
2143029
2143030
2143031
2143032
2143033
2143034
2143035
2143036
2143037
2143038
2143039
2143040
2143041
2143042
2143043
2143044
2143045
2143046
2143047
2143048
2143049
2143050
2143051
2143052
2143053
2143054
2143055
2143056
2143057
2143058
2143059
2143060
2143061
2143062
2143063
2143064
2143065
2143066
2143067
2143068
2143069
2143070
2143071
2143072
2143073
2143074
2143075
2143076
2143077
2143078
2143079
2143080
2143081
2143082
2143083
2143084
2143085
2143086
2143087
2143088
2143089
2143090
2143091
2143092
2143093
2143094
2143095
2143096
2143097
2143098
2143099
2143100
2143101
2143102
2143103
2143104
2143105
2143106
2143107
2143108
2143109
2143110
2143111
2143112
2143113
2143114
2143115
2143116
2143117
2143118
2143119
2143120
2143121
2143122
2143123
2143124
2143125
2143126
2143127
2143128
2143129
2143130
2143131
2143132
2143133
2143134
2143135
2143136
2143137
2143138
2143139
2143140
2143141
2143142
2143143
2143144
2143145
2143146
2143147
2143148
2143149
2143150
2143151
2143152
2143153
2143154
2143155
2143156
2143157
2143158
2143159
2143160
2143161
2143162
2143163
2143164
2143165
2143166
2143167
2143168
2143169
2143170
2143171
2143172
2143173
2143174
2143175
2143176
2143177
2143178
2143179
2143180
2143181
2143182
2143183
2143184
2143185
2143186
2143187
2143188
2143189
2143190
2143191
2143192
2143193
2143194
2143195
2143196
2143197
2143198
2143199
2143200
2143201
2143202
2143203
2143204
2143205
2143206
2143207
2143208
2143209
2143210
2143211
2143212
2143213
2143214
2143215
2143216
2143217
2143218
2143219
2143220
2143221
2143222
2143223
2143224
2143225
2143226
2143227
2143228
2143229
2143230
2143231
2143232
2143233
2143234
2143235
2143236
2143237
2143238
2143239
2143240
2143241
2143242
2143243
2143244
2143245
2143246
2143247
2143248
2143249
2143250
2143251
2143252
2143253
2143254
2143255
2143256
2143257
2143258
2143259
2143260
2143261
2143262
2143263
2143264
2143265
2143266
2143267
2143268
2143269
2143270
2143271
2143272
2143273
2143274
2143275
2143276
2143277
2143278
2143279
2143280
2143281
2143282
2143283
2143284
2143285
2143286
2143287
2143288
2143289
2143290
2143291
2143292
2143293
2143294
2143295
2143296
2143297
2143298
2143299
2143300
2143301
2143302
2143303
2143304
2143305
2143306
2143307
2143308
2143309
2143310
2143311
2143312
2143313
2143314
2143315
2143316
2143317
2143318
2143319
2143320
2143321
2143322
2143323
2143324
2143325
2143326
2143327
2143328
2143329
2143330
2143331
2143332
2143333
2143334
2143335
2143336
2143337
2143338
2143339
2143340
2143341
2143342
2143343
2143344
2143345
2143346
2143347
2143348
2143349
2143350
2143351
2143352
2143353
2143354
2143355
2143356
2143357
2143358
2143359
2143360
2143361
2143362
2143363
2143364
2143365
2143366
2143367
2143368
2143369
2143370
2143371
2143372
2143373
2143374
2143375
2143376
2143377
2143378
2143379
2143380
2143381
2143382
2143383
2143384
2143385
2143386
2143387
2143388
2143389
2143390
2143391
2143392
2143393
2143394
2143395
2143396
2143397
2143398
2143399
2143400
2143401
2143402
2143403
2143404
2143405
2143406
2143407
2143408
2143409
2143410
2143411
2143412
2143413
2143414
2143415
2143416
2143417
2143418
2143419
2143420
2143421
2143422
2143423
2143424
2143425
2143426
2143427
2143428
2143429
2143430
2143431
2143432
2143433
2143434
2143435
2143436
2143437
2143438
2143439
2143440
2143441
2143442
2143443
2143444
2143445
2143446
2143447
2143448
2143449
2143450
2143451
2143452
2143453
2143454
2143455
2143456
2143457
2143458
2143459
2143460
2143461
2143462
2143463
2143464
2143465
2143466
2143467
2143468
2143469
2143470
2143471
2143472
2143473
2143474
2143475
2143476
2143477
2143478
2143479
2143480
2143481
2143482
2143483
2143484
2143485
2143486
2143487
2143488
2143489
2143490
2143491
2143492
2143493
2143494
2143495
2143496
2143497
2143498
2143499
2143500
2143501
2143502
2143503
2143504
2143505
2143506
2143507
2143508
2143509
2143510
2143511
2143512
2143513
2143514
2143515
2143516
2143517
2143518
2143519
2143520
2143521
2143522
2143523
2143524
2143525
2143526
2143527
2143528
2143529
2143530
2143531
2143532
2143533
2143534
2143535
2143536
2143537
2143538
2143539
2143540
2143541
2143542
2143543
2143544
2143545
2143546
2143547
2143548
2143549
2143550
2143551
2143552
2143553
2143554
2143555
2143556
2143557
2143558
2143559
2143560
2143561
2143562
2143563
2143564
2143565
2143566
2143567
2143568
2143569
2143570
2143571
2143572
2143573
2143574
2143575
2143576
2143577
2143578
2143579
2143580
2143581
2143582
2143583
2143584
2143585
2143586
2143587
2143588
2143589
2143590
2143591
2143592
2143593
2143594
2143595
2143596
2143597
2143598
2143599
2143600
2143601
2143602
2143603
2143604
2143605
2143606
2143607
2143608
2143609
2143610
2143611
2143612
2143613
2143614
2143615
2143616
2143617
2143618
2143619
2143620
2143621
2143622
2143623
2143624
2143625
2143626
2143627
2143628
2143629
2143630
2143631
2143632
2143633
2143634
2143635
2143636
2143637
2143638
2143639
2143640
2143641
2143642
2143643
2143644
2143645
2143646
2143647
2143648
2143649
2143650
2143651
2143652
2143653
2143654
2143655
2143656
2143657
2143658
2143659
2143660
2143661
2143662
2143663
2143664
2143665
2143666
2143667
2143668
2143669
2143670
2143671
2143672
2143673
2143674
2143675
2143676
2143677
2143678
2143679
2143680
2143681
2143682
2143683
2143684
2143685
2143686
2143687
2143688
2143689
2143690
2143691
2143692
2143693
2143694
2143695
2143696
2143697
2143698
2143699
2143700
2143701
2143702
2143703
2143704
2143705
2143706
2143707
2143708
2143709
2143710
2143711
2143712
2143713
2143714
2143715
2143716
2143717
2143718
2143719
2143720
2143721
2143722
2143723
2143724
2143725
2143726
2143727
2143728
2143729
2143730
2143731
2143732
2143733
2143734
2143735
2143736
2143737
2143738
2143739
2143740
2143741
2143742
2143743
2143744
2143745
2143746
2143747
2143748
2143749
2143750
2143751
2143752
2143753
2143754
2143755
2143756
2143757
2143758
2143759
2143760
2143761
2143762
2143763
2143764
2143765
2143766
2143767
2143768
2143769
2143770
2143771
2143772
2143773
2143774
2143775
2143776
2143777
2143778
2143779
2143780
2143781
2143782
2143783
2143784
2143785
2143786
2143787
2143788
2143789
2143790
2143791
2143792
2143793
2143794
2143795
2143796
2143797
2143798
2143799
2143800
2143801
2143802
2143803
2143804
2143805
2143806
2143807
2143808
2143809
2143810
2143811
2143812
2143813
2143814
2143815
2143816
2143817
2143818
2143819
2143820
2143821
2143822
2143823
2143824
2143825
2143826
2143827
2143828
2143829
2143830
2143831
2143832
2143833
2143834
2143835
2143836
2143837
2143838
2143839
2143840
2143841
2143842
2143843
2143844
2143845
2143846
2143847
2143848
2143849
2143850
2143851
2143852
2143853
2143854
2143855
2143856
2143857
2143858
2143859
2143860
2143861
2143862
2143863
2143864
2143865
2143866
2143867
2143868
2143869
2143870
2143871
2143872
2143873
2143874
2143875
2143876
2143877
2143878
2143879
2143880
2143881
2143882
2143883
2143884
2143885
2143886
2143887
2143888
2143889
2143890
2143891
2143892
2143893
2143894
2143895
2143896
2143897
2143898
2143899
2143900
2143901
2143902
2143903
2143904
2143905
2143906
2143907
2143908
2143909
2143910
2143911
2143912
2143913
2143914
2143915
2143916
2143917
2143918
2143919
2143920
2143921
2143922
2143923
2143924
2143925
2143926
2143927
2143928
2143929
2143930
2143931
2143932
2143933
2143934
2143935
2143936
2143937
2143938
2143939
2143940
2143941
2143942
2143943
2143944
2143945
2143946
2143947
2143948
2143949
2143950
2143951
2143952
2143953
2143954
2143955
2143956
2143957
2143958
2143959
2143960
2143961
2143962
2143963
2143964
2143965
2143966
2143967
2143968
2143969
2143970
2143971
2143972
2143973
2143974
2143975
2143976
2143977
2143978
2143979
2143980
2143981
2143982
2143983
2143984
2143985
2143986
2143987
2143988
2143989
2143990
2143991
2143992
2143993
2143994
2143995
2143996
2143997
2143998
2143999
2144000
2144001
2144002
2144003
2144004
2144005
2144006
2144007
2144008
2144009
2144010
2144011
2144012
2144013
2144014
2144015
2144016
2144017
2144018
2144019
2144020
2144021
2144022
2144023
2144024
2144025
2144026
2144027
2144028
2144029
2144030
2144031
2144032
2144033
2144034
2144035
2144036
2144037
2144038
2144039
2144040
2144041
2144042
2144043
2144044
2144045
2144046
2144047
2144048
2144049
2144050
2144051
2144052
2144053
2144054
2144055
2144056
2144057
2144058
2144059
2144060
2144061
2144062
2144063
2144064
2144065
2144066
2144067
2144068
2144069
2144070
2144071
2144072
2144073
2144074
2144075
2144076
2144077
2144078
2144079
2144080
2144081
2144082
2144083
2144084
2144085
2144086
2144087
2144088
2144089
2144090
2144091
2144092
2144093
2144094
2144095
2144096
2144097
2144098
2144099
2144100
2144101
2144102
2144103
2144104
2144105
2144106
2144107
2144108
2144109
2144110
2144111
2144112
2144113
2144114
2144115
2144116
2144117
2144118
2144119
2144120
2144121
2144122
2144123
2144124
2144125
2144126
2144127
2144128
2144129
2144130
2144131
2144132
2144133
2144134
2144135
2144136
2144137
2144138
2144139
2144140
2144141
2144142
2144143
2144144
2144145
2144146
2144147
2144148
2144149
2144150
2144151
2144152
2144153
2144154
2144155
2144156
2144157
2144158
2144159
2144160
2144161
2144162
2144163
2144164
2144165
2144166
2144167
2144168
2144169
2144170
2144171
2144172
2144173
2144174
2144175
2144176
2144177
2144178
2144179
2144180
2144181
2144182
2144183
2144184
2144185
2144186
2144187
2144188
2144189
2144190
2144191
2144192
2144193
2144194
2144195
2144196
2144197
2144198
2144199
2144200
2144201
2144202
2144203
2144204
2144205
2144206
2144207
2144208
2144209
2144210
2144211
2144212
2144213
2144214
2144215
2144216
2144217
2144218
2144219
2144220
2144221
2144222
2144223
2144224
2144225
2144226
2144227
2144228
2144229
2144230
2144231
2144232
2144233
2144234
2144235
2144236
2144237
2144238
2144239
2144240
2144241
2144242
2144243
2144244
2144245
2144246
2144247
2144248
2144249
2144250
2144251
2144252
2144253
2144254
2144255
2144256
2144257
2144258
2144259
2144260
2144261
2144262
2144263
2144264
2144265
2144266
2144267
2144268
2144269
2144270
2144271
2144272
2144273
2144274
2144275
2144276
2144277
2144278
2144279
2144280
2144281
2144282
2144283
2144284
2144285
2144286
2144287
2144288
2144289
2144290
2144291
2144292
2144293
2144294
2144295
2144296
2144297
2144298
2144299
2144300
2144301
2144302
2144303
2144304
2144305
2144306
2144307
2144308
2144309
2144310
2144311
2144312
2144313
2144314
2144315
2144316
2144317
2144318
2144319
2144320
2144321
2144322
2144323
2144324
2144325
2144326
2144327
2144328
2144329
2144330
2144331
2144332
2144333
2144334
2144335
2144336
2144337
2144338
2144339
2144340
2144341
2144342
2144343
2144344
2144345
2144346
2144347
2144348
2144349
2144350
2144351
2144352
2144353
2144354
2144355
2144356
2144357
2144358
2144359
2144360
2144361
2144362
2144363
2144364
2144365
2144366
2144367
2144368
2144369
2144370
2144371
2144372
2144373
2144374
2144375
2144376
2144377
2144378
2144379
2144380
2144381
2144382
2144383
2144384
2144385
2144386
2144387
2144388
2144389
2144390
2144391
2144392
2144393
2144394
2144395
2144396
2144397
2144398
2144399
2144400
2144401
2144402
2144403
2144404
2144405
2144406
2144407
2144408
2144409
2144410
2144411
2144412
2144413
2144414
2144415
2144416
2144417
2144418
2144419
2144420
2144421
2144422
2144423
2144424
2144425
2144426
2144427
2144428
2144429
2144430
2144431
2144432
2144433
2144434
2144435
2144436
2144437
2144438
2144439
2144440
2144441
2144442
2144443
2144444
2144445
2144446
2144447
2144448
2144449
2144450
2144451
2144452
2144453
2144454
2144455
2144456
2144457
2144458
2144459
2144460
2144461
2144462
2144463
2144464
2144465
2144466
2144467
2144468
2144469
2144470
2144471
2144472
2144473
2144474
2144475
2144476
2144477
2144478
2144479
2144480
2144481
2144482
2144483
2144484
2144485
2144486
2144487
2144488
2144489
2144490
2144491
2144492
2144493
2144494
2144495
2144496
2144497
2144498
2144499
2144500
2144501
2144502
2144503
2144504
2144505
2144506
2144507
2144508
2144509
2144510
2144511
2144512
2144513
2144514
2144515
2144516
2144517
2144518
2144519
2144520
2144521
2144522
2144523
2144524
2144525
2144526
2144527
2144528
2144529
2144530
2144531
2144532
2144533
2144534
2144535
2144536
2144537
2144538
2144539
2144540
2144541
2144542
2144543
2144544
2144545
2144546
2144547
2144548
2144549
2144550
2144551
2144552
2144553
2144554
2144555
2144556
2144557
2144558
2144559
2144560
2144561
2144562
2144563
2144564
2144565
2144566
2144567
2144568
2144569
2144570
2144571
2144572
2144573
2144574
2144575
2144576
2144577
2144578
2144579
2144580
2144581
2144582
2144583
2144584
2144585
2144586
2144587
2144588
2144589
2144590
2144591
2144592
2144593
2144594
2144595
2144596
2144597
2144598
2144599
2144600
2144601
2144602
2144603
2144604
2144605
2144606
2144607
2144608
2144609
2144610
2144611
2144612
2144613
2144614
2144615
2144616
2144617
2144618
2144619
2144620
2144621
2144622
2144623
2144624
2144625
2144626
2144627
2144628
2144629
2144630
2144631
2144632
2144633
2144634
2144635
2144636
2144637
2144638
2144639
2144640
2144641
2144642
2144643
2144644
2144645
2144646
2144647
2144648
2144649
2144650
2144651
2144652
2144653
2144654
2144655
2144656
2144657
2144658
2144659
2144660
2144661
2144662
2144663
2144664
2144665
2144666
2144667
2144668
2144669
2144670
2144671
2144672
2144673
2144674
2144675
2144676
2144677
2144678
2144679
2144680
2144681
2144682
2144683
2144684
2144685
2144686
2144687
2144688
2144689
2144690
2144691
2144692
2144693
2144694
2144695
2144696
2144697
2144698
2144699
2144700
2144701
2144702
2144703
2144704
2144705
2144706
2144707
2144708
2144709
2144710
2144711
2144712
2144713
2144714
2144715
2144716
2144717
2144718
2144719
2144720
2144721
2144722
2144723
2144724
2144725
2144726
2144727
2144728
2144729
2144730
2144731
2144732
2144733
2144734
2144735
2144736
2144737
2144738
2144739
2144740
2144741
2144742
2144743
2144744
2144745
2144746
2144747
2144748
2144749
2144750
2144751
2144752
2144753
2144754
2144755
2144756
2144757
2144758
2144759
2144760
2144761
2144762
2144763
2144764
2144765
2144766
2144767
2144768
2144769
2144770
2144771
2144772
2144773
2144774
2144775
2144776
2144777
2144778
2144779
2144780
2144781
2144782
2144783
2144784
2144785
2144786
2144787
2144788
2144789
2144790
2144791
2144792
2144793
2144794
2144795
2144796
2144797
2144798
2144799
2144800
2144801
2144802
2144803
2144804
2144805
2144806
2144807
2144808
2144809
2144810
2144811
2144812
2144813
2144814
2144815
2144816
2144817
2144818
2144819
2144820
2144821
2144822
2144823
2144824
2144825
2144826
2144827
2144828
2144829
2144830
2144831
2144832
2144833
2144834
2144835
2144836
2144837
2144838
2144839
2144840
2144841
2144842
2144843
2144844
2144845
2144846
2144847
2144848
2144849
2144850
2144851
2144852
2144853
2144854
2144855
2144856
2144857
2144858
2144859
2144860
2144861
2144862
2144863
2144864
2144865
2144866
2144867
2144868
2144869
2144870
2144871
2144872
2144873
2144874
2144875
2144876
2144877
2144878
2144879
2144880
2144881
2144882
2144883
2144884
2144885
2144886
2144887
2144888
2144889
2144890
2144891
2144892
2144893
2144894
2144895
2144896
2144897
2144898
2144899
2144900
2144901
2144902
2144903
2144904
2144905
2144906
2144907
2144908
2144909
2144910
2144911
2144912
2144913
2144914
2144915
2144916
2144917
2144918
2144919
2144920
2144921
2144922
2144923
2144924
2144925
2144926
2144927
2144928
2144929
2144930
2144931
2144932
2144933
2144934
2144935
2144936
2144937
2144938
2144939
2144940
2144941
2144942
2144943
2144944
2144945
2144946
2144947
2144948
2144949
2144950
2144951
2144952
2144953
2144954
2144955
2144956
2144957
2144958
2144959
2144960
2144961
2144962
2144963
2144964
2144965
2144966
2144967
2144968
2144969
2144970
2144971
2144972
2144973
2144974
2144975
2144976
2144977
2144978
2144979
2144980
2144981
2144982
2144983
2144984
2144985
2144986
2144987
2144988
2144989
2144990
2144991
2144992
2144993
2144994
2144995
2144996
2144997
2144998
2144999
2145000
2145001
2145002
2145003
2145004
2145005
2145006
2145007
2145008
2145009
2145010
2145011
2145012
2145013
2145014
2145015
2145016
2145017
2145018
2145019
2145020
2145021
2145022
2145023
2145024
2145025
2145026
2145027
2145028
2145029
2145030
2145031
2145032
2145033
2145034
2145035
2145036
2145037
2145038
2145039
2145040
2145041
2145042
2145043
2145044
2145045
2145046
2145047
2145048
2145049
2145050
2145051
2145052
2145053
2145054
2145055
2145056
2145057
2145058
2145059
2145060
2145061
2145062
2145063
2145064
2145065
2145066
2145067
2145068
2145069
2145070
2145071
2145072
2145073
2145074
2145075
2145076
2145077
2145078
2145079
2145080
2145081
2145082
2145083
2145084
2145085
2145086
2145087
2145088
2145089
2145090
2145091
2145092
2145093
2145094
2145095
2145096
2145097
2145098
2145099
2145100
2145101
2145102
2145103
2145104
2145105
2145106
2145107
2145108
2145109
2145110
2145111
2145112
2145113
2145114
2145115
2145116
2145117
2145118
2145119
2145120
2145121
2145122
2145123
2145124
2145125
2145126
2145127
2145128
2145129
2145130
2145131
2145132
2145133
2145134
2145135
2145136
2145137
2145138
2145139
2145140
2145141
2145142
2145143
2145144
2145145
2145146
2145147
2145148
2145149
2145150
2145151
2145152
2145153
2145154
2145155
2145156
2145157
2145158
2145159
2145160
2145161
2145162
2145163
2145164
2145165
2145166
2145167
2145168
2145169
2145170
2145171
2145172
2145173
2145174
2145175
2145176
2145177
2145178
2145179
2145180
2145181
2145182
2145183
2145184
2145185
2145186
2145187
2145188
2145189
2145190
2145191
2145192
2145193
2145194
2145195
2145196
2145197
2145198
2145199
2145200
2145201
2145202
2145203
2145204
2145205
2145206
2145207
2145208
2145209
2145210
2145211
2145212
2145213
2145214
2145215
2145216
2145217
2145218
2145219
2145220
2145221
2145222
2145223
2145224
2145225
2145226
2145227
2145228
2145229
2145230
2145231
2145232
2145233
2145234
2145235
2145236
2145237
2145238
2145239
2145240
2145241
2145242
2145243
2145244
2145245
2145246
2145247
2145248
2145249
2145250
2145251
2145252
2145253
2145254
2145255
2145256
2145257
2145258
2145259
2145260
2145261
2145262
2145263
2145264
2145265
2145266
2145267
2145268
2145269
2145270
2145271
2145272
2145273
2145274
2145275
2145276
2145277
2145278
2145279
2145280
2145281
2145282
2145283
2145284
2145285
2145286
2145287
2145288
2145289
2145290
2145291
2145292
2145293
2145294
2145295
2145296
2145297
2145298
2145299
2145300
2145301
2145302
2145303
2145304
2145305
2145306
2145307
2145308
2145309
2145310
2145311
2145312
2145313
2145314
2145315
2145316
2145317
2145318
2145319
2145320
2145321
2145322
2145323
2145324
2145325
2145326
2145327
2145328
2145329
2145330
2145331
2145332
2145333
2145334
2145335
2145336
2145337
2145338
2145339
2145340
2145341
2145342
2145343
2145344
2145345
2145346
2145347
2145348
2145349
2145350
2145351
2145352
2145353
2145354
2145355
2145356
2145357
2145358
2145359
2145360
2145361
2145362
2145363
2145364
2145365
2145366
2145367
2145368
2145369
2145370
2145371
2145372
2145373
2145374
2145375
2145376
2145377
2145378
2145379
2145380
2145381
2145382
2145383
2145384
2145385
2145386
2145387
2145388
2145389
2145390
2145391
2145392
2145393
2145394
2145395
2145396
2145397
2145398
2145399
2145400
2145401
2145402
2145403
2145404
2145405
2145406
2145407
2145408
2145409
2145410
2145411
2145412
2145413
2145414
2145415
2145416
2145417
2145418
2145419
2145420
2145421
2145422
2145423
2145424
2145425
2145426
2145427
2145428
2145429
2145430
2145431
2145432
2145433
2145434
2145435
2145436
2145437
2145438
2145439
2145440
2145441
2145442
2145443
2145444
2145445
2145446
2145447
2145448
2145449
2145450
2145451
2145452
2145453
2145454
2145455
2145456
2145457
2145458
2145459
2145460
2145461
2145462
2145463
2145464
2145465
2145466
2145467
2145468
2145469
2145470
2145471
2145472
2145473
2145474
2145475
2145476
2145477
2145478
2145479
2145480
2145481
2145482
2145483
2145484
2145485
2145486
2145487
2145488
2145489
2145490
2145491
2145492
2145493
2145494
2145495
2145496
2145497
2145498
2145499
2145500
2145501
2145502
2145503
2145504
2145505
2145506
2145507
2145508
2145509
2145510
2145511
2145512
2145513
2145514
2145515
2145516
2145517
2145518
2145519
2145520
2145521
2145522
2145523
2145524
2145525
2145526
2145527
2145528
2145529
2145530
2145531
2145532
2145533
2145534
2145535
2145536
2145537
2145538
2145539
2145540
2145541
2145542
2145543
2145544
2145545
2145546
2145547
2145548
2145549
2145550
2145551
2145552
2145553
2145554
2145555
2145556
2145557
2145558
2145559
2145560
2145561
2145562
2145563
2145564
2145565
2145566
2145567
2145568
2145569
2145570
2145571
2145572
2145573
2145574
2145575
2145576
2145577
2145578
2145579
2145580
2145581
2145582
2145583
2145584
2145585
2145586
2145587
2145588
2145589
2145590
2145591
2145592
2145593
2145594
2145595
2145596
2145597
2145598
2145599
2145600
2145601
2145602
2145603
2145604
2145605
2145606
2145607
2145608
2145609
2145610
2145611
2145612
2145613
2145614
2145615
2145616
2145617
2145618
2145619
2145620
2145621
2145622
2145623
2145624
2145625
2145626
2145627
2145628
2145629
2145630
2145631
2145632
2145633
2145634
2145635
2145636
2145637
2145638
2145639
2145640
2145641
2145642
2145643
2145644
2145645
2145646
2145647
2145648
2145649
2145650
2145651
2145652
2145653
2145654
2145655
2145656
2145657
2145658
2145659
2145660
2145661
2145662
2145663
2145664
2145665
2145666
2145667
2145668
2145669
2145670
2145671
2145672
2145673
2145674
2145675
2145676
2145677
2145678
2145679
2145680
2145681
2145682
2145683
2145684
2145685
2145686
2145687
2145688
2145689
2145690
2145691
2145692
2145693
2145694
2145695
2145696
2145697
2145698
2145699
2145700
2145701
2145702
2145703
2145704
2145705
2145706
2145707
2145708
2145709
2145710
2145711
2145712
2145713
2145714
2145715
2145716
2145717
2145718
2145719
2145720
2145721
2145722
2145723
2145724
2145725
2145726
2145727
2145728
2145729
2145730
2145731
2145732
2145733
2145734
2145735
2145736
2145737
2145738
2145739
2145740
2145741
2145742
2145743
2145744
2145745
2145746
2145747
2145748
2145749
2145750
2145751
2145752
2145753
2145754
2145755
2145756
2145757
2145758
2145759
2145760
2145761
2145762
2145763
2145764
2145765
2145766
2145767
2145768
2145769
2145770
2145771
2145772
2145773
2145774
2145775
2145776
2145777
2145778
2145779
2145780
2145781
2145782
2145783
2145784
2145785
2145786
2145787
2145788
2145789
2145790
2145791
2145792
2145793
2145794
2145795
2145796
2145797
2145798
2145799
2145800
2145801
2145802
2145803
2145804
2145805
2145806
2145807
2145808
2145809
2145810
2145811
2145812
2145813
2145814
2145815
2145816
2145817
2145818
2145819
2145820
2145821
2145822
2145823
2145824
2145825
2145826
2145827
2145828
2145829
2145830
2145831
2145832
2145833
2145834
2145835
2145836
2145837
2145838
2145839
2145840
2145841
2145842
2145843
2145844
2145845
2145846
2145847
2145848
2145849
2145850
2145851
2145852
2145853
2145854
2145855
2145856
2145857
2145858
2145859
2145860
2145861
2145862
2145863
2145864
2145865
2145866
2145867
2145868
2145869
2145870
2145871
2145872
2145873
2145874
2145875
2145876
2145877
2145878
2145879
2145880
2145881
2145882
2145883
2145884
2145885
2145886
2145887
2145888
2145889
2145890
2145891
2145892
2145893
2145894
2145895
2145896
2145897
2145898
2145899
2145900
2145901
2145902
2145903
2145904
2145905
2145906
2145907
2145908
2145909
2145910
2145911
2145912
2145913
2145914
2145915
2145916
2145917
2145918
2145919
2145920
2145921
2145922
2145923
2145924
2145925
2145926
2145927
2145928
2145929
2145930
2145931
2145932
2145933
2145934
2145935
2145936
2145937
2145938
2145939
2145940
2145941
2145942
2145943
2145944
2145945
2145946
2145947
2145948
2145949
2145950
2145951
2145952
2145953
2145954
2145955
2145956
2145957
2145958
2145959
2145960
2145961
2145962
2145963
2145964
2145965
2145966
2145967
2145968
2145969
2145970
2145971
2145972
2145973
2145974
2145975
2145976
2145977
2145978
2145979
2145980
2145981
2145982
2145983
2145984
2145985
2145986
2145987
2145988
2145989
2145990
2145991
2145992
2145993
2145994
2145995
2145996
2145997
2145998
2145999
2146000
2146001
2146002
2146003
2146004
2146005
2146006
2146007
2146008
2146009
2146010
2146011
2146012
2146013
2146014
2146015
2146016
2146017
2146018
2146019
2146020
2146021
2146022
2146023
2146024
2146025
2146026
2146027
2146028
2146029
2146030
2146031
2146032
2146033
2146034
2146035
2146036
2146037
2146038
2146039
2146040
2146041
2146042
2146043
2146044
2146045
2146046
2146047
2146048
2146049
2146050
2146051
2146052
2146053
2146054
2146055
2146056
2146057
2146058
2146059
2146060
2146061
2146062
2146063
2146064
2146065
2146066
2146067
2146068
2146069
2146070
2146071
2146072
2146073
2146074
2146075
2146076
2146077
2146078
2146079
2146080
2146081
2146082
2146083
2146084
2146085
2146086
2146087
2146088
2146089
2146090
2146091
2146092
2146093
2146094
2146095
2146096
2146097
2146098
2146099
2146100
2146101
2146102
2146103
2146104
2146105
2146106
2146107
2146108
2146109
2146110
2146111
2146112
2146113
2146114
2146115
2146116
2146117
2146118
2146119
2146120
2146121
2146122
2146123
2146124
2146125
2146126
2146127
2146128
2146129
2146130
2146131
2146132
2146133
2146134
2146135
2146136
2146137
2146138
2146139
2146140
2146141
2146142
2146143
2146144
2146145
2146146
2146147
2146148
2146149
2146150
2146151
2146152
2146153
2146154
2146155
2146156
2146157
2146158
2146159
2146160
2146161
2146162
2146163
2146164
2146165
2146166
2146167
2146168
2146169
2146170
2146171
2146172
2146173
2146174
2146175
2146176
2146177
2146178
2146179
2146180
2146181
2146182
2146183
2146184
2146185
2146186
2146187
2146188
2146189
2146190
2146191
2146192
2146193
2146194
2146195
2146196
2146197
2146198
2146199
2146200
2146201
2146202
2146203
2146204
2146205
2146206
2146207
2146208
2146209
2146210
2146211
2146212
2146213
2146214
2146215
2146216
2146217
2146218
2146219
2146220
2146221
2146222
2146223
2146224
2146225
2146226
2146227
2146228
2146229
2146230
2146231
2146232
2146233
2146234
2146235
2146236
2146237
2146238
2146239
2146240
2146241
2146242
2146243
2146244
2146245
2146246
2146247
2146248
2146249
2146250
2146251
2146252
2146253
2146254
2146255
2146256
2146257
2146258
2146259
2146260
2146261
2146262
2146263
2146264
2146265
2146266
2146267
2146268
2146269
2146270
2146271
2146272
2146273
2146274
2146275
2146276
2146277
2146278
2146279
2146280
2146281
2146282
2146283
2146284
2146285
2146286
2146287
2146288
2146289
2146290
2146291
2146292
2146293
2146294
2146295
2146296
2146297
2146298
2146299
2146300
2146301
2146302
2146303
2146304
2146305
2146306
2146307
2146308
2146309
2146310
2146311
2146312
2146313
2146314
2146315
2146316
2146317
2146318
2146319
2146320
2146321
2146322
2146323
2146324
2146325
2146326
2146327
2146328
2146329
2146330
2146331
2146332
2146333
2146334
2146335
2146336
2146337
2146338
2146339
2146340
2146341
2146342
2146343
2146344
2146345
2146346
2146347
2146348
2146349
2146350
2146351
2146352
2146353
2146354
2146355
2146356
2146357
2146358
2146359
2146360
2146361
2146362
2146363
2146364
2146365
2146366
2146367
2146368
2146369
2146370
2146371
2146372
2146373
2146374
2146375
2146376
2146377
2146378
2146379
2146380
2146381
2146382
2146383
2146384
2146385
2146386
2146387
2146388
2146389
2146390
2146391
2146392
2146393
2146394
2146395
2146396
2146397
2146398
2146399
2146400
2146401
2146402
2146403
2146404
2146405
2146406
2146407
2146408
2146409
2146410
2146411
2146412
2146413
2146414
2146415
2146416
2146417
2146418
2146419
2146420
2146421
2146422
2146423
2146424
2146425
2146426
2146427
2146428
2146429
2146430
2146431
2146432
2146433
2146434
2146435
2146436
2146437
2146438
2146439
2146440
2146441
2146442
2146443
2146444
2146445
2146446
2146447
2146448
2146449
2146450
2146451
2146452
2146453
2146454
2146455
2146456
2146457
2146458
2146459
2146460
2146461
2146462
2146463
2146464
2146465
2146466
2146467
2146468
2146469
2146470
2146471
2146472
2146473
2146474
2146475
2146476
2146477
2146478
2146479
2146480
2146481
2146482
2146483
2146484
2146485
2146486
2146487
2146488
2146489
2146490
2146491
2146492
2146493
2146494
2146495
2146496
2146497
2146498
2146499
2146500
2146501
2146502
2146503
2146504
2146505
2146506
2146507
2146508
2146509
2146510
2146511
2146512
2146513
2146514
2146515
2146516
2146517
2146518
2146519
2146520
2146521
2146522
2146523
2146524
2146525
2146526
2146527
2146528
2146529
2146530
2146531
2146532
2146533
2146534
2146535
2146536
2146537
2146538
2146539
2146540
2146541
2146542
2146543
2146544
2146545
2146546
2146547
2146548
2146549
2146550
2146551
2146552
2146553
2146554
2146555
2146556
2146557
2146558
2146559
2146560
2146561
2146562
2146563
2146564
2146565
2146566
2146567
2146568
2146569
2146570
2146571
2146572
2146573
2146574
2146575
2146576
2146577
2146578
2146579
2146580
2146581
2146582
2146583
2146584
2146585
2146586
2146587
2146588
2146589
2146590
2146591
2146592
2146593
2146594
2146595
2146596
2146597
2146598
2146599
2146600
2146601
2146602
2146603
2146604
2146605
2146606
2146607
2146608
2146609
2146610
2146611
2146612
2146613
2146614
2146615
2146616
2146617
2146618
2146619
2146620
2146621
2146622
2146623
2146624
2146625
2146626
2146627
2146628
2146629
2146630
2146631
2146632
2146633
2146634
2146635
2146636
2146637
2146638
2146639
2146640
2146641
2146642
2146643
2146644
2146645
2146646
2146647
2146648
2146649
2146650
2146651
2146652
2146653
2146654
2146655
2146656
2146657
2146658
2146659
2146660
2146661
2146662
2146663
2146664
2146665
2146666
2146667
2146668
2146669
2146670
2146671
2146672
2146673
2146674
2146675
2146676
2146677
2146678
2146679
2146680
2146681
2146682
2146683
2146684
2146685
2146686
2146687
2146688
2146689
2146690
2146691
2146692
2146693
2146694
2146695
2146696
2146697
2146698
2146699
2146700
2146701
2146702
2146703
2146704
2146705
2146706
2146707
2146708
2146709
2146710
2146711
2146712
2146713
2146714
2146715
2146716
2146717
2146718
2146719
2146720
2146721
2146722
2146723
2146724
2146725
2146726
2146727
2146728
2146729
2146730
2146731
2146732
2146733
2146734
2146735
2146736
2146737
2146738
2146739
2146740
2146741
2146742
2146743
2146744
2146745
2146746
2146747
2146748
2146749
2146750
2146751
2146752
2146753
2146754
2146755
2146756
2146757
2146758
2146759
2146760
2146761
2146762
2146763
2146764
2146765
2146766
2146767
2146768
2146769
2146770
2146771
2146772
2146773
2146774
2146775
2146776
2146777
2146778
2146779
2146780
2146781
2146782
2146783
2146784
2146785
2146786
2146787
2146788
2146789
2146790
2146791
2146792
2146793
2146794
2146795
2146796
2146797
2146798
2146799
2146800
2146801
2146802
2146803
2146804
2146805
2146806
2146807
2146808
2146809
2146810
2146811
2146812
2146813
2146814
2146815
2146816
2146817
2146818
2146819
2146820
2146821
2146822
2146823
2146824
2146825
2146826
2146827
2146828
2146829
2146830
2146831
2146832
2146833
2146834
2146835
2146836
2146837
2146838
2146839
2146840
2146841
2146842
2146843
2146844
2146845
2146846
2146847
2146848
2146849
2146850
2146851
2146852
2146853
2146854
2146855
2146856
2146857
2146858
2146859
2146860
2146861
2146862
2146863
2146864
2146865
2146866
2146867
2146868
2146869
2146870
2146871
2146872
2146873
2146874
2146875
2146876
2146877
2146878
2146879
2146880
2146881
2146882
2146883
2146884
2146885
2146886
2146887
2146888
2146889
2146890
2146891
2146892
2146893
2146894
2146895
2146896
2146897
2146898
2146899
2146900
2146901
2146902
2146903
2146904
2146905
2146906
2146907
2146908
2146909
2146910
2146911
2146912
2146913
2146914
2146915
2146916
2146917
2146918
2146919
2146920
2146921
2146922
2146923
2146924
2146925
2146926
2146927
2146928
2146929
2146930
2146931
2146932
2146933
2146934
2146935
2146936
2146937
2146938
2146939
2146940
2146941
2146942
2146943
2146944
2146945
2146946
2146947
2146948
2146949
2146950
2146951
2146952
2146953
2146954
2146955
2146956
2146957
2146958
2146959
2146960
2146961
2146962
2146963
2146964
2146965
2146966
2146967
2146968
2146969
2146970
2146971
2146972
2146973
2146974
2146975
2146976
2146977
2146978
2146979
2146980
2146981
2146982
2146983
2146984
2146985
2146986
2146987
2146988
2146989
2146990
2146991
2146992
2146993
2146994
2146995
2146996
2146997
2146998
2146999
2147000
2147001
2147002
2147003
2147004
2147005
2147006
2147007
2147008
2147009
2147010
2147011
2147012
2147013
2147014
2147015
2147016
2147017
2147018
2147019
2147020
2147021
2147022
2147023
2147024
2147025
2147026
2147027
2147028
2147029
2147030
2147031
2147032
2147033
2147034
2147035
2147036
2147037
2147038
2147039
2147040
2147041
2147042
2147043
2147044
2147045
2147046
2147047
2147048
2147049
2147050
2147051
2147052
2147053
2147054
2147055
2147056
2147057
2147058
2147059
2147060
2147061
2147062
2147063
2147064
2147065
2147066
2147067
2147068
2147069
2147070
2147071
2147072
2147073
2147074
2147075
2147076
2147077
2147078
2147079
2147080
2147081
2147082
2147083
2147084
2147085
2147086
2147087
2147088
2147089
2147090
2147091
2147092
2147093
2147094
2147095
2147096
2147097
2147098
2147099
2147100
2147101
2147102
2147103
2147104
2147105
2147106
2147107
2147108
2147109
2147110
2147111
2147112
2147113
2147114
2147115
2147116
2147117
2147118
2147119
2147120
2147121
2147122
2147123
2147124
2147125
2147126
2147127
2147128
2147129
2147130
2147131
2147132
2147133
2147134
2147135
2147136
2147137
2147138
2147139
2147140
2147141
2147142
2147143
2147144
2147145
2147146
2147147
2147148
2147149
2147150
2147151
2147152
2147153
2147154
2147155
2147156
2147157
2147158
2147159
2147160
2147161
2147162
2147163
2147164
2147165
2147166
2147167
2147168
2147169
2147170
2147171
2147172
2147173
2147174
2147175
2147176
2147177
2147178
2147179
2147180
2147181
2147182
2147183
2147184
2147185
2147186
2147187
2147188
2147189
2147190
2147191
2147192
2147193
2147194
2147195
2147196
2147197
2147198
2147199
2147200
2147201
2147202
2147203
2147204
2147205
2147206
2147207
2147208
2147209
2147210
2147211
2147212
2147213
2147214
2147215
2147216
2147217
2147218
2147219
2147220
2147221
2147222
2147223
2147224
2147225
2147226
2147227
2147228
2147229
2147230
2147231
2147232
2147233
2147234
2147235
2147236
2147237
2147238
2147239
2147240
2147241
2147242
2147243
2147244
2147245
2147246
2147247
2147248
2147249
2147250
2147251
2147252
2147253
2147254
2147255
2147256
2147257
2147258
2147259
2147260
2147261
2147262
2147263
2147264
2147265
2147266
2147267
2147268
2147269
2147270
2147271
2147272
2147273
2147274
2147275
2147276
2147277
2147278
2147279
2147280
2147281
2147282
2147283
2147284
2147285
2147286
2147287
2147288
2147289
2147290
2147291
2147292
2147293
2147294
2147295
2147296
2147297
2147298
2147299
2147300
2147301
2147302
2147303
2147304
2147305
2147306
2147307
2147308
2147309
2147310
2147311
2147312
2147313
2147314
2147315
2147316
2147317
2147318
2147319
2147320
2147321
2147322
2147323
2147324
2147325
2147326
2147327
2147328
2147329
2147330
2147331
2147332
2147333
2147334
2147335
2147336
2147337
2147338
2147339
2147340
2147341
2147342
2147343
2147344
2147345
2147346
2147347
2147348
2147349
2147350
2147351
2147352
2147353
2147354
2147355
2147356
2147357
2147358
2147359
2147360
2147361
2147362
2147363
2147364
2147365
2147366
2147367
2147368
2147369
2147370
2147371
2147372
2147373
2147374
2147375
2147376
2147377
2147378
2147379
2147380
2147381
2147382
2147383
2147384
2147385
2147386
2147387
2147388
2147389
2147390
2147391
2147392
2147393
2147394
2147395
2147396
2147397
2147398
2147399
2147400
2147401
2147402
2147403
2147404
2147405
2147406
2147407
2147408
2147409
2147410
2147411
2147412
2147413
2147414
2147415
2147416
2147417
2147418
2147419
2147420
2147421
2147422
2147423
2147424
2147425
2147426
2147427
2147428
2147429
2147430
2147431
2147432
2147433
2147434
2147435
2147436
2147437
2147438
2147439
2147440
2147441
2147442
2147443
2147444
2147445
2147446
2147447
2147448
2147449
2147450
2147451
2147452
2147453
2147454
2147455
2147456
2147457
2147458
2147459
2147460
2147461
2147462
2147463
2147464
2147465
2147466
2147467
2147468
2147469
2147470
2147471
2147472
2147473
2147474
2147475
2147476
2147477
2147478
2147479
2147480
2147481
2147482
2147483
2147484
2147485
2147486
2147487
2147488
2147489
2147490
2147491
2147492
2147493
2147494
2147495
2147496
2147497
2147498
2147499
2147500
2147501
2147502
2147503
2147504
2147505
2147506
2147507
2147508
2147509
2147510
2147511
2147512
2147513
2147514
2147515
2147516
2147517
2147518
2147519
2147520
2147521
2147522
2147523
2147524
2147525
2147526
2147527
2147528
2147529
2147530
2147531
2147532
2147533
2147534
2147535
2147536
2147537
2147538
2147539
2147540
2147541
2147542
2147543
2147544
2147545
2147546
2147547
2147548
2147549
2147550
2147551
2147552
2147553
2147554
2147555
2147556
2147557
2147558
2147559
2147560
2147561
2147562
2147563
2147564
2147565
2147566
2147567
2147568
2147569
2147570
2147571
2147572
2147573
2147574
2147575
2147576
2147577
2147578
2147579
2147580
2147581
2147582
2147583
2147584
2147585
2147586
2147587
2147588
2147589
2147590
2147591
2147592
2147593
2147594
2147595
2147596
2147597
2147598
2147599
2147600
2147601
2147602
2147603
2147604
2147605
2147606
2147607
2147608
2147609
2147610
2147611
2147612
2147613
2147614
2147615
2147616
2147617
2147618
2147619
2147620
2147621
2147622
2147623
2147624
2147625
2147626
2147627
2147628
2147629
2147630
2147631
2147632
2147633
2147634
2147635
2147636
2147637
2147638
2147639
2147640
2147641
2147642
2147643
2147644
2147645
2147646
2147647
2147648
2147649
2147650
2147651
2147652
2147653
2147654
2147655
2147656
2147657
2147658
2147659
2147660
2147661
2147662
2147663
2147664
2147665
2147666
2147667
2147668
2147669
2147670
2147671
2147672
2147673
2147674
2147675
2147676
2147677
2147678
2147679
2147680
2147681
2147682
2147683
2147684
2147685
2147686
2147687
2147688
2147689
2147690
2147691
2147692
2147693
2147694
2147695
2147696
2147697
2147698
2147699
2147700
2147701
2147702
2147703
2147704
2147705
2147706
2147707
2147708
2147709
2147710
2147711
2147712
2147713
2147714
2147715
2147716
2147717
2147718
2147719
2147720
2147721
2147722
2147723
2147724
2147725
2147726
2147727
2147728
2147729
2147730
2147731
2147732
2147733
2147734
2147735
2147736
2147737
2147738
2147739
2147740
2147741
2147742
2147743
2147744
2147745
2147746
2147747
2147748
2147749
2147750
2147751
2147752
2147753
2147754
2147755
2147756
2147757
2147758
2147759
2147760
2147761
2147762
2147763
2147764
2147765
2147766
2147767
2147768
2147769
2147770
2147771
2147772
2147773
2147774
2147775
2147776
2147777
2147778
2147779
2147780
2147781
2147782
2147783
2147784
2147785
2147786
2147787
2147788
2147789
2147790
2147791
2147792
2147793
2147794
2147795
2147796
2147797
2147798
2147799
2147800
2147801
2147802
2147803
2147804
2147805
2147806
2147807
2147808
2147809
2147810
2147811
2147812
2147813
2147814
2147815
2147816
2147817
2147818
2147819
2147820
2147821
2147822
2147823
2147824
2147825
2147826
2147827
2147828
2147829
2147830
2147831
2147832
2147833
2147834
2147835
2147836
2147837
2147838
2147839
2147840
2147841
2147842
2147843
2147844
2147845
2147846
2147847
2147848
2147849
2147850
2147851
2147852
2147853
2147854
2147855
2147856
2147857
2147858
2147859
2147860
2147861
2147862
2147863
2147864
2147865
2147866
2147867
2147868
2147869
2147870
2147871
2147872
2147873
2147874
2147875
2147876
2147877
2147878
2147879
2147880
2147881
2147882
2147883
2147884
2147885
2147886
2147887
2147888
2147889
2147890
2147891
2147892
2147893
2147894
2147895
2147896
2147897
2147898
2147899
2147900
2147901
2147902
2147903
2147904
2147905
2147906
2147907
2147908
2147909
2147910
2147911
2147912
2147913
2147914
2147915
2147916
2147917
2147918
2147919
2147920
2147921
2147922
2147923
2147924
2147925
2147926
2147927
2147928
2147929
2147930
2147931
2147932
2147933
2147934
2147935
2147936
2147937
2147938
2147939
2147940
2147941
2147942
2147943
2147944
2147945
2147946
2147947
2147948
2147949
2147950
2147951
2147952
2147953
2147954
2147955
2147956
2147957
2147958
2147959
2147960
2147961
2147962
2147963
2147964
2147965
2147966
2147967
2147968
2147969
2147970
2147971
2147972
2147973
2147974
2147975
2147976
2147977
2147978
2147979
2147980
2147981
2147982
2147983
2147984
2147985
2147986
2147987
2147988
2147989
2147990
2147991
2147992
2147993
2147994
2147995
2147996
2147997
2147998
2147999
2148000
2148001
2148002
2148003
2148004
2148005
2148006
2148007
2148008
2148009
2148010
2148011
2148012
2148013
2148014
2148015
2148016
2148017
2148018
2148019
2148020
2148021
2148022
2148023
2148024
2148025
2148026
2148027
2148028
2148029
2148030
2148031
2148032
2148033
2148034
2148035
2148036
2148037
2148038
2148039
2148040
2148041
2148042
2148043
2148044
2148045
2148046
2148047
2148048
2148049
2148050
2148051
2148052
2148053
2148054
2148055
2148056
2148057
2148058
2148059
2148060
2148061
2148062
2148063
2148064
2148065
2148066
2148067
2148068
2148069
2148070
2148071
2148072
2148073
2148074
2148075
2148076
2148077
2148078
2148079
2148080
2148081
2148082
2148083
2148084
2148085
2148086
2148087
2148088
2148089
2148090
2148091
2148092
2148093
2148094
2148095
2148096
2148097
2148098
2148099
2148100
2148101
2148102
2148103
2148104
2148105
2148106
2148107
2148108
2148109
2148110
2148111
2148112
2148113
2148114
2148115
2148116
2148117
2148118
2148119
2148120
2148121
2148122
2148123
2148124
2148125
2148126
2148127
2148128
2148129
2148130
2148131
2148132
2148133
2148134
2148135
2148136
2148137
2148138
2148139
2148140
2148141
2148142
2148143
2148144
2148145
2148146
2148147
2148148
2148149
2148150
2148151
2148152
2148153
2148154
2148155
2148156
2148157
2148158
2148159
2148160
2148161
2148162
2148163
2148164
2148165
2148166
2148167
2148168
2148169
2148170
2148171
2148172
2148173
2148174
2148175
2148176
2148177
2148178
2148179
2148180
2148181
2148182
2148183
2148184
2148185
2148186
2148187
2148188
2148189
2148190
2148191
2148192
2148193
2148194
2148195
2148196
2148197
2148198
2148199
2148200
2148201
2148202
2148203
2148204
2148205
2148206
2148207
2148208
2148209
2148210
2148211
2148212
2148213
2148214
2148215
2148216
2148217
2148218
2148219
2148220
2148221
2148222
2148223
2148224
2148225
2148226
2148227
2148228
2148229
2148230
2148231
2148232
2148233
2148234
2148235
2148236
2148237
2148238
2148239
2148240
2148241
2148242
2148243
2148244
2148245
2148246
2148247
2148248
2148249
2148250
2148251
2148252
2148253
2148254
2148255
2148256
2148257
2148258
2148259
2148260
2148261
2148262
2148263
2148264
2148265
2148266
2148267
2148268
2148269
2148270
2148271
2148272
2148273
2148274
2148275
2148276
2148277
2148278
2148279
2148280
2148281
2148282
2148283
2148284
2148285
2148286
2148287
2148288
2148289
2148290
2148291
2148292
2148293
2148294
2148295
2148296
2148297
2148298
2148299
2148300
2148301
2148302
2148303
2148304
2148305
2148306
2148307
2148308
2148309
2148310
2148311
2148312
2148313
2148314
2148315
2148316
2148317
2148318
2148319
2148320
2148321
2148322
2148323
2148324
2148325
2148326
2148327
2148328
2148329
2148330
2148331
2148332
2148333
2148334
2148335
2148336
2148337
2148338
2148339
2148340
2148341
2148342
2148343
2148344
2148345
2148346
2148347
2148348
2148349
2148350
2148351
2148352
2148353
2148354
2148355
2148356
2148357
2148358
2148359
2148360
2148361
2148362
2148363
2148364
2148365
2148366
2148367
2148368
2148369
2148370
2148371
2148372
2148373
2148374
2148375
2148376
2148377
2148378
2148379
2148380
2148381
2148382
2148383
2148384
2148385
2148386
2148387
2148388
2148389
2148390
2148391
2148392
2148393
2148394
2148395
2148396
2148397
2148398
2148399
2148400
2148401
2148402
2148403
2148404
2148405
2148406
2148407
2148408
2148409
2148410
2148411
2148412
2148413
2148414
2148415
2148416
2148417
2148418
2148419
2148420
2148421
2148422
2148423
2148424
2148425
2148426
2148427
2148428
2148429
2148430
2148431
2148432
2148433
2148434
2148435
2148436
2148437
2148438
2148439
2148440
2148441
2148442
2148443
2148444
2148445
2148446
2148447
2148448
2148449
2148450
2148451
2148452
2148453
2148454
2148455
2148456
2148457
2148458
2148459
2148460
2148461
2148462
2148463
2148464
2148465
2148466
2148467
2148468
2148469
2148470
2148471
2148472
2148473
2148474
2148475
2148476
2148477
2148478
2148479
2148480
2148481
2148482
2148483
2148484
2148485
2148486
2148487
2148488
2148489
2148490
2148491
2148492
2148493
2148494
2148495
2148496
2148497
2148498
2148499
2148500
2148501
2148502
2148503
2148504
2148505
2148506
2148507
2148508
2148509
2148510
2148511
2148512
2148513
2148514
2148515
2148516
2148517
2148518
2148519
2148520
2148521
2148522
2148523
2148524
2148525
2148526
2148527
2148528
2148529
2148530
2148531
2148532
2148533
2148534
2148535
2148536
2148537
2148538
2148539
2148540
2148541
2148542
2148543
2148544
2148545
2148546
2148547
2148548
2148549
2148550
2148551
2148552
2148553
2148554
2148555
2148556
2148557
2148558
2148559
2148560
2148561
2148562
2148563
2148564
2148565
2148566
2148567
2148568
2148569
2148570
2148571
2148572
2148573
2148574
2148575
2148576
2148577
2148578
2148579
2148580
2148581
2148582
2148583
2148584
2148585
2148586
2148587
2148588
2148589
2148590
2148591
2148592
2148593
2148594
2148595
2148596
2148597
2148598
2148599
2148600
2148601
2148602
2148603
2148604
2148605
2148606
2148607
2148608
2148609
2148610
2148611
2148612
2148613
2148614
2148615
2148616
2148617
2148618
2148619
2148620
2148621
2148622
2148623
2148624
2148625
2148626
2148627
2148628
2148629
2148630
2148631
2148632
2148633
2148634
2148635
2148636
2148637
2148638
2148639
2148640
2148641
2148642
2148643
2148644
2148645
2148646
2148647
2148648
2148649
2148650
2148651
2148652
2148653
2148654
2148655
2148656
2148657
2148658
2148659
2148660
2148661
2148662
2148663
2148664
2148665
2148666
2148667
2148668
2148669
2148670
2148671
2148672
2148673
2148674
2148675
2148676
2148677
2148678
2148679
2148680
2148681
2148682
2148683
2148684
2148685
2148686
2148687
2148688
2148689
2148690
2148691
2148692
2148693
2148694
2148695
2148696
2148697
2148698
2148699
2148700
2148701
2148702
2148703
2148704
2148705
2148706
2148707
2148708
2148709
2148710
2148711
2148712
2148713
2148714
2148715
2148716
2148717
2148718
2148719
2148720
2148721
2148722
2148723
2148724
2148725
2148726
2148727
2148728
2148729
2148730
2148731
2148732
2148733
2148734
2148735
2148736
2148737
2148738
2148739
2148740
2148741
2148742
2148743
2148744
2148745
2148746
2148747
2148748
2148749
2148750
2148751
2148752
2148753
2148754
2148755
2148756
2148757
2148758
2148759
2148760
2148761
2148762
2148763
2148764
2148765
2148766
2148767
2148768
2148769
2148770
2148771
2148772
2148773
2148774
2148775
2148776
2148777
2148778
2148779
2148780
2148781
2148782
2148783
2148784
2148785
2148786
2148787
2148788
2148789
2148790
2148791
2148792
2148793
2148794
2148795
2148796
2148797
2148798
2148799
2148800
2148801
2148802
2148803
2148804
2148805
2148806
2148807
2148808
2148809
2148810
2148811
2148812
2148813
2148814
2148815
2148816
2148817
2148818
2148819
2148820
2148821
2148822
2148823
2148824
2148825
2148826
2148827
2148828
2148829
2148830
2148831
2148832
2148833
2148834
2148835
2148836
2148837
2148838
2148839
2148840
2148841
2148842
2148843
2148844
2148845
2148846
2148847
2148848
2148849
2148850
2148851
2148852
2148853
2148854
2148855
2148856
2148857
2148858
2148859
2148860
2148861
2148862
2148863
2148864
2148865
2148866
2148867
2148868
2148869
2148870
2148871
2148872
2148873
2148874
2148875
2148876
2148877
2148878
2148879
2148880
2148881
2148882
2148883
2148884
2148885
2148886
2148887
2148888
2148889
2148890
2148891
2148892
2148893
2148894
2148895
2148896
2148897
2148898
2148899
2148900
2148901
2148902
2148903
2148904
2148905
2148906
2148907
2148908
2148909
2148910
2148911
2148912
2148913
2148914
2148915
2148916
2148917
2148918
2148919
2148920
2148921
2148922
2148923
2148924
2148925
2148926
2148927
2148928
2148929
2148930
2148931
2148932
2148933
2148934
2148935
2148936
2148937
2148938
2148939
2148940
2148941
2148942
2148943
2148944
2148945
2148946
2148947
2148948
2148949
2148950
2148951
2148952
2148953
2148954
2148955
2148956
2148957
2148958
2148959
2148960
2148961
2148962
2148963
2148964
2148965
2148966
2148967
2148968
2148969
2148970
2148971
2148972
2148973
2148974
2148975
2148976
2148977
2148978
2148979
2148980
2148981
2148982
2148983
2148984
2148985
2148986
2148987
2148988
2148989
2148990
2148991
2148992
2148993
2148994
2148995
2148996
2148997
2148998
2148999
2149000
2149001
2149002
2149003
2149004
2149005
2149006
2149007
2149008
2149009
2149010
2149011
2149012
2149013
2149014
2149015
2149016
2149017
2149018
2149019
2149020
2149021
2149022
2149023
2149024
2149025
2149026
2149027
2149028
2149029
2149030
2149031
2149032
2149033
2149034
2149035
2149036
2149037
2149038
2149039
2149040
2149041
2149042
2149043
2149044
2149045
2149046
2149047
2149048
2149049
2149050
2149051
2149052
2149053
2149054
2149055
2149056
2149057
2149058
2149059
2149060
2149061
2149062
2149063
2149064
2149065
2149066
2149067
2149068
2149069
2149070
2149071
2149072
2149073
2149074
2149075
2149076
2149077
2149078
2149079
2149080
2149081
2149082
2149083
2149084
2149085
2149086
2149087
2149088
2149089
2149090
2149091
2149092
2149093
2149094
2149095
2149096
2149097
2149098
2149099
2149100
2149101
2149102
2149103
2149104
2149105
2149106
2149107
2149108
2149109
2149110
2149111
2149112
2149113
2149114
2149115
2149116
2149117
2149118
2149119
2149120
2149121
2149122
2149123
2149124
2149125
2149126
2149127
2149128
2149129
2149130
2149131
2149132
2149133
2149134
2149135
2149136
2149137
2149138
2149139
2149140
2149141
2149142
2149143
2149144
2149145
2149146
2149147
2149148
2149149
2149150
2149151
2149152
2149153
2149154
2149155
2149156
2149157
2149158
2149159
2149160
2149161
2149162
2149163
2149164
2149165
2149166
2149167
2149168
2149169
2149170
2149171
2149172
2149173
2149174
2149175
2149176
2149177
2149178
2149179
2149180
2149181
2149182
2149183
2149184
2149185
2149186
2149187
2149188
2149189
2149190
2149191
2149192
2149193
2149194
2149195
2149196
2149197
2149198
2149199
2149200
2149201
2149202
2149203
2149204
2149205
2149206
2149207
2149208
2149209
2149210
2149211
2149212
2149213
2149214
2149215
2149216
2149217
2149218
2149219
2149220
2149221
2149222
2149223
2149224
2149225
2149226
2149227
2149228
2149229
2149230
2149231
2149232
2149233
2149234
2149235
2149236
2149237
2149238
2149239
2149240
2149241
2149242
2149243
2149244
2149245
2149246
2149247
2149248
2149249
2149250
2149251
2149252
2149253
2149254
2149255
2149256
2149257
2149258
2149259
2149260
2149261
2149262
2149263
2149264
2149265
2149266
2149267
2149268
2149269
2149270
2149271
2149272
2149273
2149274
2149275
2149276
2149277
2149278
2149279
2149280
2149281
2149282
2149283
2149284
2149285
2149286
2149287
2149288
2149289
2149290
2149291
2149292
2149293
2149294
2149295
2149296
2149297
2149298
2149299
2149300
2149301
2149302
2149303
2149304
2149305
2149306
2149307
2149308
2149309
2149310
2149311
2149312
2149313
2149314
2149315
2149316
2149317
2149318
2149319
2149320
2149321
2149322
2149323
2149324
2149325
2149326
2149327
2149328
2149329
2149330
2149331
2149332
2149333
2149334
2149335
2149336
2149337
2149338
2149339
2149340
2149341
2149342
2149343
2149344
2149345
2149346
2149347
2149348
2149349
2149350
2149351
2149352
2149353
2149354
2149355
2149356
2149357
2149358
2149359
2149360
2149361
2149362
2149363
2149364
2149365
2149366
2149367
2149368
2149369
2149370
2149371
2149372
2149373
2149374
2149375
2149376
2149377
2149378
2149379
2149380
2149381
2149382
2149383
2149384
2149385
2149386
2149387
2149388
2149389
2149390
2149391
2149392
2149393
2149394
2149395
2149396
2149397
2149398
2149399
2149400
2149401
2149402
2149403
2149404
2149405
2149406
2149407
2149408
2149409
2149410
2149411
2149412
2149413
2149414
2149415
2149416
2149417
2149418
2149419
2149420
2149421
2149422
2149423
2149424
2149425
2149426
2149427
2149428
2149429
2149430
2149431
2149432
2149433
2149434
2149435
2149436
2149437
2149438
2149439
2149440
2149441
2149442
2149443
2149444
2149445
2149446
2149447
2149448
2149449
2149450
2149451
2149452
2149453
2149454
2149455
2149456
2149457
2149458
2149459
2149460
2149461
2149462
2149463
2149464
2149465
2149466
2149467
2149468
2149469
2149470
2149471
2149472
2149473
2149474
2149475
2149476
2149477
2149478
2149479
2149480
2149481
2149482
2149483
2149484
2149485
2149486
2149487
2149488
2149489
2149490
2149491
2149492
2149493
2149494
2149495
2149496
2149497
2149498
2149499
2149500
2149501
2149502
2149503
2149504
2149505
2149506
2149507
2149508
2149509
2149510
2149511
2149512
2149513
2149514
2149515
2149516
2149517
2149518
2149519
2149520
2149521
2149522
2149523
2149524
2149525
2149526
2149527
2149528
2149529
2149530
2149531
2149532
2149533
2149534
2149535
2149536
2149537
2149538
2149539
2149540
2149541
2149542
2149543
2149544
2149545
2149546
2149547
2149548
2149549
2149550
2149551
2149552
2149553
2149554
2149555
2149556
2149557
2149558
2149559
2149560
2149561
2149562
2149563
2149564
2149565
2149566
2149567
2149568
2149569
2149570
2149571
2149572
2149573
2149574
2149575
2149576
2149577
2149578
2149579
2149580
2149581
2149582
2149583
2149584
2149585
2149586
2149587
2149588
2149589
2149590
2149591
2149592
2149593
2149594
2149595
2149596
2149597
2149598
2149599
2149600
2149601
2149602
2149603
2149604
2149605
2149606
2149607
2149608
2149609
2149610
2149611
2149612
2149613
2149614
2149615
2149616
2149617
2149618
2149619
2149620
2149621
2149622
2149623
2149624
2149625
2149626
2149627
2149628
2149629
2149630
2149631
2149632
2149633
2149634
2149635
2149636
2149637
2149638
2149639
2149640
2149641
2149642
2149643
2149644
2149645
2149646
2149647
2149648
2149649
2149650
2149651
2149652
2149653
2149654
2149655
2149656
2149657
2149658
2149659
2149660
2149661
2149662
2149663
2149664
2149665
2149666
2149667
2149668
2149669
2149670
2149671
2149672
2149673
2149674
2149675
2149676
2149677
2149678
2149679
2149680
2149681
2149682
2149683
2149684
2149685
2149686
2149687
2149688
2149689
2149690
2149691
2149692
2149693
2149694
2149695
2149696
2149697
2149698
2149699
2149700
2149701
2149702
2149703
2149704
2149705
2149706
2149707
2149708
2149709
2149710
2149711
2149712
2149713
2149714
2149715
2149716
2149717
2149718
2149719
2149720
2149721
2149722
2149723
2149724
2149725
2149726
2149727
2149728
2149729
2149730
2149731
2149732
2149733
2149734
2149735
2149736
2149737
2149738
2149739
2149740
2149741
2149742
2149743
2149744
2149745
2149746
2149747
2149748
2149749
2149750
2149751
2149752
2149753
2149754
2149755
2149756
2149757
2149758
2149759
2149760
2149761
2149762
2149763
2149764
2149765
2149766
2149767
2149768
2149769
2149770
2149771
2149772
2149773
2149774
2149775
2149776
2149777
2149778
2149779
2149780
2149781
2149782
2149783
2149784
2149785
2149786
2149787
2149788
2149789
2149790
2149791
2149792
2149793
2149794
2149795
2149796
2149797
2149798
2149799
2149800
2149801
2149802
2149803
2149804
2149805
2149806
2149807
2149808
2149809
2149810
2149811
2149812
2149813
2149814
2149815
2149816
2149817
2149818
2149819
2149820
2149821
2149822
2149823
2149824
2149825
2149826
2149827
2149828
2149829
2149830
2149831
2149832
2149833
2149834
2149835
2149836
2149837
2149838
2149839
2149840
2149841
2149842
2149843
2149844
2149845
2149846
2149847
2149848
2149849
2149850
2149851
2149852
2149853
2149854
2149855
2149856
2149857
2149858
2149859
2149860
2149861
2149862
2149863
2149864
2149865
2149866
2149867
2149868
2149869
2149870
2149871
2149872
2149873
2149874
2149875
2149876
2149877
2149878
2149879
2149880
2149881
2149882
2149883
2149884
2149885
2149886
2149887
2149888
2149889
2149890
2149891
2149892
2149893
2149894
2149895
2149896
2149897
2149898
2149899
2149900
2149901
2149902
2149903
2149904
2149905
2149906
2149907
2149908
2149909
2149910
2149911
2149912
2149913
2149914
2149915
2149916
2149917
2149918
2149919
2149920
2149921
2149922
2149923
2149924
2149925
2149926
2149927
2149928
2149929
2149930
2149931
2149932
2149933
2149934
2149935
2149936
2149937
2149938
2149939
2149940
2149941
2149942
2149943
2149944
2149945
2149946
2149947
2149948
2149949
2149950
2149951
2149952
2149953
2149954
2149955
2149956
2149957
2149958
2149959
2149960
2149961
2149962
2149963
2149964
2149965
2149966
2149967
2149968
2149969
2149970
2149971
2149972
2149973
2149974
2149975
2149976
2149977
2149978
2149979
2149980
2149981
2149982
2149983
2149984
2149985
2149986
2149987
2149988
2149989
2149990
2149991
2149992
2149993
2149994
2149995
2149996
2149997
2149998
2149999
2150000
