2390001
2390002
2390003
2390004
2390005
2390006
2390007
2390008
2390009
2390010
2390011
2390012
2390013
2390014
2390015
2390016
2390017
2390018
2390019
2390020
2390021
2390022
2390023
2390024
2390025
2390026
2390027
2390028
2390029
2390030
2390031
2390032
2390033
2390034
2390035
2390036
2390037
2390038
2390039
2390040
2390041
2390042
2390043
2390044
2390045
2390046
2390047
2390048
2390049
2390050
2390051
2390052
2390053
2390054
2390055
2390056
2390057
2390058
2390059
2390060
2390061
2390062
2390063
2390064
2390065
2390066
2390067
2390068
2390069
2390070
2390071
2390072
2390073
2390074
2390075
2390076
2390077
2390078
2390079
2390080
2390081
2390082
2390083
2390084
2390085
2390086
2390087
2390088
2390089
2390090
2390091
2390092
2390093
2390094
2390095
2390096
2390097
2390098
2390099
2390100
2390101
2390102
2390103
2390104
2390105
2390106
2390107
2390108
2390109
2390110
2390111
2390112
2390113
2390114
2390115
2390116
2390117
2390118
2390119
2390120
2390121
2390122
2390123
2390124
2390125
2390126
2390127
2390128
2390129
2390130
2390131
2390132
2390133
2390134
2390135
2390136
2390137
2390138
2390139
2390140
2390141
2390142
2390143
2390144
2390145
2390146
2390147
2390148
2390149
2390150
2390151
2390152
2390153
2390154
2390155
2390156
2390157
2390158
2390159
2390160
2390161
2390162
2390163
2390164
2390165
2390166
2390167
2390168
2390169
2390170
2390171
2390172
2390173
2390174
2390175
2390176
2390177
2390178
2390179
2390180
2390181
2390182
2390183
2390184
2390185
2390186
2390187
2390188
2390189
2390190
2390191
2390192
2390193
2390194
2390195
2390196
2390197
2390198
2390199
2390200
2390201
2390202
2390203
2390204
2390205
2390206
2390207
2390208
2390209
2390210
2390211
2390212
2390213
2390214
2390215
2390216
2390217
2390218
2390219
2390220
2390221
2390222
2390223
2390224
2390225
2390226
2390227
2390228
2390229
2390230
2390231
2390232
2390233
2390234
2390235
2390236
2390237
2390238
2390239
2390240
2390241
2390242
2390243
2390244
2390245
2390246
2390247
2390248
2390249
2390250
2390251
2390252
2390253
2390254
2390255
2390256
2390257
2390258
2390259
2390260
2390261
2390262
2390263
2390264
2390265
2390266
2390267
2390268
2390269
2390270
2390271
2390272
2390273
2390274
2390275
2390276
2390277
2390278
2390279
2390280
2390281
2390282
2390283
2390284
2390285
2390286
2390287
2390288
2390289
2390290
2390291
2390292
2390293
2390294
2390295
2390296
2390297
2390298
2390299
2390300
2390301
2390302
2390303
2390304
2390305
2390306
2390307
2390308
2390309
2390310
2390311
2390312
2390313
2390314
2390315
2390316
2390317
2390318
2390319
2390320
2390321
2390322
2390323
2390324
2390325
2390326
2390327
2390328
2390329
2390330
2390331
2390332
2390333
2390334
2390335
2390336
2390337
2390338
2390339
2390340
2390341
2390342
2390343
2390344
2390345
2390346
2390347
2390348
2390349
2390350
2390351
2390352
2390353
2390354
2390355
2390356
2390357
2390358
2390359
2390360
2390361
2390362
2390363
2390364
2390365
2390366
2390367
2390368
2390369
2390370
2390371
2390372
2390373
2390374
2390375
2390376
2390377
2390378
2390379
2390380
2390381
2390382
2390383
2390384
2390385
2390386
2390387
2390388
2390389
2390390
2390391
2390392
2390393
2390394
2390395
2390396
2390397
2390398
2390399
2390400
2390401
2390402
2390403
2390404
2390405
2390406
2390407
2390408
2390409
2390410
2390411
2390412
2390413
2390414
2390415
2390416
2390417
2390418
2390419
2390420
2390421
2390422
2390423
2390424
2390425
2390426
2390427
2390428
2390429
2390430
2390431
2390432
2390433
2390434
2390435
2390436
2390437
2390438
2390439
2390440
2390441
2390442
2390443
2390444
2390445
2390446
2390447
2390448
2390449
2390450
2390451
2390452
2390453
2390454
2390455
2390456
2390457
2390458
2390459
2390460
2390461
2390462
2390463
2390464
2390465
2390466
2390467
2390468
2390469
2390470
2390471
2390472
2390473
2390474
2390475
2390476
2390477
2390478
2390479
2390480
2390481
2390482
2390483
2390484
2390485
2390486
2390487
2390488
2390489
2390490
2390491
2390492
2390493
2390494
2390495
2390496
2390497
2390498
2390499
2390500
2390501
2390502
2390503
2390504
2390505
2390506
2390507
2390508
2390509
2390510
2390511
2390512
2390513
2390514
2390515
2390516
2390517
2390518
2390519
2390520
2390521
2390522
2390523
2390524
2390525
2390526
2390527
2390528
2390529
2390530
2390531
2390532
2390533
2390534
2390535
2390536
2390537
2390538
2390539
2390540
2390541
2390542
2390543
2390544
2390545
2390546
2390547
2390548
2390549
2390550
2390551
2390552
2390553
2390554
2390555
2390556
2390557
2390558
2390559
2390560
2390561
2390562
2390563
2390564
2390565
2390566
2390567
2390568
2390569
2390570
2390571
2390572
2390573
2390574
2390575
2390576
2390577
2390578
2390579
2390580
2390581
2390582
2390583
2390584
2390585
2390586
2390587
2390588
2390589
2390590
2390591
2390592
2390593
2390594
2390595
2390596
2390597
2390598
2390599
2390600
2390601
2390602
2390603
2390604
2390605
2390606
2390607
2390608
2390609
2390610
2390611
2390612
2390613
2390614
2390615
2390616
2390617
2390618
2390619
2390620
2390621
2390622
2390623
2390624
2390625
2390626
2390627
2390628
2390629
2390630
2390631
2390632
2390633
2390634
2390635
2390636
2390637
2390638
2390639
2390640
2390641
2390642
2390643
2390644
2390645
2390646
2390647
2390648
2390649
2390650
2390651
2390652
2390653
2390654
2390655
2390656
2390657
2390658
2390659
2390660
2390661
2390662
2390663
2390664
2390665
2390666
2390667
2390668
2390669
2390670
2390671
2390672
2390673
2390674
2390675
2390676
2390677
2390678
2390679
2390680
2390681
2390682
2390683
2390684
2390685
2390686
2390687
2390688
2390689
2390690
2390691
2390692
2390693
2390694
2390695
2390696
2390697
2390698
2390699
2390700
2390701
2390702
2390703
2390704
2390705
2390706
2390707
2390708
2390709
2390710
2390711
2390712
2390713
2390714
2390715
2390716
2390717
2390718
2390719
2390720
2390721
2390722
2390723
2390724
2390725
2390726
2390727
2390728
2390729
2390730
2390731
2390732
2390733
2390734
2390735
2390736
2390737
2390738
2390739
2390740
2390741
2390742
2390743
2390744
2390745
2390746
2390747
2390748
2390749
2390750
2390751
2390752
2390753
2390754
2390755
2390756
2390757
2390758
2390759
2390760
2390761
2390762
2390763
2390764
2390765
2390766
2390767
2390768
2390769
2390770
2390771
2390772
2390773
2390774
2390775
2390776
2390777
2390778
2390779
2390780
2390781
2390782
2390783
2390784
2390785
2390786
2390787
2390788
2390789
2390790
2390791
2390792
2390793
2390794
2390795
2390796
2390797
2390798
2390799
2390800
2390801
2390802
2390803
2390804
2390805
2390806
2390807
2390808
2390809
2390810
2390811
2390812
2390813
2390814
2390815
2390816
2390817
2390818
2390819
2390820
2390821
2390822
2390823
2390824
2390825
2390826
2390827
2390828
2390829
2390830
2390831
2390832
2390833
2390834
2390835
2390836
2390837
2390838
2390839
2390840
2390841
2390842
2390843
2390844
2390845
2390846
2390847
2390848
2390849
2390850
2390851
2390852
2390853
2390854
2390855
2390856
2390857
2390858
2390859
2390860
2390861
2390862
2390863
2390864
2390865
2390866
2390867
2390868
2390869
2390870
2390871
2390872
2390873
2390874
2390875
2390876
2390877
2390878
2390879
2390880
2390881
2390882
2390883
2390884
2390885
2390886
2390887
2390888
2390889
2390890
2390891
2390892
2390893
2390894
2390895
2390896
2390897
2390898
2390899
2390900
2390901
2390902
2390903
2390904
2390905
2390906
2390907
2390908
2390909
2390910
2390911
2390912
2390913
2390914
2390915
2390916
2390917
2390918
2390919
2390920
2390921
2390922
2390923
2390924
2390925
2390926
2390927
2390928
2390929
2390930
2390931
2390932
2390933
2390934
2390935
2390936
2390937
2390938
2390939
2390940
2390941
2390942
2390943
2390944
2390945
2390946
2390947
2390948
2390949
2390950
2390951
2390952
2390953
2390954
2390955
2390956
2390957
2390958
2390959
2390960
2390961
2390962
2390963
2390964
2390965
2390966
2390967
2390968
2390969
2390970
2390971
2390972
2390973
2390974
2390975
2390976
2390977
2390978
2390979
2390980
2390981
2390982
2390983
2390984
2390985
2390986
2390987
2390988
2390989
2390990
2390991
2390992
2390993
2390994
2390995
2390996
2390997
2390998
2390999
2391000
2391001
2391002
2391003
2391004
2391005
2391006
2391007
2391008
2391009
2391010
2391011
2391012
2391013
2391014
2391015
2391016
2391017
2391018
2391019
2391020
2391021
2391022
2391023
2391024
2391025
2391026
2391027
2391028
2391029
2391030
2391031
2391032
2391033
2391034
2391035
2391036
2391037
2391038
2391039
2391040
2391041
2391042
2391043
2391044
2391045
2391046
2391047
2391048
2391049
2391050
2391051
2391052
2391053
2391054
2391055
2391056
2391057
2391058
2391059
2391060
2391061
2391062
2391063
2391064
2391065
2391066
2391067
2391068
2391069
2391070
2391071
2391072
2391073
2391074
2391075
2391076
2391077
2391078
2391079
2391080
2391081
2391082
2391083
2391084
2391085
2391086
2391087
2391088
2391089
2391090
2391091
2391092
2391093
2391094
2391095
2391096
2391097
2391098
2391099
2391100
2391101
2391102
2391103
2391104
2391105
2391106
2391107
2391108
2391109
2391110
2391111
2391112
2391113
2391114
2391115
2391116
2391117
2391118
2391119
2391120
2391121
2391122
2391123
2391124
2391125
2391126
2391127
2391128
2391129
2391130
2391131
2391132
2391133
2391134
2391135
2391136
2391137
2391138
2391139
2391140
2391141
2391142
2391143
2391144
2391145
2391146
2391147
2391148
2391149
2391150
2391151
2391152
2391153
2391154
2391155
2391156
2391157
2391158
2391159
2391160
2391161
2391162
2391163
2391164
2391165
2391166
2391167
2391168
2391169
2391170
2391171
2391172
2391173
2391174
2391175
2391176
2391177
2391178
2391179
2391180
2391181
2391182
2391183
2391184
2391185
2391186
2391187
2391188
2391189
2391190
2391191
2391192
2391193
2391194
2391195
2391196
2391197
2391198
2391199
2391200
2391201
2391202
2391203
2391204
2391205
2391206
2391207
2391208
2391209
2391210
2391211
2391212
2391213
2391214
2391215
2391216
2391217
2391218
2391219
2391220
2391221
2391222
2391223
2391224
2391225
2391226
2391227
2391228
2391229
2391230
2391231
2391232
2391233
2391234
2391235
2391236
2391237
2391238
2391239
2391240
2391241
2391242
2391243
2391244
2391245
2391246
2391247
2391248
2391249
2391250
2391251
2391252
2391253
2391254
2391255
2391256
2391257
2391258
2391259
2391260
2391261
2391262
2391263
2391264
2391265
2391266
2391267
2391268
2391269
2391270
2391271
2391272
2391273
2391274
2391275
2391276
2391277
2391278
2391279
2391280
2391281
2391282
2391283
2391284
2391285
2391286
2391287
2391288
2391289
2391290
2391291
2391292
2391293
2391294
2391295
2391296
2391297
2391298
2391299
2391300
2391301
2391302
2391303
2391304
2391305
2391306
2391307
2391308
2391309
2391310
2391311
2391312
2391313
2391314
2391315
2391316
2391317
2391318
2391319
2391320
2391321
2391322
2391323
2391324
2391325
2391326
2391327
2391328
2391329
2391330
2391331
2391332
2391333
2391334
2391335
2391336
2391337
2391338
2391339
2391340
2391341
2391342
2391343
2391344
2391345
2391346
2391347
2391348
2391349
2391350
2391351
2391352
2391353
2391354
2391355
2391356
2391357
2391358
2391359
2391360
2391361
2391362
2391363
2391364
2391365
2391366
2391367
2391368
2391369
2391370
2391371
2391372
2391373
2391374
2391375
2391376
2391377
2391378
2391379
2391380
2391381
2391382
2391383
2391384
2391385
2391386
2391387
2391388
2391389
2391390
2391391
2391392
2391393
2391394
2391395
2391396
2391397
2391398
2391399
2391400
2391401
2391402
2391403
2391404
2391405
2391406
2391407
2391408
2391409
2391410
2391411
2391412
2391413
2391414
2391415
2391416
2391417
2391418
2391419
2391420
2391421
2391422
2391423
2391424
2391425
2391426
2391427
2391428
2391429
2391430
2391431
2391432
2391433
2391434
2391435
2391436
2391437
2391438
2391439
2391440
2391441
2391442
2391443
2391444
2391445
2391446
2391447
2391448
2391449
2391450
2391451
2391452
2391453
2391454
2391455
2391456
2391457
2391458
2391459
2391460
2391461
2391462
2391463
2391464
2391465
2391466
2391467
2391468
2391469
2391470
2391471
2391472
2391473
2391474
2391475
2391476
2391477
2391478
2391479
2391480
2391481
2391482
2391483
2391484
2391485
2391486
2391487
2391488
2391489
2391490
2391491
2391492
2391493
2391494
2391495
2391496
2391497
2391498
2391499
2391500
2391501
2391502
2391503
2391504
2391505
2391506
2391507
2391508
2391509
2391510
2391511
2391512
2391513
2391514
2391515
2391516
2391517
2391518
2391519
2391520
2391521
2391522
2391523
2391524
2391525
2391526
2391527
2391528
2391529
2391530
2391531
2391532
2391533
2391534
2391535
2391536
2391537
2391538
2391539
2391540
2391541
2391542
2391543
2391544
2391545
2391546
2391547
2391548
2391549
2391550
2391551
2391552
2391553
2391554
2391555
2391556
2391557
2391558
2391559
2391560
2391561
2391562
2391563
2391564
2391565
2391566
2391567
2391568
2391569
2391570
2391571
2391572
2391573
2391574
2391575
2391576
2391577
2391578
2391579
2391580
2391581
2391582
2391583
2391584
2391585
2391586
2391587
2391588
2391589
2391590
2391591
2391592
2391593
2391594
2391595
2391596
2391597
2391598
2391599
2391600
2391601
2391602
2391603
2391604
2391605
2391606
2391607
2391608
2391609
2391610
2391611
2391612
2391613
2391614
2391615
2391616
2391617
2391618
2391619
2391620
2391621
2391622
2391623
2391624
2391625
2391626
2391627
2391628
2391629
2391630
2391631
2391632
2391633
2391634
2391635
2391636
2391637
2391638
2391639
2391640
2391641
2391642
2391643
2391644
2391645
2391646
2391647
2391648
2391649
2391650
2391651
2391652
2391653
2391654
2391655
2391656
2391657
2391658
2391659
2391660
2391661
2391662
2391663
2391664
2391665
2391666
2391667
2391668
2391669
2391670
2391671
2391672
2391673
2391674
2391675
2391676
2391677
2391678
2391679
2391680
2391681
2391682
2391683
2391684
2391685
2391686
2391687
2391688
2391689
2391690
2391691
2391692
2391693
2391694
2391695
2391696
2391697
2391698
2391699
2391700
2391701
2391702
2391703
2391704
2391705
2391706
2391707
2391708
2391709
2391710
2391711
2391712
2391713
2391714
2391715
2391716
2391717
2391718
2391719
2391720
2391721
2391722
2391723
2391724
2391725
2391726
2391727
2391728
2391729
2391730
2391731
2391732
2391733
2391734
2391735
2391736
2391737
2391738
2391739
2391740
2391741
2391742
2391743
2391744
2391745
2391746
2391747
2391748
2391749
2391750
2391751
2391752
2391753
2391754
2391755
2391756
2391757
2391758
2391759
2391760
2391761
2391762
2391763
2391764
2391765
2391766
2391767
2391768
2391769
2391770
2391771
2391772
2391773
2391774
2391775
2391776
2391777
2391778
2391779
2391780
2391781
2391782
2391783
2391784
2391785
2391786
2391787
2391788
2391789
2391790
2391791
2391792
2391793
2391794
2391795
2391796
2391797
2391798
2391799
2391800
2391801
2391802
2391803
2391804
2391805
2391806
2391807
2391808
2391809
2391810
2391811
2391812
2391813
2391814
2391815
2391816
2391817
2391818
2391819
2391820
2391821
2391822
2391823
2391824
2391825
2391826
2391827
2391828
2391829
2391830
2391831
2391832
2391833
2391834
2391835
2391836
2391837
2391838
2391839
2391840
2391841
2391842
2391843
2391844
2391845
2391846
2391847
2391848
2391849
2391850
2391851
2391852
2391853
2391854
2391855
2391856
2391857
2391858
2391859
2391860
2391861
2391862
2391863
2391864
2391865
2391866
2391867
2391868
2391869
2391870
2391871
2391872
2391873
2391874
2391875
2391876
2391877
2391878
2391879
2391880
2391881
2391882
2391883
2391884
2391885
2391886
2391887
2391888
2391889
2391890
2391891
2391892
2391893
2391894
2391895
2391896
2391897
2391898
2391899
2391900
2391901
2391902
2391903
2391904
2391905
2391906
2391907
2391908
2391909
2391910
2391911
2391912
2391913
2391914
2391915
2391916
2391917
2391918
2391919
2391920
2391921
2391922
2391923
2391924
2391925
2391926
2391927
2391928
2391929
2391930
2391931
2391932
2391933
2391934
2391935
2391936
2391937
2391938
2391939
2391940
2391941
2391942
2391943
2391944
2391945
2391946
2391947
2391948
2391949
2391950
2391951
2391952
2391953
2391954
2391955
2391956
2391957
2391958
2391959
2391960
2391961
2391962
2391963
2391964
2391965
2391966
2391967
2391968
2391969
2391970
2391971
2391972
2391973
2391974
2391975
2391976
2391977
2391978
2391979
2391980
2391981
2391982
2391983
2391984
2391985
2391986
2391987
2391988
2391989
2391990
2391991
2391992
2391993
2391994
2391995
2391996
2391997
2391998
2391999
2392000
2392001
2392002
2392003
2392004
2392005
2392006
2392007
2392008
2392009
2392010
2392011
2392012
2392013
2392014
2392015
2392016
2392017
2392018
2392019
2392020
2392021
2392022
2392023
2392024
2392025
2392026
2392027
2392028
2392029
2392030
2392031
2392032
2392033
2392034
2392035
2392036
2392037
2392038
2392039
2392040
2392041
2392042
2392043
2392044
2392045
2392046
2392047
2392048
2392049
2392050
2392051
2392052
2392053
2392054
2392055
2392056
2392057
2392058
2392059
2392060
2392061
2392062
2392063
2392064
2392065
2392066
2392067
2392068
2392069
2392070
2392071
2392072
2392073
2392074
2392075
2392076
2392077
2392078
2392079
2392080
2392081
2392082
2392083
2392084
2392085
2392086
2392087
2392088
2392089
2392090
2392091
2392092
2392093
2392094
2392095
2392096
2392097
2392098
2392099
2392100
2392101
2392102
2392103
2392104
2392105
2392106
2392107
2392108
2392109
2392110
2392111
2392112
2392113
2392114
2392115
2392116
2392117
2392118
2392119
2392120
2392121
2392122
2392123
2392124
2392125
2392126
2392127
2392128
2392129
2392130
2392131
2392132
2392133
2392134
2392135
2392136
2392137
2392138
2392139
2392140
2392141
2392142
2392143
2392144
2392145
2392146
2392147
2392148
2392149
2392150
2392151
2392152
2392153
2392154
2392155
2392156
2392157
2392158
2392159
2392160
2392161
2392162
2392163
2392164
2392165
2392166
2392167
2392168
2392169
2392170
2392171
2392172
2392173
2392174
2392175
2392176
2392177
2392178
2392179
2392180
2392181
2392182
2392183
2392184
2392185
2392186
2392187
2392188
2392189
2392190
2392191
2392192
2392193
2392194
2392195
2392196
2392197
2392198
2392199
2392200
2392201
2392202
2392203
2392204
2392205
2392206
2392207
2392208
2392209
2392210
2392211
2392212
2392213
2392214
2392215
2392216
2392217
2392218
2392219
2392220
2392221
2392222
2392223
2392224
2392225
2392226
2392227
2392228
2392229
2392230
2392231
2392232
2392233
2392234
2392235
2392236
2392237
2392238
2392239
2392240
2392241
2392242
2392243
2392244
2392245
2392246
2392247
2392248
2392249
2392250
2392251
2392252
2392253
2392254
2392255
2392256
2392257
2392258
2392259
2392260
2392261
2392262
2392263
2392264
2392265
2392266
2392267
2392268
2392269
2392270
2392271
2392272
2392273
2392274
2392275
2392276
2392277
2392278
2392279
2392280
2392281
2392282
2392283
2392284
2392285
2392286
2392287
2392288
2392289
2392290
2392291
2392292
2392293
2392294
2392295
2392296
2392297
2392298
2392299
2392300
2392301
2392302
2392303
2392304
2392305
2392306
2392307
2392308
2392309
2392310
2392311
2392312
2392313
2392314
2392315
2392316
2392317
2392318
2392319
2392320
2392321
2392322
2392323
2392324
2392325
2392326
2392327
2392328
2392329
2392330
2392331
2392332
2392333
2392334
2392335
2392336
2392337
2392338
2392339
2392340
2392341
2392342
2392343
2392344
2392345
2392346
2392347
2392348
2392349
2392350
2392351
2392352
2392353
2392354
2392355
2392356
2392357
2392358
2392359
2392360
2392361
2392362
2392363
2392364
2392365
2392366
2392367
2392368
2392369
2392370
2392371
2392372
2392373
2392374
2392375
2392376
2392377
2392378
2392379
2392380
2392381
2392382
2392383
2392384
2392385
2392386
2392387
2392388
2392389
2392390
2392391
2392392
2392393
2392394
2392395
2392396
2392397
2392398
2392399
2392400
2392401
2392402
2392403
2392404
2392405
2392406
2392407
2392408
2392409
2392410
2392411
2392412
2392413
2392414
2392415
2392416
2392417
2392418
2392419
2392420
2392421
2392422
2392423
2392424
2392425
2392426
2392427
2392428
2392429
2392430
2392431
2392432
2392433
2392434
2392435
2392436
2392437
2392438
2392439
2392440
2392441
2392442
2392443
2392444
2392445
2392446
2392447
2392448
2392449
2392450
2392451
2392452
2392453
2392454
2392455
2392456
2392457
2392458
2392459
2392460
2392461
2392462
2392463
2392464
2392465
2392466
2392467
2392468
2392469
2392470
2392471
2392472
2392473
2392474
2392475
2392476
2392477
2392478
2392479
2392480
2392481
2392482
2392483
2392484
2392485
2392486
2392487
2392488
2392489
2392490
2392491
2392492
2392493
2392494
2392495
2392496
2392497
2392498
2392499
2392500
2392501
2392502
2392503
2392504
2392505
2392506
2392507
2392508
2392509
2392510
2392511
2392512
2392513
2392514
2392515
2392516
2392517
2392518
2392519
2392520
2392521
2392522
2392523
2392524
2392525
2392526
2392527
2392528
2392529
2392530
2392531
2392532
2392533
2392534
2392535
2392536
2392537
2392538
2392539
2392540
2392541
2392542
2392543
2392544
2392545
2392546
2392547
2392548
2392549
2392550
2392551
2392552
2392553
2392554
2392555
2392556
2392557
2392558
2392559
2392560
2392561
2392562
2392563
2392564
2392565
2392566
2392567
2392568
2392569
2392570
2392571
2392572
2392573
2392574
2392575
2392576
2392577
2392578
2392579
2392580
2392581
2392582
2392583
2392584
2392585
2392586
2392587
2392588
2392589
2392590
2392591
2392592
2392593
2392594
2392595
2392596
2392597
2392598
2392599
2392600
2392601
2392602
2392603
2392604
2392605
2392606
2392607
2392608
2392609
2392610
2392611
2392612
2392613
2392614
2392615
2392616
2392617
2392618
2392619
2392620
2392621
2392622
2392623
2392624
2392625
2392626
2392627
2392628
2392629
2392630
2392631
2392632
2392633
2392634
2392635
2392636
2392637
2392638
2392639
2392640
2392641
2392642
2392643
2392644
2392645
2392646
2392647
2392648
2392649
2392650
2392651
2392652
2392653
2392654
2392655
2392656
2392657
2392658
2392659
2392660
2392661
2392662
2392663
2392664
2392665
2392666
2392667
2392668
2392669
2392670
2392671
2392672
2392673
2392674
2392675
2392676
2392677
2392678
2392679
2392680
2392681
2392682
2392683
2392684
2392685
2392686
2392687
2392688
2392689
2392690
2392691
2392692
2392693
2392694
2392695
2392696
2392697
2392698
2392699
2392700
2392701
2392702
2392703
2392704
2392705
2392706
2392707
2392708
2392709
2392710
2392711
2392712
2392713
2392714
2392715
2392716
2392717
2392718
2392719
2392720
2392721
2392722
2392723
2392724
2392725
2392726
2392727
2392728
2392729
2392730
2392731
2392732
2392733
2392734
2392735
2392736
2392737
2392738
2392739
2392740
2392741
2392742
2392743
2392744
2392745
2392746
2392747
2392748
2392749
2392750
2392751
2392752
2392753
2392754
2392755
2392756
2392757
2392758
2392759
2392760
2392761
2392762
2392763
2392764
2392765
2392766
2392767
2392768
2392769
2392770
2392771
2392772
2392773
2392774
2392775
2392776
2392777
2392778
2392779
2392780
2392781
2392782
2392783
2392784
2392785
2392786
2392787
2392788
2392789
2392790
2392791
2392792
2392793
2392794
2392795
2392796
2392797
2392798
2392799
2392800
2392801
2392802
2392803
2392804
2392805
2392806
2392807
2392808
2392809
2392810
2392811
2392812
2392813
2392814
2392815
2392816
2392817
2392818
2392819
2392820
2392821
2392822
2392823
2392824
2392825
2392826
2392827
2392828
2392829
2392830
2392831
2392832
2392833
2392834
2392835
2392836
2392837
2392838
2392839
2392840
2392841
2392842
2392843
2392844
2392845
2392846
2392847
2392848
2392849
2392850
2392851
2392852
2392853
2392854
2392855
2392856
2392857
2392858
2392859
2392860
2392861
2392862
2392863
2392864
2392865
2392866
2392867
2392868
2392869
2392870
2392871
2392872
2392873
2392874
2392875
2392876
2392877
2392878
2392879
2392880
2392881
2392882
2392883
2392884
2392885
2392886
2392887
2392888
2392889
2392890
2392891
2392892
2392893
2392894
2392895
2392896
2392897
2392898
2392899
2392900
2392901
2392902
2392903
2392904
2392905
2392906
2392907
2392908
2392909
2392910
2392911
2392912
2392913
2392914
2392915
2392916
2392917
2392918
2392919
2392920
2392921
2392922
2392923
2392924
2392925
2392926
2392927
2392928
2392929
2392930
2392931
2392932
2392933
2392934
2392935
2392936
2392937
2392938
2392939
2392940
2392941
2392942
2392943
2392944
2392945
2392946
2392947
2392948
2392949
2392950
2392951
2392952
2392953
2392954
2392955
2392956
2392957
2392958
2392959
2392960
2392961
2392962
2392963
2392964
2392965
2392966
2392967
2392968
2392969
2392970
2392971
2392972
2392973
2392974
2392975
2392976
2392977
2392978
2392979
2392980
2392981
2392982
2392983
2392984
2392985
2392986
2392987
2392988
2392989
2392990
2392991
2392992
2392993
2392994
2392995
2392996
2392997
2392998
2392999
2393000
2393001
2393002
2393003
2393004
2393005
2393006
2393007
2393008
2393009
2393010
2393011
2393012
2393013
2393014
2393015
2393016
2393017
2393018
2393019
2393020
2393021
2393022
2393023
2393024
2393025
2393026
2393027
2393028
2393029
2393030
2393031
2393032
2393033
2393034
2393035
2393036
2393037
2393038
2393039
2393040
2393041
2393042
2393043
2393044
2393045
2393046
2393047
2393048
2393049
2393050
2393051
2393052
2393053
2393054
2393055
2393056
2393057
2393058
2393059
2393060
2393061
2393062
2393063
2393064
2393065
2393066
2393067
2393068
2393069
2393070
2393071
2393072
2393073
2393074
2393075
2393076
2393077
2393078
2393079
2393080
2393081
2393082
2393083
2393084
2393085
2393086
2393087
2393088
2393089
2393090
2393091
2393092
2393093
2393094
2393095
2393096
2393097
2393098
2393099
2393100
2393101
2393102
2393103
2393104
2393105
2393106
2393107
2393108
2393109
2393110
2393111
2393112
2393113
2393114
2393115
2393116
2393117
2393118
2393119
2393120
2393121
2393122
2393123
2393124
2393125
2393126
2393127
2393128
2393129
2393130
2393131
2393132
2393133
2393134
2393135
2393136
2393137
2393138
2393139
2393140
2393141
2393142
2393143
2393144
2393145
2393146
2393147
2393148
2393149
2393150
2393151
2393152
2393153
2393154
2393155
2393156
2393157
2393158
2393159
2393160
2393161
2393162
2393163
2393164
2393165
2393166
2393167
2393168
2393169
2393170
2393171
2393172
2393173
2393174
2393175
2393176
2393177
2393178
2393179
2393180
2393181
2393182
2393183
2393184
2393185
2393186
2393187
2393188
2393189
2393190
2393191
2393192
2393193
2393194
2393195
2393196
2393197
2393198
2393199
2393200
2393201
2393202
2393203
2393204
2393205
2393206
2393207
2393208
2393209
2393210
2393211
2393212
2393213
2393214
2393215
2393216
2393217
2393218
2393219
2393220
2393221
2393222
2393223
2393224
2393225
2393226
2393227
2393228
2393229
2393230
2393231
2393232
2393233
2393234
2393235
2393236
2393237
2393238
2393239
2393240
2393241
2393242
2393243
2393244
2393245
2393246
2393247
2393248
2393249
2393250
2393251
2393252
2393253
2393254
2393255
2393256
2393257
2393258
2393259
2393260
2393261
2393262
2393263
2393264
2393265
2393266
2393267
2393268
2393269
2393270
2393271
2393272
2393273
2393274
2393275
2393276
2393277
2393278
2393279
2393280
2393281
2393282
2393283
2393284
2393285
2393286
2393287
2393288
2393289
2393290
2393291
2393292
2393293
2393294
2393295
2393296
2393297
2393298
2393299
2393300
2393301
2393302
2393303
2393304
2393305
2393306
2393307
2393308
2393309
2393310
2393311
2393312
2393313
2393314
2393315
2393316
2393317
2393318
2393319
2393320
2393321
2393322
2393323
2393324
2393325
2393326
2393327
2393328
2393329
2393330
2393331
2393332
2393333
2393334
2393335
2393336
2393337
2393338
2393339
2393340
2393341
2393342
2393343
2393344
2393345
2393346
2393347
2393348
2393349
2393350
2393351
2393352
2393353
2393354
2393355
2393356
2393357
2393358
2393359
2393360
2393361
2393362
2393363
2393364
2393365
2393366
2393367
2393368
2393369
2393370
2393371
2393372
2393373
2393374
2393375
2393376
2393377
2393378
2393379
2393380
2393381
2393382
2393383
2393384
2393385
2393386
2393387
2393388
2393389
2393390
2393391
2393392
2393393
2393394
2393395
2393396
2393397
2393398
2393399
2393400
2393401
2393402
2393403
2393404
2393405
2393406
2393407
2393408
2393409
2393410
2393411
2393412
2393413
2393414
2393415
2393416
2393417
2393418
2393419
2393420
2393421
2393422
2393423
2393424
2393425
2393426
2393427
2393428
2393429
2393430
2393431
2393432
2393433
2393434
2393435
2393436
2393437
2393438
2393439
2393440
2393441
2393442
2393443
2393444
2393445
2393446
2393447
2393448
2393449
2393450
2393451
2393452
2393453
2393454
2393455
2393456
2393457
2393458
2393459
2393460
2393461
2393462
2393463
2393464
2393465
2393466
2393467
2393468
2393469
2393470
2393471
2393472
2393473
2393474
2393475
2393476
2393477
2393478
2393479
2393480
2393481
2393482
2393483
2393484
2393485
2393486
2393487
2393488
2393489
2393490
2393491
2393492
2393493
2393494
2393495
2393496
2393497
2393498
2393499
2393500
2393501
2393502
2393503
2393504
2393505
2393506
2393507
2393508
2393509
2393510
2393511
2393512
2393513
2393514
2393515
2393516
2393517
2393518
2393519
2393520
2393521
2393522
2393523
2393524
2393525
2393526
2393527
2393528
2393529
2393530
2393531
2393532
2393533
2393534
2393535
2393536
2393537
2393538
2393539
2393540
2393541
2393542
2393543
2393544
2393545
2393546
2393547
2393548
2393549
2393550
2393551
2393552
2393553
2393554
2393555
2393556
2393557
2393558
2393559
2393560
2393561
2393562
2393563
2393564
2393565
2393566
2393567
2393568
2393569
2393570
2393571
2393572
2393573
2393574
2393575
2393576
2393577
2393578
2393579
2393580
2393581
2393582
2393583
2393584
2393585
2393586
2393587
2393588
2393589
2393590
2393591
2393592
2393593
2393594
2393595
2393596
2393597
2393598
2393599
2393600
2393601
2393602
2393603
2393604
2393605
2393606
2393607
2393608
2393609
2393610
2393611
2393612
2393613
2393614
2393615
2393616
2393617
2393618
2393619
2393620
2393621
2393622
2393623
2393624
2393625
2393626
2393627
2393628
2393629
2393630
2393631
2393632
2393633
2393634
2393635
2393636
2393637
2393638
2393639
2393640
2393641
2393642
2393643
2393644
2393645
2393646
2393647
2393648
2393649
2393650
2393651
2393652
2393653
2393654
2393655
2393656
2393657
2393658
2393659
2393660
2393661
2393662
2393663
2393664
2393665
2393666
2393667
2393668
2393669
2393670
2393671
2393672
2393673
2393674
2393675
2393676
2393677
2393678
2393679
2393680
2393681
2393682
2393683
2393684
2393685
2393686
2393687
2393688
2393689
2393690
2393691
2393692
2393693
2393694
2393695
2393696
2393697
2393698
2393699
2393700
2393701
2393702
2393703
2393704
2393705
2393706
2393707
2393708
2393709
2393710
2393711
2393712
2393713
2393714
2393715
2393716
2393717
2393718
2393719
2393720
2393721
2393722
2393723
2393724
2393725
2393726
2393727
2393728
2393729
2393730
2393731
2393732
2393733
2393734
2393735
2393736
2393737
2393738
2393739
2393740
2393741
2393742
2393743
2393744
2393745
2393746
2393747
2393748
2393749
2393750
2393751
2393752
2393753
2393754
2393755
2393756
2393757
2393758
2393759
2393760
2393761
2393762
2393763
2393764
2393765
2393766
2393767
2393768
2393769
2393770
2393771
2393772
2393773
2393774
2393775
2393776
2393777
2393778
2393779
2393780
2393781
2393782
2393783
2393784
2393785
2393786
2393787
2393788
2393789
2393790
2393791
2393792
2393793
2393794
2393795
2393796
2393797
2393798
2393799
2393800
2393801
2393802
2393803
2393804
2393805
2393806
2393807
2393808
2393809
2393810
2393811
2393812
2393813
2393814
2393815
2393816
2393817
2393818
2393819
2393820
2393821
2393822
2393823
2393824
2393825
2393826
2393827
2393828
2393829
2393830
2393831
2393832
2393833
2393834
2393835
2393836
2393837
2393838
2393839
2393840
2393841
2393842
2393843
2393844
2393845
2393846
2393847
2393848
2393849
2393850
2393851
2393852
2393853
2393854
2393855
2393856
2393857
2393858
2393859
2393860
2393861
2393862
2393863
2393864
2393865
2393866
2393867
2393868
2393869
2393870
2393871
2393872
2393873
2393874
2393875
2393876
2393877
2393878
2393879
2393880
2393881
2393882
2393883
2393884
2393885
2393886
2393887
2393888
2393889
2393890
2393891
2393892
2393893
2393894
2393895
2393896
2393897
2393898
2393899
2393900
2393901
2393902
2393903
2393904
2393905
2393906
2393907
2393908
2393909
2393910
2393911
2393912
2393913
2393914
2393915
2393916
2393917
2393918
2393919
2393920
2393921
2393922
2393923
2393924
2393925
2393926
2393927
2393928
2393929
2393930
2393931
2393932
2393933
2393934
2393935
2393936
2393937
2393938
2393939
2393940
2393941
2393942
2393943
2393944
2393945
2393946
2393947
2393948
2393949
2393950
2393951
2393952
2393953
2393954
2393955
2393956
2393957
2393958
2393959
2393960
2393961
2393962
2393963
2393964
2393965
2393966
2393967
2393968
2393969
2393970
2393971
2393972
2393973
2393974
2393975
2393976
2393977
2393978
2393979
2393980
2393981
2393982
2393983
2393984
2393985
2393986
2393987
2393988
2393989
2393990
2393991
2393992
2393993
2393994
2393995
2393996
2393997
2393998
2393999
2394000
2394001
2394002
2394003
2394004
2394005
2394006
2394007
2394008
2394009
2394010
2394011
2394012
2394013
2394014
2394015
2394016
2394017
2394018
2394019
2394020
2394021
2394022
2394023
2394024
2394025
2394026
2394027
2394028
2394029
2394030
2394031
2394032
2394033
2394034
2394035
2394036
2394037
2394038
2394039
2394040
2394041
2394042
2394043
2394044
2394045
2394046
2394047
2394048
2394049
2394050
2394051
2394052
2394053
2394054
2394055
2394056
2394057
2394058
2394059
2394060
2394061
2394062
2394063
2394064
2394065
2394066
2394067
2394068
2394069
2394070
2394071
2394072
2394073
2394074
2394075
2394076
2394077
2394078
2394079
2394080
2394081
2394082
2394083
2394084
2394085
2394086
2394087
2394088
2394089
2394090
2394091
2394092
2394093
2394094
2394095
2394096
2394097
2394098
2394099
2394100
2394101
2394102
2394103
2394104
2394105
2394106
2394107
2394108
2394109
2394110
2394111
2394112
2394113
2394114
2394115
2394116
2394117
2394118
2394119
2394120
2394121
2394122
2394123
2394124
2394125
2394126
2394127
2394128
2394129
2394130
2394131
2394132
2394133
2394134
2394135
2394136
2394137
2394138
2394139
2394140
2394141
2394142
2394143
2394144
2394145
2394146
2394147
2394148
2394149
2394150
2394151
2394152
2394153
2394154
2394155
2394156
2394157
2394158
2394159
2394160
2394161
2394162
2394163
2394164
2394165
2394166
2394167
2394168
2394169
2394170
2394171
2394172
2394173
2394174
2394175
2394176
2394177
2394178
2394179
2394180
2394181
2394182
2394183
2394184
2394185
2394186
2394187
2394188
2394189
2394190
2394191
2394192
2394193
2394194
2394195
2394196
2394197
2394198
2394199
2394200
2394201
2394202
2394203
2394204
2394205
2394206
2394207
2394208
2394209
2394210
2394211
2394212
2394213
2394214
2394215
2394216
2394217
2394218
2394219
2394220
2394221
2394222
2394223
2394224
2394225
2394226
2394227
2394228
2394229
2394230
2394231
2394232
2394233
2394234
2394235
2394236
2394237
2394238
2394239
2394240
2394241
2394242
2394243
2394244
2394245
2394246
2394247
2394248
2394249
2394250
2394251
2394252
2394253
2394254
2394255
2394256
2394257
2394258
2394259
2394260
2394261
2394262
2394263
2394264
2394265
2394266
2394267
2394268
2394269
2394270
2394271
2394272
2394273
2394274
2394275
2394276
2394277
2394278
2394279
2394280
2394281
2394282
2394283
2394284
2394285
2394286
2394287
2394288
2394289
2394290
2394291
2394292
2394293
2394294
2394295
2394296
2394297
2394298
2394299
2394300
2394301
2394302
2394303
2394304
2394305
2394306
2394307
2394308
2394309
2394310
2394311
2394312
2394313
2394314
2394315
2394316
2394317
2394318
2394319
2394320
2394321
2394322
2394323
2394324
2394325
2394326
2394327
2394328
2394329
2394330
2394331
2394332
2394333
2394334
2394335
2394336
2394337
2394338
2394339
2394340
2394341
2394342
2394343
2394344
2394345
2394346
2394347
2394348
2394349
2394350
2394351
2394352
2394353
2394354
2394355
2394356
2394357
2394358
2394359
2394360
2394361
2394362
2394363
2394364
2394365
2394366
2394367
2394368
2394369
2394370
2394371
2394372
2394373
2394374
2394375
2394376
2394377
2394378
2394379
2394380
2394381
2394382
2394383
2394384
2394385
2394386
2394387
2394388
2394389
2394390
2394391
2394392
2394393
2394394
2394395
2394396
2394397
2394398
2394399
2394400
2394401
2394402
2394403
2394404
2394405
2394406
2394407
2394408
2394409
2394410
2394411
2394412
2394413
2394414
2394415
2394416
2394417
2394418
2394419
2394420
2394421
2394422
2394423
2394424
2394425
2394426
2394427
2394428
2394429
2394430
2394431
2394432
2394433
2394434
2394435
2394436
2394437
2394438
2394439
2394440
2394441
2394442
2394443
2394444
2394445
2394446
2394447
2394448
2394449
2394450
2394451
2394452
2394453
2394454
2394455
2394456
2394457
2394458
2394459
2394460
2394461
2394462
2394463
2394464
2394465
2394466
2394467
2394468
2394469
2394470
2394471
2394472
2394473
2394474
2394475
2394476
2394477
2394478
2394479
2394480
2394481
2394482
2394483
2394484
2394485
2394486
2394487
2394488
2394489
2394490
2394491
2394492
2394493
2394494
2394495
2394496
2394497
2394498
2394499
2394500
2394501
2394502
2394503
2394504
2394505
2394506
2394507
2394508
2394509
2394510
2394511
2394512
2394513
2394514
2394515
2394516
2394517
2394518
2394519
2394520
2394521
2394522
2394523
2394524
2394525
2394526
2394527
2394528
2394529
2394530
2394531
2394532
2394533
2394534
2394535
2394536
2394537
2394538
2394539
2394540
2394541
2394542
2394543
2394544
2394545
2394546
2394547
2394548
2394549
2394550
2394551
2394552
2394553
2394554
2394555
2394556
2394557
2394558
2394559
2394560
2394561
2394562
2394563
2394564
2394565
2394566
2394567
2394568
2394569
2394570
2394571
2394572
2394573
2394574
2394575
2394576
2394577
2394578
2394579
2394580
2394581
2394582
2394583
2394584
2394585
2394586
2394587
2394588
2394589
2394590
2394591
2394592
2394593
2394594
2394595
2394596
2394597
2394598
2394599
2394600
2394601
2394602
2394603
2394604
2394605
2394606
2394607
2394608
2394609
2394610
2394611
2394612
2394613
2394614
2394615
2394616
2394617
2394618
2394619
2394620
2394621
2394622
2394623
2394624
2394625
2394626
2394627
2394628
2394629
2394630
2394631
2394632
2394633
2394634
2394635
2394636
2394637
2394638
2394639
2394640
2394641
2394642
2394643
2394644
2394645
2394646
2394647
2394648
2394649
2394650
2394651
2394652
2394653
2394654
2394655
2394656
2394657
2394658
2394659
2394660
2394661
2394662
2394663
2394664
2394665
2394666
2394667
2394668
2394669
2394670
2394671
2394672
2394673
2394674
2394675
2394676
2394677
2394678
2394679
2394680
2394681
2394682
2394683
2394684
2394685
2394686
2394687
2394688
2394689
2394690
2394691
2394692
2394693
2394694
2394695
2394696
2394697
2394698
2394699
2394700
2394701
2394702
2394703
2394704
2394705
2394706
2394707
2394708
2394709
2394710
2394711
2394712
2394713
2394714
2394715
2394716
2394717
2394718
2394719
2394720
2394721
2394722
2394723
2394724
2394725
2394726
2394727
2394728
2394729
2394730
2394731
2394732
2394733
2394734
2394735
2394736
2394737
2394738
2394739
2394740
2394741
2394742
2394743
2394744
2394745
2394746
2394747
2394748
2394749
2394750
2394751
2394752
2394753
2394754
2394755
2394756
2394757
2394758
2394759
2394760
2394761
2394762
2394763
2394764
2394765
2394766
2394767
2394768
2394769
2394770
2394771
2394772
2394773
2394774
2394775
2394776
2394777
2394778
2394779
2394780
2394781
2394782
2394783
2394784
2394785
2394786
2394787
2394788
2394789
2394790
2394791
2394792
2394793
2394794
2394795
2394796
2394797
2394798
2394799
2394800
2394801
2394802
2394803
2394804
2394805
2394806
2394807
2394808
2394809
2394810
2394811
2394812
2394813
2394814
2394815
2394816
2394817
2394818
2394819
2394820
2394821
2394822
2394823
2394824
2394825
2394826
2394827
2394828
2394829
2394830
2394831
2394832
2394833
2394834
2394835
2394836
2394837
2394838
2394839
2394840
2394841
2394842
2394843
2394844
2394845
2394846
2394847
2394848
2394849
2394850
2394851
2394852
2394853
2394854
2394855
2394856
2394857
2394858
2394859
2394860
2394861
2394862
2394863
2394864
2394865
2394866
2394867
2394868
2394869
2394870
2394871
2394872
2394873
2394874
2394875
2394876
2394877
2394878
2394879
2394880
2394881
2394882
2394883
2394884
2394885
2394886
2394887
2394888
2394889
2394890
2394891
2394892
2394893
2394894
2394895
2394896
2394897
2394898
2394899
2394900
2394901
2394902
2394903
2394904
2394905
2394906
2394907
2394908
2394909
2394910
2394911
2394912
2394913
2394914
2394915
2394916
2394917
2394918
2394919
2394920
2394921
2394922
2394923
2394924
2394925
2394926
2394927
2394928
2394929
2394930
2394931
2394932
2394933
2394934
2394935
2394936
2394937
2394938
2394939
2394940
2394941
2394942
2394943
2394944
2394945
2394946
2394947
2394948
2394949
2394950
2394951
2394952
2394953
2394954
2394955
2394956
2394957
2394958
2394959
2394960
2394961
2394962
2394963
2394964
2394965
2394966
2394967
2394968
2394969
2394970
2394971
2394972
2394973
2394974
2394975
2394976
2394977
2394978
2394979
2394980
2394981
2394982
2394983
2394984
2394985
2394986
2394987
2394988
2394989
2394990
2394991
2394992
2394993
2394994
2394995
2394996
2394997
2394998
2394999
2395000
2395001
2395002
2395003
2395004
2395005
2395006
2395007
2395008
2395009
2395010
2395011
2395012
2395013
2395014
2395015
2395016
2395017
2395018
2395019
2395020
2395021
2395022
2395023
2395024
2395025
2395026
2395027
2395028
2395029
2395030
2395031
2395032
2395033
2395034
2395035
2395036
2395037
2395038
2395039
2395040
2395041
2395042
2395043
2395044
2395045
2395046
2395047
2395048
2395049
2395050
2395051
2395052
2395053
2395054
2395055
2395056
2395057
2395058
2395059
2395060
2395061
2395062
2395063
2395064
2395065
2395066
2395067
2395068
2395069
2395070
2395071
2395072
2395073
2395074
2395075
2395076
2395077
2395078
2395079
2395080
2395081
2395082
2395083
2395084
2395085
2395086
2395087
2395088
2395089
2395090
2395091
2395092
2395093
2395094
2395095
2395096
2395097
2395098
2395099
2395100
2395101
2395102
2395103
2395104
2395105
2395106
2395107
2395108
2395109
2395110
2395111
2395112
2395113
2395114
2395115
2395116
2395117
2395118
2395119
2395120
2395121
2395122
2395123
2395124
2395125
2395126
2395127
2395128
2395129
2395130
2395131
2395132
2395133
2395134
2395135
2395136
2395137
2395138
2395139
2395140
2395141
2395142
2395143
2395144
2395145
2395146
2395147
2395148
2395149
2395150
2395151
2395152
2395153
2395154
2395155
2395156
2395157
2395158
2395159
2395160
2395161
2395162
2395163
2395164
2395165
2395166
2395167
2395168
2395169
2395170
2395171
2395172
2395173
2395174
2395175
2395176
2395177
2395178
2395179
2395180
2395181
2395182
2395183
2395184
2395185
2395186
2395187
2395188
2395189
2395190
2395191
2395192
2395193
2395194
2395195
2395196
2395197
2395198
2395199
2395200
2395201
2395202
2395203
2395204
2395205
2395206
2395207
2395208
2395209
2395210
2395211
2395212
2395213
2395214
2395215
2395216
2395217
2395218
2395219
2395220
2395221
2395222
2395223
2395224
2395225
2395226
2395227
2395228
2395229
2395230
2395231
2395232
2395233
2395234
2395235
2395236
2395237
2395238
2395239
2395240
2395241
2395242
2395243
2395244
2395245
2395246
2395247
2395248
2395249
2395250
2395251
2395252
2395253
2395254
2395255
2395256
2395257
2395258
2395259
2395260
2395261
2395262
2395263
2395264
2395265
2395266
2395267
2395268
2395269
2395270
2395271
2395272
2395273
2395274
2395275
2395276
2395277
2395278
2395279
2395280
2395281
2395282
2395283
2395284
2395285
2395286
2395287
2395288
2395289
2395290
2395291
2395292
2395293
2395294
2395295
2395296
2395297
2395298
2395299
2395300
2395301
2395302
2395303
2395304
2395305
2395306
2395307
2395308
2395309
2395310
2395311
2395312
2395313
2395314
2395315
2395316
2395317
2395318
2395319
2395320
2395321
2395322
2395323
2395324
2395325
2395326
2395327
2395328
2395329
2395330
2395331
2395332
2395333
2395334
2395335
2395336
2395337
2395338
2395339
2395340
2395341
2395342
2395343
2395344
2395345
2395346
2395347
2395348
2395349
2395350
2395351
2395352
2395353
2395354
2395355
2395356
2395357
2395358
2395359
2395360
2395361
2395362
2395363
2395364
2395365
2395366
2395367
2395368
2395369
2395370
2395371
2395372
2395373
2395374
2395375
2395376
2395377
2395378
2395379
2395380
2395381
2395382
2395383
2395384
2395385
2395386
2395387
2395388
2395389
2395390
2395391
2395392
2395393
2395394
2395395
2395396
2395397
2395398
2395399
2395400
2395401
2395402
2395403
2395404
2395405
2395406
2395407
2395408
2395409
2395410
2395411
2395412
2395413
2395414
2395415
2395416
2395417
2395418
2395419
2395420
2395421
2395422
2395423
2395424
2395425
2395426
2395427
2395428
2395429
2395430
2395431
2395432
2395433
2395434
2395435
2395436
2395437
2395438
2395439
2395440
2395441
2395442
2395443
2395444
2395445
2395446
2395447
2395448
2395449
2395450
2395451
2395452
2395453
2395454
2395455
2395456
2395457
2395458
2395459
2395460
2395461
2395462
2395463
2395464
2395465
2395466
2395467
2395468
2395469
2395470
2395471
2395472
2395473
2395474
2395475
2395476
2395477
2395478
2395479
2395480
2395481
2395482
2395483
2395484
2395485
2395486
2395487
2395488
2395489
2395490
2395491
2395492
2395493
2395494
2395495
2395496
2395497
2395498
2395499
2395500
2395501
2395502
2395503
2395504
2395505
2395506
2395507
2395508
2395509
2395510
2395511
2395512
2395513
2395514
2395515
2395516
2395517
2395518
2395519
2395520
2395521
2395522
2395523
2395524
2395525
2395526
2395527
2395528
2395529
2395530
2395531
2395532
2395533
2395534
2395535
2395536
2395537
2395538
2395539
2395540
2395541
2395542
2395543
2395544
2395545
2395546
2395547
2395548
2395549
2395550
2395551
2395552
2395553
2395554
2395555
2395556
2395557
2395558
2395559
2395560
2395561
2395562
2395563
2395564
2395565
2395566
2395567
2395568
2395569
2395570
2395571
2395572
2395573
2395574
2395575
2395576
2395577
2395578
2395579
2395580
2395581
2395582
2395583
2395584
2395585
2395586
2395587
2395588
2395589
2395590
2395591
2395592
2395593
2395594
2395595
2395596
2395597
2395598
2395599
2395600
2395601
2395602
2395603
2395604
2395605
2395606
2395607
2395608
2395609
2395610
2395611
2395612
2395613
2395614
2395615
2395616
2395617
2395618
2395619
2395620
2395621
2395622
2395623
2395624
2395625
2395626
2395627
2395628
2395629
2395630
2395631
2395632
2395633
2395634
2395635
2395636
2395637
2395638
2395639
2395640
2395641
2395642
2395643
2395644
2395645
2395646
2395647
2395648
2395649
2395650
2395651
2395652
2395653
2395654
2395655
2395656
2395657
2395658
2395659
2395660
2395661
2395662
2395663
2395664
2395665
2395666
2395667
2395668
2395669
2395670
2395671
2395672
2395673
2395674
2395675
2395676
2395677
2395678
2395679
2395680
2395681
2395682
2395683
2395684
2395685
2395686
2395687
2395688
2395689
2395690
2395691
2395692
2395693
2395694
2395695
2395696
2395697
2395698
2395699
2395700
2395701
2395702
2395703
2395704
2395705
2395706
2395707
2395708
2395709
2395710
2395711
2395712
2395713
2395714
2395715
2395716
2395717
2395718
2395719
2395720
2395721
2395722
2395723
2395724
2395725
2395726
2395727
2395728
2395729
2395730
2395731
2395732
2395733
2395734
2395735
2395736
2395737
2395738
2395739
2395740
2395741
2395742
2395743
2395744
2395745
2395746
2395747
2395748
2395749
2395750
2395751
2395752
2395753
2395754
2395755
2395756
2395757
2395758
2395759
2395760
2395761
2395762
2395763
2395764
2395765
2395766
2395767
2395768
2395769
2395770
2395771
2395772
2395773
2395774
2395775
2395776
2395777
2395778
2395779
2395780
2395781
2395782
2395783
2395784
2395785
2395786
2395787
2395788
2395789
2395790
2395791
2395792
2395793
2395794
2395795
2395796
2395797
2395798
2395799
2395800
2395801
2395802
2395803
2395804
2395805
2395806
2395807
2395808
2395809
2395810
2395811
2395812
2395813
2395814
2395815
2395816
2395817
2395818
2395819
2395820
2395821
2395822
2395823
2395824
2395825
2395826
2395827
2395828
2395829
2395830
2395831
2395832
2395833
2395834
2395835
2395836
2395837
2395838
2395839
2395840
2395841
2395842
2395843
2395844
2395845
2395846
2395847
2395848
2395849
2395850
2395851
2395852
2395853
2395854
2395855
2395856
2395857
2395858
2395859
2395860
2395861
2395862
2395863
2395864
2395865
2395866
2395867
2395868
2395869
2395870
2395871
2395872
2395873
2395874
2395875
2395876
2395877
2395878
2395879
2395880
2395881
2395882
2395883
2395884
2395885
2395886
2395887
2395888
2395889
2395890
2395891
2395892
2395893
2395894
2395895
2395896
2395897
2395898
2395899
2395900
2395901
2395902
2395903
2395904
2395905
2395906
2395907
2395908
2395909
2395910
2395911
2395912
2395913
2395914
2395915
2395916
2395917
2395918
2395919
2395920
2395921
2395922
2395923
2395924
2395925
2395926
2395927
2395928
2395929
2395930
2395931
2395932
2395933
2395934
2395935
2395936
2395937
2395938
2395939
2395940
2395941
2395942
2395943
2395944
2395945
2395946
2395947
2395948
2395949
2395950
2395951
2395952
2395953
2395954
2395955
2395956
2395957
2395958
2395959
2395960
2395961
2395962
2395963
2395964
2395965
2395966
2395967
2395968
2395969
2395970
2395971
2395972
2395973
2395974
2395975
2395976
2395977
2395978
2395979
2395980
2395981
2395982
2395983
2395984
2395985
2395986
2395987
2395988
2395989
2395990
2395991
2395992
2395993
2395994
2395995
2395996
2395997
2395998
2395999
2396000
2396001
2396002
2396003
2396004
2396005
2396006
2396007
2396008
2396009
2396010
2396011
2396012
2396013
2396014
2396015
2396016
2396017
2396018
2396019
2396020
2396021
2396022
2396023
2396024
2396025
2396026
2396027
2396028
2396029
2396030
2396031
2396032
2396033
2396034
2396035
2396036
2396037
2396038
2396039
2396040
2396041
2396042
2396043
2396044
2396045
2396046
2396047
2396048
2396049
2396050
2396051
2396052
2396053
2396054
2396055
2396056
2396057
2396058
2396059
2396060
2396061
2396062
2396063
2396064
2396065
2396066
2396067
2396068
2396069
2396070
2396071
2396072
2396073
2396074
2396075
2396076
2396077
2396078
2396079
2396080
2396081
2396082
2396083
2396084
2396085
2396086
2396087
2396088
2396089
2396090
2396091
2396092
2396093
2396094
2396095
2396096
2396097
2396098
2396099
2396100
2396101
2396102
2396103
2396104
2396105
2396106
2396107
2396108
2396109
2396110
2396111
2396112
2396113
2396114
2396115
2396116
2396117
2396118
2396119
2396120
2396121
2396122
2396123
2396124
2396125
2396126
2396127
2396128
2396129
2396130
2396131
2396132
2396133
2396134
2396135
2396136
2396137
2396138
2396139
2396140
2396141
2396142
2396143
2396144
2396145
2396146
2396147
2396148
2396149
2396150
2396151
2396152
2396153
2396154
2396155
2396156
2396157
2396158
2396159
2396160
2396161
2396162
2396163
2396164
2396165
2396166
2396167
2396168
2396169
2396170
2396171
2396172
2396173
2396174
2396175
2396176
2396177
2396178
2396179
2396180
2396181
2396182
2396183
2396184
2396185
2396186
2396187
2396188
2396189
2396190
2396191
2396192
2396193
2396194
2396195
2396196
2396197
2396198
2396199
2396200
2396201
2396202
2396203
2396204
2396205
2396206
2396207
2396208
2396209
2396210
2396211
2396212
2396213
2396214
2396215
2396216
2396217
2396218
2396219
2396220
2396221
2396222
2396223
2396224
2396225
2396226
2396227
2396228
2396229
2396230
2396231
2396232
2396233
2396234
2396235
2396236
2396237
2396238
2396239
2396240
2396241
2396242
2396243
2396244
2396245
2396246
2396247
2396248
2396249
2396250
2396251
2396252
2396253
2396254
2396255
2396256
2396257
2396258
2396259
2396260
2396261
2396262
2396263
2396264
2396265
2396266
2396267
2396268
2396269
2396270
2396271
2396272
2396273
2396274
2396275
2396276
2396277
2396278
2396279
2396280
2396281
2396282
2396283
2396284
2396285
2396286
2396287
2396288
2396289
2396290
2396291
2396292
2396293
2396294
2396295
2396296
2396297
2396298
2396299
2396300
2396301
2396302
2396303
2396304
2396305
2396306
2396307
2396308
2396309
2396310
2396311
2396312
2396313
2396314
2396315
2396316
2396317
2396318
2396319
2396320
2396321
2396322
2396323
2396324
2396325
2396326
2396327
2396328
2396329
2396330
2396331
2396332
2396333
2396334
2396335
2396336
2396337
2396338
2396339
2396340
2396341
2396342
2396343
2396344
2396345
2396346
2396347
2396348
2396349
2396350
2396351
2396352
2396353
2396354
2396355
2396356
2396357
2396358
2396359
2396360
2396361
2396362
2396363
2396364
2396365
2396366
2396367
2396368
2396369
2396370
2396371
2396372
2396373
2396374
2396375
2396376
2396377
2396378
2396379
2396380
2396381
2396382
2396383
2396384
2396385
2396386
2396387
2396388
2396389
2396390
2396391
2396392
2396393
2396394
2396395
2396396
2396397
2396398
2396399
2396400
2396401
2396402
2396403
2396404
2396405
2396406
2396407
2396408
2396409
2396410
2396411
2396412
2396413
2396414
2396415
2396416
2396417
2396418
2396419
2396420
2396421
2396422
2396423
2396424
2396425
2396426
2396427
2396428
2396429
2396430
2396431
2396432
2396433
2396434
2396435
2396436
2396437
2396438
2396439
2396440
2396441
2396442
2396443
2396444
2396445
2396446
2396447
2396448
2396449
2396450
2396451
2396452
2396453
2396454
2396455
2396456
2396457
2396458
2396459
2396460
2396461
2396462
2396463
2396464
2396465
2396466
2396467
2396468
2396469
2396470
2396471
2396472
2396473
2396474
2396475
2396476
2396477
2396478
2396479
2396480
2396481
2396482
2396483
2396484
2396485
2396486
2396487
2396488
2396489
2396490
2396491
2396492
2396493
2396494
2396495
2396496
2396497
2396498
2396499
2396500
2396501
2396502
2396503
2396504
2396505
2396506
2396507
2396508
2396509
2396510
2396511
2396512
2396513
2396514
2396515
2396516
2396517
2396518
2396519
2396520
2396521
2396522
2396523
2396524
2396525
2396526
2396527
2396528
2396529
2396530
2396531
2396532
2396533
2396534
2396535
2396536
2396537
2396538
2396539
2396540
2396541
2396542
2396543
2396544
2396545
2396546
2396547
2396548
2396549
2396550
2396551
2396552
2396553
2396554
2396555
2396556
2396557
2396558
2396559
2396560
2396561
2396562
2396563
2396564
2396565
2396566
2396567
2396568
2396569
2396570
2396571
2396572
2396573
2396574
2396575
2396576
2396577
2396578
2396579
2396580
2396581
2396582
2396583
2396584
2396585
2396586
2396587
2396588
2396589
2396590
2396591
2396592
2396593
2396594
2396595
2396596
2396597
2396598
2396599
2396600
2396601
2396602
2396603
2396604
2396605
2396606
2396607
2396608
2396609
2396610
2396611
2396612
2396613
2396614
2396615
2396616
2396617
2396618
2396619
2396620
2396621
2396622
2396623
2396624
2396625
2396626
2396627
2396628
2396629
2396630
2396631
2396632
2396633
2396634
2396635
2396636
2396637
2396638
2396639
2396640
2396641
2396642
2396643
2396644
2396645
2396646
2396647
2396648
2396649
2396650
2396651
2396652
2396653
2396654
2396655
2396656
2396657
2396658
2396659
2396660
2396661
2396662
2396663
2396664
2396665
2396666
2396667
2396668
2396669
2396670
2396671
2396672
2396673
2396674
2396675
2396676
2396677
2396678
2396679
2396680
2396681
2396682
2396683
2396684
2396685
2396686
2396687
2396688
2396689
2396690
2396691
2396692
2396693
2396694
2396695
2396696
2396697
2396698
2396699
2396700
2396701
2396702
2396703
2396704
2396705
2396706
2396707
2396708
2396709
2396710
2396711
2396712
2396713
2396714
2396715
2396716
2396717
2396718
2396719
2396720
2396721
2396722
2396723
2396724
2396725
2396726
2396727
2396728
2396729
2396730
2396731
2396732
2396733
2396734
2396735
2396736
2396737
2396738
2396739
2396740
2396741
2396742
2396743
2396744
2396745
2396746
2396747
2396748
2396749
2396750
2396751
2396752
2396753
2396754
2396755
2396756
2396757
2396758
2396759
2396760
2396761
2396762
2396763
2396764
2396765
2396766
2396767
2396768
2396769
2396770
2396771
2396772
2396773
2396774
2396775
2396776
2396777
2396778
2396779
2396780
2396781
2396782
2396783
2396784
2396785
2396786
2396787
2396788
2396789
2396790
2396791
2396792
2396793
2396794
2396795
2396796
2396797
2396798
2396799
2396800
2396801
2396802
2396803
2396804
2396805
2396806
2396807
2396808
2396809
2396810
2396811
2396812
2396813
2396814
2396815
2396816
2396817
2396818
2396819
2396820
2396821
2396822
2396823
2396824
2396825
2396826
2396827
2396828
2396829
2396830
2396831
2396832
2396833
2396834
2396835
2396836
2396837
2396838
2396839
2396840
2396841
2396842
2396843
2396844
2396845
2396846
2396847
2396848
2396849
2396850
2396851
2396852
2396853
2396854
2396855
2396856
2396857
2396858
2396859
2396860
2396861
2396862
2396863
2396864
2396865
2396866
2396867
2396868
2396869
2396870
2396871
2396872
2396873
2396874
2396875
2396876
2396877
2396878
2396879
2396880
2396881
2396882
2396883
2396884
2396885
2396886
2396887
2396888
2396889
2396890
2396891
2396892
2396893
2396894
2396895
2396896
2396897
2396898
2396899
2396900
2396901
2396902
2396903
2396904
2396905
2396906
2396907
2396908
2396909
2396910
2396911
2396912
2396913
2396914
2396915
2396916
2396917
2396918
2396919
2396920
2396921
2396922
2396923
2396924
2396925
2396926
2396927
2396928
2396929
2396930
2396931
2396932
2396933
2396934
2396935
2396936
2396937
2396938
2396939
2396940
2396941
2396942
2396943
2396944
2396945
2396946
2396947
2396948
2396949
2396950
2396951
2396952
2396953
2396954
2396955
2396956
2396957
2396958
2396959
2396960
2396961
2396962
2396963
2396964
2396965
2396966
2396967
2396968
2396969
2396970
2396971
2396972
2396973
2396974
2396975
2396976
2396977
2396978
2396979
2396980
2396981
2396982
2396983
2396984
2396985
2396986
2396987
2396988
2396989
2396990
2396991
2396992
2396993
2396994
2396995
2396996
2396997
2396998
2396999
2397000
2397001
2397002
2397003
2397004
2397005
2397006
2397007
2397008
2397009
2397010
2397011
2397012
2397013
2397014
2397015
2397016
2397017
2397018
2397019
2397020
2397021
2397022
2397023
2397024
2397025
2397026
2397027
2397028
2397029
2397030
2397031
2397032
2397033
2397034
2397035
2397036
2397037
2397038
2397039
2397040
2397041
2397042
2397043
2397044
2397045
2397046
2397047
2397048
2397049
2397050
2397051
2397052
2397053
2397054
2397055
2397056
2397057
2397058
2397059
2397060
2397061
2397062
2397063
2397064
2397065
2397066
2397067
2397068
2397069
2397070
2397071
2397072
2397073
2397074
2397075
2397076
2397077
2397078
2397079
2397080
2397081
2397082
2397083
2397084
2397085
2397086
2397087
2397088
2397089
2397090
2397091
2397092
2397093
2397094
2397095
2397096
2397097
2397098
2397099
2397100
2397101
2397102
2397103
2397104
2397105
2397106
2397107
2397108
2397109
2397110
2397111
2397112
2397113
2397114
2397115
2397116
2397117
2397118
2397119
2397120
2397121
2397122
2397123
2397124
2397125
2397126
2397127
2397128
2397129
2397130
2397131
2397132
2397133
2397134
2397135
2397136
2397137
2397138
2397139
2397140
2397141
2397142
2397143
2397144
2397145
2397146
2397147
2397148
2397149
2397150
2397151
2397152
2397153
2397154
2397155
2397156
2397157
2397158
2397159
2397160
2397161
2397162
2397163
2397164
2397165
2397166
2397167
2397168
2397169
2397170
2397171
2397172
2397173
2397174
2397175
2397176
2397177
2397178
2397179
2397180
2397181
2397182
2397183
2397184
2397185
2397186
2397187
2397188
2397189
2397190
2397191
2397192
2397193
2397194
2397195
2397196
2397197
2397198
2397199
2397200
2397201
2397202
2397203
2397204
2397205
2397206
2397207
2397208
2397209
2397210
2397211
2397212
2397213
2397214
2397215
2397216
2397217
2397218
2397219
2397220
2397221
2397222
2397223
2397224
2397225
2397226
2397227
2397228
2397229
2397230
2397231
2397232
2397233
2397234
2397235
2397236
2397237
2397238
2397239
2397240
2397241
2397242
2397243
2397244
2397245
2397246
2397247
2397248
2397249
2397250
2397251
2397252
2397253
2397254
2397255
2397256
2397257
2397258
2397259
2397260
2397261
2397262
2397263
2397264
2397265
2397266
2397267
2397268
2397269
2397270
2397271
2397272
2397273
2397274
2397275
2397276
2397277
2397278
2397279
2397280
2397281
2397282
2397283
2397284
2397285
2397286
2397287
2397288
2397289
2397290
2397291
2397292
2397293
2397294
2397295
2397296
2397297
2397298
2397299
2397300
2397301
2397302
2397303
2397304
2397305
2397306
2397307
2397308
2397309
2397310
2397311
2397312
2397313
2397314
2397315
2397316
2397317
2397318
2397319
2397320
2397321
2397322
2397323
2397324
2397325
2397326
2397327
2397328
2397329
2397330
2397331
2397332
2397333
2397334
2397335
2397336
2397337
2397338
2397339
2397340
2397341
2397342
2397343
2397344
2397345
2397346
2397347
2397348
2397349
2397350
2397351
2397352
2397353
2397354
2397355
2397356
2397357
2397358
2397359
2397360
2397361
2397362
2397363
2397364
2397365
2397366
2397367
2397368
2397369
2397370
2397371
2397372
2397373
2397374
2397375
2397376
2397377
2397378
2397379
2397380
2397381
2397382
2397383
2397384
2397385
2397386
2397387
2397388
2397389
2397390
2397391
2397392
2397393
2397394
2397395
2397396
2397397
2397398
2397399
2397400
2397401
2397402
2397403
2397404
2397405
2397406
2397407
2397408
2397409
2397410
2397411
2397412
2397413
2397414
2397415
2397416
2397417
2397418
2397419
2397420
2397421
2397422
2397423
2397424
2397425
2397426
2397427
2397428
2397429
2397430
2397431
2397432
2397433
2397434
2397435
2397436
2397437
2397438
2397439
2397440
2397441
2397442
2397443
2397444
2397445
2397446
2397447
2397448
2397449
2397450
2397451
2397452
2397453
2397454
2397455
2397456
2397457
2397458
2397459
2397460
2397461
2397462
2397463
2397464
2397465
2397466
2397467
2397468
2397469
2397470
2397471
2397472
2397473
2397474
2397475
2397476
2397477
2397478
2397479
2397480
2397481
2397482
2397483
2397484
2397485
2397486
2397487
2397488
2397489
2397490
2397491
2397492
2397493
2397494
2397495
2397496
2397497
2397498
2397499
2397500
2397501
2397502
2397503
2397504
2397505
2397506
2397507
2397508
2397509
2397510
2397511
2397512
2397513
2397514
2397515
2397516
2397517
2397518
2397519
2397520
2397521
2397522
2397523
2397524
2397525
2397526
2397527
2397528
2397529
2397530
2397531
2397532
2397533
2397534
2397535
2397536
2397537
2397538
2397539
2397540
2397541
2397542
2397543
2397544
2397545
2397546
2397547
2397548
2397549
2397550
2397551
2397552
2397553
2397554
2397555
2397556
2397557
2397558
2397559
2397560
2397561
2397562
2397563
2397564
2397565
2397566
2397567
2397568
2397569
2397570
2397571
2397572
2397573
2397574
2397575
2397576
2397577
2397578
2397579
2397580
2397581
2397582
2397583
2397584
2397585
2397586
2397587
2397588
2397589
2397590
2397591
2397592
2397593
2397594
2397595
2397596
2397597
2397598
2397599
2397600
2397601
2397602
2397603
2397604
2397605
2397606
2397607
2397608
2397609
2397610
2397611
2397612
2397613
2397614
2397615
2397616
2397617
2397618
2397619
2397620
2397621
2397622
2397623
2397624
2397625
2397626
2397627
2397628
2397629
2397630
2397631
2397632
2397633
2397634
2397635
2397636
2397637
2397638
2397639
2397640
2397641
2397642
2397643
2397644
2397645
2397646
2397647
2397648
2397649
2397650
2397651
2397652
2397653
2397654
2397655
2397656
2397657
2397658
2397659
2397660
2397661
2397662
2397663
2397664
2397665
2397666
2397667
2397668
2397669
2397670
2397671
2397672
2397673
2397674
2397675
2397676
2397677
2397678
2397679
2397680
2397681
2397682
2397683
2397684
2397685
2397686
2397687
2397688
2397689
2397690
2397691
2397692
2397693
2397694
2397695
2397696
2397697
2397698
2397699
2397700
2397701
2397702
2397703
2397704
2397705
2397706
2397707
2397708
2397709
2397710
2397711
2397712
2397713
2397714
2397715
2397716
2397717
2397718
2397719
2397720
2397721
2397722
2397723
2397724
2397725
2397726
2397727
2397728
2397729
2397730
2397731
2397732
2397733
2397734
2397735
2397736
2397737
2397738
2397739
2397740
2397741
2397742
2397743
2397744
2397745
2397746
2397747
2397748
2397749
2397750
2397751
2397752
2397753
2397754
2397755
2397756
2397757
2397758
2397759
2397760
2397761
2397762
2397763
2397764
2397765
2397766
2397767
2397768
2397769
2397770
2397771
2397772
2397773
2397774
2397775
2397776
2397777
2397778
2397779
2397780
2397781
2397782
2397783
2397784
2397785
2397786
2397787
2397788
2397789
2397790
2397791
2397792
2397793
2397794
2397795
2397796
2397797
2397798
2397799
2397800
2397801
2397802
2397803
2397804
2397805
2397806
2397807
2397808
2397809
2397810
2397811
2397812
2397813
2397814
2397815
2397816
2397817
2397818
2397819
2397820
2397821
2397822
2397823
2397824
2397825
2397826
2397827
2397828
2397829
2397830
2397831
2397832
2397833
2397834
2397835
2397836
2397837
2397838
2397839
2397840
2397841
2397842
2397843
2397844
2397845
2397846
2397847
2397848
2397849
2397850
2397851
2397852
2397853
2397854
2397855
2397856
2397857
2397858
2397859
2397860
2397861
2397862
2397863
2397864
2397865
2397866
2397867
2397868
2397869
2397870
2397871
2397872
2397873
2397874
2397875
2397876
2397877
2397878
2397879
2397880
2397881
2397882
2397883
2397884
2397885
2397886
2397887
2397888
2397889
2397890
2397891
2397892
2397893
2397894
2397895
2397896
2397897
2397898
2397899
2397900
2397901
2397902
2397903
2397904
2397905
2397906
2397907
2397908
2397909
2397910
2397911
2397912
2397913
2397914
2397915
2397916
2397917
2397918
2397919
2397920
2397921
2397922
2397923
2397924
2397925
2397926
2397927
2397928
2397929
2397930
2397931
2397932
2397933
2397934
2397935
2397936
2397937
2397938
2397939
2397940
2397941
2397942
2397943
2397944
2397945
2397946
2397947
2397948
2397949
2397950
2397951
2397952
2397953
2397954
2397955
2397956
2397957
2397958
2397959
2397960
2397961
2397962
2397963
2397964
2397965
2397966
2397967
2397968
2397969
2397970
2397971
2397972
2397973
2397974
2397975
2397976
2397977
2397978
2397979
2397980
2397981
2397982
2397983
2397984
2397985
2397986
2397987
2397988
2397989
2397990
2397991
2397992
2397993
2397994
2397995
2397996
2397997
2397998
2397999
2398000
2398001
2398002
2398003
2398004
2398005
2398006
2398007
2398008
2398009
2398010
2398011
2398012
2398013
2398014
2398015
2398016
2398017
2398018
2398019
2398020
2398021
2398022
2398023
2398024
2398025
2398026
2398027
2398028
2398029
2398030
2398031
2398032
2398033
2398034
2398035
2398036
2398037
2398038
2398039
2398040
2398041
2398042
2398043
2398044
2398045
2398046
2398047
2398048
2398049
2398050
2398051
2398052
2398053
2398054
2398055
2398056
2398057
2398058
2398059
2398060
2398061
2398062
2398063
2398064
2398065
2398066
2398067
2398068
2398069
2398070
2398071
2398072
2398073
2398074
2398075
2398076
2398077
2398078
2398079
2398080
2398081
2398082
2398083
2398084
2398085
2398086
2398087
2398088
2398089
2398090
2398091
2398092
2398093
2398094
2398095
2398096
2398097
2398098
2398099
2398100
2398101
2398102
2398103
2398104
2398105
2398106
2398107
2398108
2398109
2398110
2398111
2398112
2398113
2398114
2398115
2398116
2398117
2398118
2398119
2398120
2398121
2398122
2398123
2398124
2398125
2398126
2398127
2398128
2398129
2398130
2398131
2398132
2398133
2398134
2398135
2398136
2398137
2398138
2398139
2398140
2398141
2398142
2398143
2398144
2398145
2398146
2398147
2398148
2398149
2398150
2398151
2398152
2398153
2398154
2398155
2398156
2398157
2398158
2398159
2398160
2398161
2398162
2398163
2398164
2398165
2398166
2398167
2398168
2398169
2398170
2398171
2398172
2398173
2398174
2398175
2398176
2398177
2398178
2398179
2398180
2398181
2398182
2398183
2398184
2398185
2398186
2398187
2398188
2398189
2398190
2398191
2398192
2398193
2398194
2398195
2398196
2398197
2398198
2398199
2398200
2398201
2398202
2398203
2398204
2398205
2398206
2398207
2398208
2398209
2398210
2398211
2398212
2398213
2398214
2398215
2398216
2398217
2398218
2398219
2398220
2398221
2398222
2398223
2398224
2398225
2398226
2398227
2398228
2398229
2398230
2398231
2398232
2398233
2398234
2398235
2398236
2398237
2398238
2398239
2398240
2398241
2398242
2398243
2398244
2398245
2398246
2398247
2398248
2398249
2398250
2398251
2398252
2398253
2398254
2398255
2398256
2398257
2398258
2398259
2398260
2398261
2398262
2398263
2398264
2398265
2398266
2398267
2398268
2398269
2398270
2398271
2398272
2398273
2398274
2398275
2398276
2398277
2398278
2398279
2398280
2398281
2398282
2398283
2398284
2398285
2398286
2398287
2398288
2398289
2398290
2398291
2398292
2398293
2398294
2398295
2398296
2398297
2398298
2398299
2398300
2398301
2398302
2398303
2398304
2398305
2398306
2398307
2398308
2398309
2398310
2398311
2398312
2398313
2398314
2398315
2398316
2398317
2398318
2398319
2398320
2398321
2398322
2398323
2398324
2398325
2398326
2398327
2398328
2398329
2398330
2398331
2398332
2398333
2398334
2398335
2398336
2398337
2398338
2398339
2398340
2398341
2398342
2398343
2398344
2398345
2398346
2398347
2398348
2398349
2398350
2398351
2398352
2398353
2398354
2398355
2398356
2398357
2398358
2398359
2398360
2398361
2398362
2398363
2398364
2398365
2398366
2398367
2398368
2398369
2398370
2398371
2398372
2398373
2398374
2398375
2398376
2398377
2398378
2398379
2398380
2398381
2398382
2398383
2398384
2398385
2398386
2398387
2398388
2398389
2398390
2398391
2398392
2398393
2398394
2398395
2398396
2398397
2398398
2398399
2398400
2398401
2398402
2398403
2398404
2398405
2398406
2398407
2398408
2398409
2398410
2398411
2398412
2398413
2398414
2398415
2398416
2398417
2398418
2398419
2398420
2398421
2398422
2398423
2398424
2398425
2398426
2398427
2398428
2398429
2398430
2398431
2398432
2398433
2398434
2398435
2398436
2398437
2398438
2398439
2398440
2398441
2398442
2398443
2398444
2398445
2398446
2398447
2398448
2398449
2398450
2398451
2398452
2398453
2398454
2398455
2398456
2398457
2398458
2398459
2398460
2398461
2398462
2398463
2398464
2398465
2398466
2398467
2398468
2398469
2398470
2398471
2398472
2398473
2398474
2398475
2398476
2398477
2398478
2398479
2398480
2398481
2398482
2398483
2398484
2398485
2398486
2398487
2398488
2398489
2398490
2398491
2398492
2398493
2398494
2398495
2398496
2398497
2398498
2398499
2398500
2398501
2398502
2398503
2398504
2398505
2398506
2398507
2398508
2398509
2398510
2398511
2398512
2398513
2398514
2398515
2398516
2398517
2398518
2398519
2398520
2398521
2398522
2398523
2398524
2398525
2398526
2398527
2398528
2398529
2398530
2398531
2398532
2398533
2398534
2398535
2398536
2398537
2398538
2398539
2398540
2398541
2398542
2398543
2398544
2398545
2398546
2398547
2398548
2398549
2398550
2398551
2398552
2398553
2398554
2398555
2398556
2398557
2398558
2398559
2398560
2398561
2398562
2398563
2398564
2398565
2398566
2398567
2398568
2398569
2398570
2398571
2398572
2398573
2398574
2398575
2398576
2398577
2398578
2398579
2398580
2398581
2398582
2398583
2398584
2398585
2398586
2398587
2398588
2398589
2398590
2398591
2398592
2398593
2398594
2398595
2398596
2398597
2398598
2398599
2398600
2398601
2398602
2398603
2398604
2398605
2398606
2398607
2398608
2398609
2398610
2398611
2398612
2398613
2398614
2398615
2398616
2398617
2398618
2398619
2398620
2398621
2398622
2398623
2398624
2398625
2398626
2398627
2398628
2398629
2398630
2398631
2398632
2398633
2398634
2398635
2398636
2398637
2398638
2398639
2398640
2398641
2398642
2398643
2398644
2398645
2398646
2398647
2398648
2398649
2398650
2398651
2398652
2398653
2398654
2398655
2398656
2398657
2398658
2398659
2398660
2398661
2398662
2398663
2398664
2398665
2398666
2398667
2398668
2398669
2398670
2398671
2398672
2398673
2398674
2398675
2398676
2398677
2398678
2398679
2398680
2398681
2398682
2398683
2398684
2398685
2398686
2398687
2398688
2398689
2398690
2398691
2398692
2398693
2398694
2398695
2398696
2398697
2398698
2398699
2398700
2398701
2398702
2398703
2398704
2398705
2398706
2398707
2398708
2398709
2398710
2398711
2398712
2398713
2398714
2398715
2398716
2398717
2398718
2398719
2398720
2398721
2398722
2398723
2398724
2398725
2398726
2398727
2398728
2398729
2398730
2398731
2398732
2398733
2398734
2398735
2398736
2398737
2398738
2398739
2398740
2398741
2398742
2398743
2398744
2398745
2398746
2398747
2398748
2398749
2398750
2398751
2398752
2398753
2398754
2398755
2398756
2398757
2398758
2398759
2398760
2398761
2398762
2398763
2398764
2398765
2398766
2398767
2398768
2398769
2398770
2398771
2398772
2398773
2398774
2398775
2398776
2398777
2398778
2398779
2398780
2398781
2398782
2398783
2398784
2398785
2398786
2398787
2398788
2398789
2398790
2398791
2398792
2398793
2398794
2398795
2398796
2398797
2398798
2398799
2398800
2398801
2398802
2398803
2398804
2398805
2398806
2398807
2398808
2398809
2398810
2398811
2398812
2398813
2398814
2398815
2398816
2398817
2398818
2398819
2398820
2398821
2398822
2398823
2398824
2398825
2398826
2398827
2398828
2398829
2398830
2398831
2398832
2398833
2398834
2398835
2398836
2398837
2398838
2398839
2398840
2398841
2398842
2398843
2398844
2398845
2398846
2398847
2398848
2398849
2398850
2398851
2398852
2398853
2398854
2398855
2398856
2398857
2398858
2398859
2398860
2398861
2398862
2398863
2398864
2398865
2398866
2398867
2398868
2398869
2398870
2398871
2398872
2398873
2398874
2398875
2398876
2398877
2398878
2398879
2398880
2398881
2398882
2398883
2398884
2398885
2398886
2398887
2398888
2398889
2398890
2398891
2398892
2398893
2398894
2398895
2398896
2398897
2398898
2398899
2398900
2398901
2398902
2398903
2398904
2398905
2398906
2398907
2398908
2398909
2398910
2398911
2398912
2398913
2398914
2398915
2398916
2398917
2398918
2398919
2398920
2398921
2398922
2398923
2398924
2398925
2398926
2398927
2398928
2398929
2398930
2398931
2398932
2398933
2398934
2398935
2398936
2398937
2398938
2398939
2398940
2398941
2398942
2398943
2398944
2398945
2398946
2398947
2398948
2398949
2398950
2398951
2398952
2398953
2398954
2398955
2398956
2398957
2398958
2398959
2398960
2398961
2398962
2398963
2398964
2398965
2398966
2398967
2398968
2398969
2398970
2398971
2398972
2398973
2398974
2398975
2398976
2398977
2398978
2398979
2398980
2398981
2398982
2398983
2398984
2398985
2398986
2398987
2398988
2398989
2398990
2398991
2398992
2398993
2398994
2398995
2398996
2398997
2398998
2398999
2399000
2399001
2399002
2399003
2399004
2399005
2399006
2399007
2399008
2399009
2399010
2399011
2399012
2399013
2399014
2399015
2399016
2399017
2399018
2399019
2399020
2399021
2399022
2399023
2399024
2399025
2399026
2399027
2399028
2399029
2399030
2399031
2399032
2399033
2399034
2399035
2399036
2399037
2399038
2399039
2399040
2399041
2399042
2399043
2399044
2399045
2399046
2399047
2399048
2399049
2399050
2399051
2399052
2399053
2399054
2399055
2399056
2399057
2399058
2399059
2399060
2399061
2399062
2399063
2399064
2399065
2399066
2399067
2399068
2399069
2399070
2399071
2399072
2399073
2399074
2399075
2399076
2399077
2399078
2399079
2399080
2399081
2399082
2399083
2399084
2399085
2399086
2399087
2399088
2399089
2399090
2399091
2399092
2399093
2399094
2399095
2399096
2399097
2399098
2399099
2399100
2399101
2399102
2399103
2399104
2399105
2399106
2399107
2399108
2399109
2399110
2399111
2399112
2399113
2399114
2399115
2399116
2399117
2399118
2399119
2399120
2399121
2399122
2399123
2399124
2399125
2399126
2399127
2399128
2399129
2399130
2399131
2399132
2399133
2399134
2399135
2399136
2399137
2399138
2399139
2399140
2399141
2399142
2399143
2399144
2399145
2399146
2399147
2399148
2399149
2399150
2399151
2399152
2399153
2399154
2399155
2399156
2399157
2399158
2399159
2399160
2399161
2399162
2399163
2399164
2399165
2399166
2399167
2399168
2399169
2399170
2399171
2399172
2399173
2399174
2399175
2399176
2399177
2399178
2399179
2399180
2399181
2399182
2399183
2399184
2399185
2399186
2399187
2399188
2399189
2399190
2399191
2399192
2399193
2399194
2399195
2399196
2399197
2399198
2399199
2399200
2399201
2399202
2399203
2399204
2399205
2399206
2399207
2399208
2399209
2399210
2399211
2399212
2399213
2399214
2399215
2399216
2399217
2399218
2399219
2399220
2399221
2399222
2399223
2399224
2399225
2399226
2399227
2399228
2399229
2399230
2399231
2399232
2399233
2399234
2399235
2399236
2399237
2399238
2399239
2399240
2399241
2399242
2399243
2399244
2399245
2399246
2399247
2399248
2399249
2399250
2399251
2399252
2399253
2399254
2399255
2399256
2399257
2399258
2399259
2399260
2399261
2399262
2399263
2399264
2399265
2399266
2399267
2399268
2399269
2399270
2399271
2399272
2399273
2399274
2399275
2399276
2399277
2399278
2399279
2399280
2399281
2399282
2399283
2399284
2399285
2399286
2399287
2399288
2399289
2399290
2399291
2399292
2399293
2399294
2399295
2399296
2399297
2399298
2399299
2399300
2399301
2399302
2399303
2399304
2399305
2399306
2399307
2399308
2399309
2399310
2399311
2399312
2399313
2399314
2399315
2399316
2399317
2399318
2399319
2399320
2399321
2399322
2399323
2399324
2399325
2399326
2399327
2399328
2399329
2399330
2399331
2399332
2399333
2399334
2399335
2399336
2399337
2399338
2399339
2399340
2399341
2399342
2399343
2399344
2399345
2399346
2399347
2399348
2399349
2399350
2399351
2399352
2399353
2399354
2399355
2399356
2399357
2399358
2399359
2399360
2399361
2399362
2399363
2399364
2399365
2399366
2399367
2399368
2399369
2399370
2399371
2399372
2399373
2399374
2399375
2399376
2399377
2399378
2399379
2399380
2399381
2399382
2399383
2399384
2399385
2399386
2399387
2399388
2399389
2399390
2399391
2399392
2399393
2399394
2399395
2399396
2399397
2399398
2399399
2399400
2399401
2399402
2399403
2399404
2399405
2399406
2399407
2399408
2399409
2399410
2399411
2399412
2399413
2399414
2399415
2399416
2399417
2399418
2399419
2399420
2399421
2399422
2399423
2399424
2399425
2399426
2399427
2399428
2399429
2399430
2399431
2399432
2399433
2399434
2399435
2399436
2399437
2399438
2399439
2399440
2399441
2399442
2399443
2399444
2399445
2399446
2399447
2399448
2399449
2399450
2399451
2399452
2399453
2399454
2399455
2399456
2399457
2399458
2399459
2399460
2399461
2399462
2399463
2399464
2399465
2399466
2399467
2399468
2399469
2399470
2399471
2399472
2399473
2399474
2399475
2399476
2399477
2399478
2399479
2399480
2399481
2399482
2399483
2399484
2399485
2399486
2399487
2399488
2399489
2399490
2399491
2399492
2399493
2399494
2399495
2399496
2399497
2399498
2399499
2399500
2399501
2399502
2399503
2399504
2399505
2399506
2399507
2399508
2399509
2399510
2399511
2399512
2399513
2399514
2399515
2399516
2399517
2399518
2399519
2399520
2399521
2399522
2399523
2399524
2399525
2399526
2399527
2399528
2399529
2399530
2399531
2399532
2399533
2399534
2399535
2399536
2399537
2399538
2399539
2399540
2399541
2399542
2399543
2399544
2399545
2399546
2399547
2399548
2399549
2399550
2399551
2399552
2399553
2399554
2399555
2399556
2399557
2399558
2399559
2399560
2399561
2399562
2399563
2399564
2399565
2399566
2399567
2399568
2399569
2399570
2399571
2399572
2399573
2399574
2399575
2399576
2399577
2399578
2399579
2399580
2399581
2399582
2399583
2399584
2399585
2399586
2399587
2399588
2399589
2399590
2399591
2399592
2399593
2399594
2399595
2399596
2399597
2399598
2399599
2399600
2399601
2399602
2399603
2399604
2399605
2399606
2399607
2399608
2399609
2399610
2399611
2399612
2399613
2399614
2399615
2399616
2399617
2399618
2399619
2399620
2399621
2399622
2399623
2399624
2399625
2399626
2399627
2399628
2399629
2399630
2399631
2399632
2399633
2399634
2399635
2399636
2399637
2399638
2399639
2399640
2399641
2399642
2399643
2399644
2399645
2399646
2399647
2399648
2399649
2399650
2399651
2399652
2399653
2399654
2399655
2399656
2399657
2399658
2399659
2399660
2399661
2399662
2399663
2399664
2399665
2399666
2399667
2399668
2399669
2399670
2399671
2399672
2399673
2399674
2399675
2399676
2399677
2399678
2399679
2399680
2399681
2399682
2399683
2399684
2399685
2399686
2399687
2399688
2399689
2399690
2399691
2399692
2399693
2399694
2399695
2399696
2399697
2399698
2399699
2399700
2399701
2399702
2399703
2399704
2399705
2399706
2399707
2399708
2399709
2399710
2399711
2399712
2399713
2399714
2399715
2399716
2399717
2399718
2399719
2399720
2399721
2399722
2399723
2399724
2399725
2399726
2399727
2399728
2399729
2399730
2399731
2399732
2399733
2399734
2399735
2399736
2399737
2399738
2399739
2399740
2399741
2399742
2399743
2399744
2399745
2399746
2399747
2399748
2399749
2399750
2399751
2399752
2399753
2399754
2399755
2399756
2399757
2399758
2399759
2399760
2399761
2399762
2399763
2399764
2399765
2399766
2399767
2399768
2399769
2399770
2399771
2399772
2399773
2399774
2399775
2399776
2399777
2399778
2399779
2399780
2399781
2399782
2399783
2399784
2399785
2399786
2399787
2399788
2399789
2399790
2399791
2399792
2399793
2399794
2399795
2399796
2399797
2399798
2399799
2399800
2399801
2399802
2399803
2399804
2399805
2399806
2399807
2399808
2399809
2399810
2399811
2399812
2399813
2399814
2399815
2399816
2399817
2399818
2399819
2399820
2399821
2399822
2399823
2399824
2399825
2399826
2399827
2399828
2399829
2399830
2399831
2399832
2399833
2399834
2399835
2399836
2399837
2399838
2399839
2399840
2399841
2399842
2399843
2399844
2399845
2399846
2399847
2399848
2399849
2399850
2399851
2399852
2399853
2399854
2399855
2399856
2399857
2399858
2399859
2399860
2399861
2399862
2399863
2399864
2399865
2399866
2399867
2399868
2399869
2399870
2399871
2399872
2399873
2399874
2399875
2399876
2399877
2399878
2399879
2399880
2399881
2399882
2399883
2399884
2399885
2399886
2399887
2399888
2399889
2399890
2399891
2399892
2399893
2399894
2399895
2399896
2399897
2399898
2399899
2399900
2399901
2399902
2399903
2399904
2399905
2399906
2399907
2399908
2399909
2399910
2399911
2399912
2399913
2399914
2399915
2399916
2399917
2399918
2399919
2399920
2399921
2399922
2399923
2399924
2399925
2399926
2399927
2399928
2399929
2399930
2399931
2399932
2399933
2399934
2399935
2399936
2399937
2399938
2399939
2399940
2399941
2399942
2399943
2399944
2399945
2399946
2399947
2399948
2399949
2399950
2399951
2399952
2399953
2399954
2399955
2399956
2399957
2399958
2399959
2399960
2399961
2399962
2399963
2399964
2399965
2399966
2399967
2399968
2399969
2399970
2399971
2399972
2399973
2399974
2399975
2399976
2399977
2399978
2399979
2399980
2399981
2399982
2399983
2399984
2399985
2399986
2399987
2399988
2399989
2399990
2399991
2399992
2399993
2399994
2399995
2399996
2399997
2399998
2399999
2400000
