2430001
2430002
2430003
2430004
2430005
2430006
2430007
2430008
2430009
2430010
2430011
2430012
2430013
2430014
2430015
2430016
2430017
2430018
2430019
2430020
2430021
2430022
2430023
2430024
2430025
2430026
2430027
2430028
2430029
2430030
2430031
2430032
2430033
2430034
2430035
2430036
2430037
2430038
2430039
2430040
2430041
2430042
2430043
2430044
2430045
2430046
2430047
2430048
2430049
2430050
2430051
2430052
2430053
2430054
2430055
2430056
2430057
2430058
2430059
2430060
2430061
2430062
2430063
2430064
2430065
2430066
2430067
2430068
2430069
2430070
2430071
2430072
2430073
2430074
2430075
2430076
2430077
2430078
2430079
2430080
2430081
2430082
2430083
2430084
2430085
2430086
2430087
2430088
2430089
2430090
2430091
2430092
2430093
2430094
2430095
2430096
2430097
2430098
2430099
2430100
2430101
2430102
2430103
2430104
2430105
2430106
2430107
2430108
2430109
2430110
2430111
2430112
2430113
2430114
2430115
2430116
2430117
2430118
2430119
2430120
2430121
2430122
2430123
2430124
2430125
2430126
2430127
2430128
2430129
2430130
2430131
2430132
2430133
2430134
2430135
2430136
2430137
2430138
2430139
2430140
2430141
2430142
2430143
2430144
2430145
2430146
2430147
2430148
2430149
2430150
2430151
2430152
2430153
2430154
2430155
2430156
2430157
2430158
2430159
2430160
2430161
2430162
2430163
2430164
2430165
2430166
2430167
2430168
2430169
2430170
2430171
2430172
2430173
2430174
2430175
2430176
2430177
2430178
2430179
2430180
2430181
2430182
2430183
2430184
2430185
2430186
2430187
2430188
2430189
2430190
2430191
2430192
2430193
2430194
2430195
2430196
2430197
2430198
2430199
2430200
2430201
2430202
2430203
2430204
2430205
2430206
2430207
2430208
2430209
2430210
2430211
2430212
2430213
2430214
2430215
2430216
2430217
2430218
2430219
2430220
2430221
2430222
2430223
2430224
2430225
2430226
2430227
2430228
2430229
2430230
2430231
2430232
2430233
2430234
2430235
2430236
2430237
2430238
2430239
2430240
2430241
2430242
2430243
2430244
2430245
2430246
2430247
2430248
2430249
2430250
2430251
2430252
2430253
2430254
2430255
2430256
2430257
2430258
2430259
2430260
2430261
2430262
2430263
2430264
2430265
2430266
2430267
2430268
2430269
2430270
2430271
2430272
2430273
2430274
2430275
2430276
2430277
2430278
2430279
2430280
2430281
2430282
2430283
2430284
2430285
2430286
2430287
2430288
2430289
2430290
2430291
2430292
2430293
2430294
2430295
2430296
2430297
2430298
2430299
2430300
2430301
2430302
2430303
2430304
2430305
2430306
2430307
2430308
2430309
2430310
2430311
2430312
2430313
2430314
2430315
2430316
2430317
2430318
2430319
2430320
2430321
2430322
2430323
2430324
2430325
2430326
2430327
2430328
2430329
2430330
2430331
2430332
2430333
2430334
2430335
2430336
2430337
2430338
2430339
2430340
2430341
2430342
2430343
2430344
2430345
2430346
2430347
2430348
2430349
2430350
2430351
2430352
2430353
2430354
2430355
2430356
2430357
2430358
2430359
2430360
2430361
2430362
2430363
2430364
2430365
2430366
2430367
2430368
2430369
2430370
2430371
2430372
2430373
2430374
2430375
2430376
2430377
2430378
2430379
2430380
2430381
2430382
2430383
2430384
2430385
2430386
2430387
2430388
2430389
2430390
2430391
2430392
2430393
2430394
2430395
2430396
2430397
2430398
2430399
2430400
2430401
2430402
2430403
2430404
2430405
2430406
2430407
2430408
2430409
2430410
2430411
2430412
2430413
2430414
2430415
2430416
2430417
2430418
2430419
2430420
2430421
2430422
2430423
2430424
2430425
2430426
2430427
2430428
2430429
2430430
2430431
2430432
2430433
2430434
2430435
2430436
2430437
2430438
2430439
2430440
2430441
2430442
2430443
2430444
2430445
2430446
2430447
2430448
2430449
2430450
2430451
2430452
2430453
2430454
2430455
2430456
2430457
2430458
2430459
2430460
2430461
2430462
2430463
2430464
2430465
2430466
2430467
2430468
2430469
2430470
2430471
2430472
2430473
2430474
2430475
2430476
2430477
2430478
2430479
2430480
2430481
2430482
2430483
2430484
2430485
2430486
2430487
2430488
2430489
2430490
2430491
2430492
2430493
2430494
2430495
2430496
2430497
2430498
2430499
2430500
2430501
2430502
2430503
2430504
2430505
2430506
2430507
2430508
2430509
2430510
2430511
2430512
2430513
2430514
2430515
2430516
2430517
2430518
2430519
2430520
2430521
2430522
2430523
2430524
2430525
2430526
2430527
2430528
2430529
2430530
2430531
2430532
2430533
2430534
2430535
2430536
2430537
2430538
2430539
2430540
2430541
2430542
2430543
2430544
2430545
2430546
2430547
2430548
2430549
2430550
2430551
2430552
2430553
2430554
2430555
2430556
2430557
2430558
2430559
2430560
2430561
2430562
2430563
2430564
2430565
2430566
2430567
2430568
2430569
2430570
2430571
2430572
2430573
2430574
2430575
2430576
2430577
2430578
2430579
2430580
2430581
2430582
2430583
2430584
2430585
2430586
2430587
2430588
2430589
2430590
2430591
2430592
2430593
2430594
2430595
2430596
2430597
2430598
2430599
2430600
2430601
2430602
2430603
2430604
2430605
2430606
2430607
2430608
2430609
2430610
2430611
2430612
2430613
2430614
2430615
2430616
2430617
2430618
2430619
2430620
2430621
2430622
2430623
2430624
2430625
2430626
2430627
2430628
2430629
2430630
2430631
2430632
2430633
2430634
2430635
2430636
2430637
2430638
2430639
2430640
2430641
2430642
2430643
2430644
2430645
2430646
2430647
2430648
2430649
2430650
2430651
2430652
2430653
2430654
2430655
2430656
2430657
2430658
2430659
2430660
2430661
2430662
2430663
2430664
2430665
2430666
2430667
2430668
2430669
2430670
2430671
2430672
2430673
2430674
2430675
2430676
2430677
2430678
2430679
2430680
2430681
2430682
2430683
2430684
2430685
2430686
2430687
2430688
2430689
2430690
2430691
2430692
2430693
2430694
2430695
2430696
2430697
2430698
2430699
2430700
2430701
2430702
2430703
2430704
2430705
2430706
2430707
2430708
2430709
2430710
2430711
2430712
2430713
2430714
2430715
2430716
2430717
2430718
2430719
2430720
2430721
2430722
2430723
2430724
2430725
2430726
2430727
2430728
2430729
2430730
2430731
2430732
2430733
2430734
2430735
2430736
2430737
2430738
2430739
2430740
2430741
2430742
2430743
2430744
2430745
2430746
2430747
2430748
2430749
2430750
2430751
2430752
2430753
2430754
2430755
2430756
2430757
2430758
2430759
2430760
2430761
2430762
2430763
2430764
2430765
2430766
2430767
2430768
2430769
2430770
2430771
2430772
2430773
2430774
2430775
2430776
2430777
2430778
2430779
2430780
2430781
2430782
2430783
2430784
2430785
2430786
2430787
2430788
2430789
2430790
2430791
2430792
2430793
2430794
2430795
2430796
2430797
2430798
2430799
2430800
2430801
2430802
2430803
2430804
2430805
2430806
2430807
2430808
2430809
2430810
2430811
2430812
2430813
2430814
2430815
2430816
2430817
2430818
2430819
2430820
2430821
2430822
2430823
2430824
2430825
2430826
2430827
2430828
2430829
2430830
2430831
2430832
2430833
2430834
2430835
2430836
2430837
2430838
2430839
2430840
2430841
2430842
2430843
2430844
2430845
2430846
2430847
2430848
2430849
2430850
2430851
2430852
2430853
2430854
2430855
2430856
2430857
2430858
2430859
2430860
2430861
2430862
2430863
2430864
2430865
2430866
2430867
2430868
2430869
2430870
2430871
2430872
2430873
2430874
2430875
2430876
2430877
2430878
2430879
2430880
2430881
2430882
2430883
2430884
2430885
2430886
2430887
2430888
2430889
2430890
2430891
2430892
2430893
2430894
2430895
2430896
2430897
2430898
2430899
2430900
2430901
2430902
2430903
2430904
2430905
2430906
2430907
2430908
2430909
2430910
2430911
2430912
2430913
2430914
2430915
2430916
2430917
2430918
2430919
2430920
2430921
2430922
2430923
2430924
2430925
2430926
2430927
2430928
2430929
2430930
2430931
2430932
2430933
2430934
2430935
2430936
2430937
2430938
2430939
2430940
2430941
2430942
2430943
2430944
2430945
2430946
2430947
2430948
2430949
2430950
2430951
2430952
2430953
2430954
2430955
2430956
2430957
2430958
2430959
2430960
2430961
2430962
2430963
2430964
2430965
2430966
2430967
2430968
2430969
2430970
2430971
2430972
2430973
2430974
2430975
2430976
2430977
2430978
2430979
2430980
2430981
2430982
2430983
2430984
2430985
2430986
2430987
2430988
2430989
2430990
2430991
2430992
2430993
2430994
2430995
2430996
2430997
2430998
2430999
2431000
2431001
2431002
2431003
2431004
2431005
2431006
2431007
2431008
2431009
2431010
2431011
2431012
2431013
2431014
2431015
2431016
2431017
2431018
2431019
2431020
2431021
2431022
2431023
2431024
2431025
2431026
2431027
2431028
2431029
2431030
2431031
2431032
2431033
2431034
2431035
2431036
2431037
2431038
2431039
2431040
2431041
2431042
2431043
2431044
2431045
2431046
2431047
2431048
2431049
2431050
2431051
2431052
2431053
2431054
2431055
2431056
2431057
2431058
2431059
2431060
2431061
2431062
2431063
2431064
2431065
2431066
2431067
2431068
2431069
2431070
2431071
2431072
2431073
2431074
2431075
2431076
2431077
2431078
2431079
2431080
2431081
2431082
2431083
2431084
2431085
2431086
2431087
2431088
2431089
2431090
2431091
2431092
2431093
2431094
2431095
2431096
2431097
2431098
2431099
2431100
2431101
2431102
2431103
2431104
2431105
2431106
2431107
2431108
2431109
2431110
2431111
2431112
2431113
2431114
2431115
2431116
2431117
2431118
2431119
2431120
2431121
2431122
2431123
2431124
2431125
2431126
2431127
2431128
2431129
2431130
2431131
2431132
2431133
2431134
2431135
2431136
2431137
2431138
2431139
2431140
2431141
2431142
2431143
2431144
2431145
2431146
2431147
2431148
2431149
2431150
2431151
2431152
2431153
2431154
2431155
2431156
2431157
2431158
2431159
2431160
2431161
2431162
2431163
2431164
2431165
2431166
2431167
2431168
2431169
2431170
2431171
2431172
2431173
2431174
2431175
2431176
2431177
2431178
2431179
2431180
2431181
2431182
2431183
2431184
2431185
2431186
2431187
2431188
2431189
2431190
2431191
2431192
2431193
2431194
2431195
2431196
2431197
2431198
2431199
2431200
2431201
2431202
2431203
2431204
2431205
2431206
2431207
2431208
2431209
2431210
2431211
2431212
2431213
2431214
2431215
2431216
2431217
2431218
2431219
2431220
2431221
2431222
2431223
2431224
2431225
2431226
2431227
2431228
2431229
2431230
2431231
2431232
2431233
2431234
2431235
2431236
2431237
2431238
2431239
2431240
2431241
2431242
2431243
2431244
2431245
2431246
2431247
2431248
2431249
2431250
2431251
2431252
2431253
2431254
2431255
2431256
2431257
2431258
2431259
2431260
2431261
2431262
2431263
2431264
2431265
2431266
2431267
2431268
2431269
2431270
2431271
2431272
2431273
2431274
2431275
2431276
2431277
2431278
2431279
2431280
2431281
2431282
2431283
2431284
2431285
2431286
2431287
2431288
2431289
2431290
2431291
2431292
2431293
2431294
2431295
2431296
2431297
2431298
2431299
2431300
2431301
2431302
2431303
2431304
2431305
2431306
2431307
2431308
2431309
2431310
2431311
2431312
2431313
2431314
2431315
2431316
2431317
2431318
2431319
2431320
2431321
2431322
2431323
2431324
2431325
2431326
2431327
2431328
2431329
2431330
2431331
2431332
2431333
2431334
2431335
2431336
2431337
2431338
2431339
2431340
2431341
2431342
2431343
2431344
2431345
2431346
2431347
2431348
2431349
2431350
2431351
2431352
2431353
2431354
2431355
2431356
2431357
2431358
2431359
2431360
2431361
2431362
2431363
2431364
2431365
2431366
2431367
2431368
2431369
2431370
2431371
2431372
2431373
2431374
2431375
2431376
2431377
2431378
2431379
2431380
2431381
2431382
2431383
2431384
2431385
2431386
2431387
2431388
2431389
2431390
2431391
2431392
2431393
2431394
2431395
2431396
2431397
2431398
2431399
2431400
2431401
2431402
2431403
2431404
2431405
2431406
2431407
2431408
2431409
2431410
2431411
2431412
2431413
2431414
2431415
2431416
2431417
2431418
2431419
2431420
2431421
2431422
2431423
2431424
2431425
2431426
2431427
2431428
2431429
2431430
2431431
2431432
2431433
2431434
2431435
2431436
2431437
2431438
2431439
2431440
2431441
2431442
2431443
2431444
2431445
2431446
2431447
2431448
2431449
2431450
2431451
2431452
2431453
2431454
2431455
2431456
2431457
2431458
2431459
2431460
2431461
2431462
2431463
2431464
2431465
2431466
2431467
2431468
2431469
2431470
2431471
2431472
2431473
2431474
2431475
2431476
2431477
2431478
2431479
2431480
2431481
2431482
2431483
2431484
2431485
2431486
2431487
2431488
2431489
2431490
2431491
2431492
2431493
2431494
2431495
2431496
2431497
2431498
2431499
2431500
2431501
2431502
2431503
2431504
2431505
2431506
2431507
2431508
2431509
2431510
2431511
2431512
2431513
2431514
2431515
2431516
2431517
2431518
2431519
2431520
2431521
2431522
2431523
2431524
2431525
2431526
2431527
2431528
2431529
2431530
2431531
2431532
2431533
2431534
2431535
2431536
2431537
2431538
2431539
2431540
2431541
2431542
2431543
2431544
2431545
2431546
2431547
2431548
2431549
2431550
2431551
2431552
2431553
2431554
2431555
2431556
2431557
2431558
2431559
2431560
2431561
2431562
2431563
2431564
2431565
2431566
2431567
2431568
2431569
2431570
2431571
2431572
2431573
2431574
2431575
2431576
2431577
2431578
2431579
2431580
2431581
2431582
2431583
2431584
2431585
2431586
2431587
2431588
2431589
2431590
2431591
2431592
2431593
2431594
2431595
2431596
2431597
2431598
2431599
2431600
2431601
2431602
2431603
2431604
2431605
2431606
2431607
2431608
2431609
2431610
2431611
2431612
2431613
2431614
2431615
2431616
2431617
2431618
2431619
2431620
2431621
2431622
2431623
2431624
2431625
2431626
2431627
2431628
2431629
2431630
2431631
2431632
2431633
2431634
2431635
2431636
2431637
2431638
2431639
2431640
2431641
2431642
2431643
2431644
2431645
2431646
2431647
2431648
2431649
2431650
2431651
2431652
2431653
2431654
2431655
2431656
2431657
2431658
2431659
2431660
2431661
2431662
2431663
2431664
2431665
2431666
2431667
2431668
2431669
2431670
2431671
2431672
2431673
2431674
2431675
2431676
2431677
2431678
2431679
2431680
2431681
2431682
2431683
2431684
2431685
2431686
2431687
2431688
2431689
2431690
2431691
2431692
2431693
2431694
2431695
2431696
2431697
2431698
2431699
2431700
2431701
2431702
2431703
2431704
2431705
2431706
2431707
2431708
2431709
2431710
2431711
2431712
2431713
2431714
2431715
2431716
2431717
2431718
2431719
2431720
2431721
2431722
2431723
2431724
2431725
2431726
2431727
2431728
2431729
2431730
2431731
2431732
2431733
2431734
2431735
2431736
2431737
2431738
2431739
2431740
2431741
2431742
2431743
2431744
2431745
2431746
2431747
2431748
2431749
2431750
2431751
2431752
2431753
2431754
2431755
2431756
2431757
2431758
2431759
2431760
2431761
2431762
2431763
2431764
2431765
2431766
2431767
2431768
2431769
2431770
2431771
2431772
2431773
2431774
2431775
2431776
2431777
2431778
2431779
2431780
2431781
2431782
2431783
2431784
2431785
2431786
2431787
2431788
2431789
2431790
2431791
2431792
2431793
2431794
2431795
2431796
2431797
2431798
2431799
2431800
2431801
2431802
2431803
2431804
2431805
2431806
2431807
2431808
2431809
2431810
2431811
2431812
2431813
2431814
2431815
2431816
2431817
2431818
2431819
2431820
2431821
2431822
2431823
2431824
2431825
2431826
2431827
2431828
2431829
2431830
2431831
2431832
2431833
2431834
2431835
2431836
2431837
2431838
2431839
2431840
2431841
2431842
2431843
2431844
2431845
2431846
2431847
2431848
2431849
2431850
2431851
2431852
2431853
2431854
2431855
2431856
2431857
2431858
2431859
2431860
2431861
2431862
2431863
2431864
2431865
2431866
2431867
2431868
2431869
2431870
2431871
2431872
2431873
2431874
2431875
2431876
2431877
2431878
2431879
2431880
2431881
2431882
2431883
2431884
2431885
2431886
2431887
2431888
2431889
2431890
2431891
2431892
2431893
2431894
2431895
2431896
2431897
2431898
2431899
2431900
2431901
2431902
2431903
2431904
2431905
2431906
2431907
2431908
2431909
2431910
2431911
2431912
2431913
2431914
2431915
2431916
2431917
2431918
2431919
2431920
2431921
2431922
2431923
2431924
2431925
2431926
2431927
2431928
2431929
2431930
2431931
2431932
2431933
2431934
2431935
2431936
2431937
2431938
2431939
2431940
2431941
2431942
2431943
2431944
2431945
2431946
2431947
2431948
2431949
2431950
2431951
2431952
2431953
2431954
2431955
2431956
2431957
2431958
2431959
2431960
2431961
2431962
2431963
2431964
2431965
2431966
2431967
2431968
2431969
2431970
2431971
2431972
2431973
2431974
2431975
2431976
2431977
2431978
2431979
2431980
2431981
2431982
2431983
2431984
2431985
2431986
2431987
2431988
2431989
2431990
2431991
2431992
2431993
2431994
2431995
2431996
2431997
2431998
2431999
2432000
2432001
2432002
2432003
2432004
2432005
2432006
2432007
2432008
2432009
2432010
2432011
2432012
2432013
2432014
2432015
2432016
2432017
2432018
2432019
2432020
2432021
2432022
2432023
2432024
2432025
2432026
2432027
2432028
2432029
2432030
2432031
2432032
2432033
2432034
2432035
2432036
2432037
2432038
2432039
2432040
2432041
2432042
2432043
2432044
2432045
2432046
2432047
2432048
2432049
2432050
2432051
2432052
2432053
2432054
2432055
2432056
2432057
2432058
2432059
2432060
2432061
2432062
2432063
2432064
2432065
2432066
2432067
2432068
2432069
2432070
2432071
2432072
2432073
2432074
2432075
2432076
2432077
2432078
2432079
2432080
2432081
2432082
2432083
2432084
2432085
2432086
2432087
2432088
2432089
2432090
2432091
2432092
2432093
2432094
2432095
2432096
2432097
2432098
2432099
2432100
2432101
2432102
2432103
2432104
2432105
2432106
2432107
2432108
2432109
2432110
2432111
2432112
2432113
2432114
2432115
2432116
2432117
2432118
2432119
2432120
2432121
2432122
2432123
2432124
2432125
2432126
2432127
2432128
2432129
2432130
2432131
2432132
2432133
2432134
2432135
2432136
2432137
2432138
2432139
2432140
2432141
2432142
2432143
2432144
2432145
2432146
2432147
2432148
2432149
2432150
2432151
2432152
2432153
2432154
2432155
2432156
2432157
2432158
2432159
2432160
2432161
2432162
2432163
2432164
2432165
2432166
2432167
2432168
2432169
2432170
2432171
2432172
2432173
2432174
2432175
2432176
2432177
2432178
2432179
2432180
2432181
2432182
2432183
2432184
2432185
2432186
2432187
2432188
2432189
2432190
2432191
2432192
2432193
2432194
2432195
2432196
2432197
2432198
2432199
2432200
2432201
2432202
2432203
2432204
2432205
2432206
2432207
2432208
2432209
2432210
2432211
2432212
2432213
2432214
2432215
2432216
2432217
2432218
2432219
2432220
2432221
2432222
2432223
2432224
2432225
2432226
2432227
2432228
2432229
2432230
2432231
2432232
2432233
2432234
2432235
2432236
2432237
2432238
2432239
2432240
2432241
2432242
2432243
2432244
2432245
2432246
2432247
2432248
2432249
2432250
2432251
2432252
2432253
2432254
2432255
2432256
2432257
2432258
2432259
2432260
2432261
2432262
2432263
2432264
2432265
2432266
2432267
2432268
2432269
2432270
2432271
2432272
2432273
2432274
2432275
2432276
2432277
2432278
2432279
2432280
2432281
2432282
2432283
2432284
2432285
2432286
2432287
2432288
2432289
2432290
2432291
2432292
2432293
2432294
2432295
2432296
2432297
2432298
2432299
2432300
2432301
2432302
2432303
2432304
2432305
2432306
2432307
2432308
2432309
2432310
2432311
2432312
2432313
2432314
2432315
2432316
2432317
2432318
2432319
2432320
2432321
2432322
2432323
2432324
2432325
2432326
2432327
2432328
2432329
2432330
2432331
2432332
2432333
2432334
2432335
2432336
2432337
2432338
2432339
2432340
2432341
2432342
2432343
2432344
2432345
2432346
2432347
2432348
2432349
2432350
2432351
2432352
2432353
2432354
2432355
2432356
2432357
2432358
2432359
2432360
2432361
2432362
2432363
2432364
2432365
2432366
2432367
2432368
2432369
2432370
2432371
2432372
2432373
2432374
2432375
2432376
2432377
2432378
2432379
2432380
2432381
2432382
2432383
2432384
2432385
2432386
2432387
2432388
2432389
2432390
2432391
2432392
2432393
2432394
2432395
2432396
2432397
2432398
2432399
2432400
2432401
2432402
2432403
2432404
2432405
2432406
2432407
2432408
2432409
2432410
2432411
2432412
2432413
2432414
2432415
2432416
2432417
2432418
2432419
2432420
2432421
2432422
2432423
2432424
2432425
2432426
2432427
2432428
2432429
2432430
2432431
2432432
2432433
2432434
2432435
2432436
2432437
2432438
2432439
2432440
2432441
2432442
2432443
2432444
2432445
2432446
2432447
2432448
2432449
2432450
2432451
2432452
2432453
2432454
2432455
2432456
2432457
2432458
2432459
2432460
2432461
2432462
2432463
2432464
2432465
2432466
2432467
2432468
2432469
2432470
2432471
2432472
2432473
2432474
2432475
2432476
2432477
2432478
2432479
2432480
2432481
2432482
2432483
2432484
2432485
2432486
2432487
2432488
2432489
2432490
2432491
2432492
2432493
2432494
2432495
2432496
2432497
2432498
2432499
2432500
2432501
2432502
2432503
2432504
2432505
2432506
2432507
2432508
2432509
2432510
2432511
2432512
2432513
2432514
2432515
2432516
2432517
2432518
2432519
2432520
2432521
2432522
2432523
2432524
2432525
2432526
2432527
2432528
2432529
2432530
2432531
2432532
2432533
2432534
2432535
2432536
2432537
2432538
2432539
2432540
2432541
2432542
2432543
2432544
2432545
2432546
2432547
2432548
2432549
2432550
2432551
2432552
2432553
2432554
2432555
2432556
2432557
2432558
2432559
2432560
2432561
2432562
2432563
2432564
2432565
2432566
2432567
2432568
2432569
2432570
2432571
2432572
2432573
2432574
2432575
2432576
2432577
2432578
2432579
2432580
2432581
2432582
2432583
2432584
2432585
2432586
2432587
2432588
2432589
2432590
2432591
2432592
2432593
2432594
2432595
2432596
2432597
2432598
2432599
2432600
2432601
2432602
2432603
2432604
2432605
2432606
2432607
2432608
2432609
2432610
2432611
2432612
2432613
2432614
2432615
2432616
2432617
2432618
2432619
2432620
2432621
2432622
2432623
2432624
2432625
2432626
2432627
2432628
2432629
2432630
2432631
2432632
2432633
2432634
2432635
2432636
2432637
2432638
2432639
2432640
2432641
2432642
2432643
2432644
2432645
2432646
2432647
2432648
2432649
2432650
2432651
2432652
2432653
2432654
2432655
2432656
2432657
2432658
2432659
2432660
2432661
2432662
2432663
2432664
2432665
2432666
2432667
2432668
2432669
2432670
2432671
2432672
2432673
2432674
2432675
2432676
2432677
2432678
2432679
2432680
2432681
2432682
2432683
2432684
2432685
2432686
2432687
2432688
2432689
2432690
2432691
2432692
2432693
2432694
2432695
2432696
2432697
2432698
2432699
2432700
2432701
2432702
2432703
2432704
2432705
2432706
2432707
2432708
2432709
2432710
2432711
2432712
2432713
2432714
2432715
2432716
2432717
2432718
2432719
2432720
2432721
2432722
2432723
2432724
2432725
2432726
2432727
2432728
2432729
2432730
2432731
2432732
2432733
2432734
2432735
2432736
2432737
2432738
2432739
2432740
2432741
2432742
2432743
2432744
2432745
2432746
2432747
2432748
2432749
2432750
2432751
2432752
2432753
2432754
2432755
2432756
2432757
2432758
2432759
2432760
2432761
2432762
2432763
2432764
2432765
2432766
2432767
2432768
2432769
2432770
2432771
2432772
2432773
2432774
2432775
2432776
2432777
2432778
2432779
2432780
2432781
2432782
2432783
2432784
2432785
2432786
2432787
2432788
2432789
2432790
2432791
2432792
2432793
2432794
2432795
2432796
2432797
2432798
2432799
2432800
2432801
2432802
2432803
2432804
2432805
2432806
2432807
2432808
2432809
2432810
2432811
2432812
2432813
2432814
2432815
2432816
2432817
2432818
2432819
2432820
2432821
2432822
2432823
2432824
2432825
2432826
2432827
2432828
2432829
2432830
2432831
2432832
2432833
2432834
2432835
2432836
2432837
2432838
2432839
2432840
2432841
2432842
2432843
2432844
2432845
2432846
2432847
2432848
2432849
2432850
2432851
2432852
2432853
2432854
2432855
2432856
2432857
2432858
2432859
2432860
2432861
2432862
2432863
2432864
2432865
2432866
2432867
2432868
2432869
2432870
2432871
2432872
2432873
2432874
2432875
2432876
2432877
2432878
2432879
2432880
2432881
2432882
2432883
2432884
2432885
2432886
2432887
2432888
2432889
2432890
2432891
2432892
2432893
2432894
2432895
2432896
2432897
2432898
2432899
2432900
2432901
2432902
2432903
2432904
2432905
2432906
2432907
2432908
2432909
2432910
2432911
2432912
2432913
2432914
2432915
2432916
2432917
2432918
2432919
2432920
2432921
2432922
2432923
2432924
2432925
2432926
2432927
2432928
2432929
2432930
2432931
2432932
2432933
2432934
2432935
2432936
2432937
2432938
2432939
2432940
2432941
2432942
2432943
2432944
2432945
2432946
2432947
2432948
2432949
2432950
2432951
2432952
2432953
2432954
2432955
2432956
2432957
2432958
2432959
2432960
2432961
2432962
2432963
2432964
2432965
2432966
2432967
2432968
2432969
2432970
2432971
2432972
2432973
2432974
2432975
2432976
2432977
2432978
2432979
2432980
2432981
2432982
2432983
2432984
2432985
2432986
2432987
2432988
2432989
2432990
2432991
2432992
2432993
2432994
2432995
2432996
2432997
2432998
2432999
2433000
2433001
2433002
2433003
2433004
2433005
2433006
2433007
2433008
2433009
2433010
2433011
2433012
2433013
2433014
2433015
2433016
2433017
2433018
2433019
2433020
2433021
2433022
2433023
2433024
2433025
2433026
2433027
2433028
2433029
2433030
2433031
2433032
2433033
2433034
2433035
2433036
2433037
2433038
2433039
2433040
2433041
2433042
2433043
2433044
2433045
2433046
2433047
2433048
2433049
2433050
2433051
2433052
2433053
2433054
2433055
2433056
2433057
2433058
2433059
2433060
2433061
2433062
2433063
2433064
2433065
2433066
2433067
2433068
2433069
2433070
2433071
2433072
2433073
2433074
2433075
2433076
2433077
2433078
2433079
2433080
2433081
2433082
2433083
2433084
2433085
2433086
2433087
2433088
2433089
2433090
2433091
2433092
2433093
2433094
2433095
2433096
2433097
2433098
2433099
2433100
2433101
2433102
2433103
2433104
2433105
2433106
2433107
2433108
2433109
2433110
2433111
2433112
2433113
2433114
2433115
2433116
2433117
2433118
2433119
2433120
2433121
2433122
2433123
2433124
2433125
2433126
2433127
2433128
2433129
2433130
2433131
2433132
2433133
2433134
2433135
2433136
2433137
2433138
2433139
2433140
2433141
2433142
2433143
2433144
2433145
2433146
2433147
2433148
2433149
2433150
2433151
2433152
2433153
2433154
2433155
2433156
2433157
2433158
2433159
2433160
2433161
2433162
2433163
2433164
2433165
2433166
2433167
2433168
2433169
2433170
2433171
2433172
2433173
2433174
2433175
2433176
2433177
2433178
2433179
2433180
2433181
2433182
2433183
2433184
2433185
2433186
2433187
2433188
2433189
2433190
2433191
2433192
2433193
2433194
2433195
2433196
2433197
2433198
2433199
2433200
2433201
2433202
2433203
2433204
2433205
2433206
2433207
2433208
2433209
2433210
2433211
2433212
2433213
2433214
2433215
2433216
2433217
2433218
2433219
2433220
2433221
2433222
2433223
2433224
2433225
2433226
2433227
2433228
2433229
2433230
2433231
2433232
2433233
2433234
2433235
2433236
2433237
2433238
2433239
2433240
2433241
2433242
2433243
2433244
2433245
2433246
2433247
2433248
2433249
2433250
2433251
2433252
2433253
2433254
2433255
2433256
2433257
2433258
2433259
2433260
2433261
2433262
2433263
2433264
2433265
2433266
2433267
2433268
2433269
2433270
2433271
2433272
2433273
2433274
2433275
2433276
2433277
2433278
2433279
2433280
2433281
2433282
2433283
2433284
2433285
2433286
2433287
2433288
2433289
2433290
2433291
2433292
2433293
2433294
2433295
2433296
2433297
2433298
2433299
2433300
2433301
2433302
2433303
2433304
2433305
2433306
2433307
2433308
2433309
2433310
2433311
2433312
2433313
2433314
2433315
2433316
2433317
2433318
2433319
2433320
2433321
2433322
2433323
2433324
2433325
2433326
2433327
2433328
2433329
2433330
2433331
2433332
2433333
2433334
2433335
2433336
2433337
2433338
2433339
2433340
2433341
2433342
2433343
2433344
2433345
2433346
2433347
2433348
2433349
2433350
2433351
2433352
2433353
2433354
2433355
2433356
2433357
2433358
2433359
2433360
2433361
2433362
2433363
2433364
2433365
2433366
2433367
2433368
2433369
2433370
2433371
2433372
2433373
2433374
2433375
2433376
2433377
2433378
2433379
2433380
2433381
2433382
2433383
2433384
2433385
2433386
2433387
2433388
2433389
2433390
2433391
2433392
2433393
2433394
2433395
2433396
2433397
2433398
2433399
2433400
2433401
2433402
2433403
2433404
2433405
2433406
2433407
2433408
2433409
2433410
2433411
2433412
2433413
2433414
2433415
2433416
2433417
2433418
2433419
2433420
2433421
2433422
2433423
2433424
2433425
2433426
2433427
2433428
2433429
2433430
2433431
2433432
2433433
2433434
2433435
2433436
2433437
2433438
2433439
2433440
2433441
2433442
2433443
2433444
2433445
2433446
2433447
2433448
2433449
2433450
2433451
2433452
2433453
2433454
2433455
2433456
2433457
2433458
2433459
2433460
2433461
2433462
2433463
2433464
2433465
2433466
2433467
2433468
2433469
2433470
2433471
2433472
2433473
2433474
2433475
2433476
2433477
2433478
2433479
2433480
2433481
2433482
2433483
2433484
2433485
2433486
2433487
2433488
2433489
2433490
2433491
2433492
2433493
2433494
2433495
2433496
2433497
2433498
2433499
2433500
2433501
2433502
2433503
2433504
2433505
2433506
2433507
2433508
2433509
2433510
2433511
2433512
2433513
2433514
2433515
2433516
2433517
2433518
2433519
2433520
2433521
2433522
2433523
2433524
2433525
2433526
2433527
2433528
2433529
2433530
2433531
2433532
2433533
2433534
2433535
2433536
2433537
2433538
2433539
2433540
2433541
2433542
2433543
2433544
2433545
2433546
2433547
2433548
2433549
2433550
2433551
2433552
2433553
2433554
2433555
2433556
2433557
2433558
2433559
2433560
2433561
2433562
2433563
2433564
2433565
2433566
2433567
2433568
2433569
2433570
2433571
2433572
2433573
2433574
2433575
2433576
2433577
2433578
2433579
2433580
2433581
2433582
2433583
2433584
2433585
2433586
2433587
2433588
2433589
2433590
2433591
2433592
2433593
2433594
2433595
2433596
2433597
2433598
2433599
2433600
2433601
2433602
2433603
2433604
2433605
2433606
2433607
2433608
2433609
2433610
2433611
2433612
2433613
2433614
2433615
2433616
2433617
2433618
2433619
2433620
2433621
2433622
2433623
2433624
2433625
2433626
2433627
2433628
2433629
2433630
2433631
2433632
2433633
2433634
2433635
2433636
2433637
2433638
2433639
2433640
2433641
2433642
2433643
2433644
2433645
2433646
2433647
2433648
2433649
2433650
2433651
2433652
2433653
2433654
2433655
2433656
2433657
2433658
2433659
2433660
2433661
2433662
2433663
2433664
2433665
2433666
2433667
2433668
2433669
2433670
2433671
2433672
2433673
2433674
2433675
2433676
2433677
2433678
2433679
2433680
2433681
2433682
2433683
2433684
2433685
2433686
2433687
2433688
2433689
2433690
2433691
2433692
2433693
2433694
2433695
2433696
2433697
2433698
2433699
2433700
2433701
2433702
2433703
2433704
2433705
2433706
2433707
2433708
2433709
2433710
2433711
2433712
2433713
2433714
2433715
2433716
2433717
2433718
2433719
2433720
2433721
2433722
2433723
2433724
2433725
2433726
2433727
2433728
2433729
2433730
2433731
2433732
2433733
2433734
2433735
2433736
2433737
2433738
2433739
2433740
2433741
2433742
2433743
2433744
2433745
2433746
2433747
2433748
2433749
2433750
2433751
2433752
2433753
2433754
2433755
2433756
2433757
2433758
2433759
2433760
2433761
2433762
2433763
2433764
2433765
2433766
2433767
2433768
2433769
2433770
2433771
2433772
2433773
2433774
2433775
2433776
2433777
2433778
2433779
2433780
2433781
2433782
2433783
2433784
2433785
2433786
2433787
2433788
2433789
2433790
2433791
2433792
2433793
2433794
2433795
2433796
2433797
2433798
2433799
2433800
2433801
2433802
2433803
2433804
2433805
2433806
2433807
2433808
2433809
2433810
2433811
2433812
2433813
2433814
2433815
2433816
2433817
2433818
2433819
2433820
2433821
2433822
2433823
2433824
2433825
2433826
2433827
2433828
2433829
2433830
2433831
2433832
2433833
2433834
2433835
2433836
2433837
2433838
2433839
2433840
2433841
2433842
2433843
2433844
2433845
2433846
2433847
2433848
2433849
2433850
2433851
2433852
2433853
2433854
2433855
2433856
2433857
2433858
2433859
2433860
2433861
2433862
2433863
2433864
2433865
2433866
2433867
2433868
2433869
2433870
2433871
2433872
2433873
2433874
2433875
2433876
2433877
2433878
2433879
2433880
2433881
2433882
2433883
2433884
2433885
2433886
2433887
2433888
2433889
2433890
2433891
2433892
2433893
2433894
2433895
2433896
2433897
2433898
2433899
2433900
2433901
2433902
2433903
2433904
2433905
2433906
2433907
2433908
2433909
2433910
2433911
2433912
2433913
2433914
2433915
2433916
2433917
2433918
2433919
2433920
2433921
2433922
2433923
2433924
2433925
2433926
2433927
2433928
2433929
2433930
2433931
2433932
2433933
2433934
2433935
2433936
2433937
2433938
2433939
2433940
2433941
2433942
2433943
2433944
2433945
2433946
2433947
2433948
2433949
2433950
2433951
2433952
2433953
2433954
2433955
2433956
2433957
2433958
2433959
2433960
2433961
2433962
2433963
2433964
2433965
2433966
2433967
2433968
2433969
2433970
2433971
2433972
2433973
2433974
2433975
2433976
2433977
2433978
2433979
2433980
2433981
2433982
2433983
2433984
2433985
2433986
2433987
2433988
2433989
2433990
2433991
2433992
2433993
2433994
2433995
2433996
2433997
2433998
2433999
2434000
2434001
2434002
2434003
2434004
2434005
2434006
2434007
2434008
2434009
2434010
2434011
2434012
2434013
2434014
2434015
2434016
2434017
2434018
2434019
2434020
2434021
2434022
2434023
2434024
2434025
2434026
2434027
2434028
2434029
2434030
2434031
2434032
2434033
2434034
2434035
2434036
2434037
2434038
2434039
2434040
2434041
2434042
2434043
2434044
2434045
2434046
2434047
2434048
2434049
2434050
2434051
2434052
2434053
2434054
2434055
2434056
2434057
2434058
2434059
2434060
2434061
2434062
2434063
2434064
2434065
2434066
2434067
2434068
2434069
2434070
2434071
2434072
2434073
2434074
2434075
2434076
2434077
2434078
2434079
2434080
2434081
2434082
2434083
2434084
2434085
2434086
2434087
2434088
2434089
2434090
2434091
2434092
2434093
2434094
2434095
2434096
2434097
2434098
2434099
2434100
2434101
2434102
2434103
2434104
2434105
2434106
2434107
2434108
2434109
2434110
2434111
2434112
2434113
2434114
2434115
2434116
2434117
2434118
2434119
2434120
2434121
2434122
2434123
2434124
2434125
2434126
2434127
2434128
2434129
2434130
2434131
2434132
2434133
2434134
2434135
2434136
2434137
2434138
2434139
2434140
2434141
2434142
2434143
2434144
2434145
2434146
2434147
2434148
2434149
2434150
2434151
2434152
2434153
2434154
2434155
2434156
2434157
2434158
2434159
2434160
2434161
2434162
2434163
2434164
2434165
2434166
2434167
2434168
2434169
2434170
2434171
2434172
2434173
2434174
2434175
2434176
2434177
2434178
2434179
2434180
2434181
2434182
2434183
2434184
2434185
2434186
2434187
2434188
2434189
2434190
2434191
2434192
2434193
2434194
2434195
2434196
2434197
2434198
2434199
2434200
2434201
2434202
2434203
2434204
2434205
2434206
2434207
2434208
2434209
2434210
2434211
2434212
2434213
2434214
2434215
2434216
2434217
2434218
2434219
2434220
2434221
2434222
2434223
2434224
2434225
2434226
2434227
2434228
2434229
2434230
2434231
2434232
2434233
2434234
2434235
2434236
2434237
2434238
2434239
2434240
2434241
2434242
2434243
2434244
2434245
2434246
2434247
2434248
2434249
2434250
2434251
2434252
2434253
2434254
2434255
2434256
2434257
2434258
2434259
2434260
2434261
2434262
2434263
2434264
2434265
2434266
2434267
2434268
2434269
2434270
2434271
2434272
2434273
2434274
2434275
2434276
2434277
2434278
2434279
2434280
2434281
2434282
2434283
2434284
2434285
2434286
2434287
2434288
2434289
2434290
2434291
2434292
2434293
2434294
2434295
2434296
2434297
2434298
2434299
2434300
2434301
2434302
2434303
2434304
2434305
2434306
2434307
2434308
2434309
2434310
2434311
2434312
2434313
2434314
2434315
2434316
2434317
2434318
2434319
2434320
2434321
2434322
2434323
2434324
2434325
2434326
2434327
2434328
2434329
2434330
2434331
2434332
2434333
2434334
2434335
2434336
2434337
2434338
2434339
2434340
2434341
2434342
2434343
2434344
2434345
2434346
2434347
2434348
2434349
2434350
2434351
2434352
2434353
2434354
2434355
2434356
2434357
2434358
2434359
2434360
2434361
2434362
2434363
2434364
2434365
2434366
2434367
2434368
2434369
2434370
2434371
2434372
2434373
2434374
2434375
2434376
2434377
2434378
2434379
2434380
2434381
2434382
2434383
2434384
2434385
2434386
2434387
2434388
2434389
2434390
2434391
2434392
2434393
2434394
2434395
2434396
2434397
2434398
2434399
2434400
2434401
2434402
2434403
2434404
2434405
2434406
2434407
2434408
2434409
2434410
2434411
2434412
2434413
2434414
2434415
2434416
2434417
2434418
2434419
2434420
2434421
2434422
2434423
2434424
2434425
2434426
2434427
2434428
2434429
2434430
2434431
2434432
2434433
2434434
2434435
2434436
2434437
2434438
2434439
2434440
2434441
2434442
2434443
2434444
2434445
2434446
2434447
2434448
2434449
2434450
2434451
2434452
2434453
2434454
2434455
2434456
2434457
2434458
2434459
2434460
2434461
2434462
2434463
2434464
2434465
2434466
2434467
2434468
2434469
2434470
2434471
2434472
2434473
2434474
2434475
2434476
2434477
2434478
2434479
2434480
2434481
2434482
2434483
2434484
2434485
2434486
2434487
2434488
2434489
2434490
2434491
2434492
2434493
2434494
2434495
2434496
2434497
2434498
2434499
2434500
2434501
2434502
2434503
2434504
2434505
2434506
2434507
2434508
2434509
2434510
2434511
2434512
2434513
2434514
2434515
2434516
2434517
2434518
2434519
2434520
2434521
2434522
2434523
2434524
2434525
2434526
2434527
2434528
2434529
2434530
2434531
2434532
2434533
2434534
2434535
2434536
2434537
2434538
2434539
2434540
2434541
2434542
2434543
2434544
2434545
2434546
2434547
2434548
2434549
2434550
2434551
2434552
2434553
2434554
2434555
2434556
2434557
2434558
2434559
2434560
2434561
2434562
2434563
2434564
2434565
2434566
2434567
2434568
2434569
2434570
2434571
2434572
2434573
2434574
2434575
2434576
2434577
2434578
2434579
2434580
2434581
2434582
2434583
2434584
2434585
2434586
2434587
2434588
2434589
2434590
2434591
2434592
2434593
2434594
2434595
2434596
2434597
2434598
2434599
2434600
2434601
2434602
2434603
2434604
2434605
2434606
2434607
2434608
2434609
2434610
2434611
2434612
2434613
2434614
2434615
2434616
2434617
2434618
2434619
2434620
2434621
2434622
2434623
2434624
2434625
2434626
2434627
2434628
2434629
2434630
2434631
2434632
2434633
2434634
2434635
2434636
2434637
2434638
2434639
2434640
2434641
2434642
2434643
2434644
2434645
2434646
2434647
2434648
2434649
2434650
2434651
2434652
2434653
2434654
2434655
2434656
2434657
2434658
2434659
2434660
2434661
2434662
2434663
2434664
2434665
2434666
2434667
2434668
2434669
2434670
2434671
2434672
2434673
2434674
2434675
2434676
2434677
2434678
2434679
2434680
2434681
2434682
2434683
2434684
2434685
2434686
2434687
2434688
2434689
2434690
2434691
2434692
2434693
2434694
2434695
2434696
2434697
2434698
2434699
2434700
2434701
2434702
2434703
2434704
2434705
2434706
2434707
2434708
2434709
2434710
2434711
2434712
2434713
2434714
2434715
2434716
2434717
2434718
2434719
2434720
2434721
2434722
2434723
2434724
2434725
2434726
2434727
2434728
2434729
2434730
2434731
2434732
2434733
2434734
2434735
2434736
2434737
2434738
2434739
2434740
2434741
2434742
2434743
2434744
2434745
2434746
2434747
2434748
2434749
2434750
2434751
2434752
2434753
2434754
2434755
2434756
2434757
2434758
2434759
2434760
2434761
2434762
2434763
2434764
2434765
2434766
2434767
2434768
2434769
2434770
2434771
2434772
2434773
2434774
2434775
2434776
2434777
2434778
2434779
2434780
2434781
2434782
2434783
2434784
2434785
2434786
2434787
2434788
2434789
2434790
2434791
2434792
2434793
2434794
2434795
2434796
2434797
2434798
2434799
2434800
2434801
2434802
2434803
2434804
2434805
2434806
2434807
2434808
2434809
2434810
2434811
2434812
2434813
2434814
2434815
2434816
2434817
2434818
2434819
2434820
2434821
2434822
2434823
2434824
2434825
2434826
2434827
2434828
2434829
2434830
2434831
2434832
2434833
2434834
2434835
2434836
2434837
2434838
2434839
2434840
2434841
2434842
2434843
2434844
2434845
2434846
2434847
2434848
2434849
2434850
2434851
2434852
2434853
2434854
2434855
2434856
2434857
2434858
2434859
2434860
2434861
2434862
2434863
2434864
2434865
2434866
2434867
2434868
2434869
2434870
2434871
2434872
2434873
2434874
2434875
2434876
2434877
2434878
2434879
2434880
2434881
2434882
2434883
2434884
2434885
2434886
2434887
2434888
2434889
2434890
2434891
2434892
2434893
2434894
2434895
2434896
2434897
2434898
2434899
2434900
2434901
2434902
2434903
2434904
2434905
2434906
2434907
2434908
2434909
2434910
2434911
2434912
2434913
2434914
2434915
2434916
2434917
2434918
2434919
2434920
2434921
2434922
2434923
2434924
2434925
2434926
2434927
2434928
2434929
2434930
2434931
2434932
2434933
2434934
2434935
2434936
2434937
2434938
2434939
2434940
2434941
2434942
2434943
2434944
2434945
2434946
2434947
2434948
2434949
2434950
2434951
2434952
2434953
2434954
2434955
2434956
2434957
2434958
2434959
2434960
2434961
2434962
2434963
2434964
2434965
2434966
2434967
2434968
2434969
2434970
2434971
2434972
2434973
2434974
2434975
2434976
2434977
2434978
2434979
2434980
2434981
2434982
2434983
2434984
2434985
2434986
2434987
2434988
2434989
2434990
2434991
2434992
2434993
2434994
2434995
2434996
2434997
2434998
2434999
2435000
2435001
2435002
2435003
2435004
2435005
2435006
2435007
2435008
2435009
2435010
2435011
2435012
2435013
2435014
2435015
2435016
2435017
2435018
2435019
2435020
2435021
2435022
2435023
2435024
2435025
2435026
2435027
2435028
2435029
2435030
2435031
2435032
2435033
2435034
2435035
2435036
2435037
2435038
2435039
2435040
2435041
2435042
2435043
2435044
2435045
2435046
2435047
2435048
2435049
2435050
2435051
2435052
2435053
2435054
2435055
2435056
2435057
2435058
2435059
2435060
2435061
2435062
2435063
2435064
2435065
2435066
2435067
2435068
2435069
2435070
2435071
2435072
2435073
2435074
2435075
2435076
2435077
2435078
2435079
2435080
2435081
2435082
2435083
2435084
2435085
2435086
2435087
2435088
2435089
2435090
2435091
2435092
2435093
2435094
2435095
2435096
2435097
2435098
2435099
2435100
2435101
2435102
2435103
2435104
2435105
2435106
2435107
2435108
2435109
2435110
2435111
2435112
2435113
2435114
2435115
2435116
2435117
2435118
2435119
2435120
2435121
2435122
2435123
2435124
2435125
2435126
2435127
2435128
2435129
2435130
2435131
2435132
2435133
2435134
2435135
2435136
2435137
2435138
2435139
2435140
2435141
2435142
2435143
2435144
2435145
2435146
2435147
2435148
2435149
2435150
2435151
2435152
2435153
2435154
2435155
2435156
2435157
2435158
2435159
2435160
2435161
2435162
2435163
2435164
2435165
2435166
2435167
2435168
2435169
2435170
2435171
2435172
2435173
2435174
2435175
2435176
2435177
2435178
2435179
2435180
2435181
2435182
2435183
2435184
2435185
2435186
2435187
2435188
2435189
2435190
2435191
2435192
2435193
2435194
2435195
2435196
2435197
2435198
2435199
2435200
2435201
2435202
2435203
2435204
2435205
2435206
2435207
2435208
2435209
2435210
2435211
2435212
2435213
2435214
2435215
2435216
2435217
2435218
2435219
2435220
2435221
2435222
2435223
2435224
2435225
2435226
2435227
2435228
2435229
2435230
2435231
2435232
2435233
2435234
2435235
2435236
2435237
2435238
2435239
2435240
2435241
2435242
2435243
2435244
2435245
2435246
2435247
2435248
2435249
2435250
2435251
2435252
2435253
2435254
2435255
2435256
2435257
2435258
2435259
2435260
2435261
2435262
2435263
2435264
2435265
2435266
2435267
2435268
2435269
2435270
2435271
2435272
2435273
2435274
2435275
2435276
2435277
2435278
2435279
2435280
2435281
2435282
2435283
2435284
2435285
2435286
2435287
2435288
2435289
2435290
2435291
2435292
2435293
2435294
2435295
2435296
2435297
2435298
2435299
2435300
2435301
2435302
2435303
2435304
2435305
2435306
2435307
2435308
2435309
2435310
2435311
2435312
2435313
2435314
2435315
2435316
2435317
2435318
2435319
2435320
2435321
2435322
2435323
2435324
2435325
2435326
2435327
2435328
2435329
2435330
2435331
2435332
2435333
2435334
2435335
2435336
2435337
2435338
2435339
2435340
2435341
2435342
2435343
2435344
2435345
2435346
2435347
2435348
2435349
2435350
2435351
2435352
2435353
2435354
2435355
2435356
2435357
2435358
2435359
2435360
2435361
2435362
2435363
2435364
2435365
2435366
2435367
2435368
2435369
2435370
2435371
2435372
2435373
2435374
2435375
2435376
2435377
2435378
2435379
2435380
2435381
2435382
2435383
2435384
2435385
2435386
2435387
2435388
2435389
2435390
2435391
2435392
2435393
2435394
2435395
2435396
2435397
2435398
2435399
2435400
2435401
2435402
2435403
2435404
2435405
2435406
2435407
2435408
2435409
2435410
2435411
2435412
2435413
2435414
2435415
2435416
2435417
2435418
2435419
2435420
2435421
2435422
2435423
2435424
2435425
2435426
2435427
2435428
2435429
2435430
2435431
2435432
2435433
2435434
2435435
2435436
2435437
2435438
2435439
2435440
2435441
2435442
2435443
2435444
2435445
2435446
2435447
2435448
2435449
2435450
2435451
2435452
2435453
2435454
2435455
2435456
2435457
2435458
2435459
2435460
2435461
2435462
2435463
2435464
2435465
2435466
2435467
2435468
2435469
2435470
2435471
2435472
2435473
2435474
2435475
2435476
2435477
2435478
2435479
2435480
2435481
2435482
2435483
2435484
2435485
2435486
2435487
2435488
2435489
2435490
2435491
2435492
2435493
2435494
2435495
2435496
2435497
2435498
2435499
2435500
2435501
2435502
2435503
2435504
2435505
2435506
2435507
2435508
2435509
2435510
2435511
2435512
2435513
2435514
2435515
2435516
2435517
2435518
2435519
2435520
2435521
2435522
2435523
2435524
2435525
2435526
2435527
2435528
2435529
2435530
2435531
2435532
2435533
2435534
2435535
2435536
2435537
2435538
2435539
2435540
2435541
2435542
2435543
2435544
2435545
2435546
2435547
2435548
2435549
2435550
2435551
2435552
2435553
2435554
2435555
2435556
2435557
2435558
2435559
2435560
2435561
2435562
2435563
2435564
2435565
2435566
2435567
2435568
2435569
2435570
2435571
2435572
2435573
2435574
2435575
2435576
2435577
2435578
2435579
2435580
2435581
2435582
2435583
2435584
2435585
2435586
2435587
2435588
2435589
2435590
2435591
2435592
2435593
2435594
2435595
2435596
2435597
2435598
2435599
2435600
2435601
2435602
2435603
2435604
2435605
2435606
2435607
2435608
2435609
2435610
2435611
2435612
2435613
2435614
2435615
2435616
2435617
2435618
2435619
2435620
2435621
2435622
2435623
2435624
2435625
2435626
2435627
2435628
2435629
2435630
2435631
2435632
2435633
2435634
2435635
2435636
2435637
2435638
2435639
2435640
2435641
2435642
2435643
2435644
2435645
2435646
2435647
2435648
2435649
2435650
2435651
2435652
2435653
2435654
2435655
2435656
2435657
2435658
2435659
2435660
2435661
2435662
2435663
2435664
2435665
2435666
2435667
2435668
2435669
2435670
2435671
2435672
2435673
2435674
2435675
2435676
2435677
2435678
2435679
2435680
2435681
2435682
2435683
2435684
2435685
2435686
2435687
2435688
2435689
2435690
2435691
2435692
2435693
2435694
2435695
2435696
2435697
2435698
2435699
2435700
2435701
2435702
2435703
2435704
2435705
2435706
2435707
2435708
2435709
2435710
2435711
2435712
2435713
2435714
2435715
2435716
2435717
2435718
2435719
2435720
2435721
2435722
2435723
2435724
2435725
2435726
2435727
2435728
2435729
2435730
2435731
2435732
2435733
2435734
2435735
2435736
2435737
2435738
2435739
2435740
2435741
2435742
2435743
2435744
2435745
2435746
2435747
2435748
2435749
2435750
2435751
2435752
2435753
2435754
2435755
2435756
2435757
2435758
2435759
2435760
2435761
2435762
2435763
2435764
2435765
2435766
2435767
2435768
2435769
2435770
2435771
2435772
2435773
2435774
2435775
2435776
2435777
2435778
2435779
2435780
2435781
2435782
2435783
2435784
2435785
2435786
2435787
2435788
2435789
2435790
2435791
2435792
2435793
2435794
2435795
2435796
2435797
2435798
2435799
2435800
2435801
2435802
2435803
2435804
2435805
2435806
2435807
2435808
2435809
2435810
2435811
2435812
2435813
2435814
2435815
2435816
2435817
2435818
2435819
2435820
2435821
2435822
2435823
2435824
2435825
2435826
2435827
2435828
2435829
2435830
2435831
2435832
2435833
2435834
2435835
2435836
2435837
2435838
2435839
2435840
2435841
2435842
2435843
2435844
2435845
2435846
2435847
2435848
2435849
2435850
2435851
2435852
2435853
2435854
2435855
2435856
2435857
2435858
2435859
2435860
2435861
2435862
2435863
2435864
2435865
2435866
2435867
2435868
2435869
2435870
2435871
2435872
2435873
2435874
2435875
2435876
2435877
2435878
2435879
2435880
2435881
2435882
2435883
2435884
2435885
2435886
2435887
2435888
2435889
2435890
2435891
2435892
2435893
2435894
2435895
2435896
2435897
2435898
2435899
2435900
2435901
2435902
2435903
2435904
2435905
2435906
2435907
2435908
2435909
2435910
2435911
2435912
2435913
2435914
2435915
2435916
2435917
2435918
2435919
2435920
2435921
2435922
2435923
2435924
2435925
2435926
2435927
2435928
2435929
2435930
2435931
2435932
2435933
2435934
2435935
2435936
2435937
2435938
2435939
2435940
2435941
2435942
2435943
2435944
2435945
2435946
2435947
2435948
2435949
2435950
2435951
2435952
2435953
2435954
2435955
2435956
2435957
2435958
2435959
2435960
2435961
2435962
2435963
2435964
2435965
2435966
2435967
2435968
2435969
2435970
2435971
2435972
2435973
2435974
2435975
2435976
2435977
2435978
2435979
2435980
2435981
2435982
2435983
2435984
2435985
2435986
2435987
2435988
2435989
2435990
2435991
2435992
2435993
2435994
2435995
2435996
2435997
2435998
2435999
2436000
2436001
2436002
2436003
2436004
2436005
2436006
2436007
2436008
2436009
2436010
2436011
2436012
2436013
2436014
2436015
2436016
2436017
2436018
2436019
2436020
2436021
2436022
2436023
2436024
2436025
2436026
2436027
2436028
2436029
2436030
2436031
2436032
2436033
2436034
2436035
2436036
2436037
2436038
2436039
2436040
2436041
2436042
2436043
2436044
2436045
2436046
2436047
2436048
2436049
2436050
2436051
2436052
2436053
2436054
2436055
2436056
2436057
2436058
2436059
2436060
2436061
2436062
2436063
2436064
2436065
2436066
2436067
2436068
2436069
2436070
2436071
2436072
2436073
2436074
2436075
2436076
2436077
2436078
2436079
2436080
2436081
2436082
2436083
2436084
2436085
2436086
2436087
2436088
2436089
2436090
2436091
2436092
2436093
2436094
2436095
2436096
2436097
2436098
2436099
2436100
2436101
2436102
2436103
2436104
2436105
2436106
2436107
2436108
2436109
2436110
2436111
2436112
2436113
2436114
2436115
2436116
2436117
2436118
2436119
2436120
2436121
2436122
2436123
2436124
2436125
2436126
2436127
2436128
2436129
2436130
2436131
2436132
2436133
2436134
2436135
2436136
2436137
2436138
2436139
2436140
2436141
2436142
2436143
2436144
2436145
2436146
2436147
2436148
2436149
2436150
2436151
2436152
2436153
2436154
2436155
2436156
2436157
2436158
2436159
2436160
2436161
2436162
2436163
2436164
2436165
2436166
2436167
2436168
2436169
2436170
2436171
2436172
2436173
2436174
2436175
2436176
2436177
2436178
2436179
2436180
2436181
2436182
2436183
2436184
2436185
2436186
2436187
2436188
2436189
2436190
2436191
2436192
2436193
2436194
2436195
2436196
2436197
2436198
2436199
2436200
2436201
2436202
2436203
2436204
2436205
2436206
2436207
2436208
2436209
2436210
2436211
2436212
2436213
2436214
2436215
2436216
2436217
2436218
2436219
2436220
2436221
2436222
2436223
2436224
2436225
2436226
2436227
2436228
2436229
2436230
2436231
2436232
2436233
2436234
2436235
2436236
2436237
2436238
2436239
2436240
2436241
2436242
2436243
2436244
2436245
2436246
2436247
2436248
2436249
2436250
2436251
2436252
2436253
2436254
2436255
2436256
2436257
2436258
2436259
2436260
2436261
2436262
2436263
2436264
2436265
2436266
2436267
2436268
2436269
2436270
2436271
2436272
2436273
2436274
2436275
2436276
2436277
2436278
2436279
2436280
2436281
2436282
2436283
2436284
2436285
2436286
2436287
2436288
2436289
2436290
2436291
2436292
2436293
2436294
2436295
2436296
2436297
2436298
2436299
2436300
2436301
2436302
2436303
2436304
2436305
2436306
2436307
2436308
2436309
2436310
2436311
2436312
2436313
2436314
2436315
2436316
2436317
2436318
2436319
2436320
2436321
2436322
2436323
2436324
2436325
2436326
2436327
2436328
2436329
2436330
2436331
2436332
2436333
2436334
2436335
2436336
2436337
2436338
2436339
2436340
2436341
2436342
2436343
2436344
2436345
2436346
2436347
2436348
2436349
2436350
2436351
2436352
2436353
2436354
2436355
2436356
2436357
2436358
2436359
2436360
2436361
2436362
2436363
2436364
2436365
2436366
2436367
2436368
2436369
2436370
2436371
2436372
2436373
2436374
2436375
2436376
2436377
2436378
2436379
2436380
2436381
2436382
2436383
2436384
2436385
2436386
2436387
2436388
2436389
2436390
2436391
2436392
2436393
2436394
2436395
2436396
2436397
2436398
2436399
2436400
2436401
2436402
2436403
2436404
2436405
2436406
2436407
2436408
2436409
2436410
2436411
2436412
2436413
2436414
2436415
2436416
2436417
2436418
2436419
2436420
2436421
2436422
2436423
2436424
2436425
2436426
2436427
2436428
2436429
2436430
2436431
2436432
2436433
2436434
2436435
2436436
2436437
2436438
2436439
2436440
2436441
2436442
2436443
2436444
2436445
2436446
2436447
2436448
2436449
2436450
2436451
2436452
2436453
2436454
2436455
2436456
2436457
2436458
2436459
2436460
2436461
2436462
2436463
2436464
2436465
2436466
2436467
2436468
2436469
2436470
2436471
2436472
2436473
2436474
2436475
2436476
2436477
2436478
2436479
2436480
2436481
2436482
2436483
2436484
2436485
2436486
2436487
2436488
2436489
2436490
2436491
2436492
2436493
2436494
2436495
2436496
2436497
2436498
2436499
2436500
2436501
2436502
2436503
2436504
2436505
2436506
2436507
2436508
2436509
2436510
2436511
2436512
2436513
2436514
2436515
2436516
2436517
2436518
2436519
2436520
2436521
2436522
2436523
2436524
2436525
2436526
2436527
2436528
2436529
2436530
2436531
2436532
2436533
2436534
2436535
2436536
2436537
2436538
2436539
2436540
2436541
2436542
2436543
2436544
2436545
2436546
2436547
2436548
2436549
2436550
2436551
2436552
2436553
2436554
2436555
2436556
2436557
2436558
2436559
2436560
2436561
2436562
2436563
2436564
2436565
2436566
2436567
2436568
2436569
2436570
2436571
2436572
2436573
2436574
2436575
2436576
2436577
2436578
2436579
2436580
2436581
2436582
2436583
2436584
2436585
2436586
2436587
2436588
2436589
2436590
2436591
2436592
2436593
2436594
2436595
2436596
2436597
2436598
2436599
2436600
2436601
2436602
2436603
2436604
2436605
2436606
2436607
2436608
2436609
2436610
2436611
2436612
2436613
2436614
2436615
2436616
2436617
2436618
2436619
2436620
2436621
2436622
2436623
2436624
2436625
2436626
2436627
2436628
2436629
2436630
2436631
2436632
2436633
2436634
2436635
2436636
2436637
2436638
2436639
2436640
2436641
2436642
2436643
2436644
2436645
2436646
2436647
2436648
2436649
2436650
2436651
2436652
2436653
2436654
2436655
2436656
2436657
2436658
2436659
2436660
2436661
2436662
2436663
2436664
2436665
2436666
2436667
2436668
2436669
2436670
2436671
2436672
2436673
2436674
2436675
2436676
2436677
2436678
2436679
2436680
2436681
2436682
2436683
2436684
2436685
2436686
2436687
2436688
2436689
2436690
2436691
2436692
2436693
2436694
2436695
2436696
2436697
2436698
2436699
2436700
2436701
2436702
2436703
2436704
2436705
2436706
2436707
2436708
2436709
2436710
2436711
2436712
2436713
2436714
2436715
2436716
2436717
2436718
2436719
2436720
2436721
2436722
2436723
2436724
2436725
2436726
2436727
2436728
2436729
2436730
2436731
2436732
2436733
2436734
2436735
2436736
2436737
2436738
2436739
2436740
2436741
2436742
2436743
2436744
2436745
2436746
2436747
2436748
2436749
2436750
2436751
2436752
2436753
2436754
2436755
2436756
2436757
2436758
2436759
2436760
2436761
2436762
2436763
2436764
2436765
2436766
2436767
2436768
2436769
2436770
2436771
2436772
2436773
2436774
2436775
2436776
2436777
2436778
2436779
2436780
2436781
2436782
2436783
2436784
2436785
2436786
2436787
2436788
2436789
2436790
2436791
2436792
2436793
2436794
2436795
2436796
2436797
2436798
2436799
2436800
2436801
2436802
2436803
2436804
2436805
2436806
2436807
2436808
2436809
2436810
2436811
2436812
2436813
2436814
2436815
2436816
2436817
2436818
2436819
2436820
2436821
2436822
2436823
2436824
2436825
2436826
2436827
2436828
2436829
2436830
2436831
2436832
2436833
2436834
2436835
2436836
2436837
2436838
2436839
2436840
2436841
2436842
2436843
2436844
2436845
2436846
2436847
2436848
2436849
2436850
2436851
2436852
2436853
2436854
2436855
2436856
2436857
2436858
2436859
2436860
2436861
2436862
2436863
2436864
2436865
2436866
2436867
2436868
2436869
2436870
2436871
2436872
2436873
2436874
2436875
2436876
2436877
2436878
2436879
2436880
2436881
2436882
2436883
2436884
2436885
2436886
2436887
2436888
2436889
2436890
2436891
2436892
2436893
2436894
2436895
2436896
2436897
2436898
2436899
2436900
2436901
2436902
2436903
2436904
2436905
2436906
2436907
2436908
2436909
2436910
2436911
2436912
2436913
2436914
2436915
2436916
2436917
2436918
2436919
2436920
2436921
2436922
2436923
2436924
2436925
2436926
2436927
2436928
2436929
2436930
2436931
2436932
2436933
2436934
2436935
2436936
2436937
2436938
2436939
2436940
2436941
2436942
2436943
2436944
2436945
2436946
2436947
2436948
2436949
2436950
2436951
2436952
2436953
2436954
2436955
2436956
2436957
2436958
2436959
2436960
2436961
2436962
2436963
2436964
2436965
2436966
2436967
2436968
2436969
2436970
2436971
2436972
2436973
2436974
2436975
2436976
2436977
2436978
2436979
2436980
2436981
2436982
2436983
2436984
2436985
2436986
2436987
2436988
2436989
2436990
2436991
2436992
2436993
2436994
2436995
2436996
2436997
2436998
2436999
2437000
2437001
2437002
2437003
2437004
2437005
2437006
2437007
2437008
2437009
2437010
2437011
2437012
2437013
2437014
2437015
2437016
2437017
2437018
2437019
2437020
2437021
2437022
2437023
2437024
2437025
2437026
2437027
2437028
2437029
2437030
2437031
2437032
2437033
2437034
2437035
2437036
2437037
2437038
2437039
2437040
2437041
2437042
2437043
2437044
2437045
2437046
2437047
2437048
2437049
2437050
2437051
2437052
2437053
2437054
2437055
2437056
2437057
2437058
2437059
2437060
2437061
2437062
2437063
2437064
2437065
2437066
2437067
2437068
2437069
2437070
2437071
2437072
2437073
2437074
2437075
2437076
2437077
2437078
2437079
2437080
2437081
2437082
2437083
2437084
2437085
2437086
2437087
2437088
2437089
2437090
2437091
2437092
2437093
2437094
2437095
2437096
2437097
2437098
2437099
2437100
2437101
2437102
2437103
2437104
2437105
2437106
2437107
2437108
2437109
2437110
2437111
2437112
2437113
2437114
2437115
2437116
2437117
2437118
2437119
2437120
2437121
2437122
2437123
2437124
2437125
2437126
2437127
2437128
2437129
2437130
2437131
2437132
2437133
2437134
2437135
2437136
2437137
2437138
2437139
2437140
2437141
2437142
2437143
2437144
2437145
2437146
2437147
2437148
2437149
2437150
2437151
2437152
2437153
2437154
2437155
2437156
2437157
2437158
2437159
2437160
2437161
2437162
2437163
2437164
2437165
2437166
2437167
2437168
2437169
2437170
2437171
2437172
2437173
2437174
2437175
2437176
2437177
2437178
2437179
2437180
2437181
2437182
2437183
2437184
2437185
2437186
2437187
2437188
2437189
2437190
2437191
2437192
2437193
2437194
2437195
2437196
2437197
2437198
2437199
2437200
2437201
2437202
2437203
2437204
2437205
2437206
2437207
2437208
2437209
2437210
2437211
2437212
2437213
2437214
2437215
2437216
2437217
2437218
2437219
2437220
2437221
2437222
2437223
2437224
2437225
2437226
2437227
2437228
2437229
2437230
2437231
2437232
2437233
2437234
2437235
2437236
2437237
2437238
2437239
2437240
2437241
2437242
2437243
2437244
2437245
2437246
2437247
2437248
2437249
2437250
2437251
2437252
2437253
2437254
2437255
2437256
2437257
2437258
2437259
2437260
2437261
2437262
2437263
2437264
2437265
2437266
2437267
2437268
2437269
2437270
2437271
2437272
2437273
2437274
2437275
2437276
2437277
2437278
2437279
2437280
2437281
2437282
2437283
2437284
2437285
2437286
2437287
2437288
2437289
2437290
2437291
2437292
2437293
2437294
2437295
2437296
2437297
2437298
2437299
2437300
2437301
2437302
2437303
2437304
2437305
2437306
2437307
2437308
2437309
2437310
2437311
2437312
2437313
2437314
2437315
2437316
2437317
2437318
2437319
2437320
2437321
2437322
2437323
2437324
2437325
2437326
2437327
2437328
2437329
2437330
2437331
2437332
2437333
2437334
2437335
2437336
2437337
2437338
2437339
2437340
2437341
2437342
2437343
2437344
2437345
2437346
2437347
2437348
2437349
2437350
2437351
2437352
2437353
2437354
2437355
2437356
2437357
2437358
2437359
2437360
2437361
2437362
2437363
2437364
2437365
2437366
2437367
2437368
2437369
2437370
2437371
2437372
2437373
2437374
2437375
2437376
2437377
2437378
2437379
2437380
2437381
2437382
2437383
2437384
2437385
2437386
2437387
2437388
2437389
2437390
2437391
2437392
2437393
2437394
2437395
2437396
2437397
2437398
2437399
2437400
2437401
2437402
2437403
2437404
2437405
2437406
2437407
2437408
2437409
2437410
2437411
2437412
2437413
2437414
2437415
2437416
2437417
2437418
2437419
2437420
2437421
2437422
2437423
2437424
2437425
2437426
2437427
2437428
2437429
2437430
2437431
2437432
2437433
2437434
2437435
2437436
2437437
2437438
2437439
2437440
2437441
2437442
2437443
2437444
2437445
2437446
2437447
2437448
2437449
2437450
2437451
2437452
2437453
2437454
2437455
2437456
2437457
2437458
2437459
2437460
2437461
2437462
2437463
2437464
2437465
2437466
2437467
2437468
2437469
2437470
2437471
2437472
2437473
2437474
2437475
2437476
2437477
2437478
2437479
2437480
2437481
2437482
2437483
2437484
2437485
2437486
2437487
2437488
2437489
2437490
2437491
2437492
2437493
2437494
2437495
2437496
2437497
2437498
2437499
2437500
2437501
2437502
2437503
2437504
2437505
2437506
2437507
2437508
2437509
2437510
2437511
2437512
2437513
2437514
2437515
2437516
2437517
2437518
2437519
2437520
2437521
2437522
2437523
2437524
2437525
2437526
2437527
2437528
2437529
2437530
2437531
2437532
2437533
2437534
2437535
2437536
2437537
2437538
2437539
2437540
2437541
2437542
2437543
2437544
2437545
2437546
2437547
2437548
2437549
2437550
2437551
2437552
2437553
2437554
2437555
2437556
2437557
2437558
2437559
2437560
2437561
2437562
2437563
2437564
2437565
2437566
2437567
2437568
2437569
2437570
2437571
2437572
2437573
2437574
2437575
2437576
2437577
2437578
2437579
2437580
2437581
2437582
2437583
2437584
2437585
2437586
2437587
2437588
2437589
2437590
2437591
2437592
2437593
2437594
2437595
2437596
2437597
2437598
2437599
2437600
2437601
2437602
2437603
2437604
2437605
2437606
2437607
2437608
2437609
2437610
2437611
2437612
2437613
2437614
2437615
2437616
2437617
2437618
2437619
2437620
2437621
2437622
2437623
2437624
2437625
2437626
2437627
2437628
2437629
2437630
2437631
2437632
2437633
2437634
2437635
2437636
2437637
2437638
2437639
2437640
2437641
2437642
2437643
2437644
2437645
2437646
2437647
2437648
2437649
2437650
2437651
2437652
2437653
2437654
2437655
2437656
2437657
2437658
2437659
2437660
2437661
2437662
2437663
2437664
2437665
2437666
2437667
2437668
2437669
2437670
2437671
2437672
2437673
2437674
2437675
2437676
2437677
2437678
2437679
2437680
2437681
2437682
2437683
2437684
2437685
2437686
2437687
2437688
2437689
2437690
2437691
2437692
2437693
2437694
2437695
2437696
2437697
2437698
2437699
2437700
2437701
2437702
2437703
2437704
2437705
2437706
2437707
2437708
2437709
2437710
2437711
2437712
2437713
2437714
2437715
2437716
2437717
2437718
2437719
2437720
2437721
2437722
2437723
2437724
2437725
2437726
2437727
2437728
2437729
2437730
2437731
2437732
2437733
2437734
2437735
2437736
2437737
2437738
2437739
2437740
2437741
2437742
2437743
2437744
2437745
2437746
2437747
2437748
2437749
2437750
2437751
2437752
2437753
2437754
2437755
2437756
2437757
2437758
2437759
2437760
2437761
2437762
2437763
2437764
2437765
2437766
2437767
2437768
2437769
2437770
2437771
2437772
2437773
2437774
2437775
2437776
2437777
2437778
2437779
2437780
2437781
2437782
2437783
2437784
2437785
2437786
2437787
2437788
2437789
2437790
2437791
2437792
2437793
2437794
2437795
2437796
2437797
2437798
2437799
2437800
2437801
2437802
2437803
2437804
2437805
2437806
2437807
2437808
2437809
2437810
2437811
2437812
2437813
2437814
2437815
2437816
2437817
2437818
2437819
2437820
2437821
2437822
2437823
2437824
2437825
2437826
2437827
2437828
2437829
2437830
2437831
2437832
2437833
2437834
2437835
2437836
2437837
2437838
2437839
2437840
2437841
2437842
2437843
2437844
2437845
2437846
2437847
2437848
2437849
2437850
2437851
2437852
2437853
2437854
2437855
2437856
2437857
2437858
2437859
2437860
2437861
2437862
2437863
2437864
2437865
2437866
2437867
2437868
2437869
2437870
2437871
2437872
2437873
2437874
2437875
2437876
2437877
2437878
2437879
2437880
2437881
2437882
2437883
2437884
2437885
2437886
2437887
2437888
2437889
2437890
2437891
2437892
2437893
2437894
2437895
2437896
2437897
2437898
2437899
2437900
2437901
2437902
2437903
2437904
2437905
2437906
2437907
2437908
2437909
2437910
2437911
2437912
2437913
2437914
2437915
2437916
2437917
2437918
2437919
2437920
2437921
2437922
2437923
2437924
2437925
2437926
2437927
2437928
2437929
2437930
2437931
2437932
2437933
2437934
2437935
2437936
2437937
2437938
2437939
2437940
2437941
2437942
2437943
2437944
2437945
2437946
2437947
2437948
2437949
2437950
2437951
2437952
2437953
2437954
2437955
2437956
2437957
2437958
2437959
2437960
2437961
2437962
2437963
2437964
2437965
2437966
2437967
2437968
2437969
2437970
2437971
2437972
2437973
2437974
2437975
2437976
2437977
2437978
2437979
2437980
2437981
2437982
2437983
2437984
2437985
2437986
2437987
2437988
2437989
2437990
2437991
2437992
2437993
2437994
2437995
2437996
2437997
2437998
2437999
2438000
2438001
2438002
2438003
2438004
2438005
2438006
2438007
2438008
2438009
2438010
2438011
2438012
2438013
2438014
2438015
2438016
2438017
2438018
2438019
2438020
2438021
2438022
2438023
2438024
2438025
2438026
2438027
2438028
2438029
2438030
2438031
2438032
2438033
2438034
2438035
2438036
2438037
2438038
2438039
2438040
2438041
2438042
2438043
2438044
2438045
2438046
2438047
2438048
2438049
2438050
2438051
2438052
2438053
2438054
2438055
2438056
2438057
2438058
2438059
2438060
2438061
2438062
2438063
2438064
2438065
2438066
2438067
2438068
2438069
2438070
2438071
2438072
2438073
2438074
2438075
2438076
2438077
2438078
2438079
2438080
2438081
2438082
2438083
2438084
2438085
2438086
2438087
2438088
2438089
2438090
2438091
2438092
2438093
2438094
2438095
2438096
2438097
2438098
2438099
2438100
2438101
2438102
2438103
2438104
2438105
2438106
2438107
2438108
2438109
2438110
2438111
2438112
2438113
2438114
2438115
2438116
2438117
2438118
2438119
2438120
2438121
2438122
2438123
2438124
2438125
2438126
2438127
2438128
2438129
2438130
2438131
2438132
2438133
2438134
2438135
2438136
2438137
2438138
2438139
2438140
2438141
2438142
2438143
2438144
2438145
2438146
2438147
2438148
2438149
2438150
2438151
2438152
2438153
2438154
2438155
2438156
2438157
2438158
2438159
2438160
2438161
2438162
2438163
2438164
2438165
2438166
2438167
2438168
2438169
2438170
2438171
2438172
2438173
2438174
2438175
2438176
2438177
2438178
2438179
2438180
2438181
2438182
2438183
2438184
2438185
2438186
2438187
2438188
2438189
2438190
2438191
2438192
2438193
2438194
2438195
2438196
2438197
2438198
2438199
2438200
2438201
2438202
2438203
2438204
2438205
2438206
2438207
2438208
2438209
2438210
2438211
2438212
2438213
2438214
2438215
2438216
2438217
2438218
2438219
2438220
2438221
2438222
2438223
2438224
2438225
2438226
2438227
2438228
2438229
2438230
2438231
2438232
2438233
2438234
2438235
2438236
2438237
2438238
2438239
2438240
2438241
2438242
2438243
2438244
2438245
2438246
2438247
2438248
2438249
2438250
2438251
2438252
2438253
2438254
2438255
2438256
2438257
2438258
2438259
2438260
2438261
2438262
2438263
2438264
2438265
2438266
2438267
2438268
2438269
2438270
2438271
2438272
2438273
2438274
2438275
2438276
2438277
2438278
2438279
2438280
2438281
2438282
2438283
2438284
2438285
2438286
2438287
2438288
2438289
2438290
2438291
2438292
2438293
2438294
2438295
2438296
2438297
2438298
2438299
2438300
2438301
2438302
2438303
2438304
2438305
2438306
2438307
2438308
2438309
2438310
2438311
2438312
2438313
2438314
2438315
2438316
2438317
2438318
2438319
2438320
2438321
2438322
2438323
2438324
2438325
2438326
2438327
2438328
2438329
2438330
2438331
2438332
2438333
2438334
2438335
2438336
2438337
2438338
2438339
2438340
2438341
2438342
2438343
2438344
2438345
2438346
2438347
2438348
2438349
2438350
2438351
2438352
2438353
2438354
2438355
2438356
2438357
2438358
2438359
2438360
2438361
2438362
2438363
2438364
2438365
2438366
2438367
2438368
2438369
2438370
2438371
2438372
2438373
2438374
2438375
2438376
2438377
2438378
2438379
2438380
2438381
2438382
2438383
2438384
2438385
2438386
2438387
2438388
2438389
2438390
2438391
2438392
2438393
2438394
2438395
2438396
2438397
2438398
2438399
2438400
2438401
2438402
2438403
2438404
2438405
2438406
2438407
2438408
2438409
2438410
2438411
2438412
2438413
2438414
2438415
2438416
2438417
2438418
2438419
2438420
2438421
2438422
2438423
2438424
2438425
2438426
2438427
2438428
2438429
2438430
2438431
2438432
2438433
2438434
2438435
2438436
2438437
2438438
2438439
2438440
2438441
2438442
2438443
2438444
2438445
2438446
2438447
2438448
2438449
2438450
2438451
2438452
2438453
2438454
2438455
2438456
2438457
2438458
2438459
2438460
2438461
2438462
2438463
2438464
2438465
2438466
2438467
2438468
2438469
2438470
2438471
2438472
2438473
2438474
2438475
2438476
2438477
2438478
2438479
2438480
2438481
2438482
2438483
2438484
2438485
2438486
2438487
2438488
2438489
2438490
2438491
2438492
2438493
2438494
2438495
2438496
2438497
2438498
2438499
2438500
2438501
2438502
2438503
2438504
2438505
2438506
2438507
2438508
2438509
2438510
2438511
2438512
2438513
2438514
2438515
2438516
2438517
2438518
2438519
2438520
2438521
2438522
2438523
2438524
2438525
2438526
2438527
2438528
2438529
2438530
2438531
2438532
2438533
2438534
2438535
2438536
2438537
2438538
2438539
2438540
2438541
2438542
2438543
2438544
2438545
2438546
2438547
2438548
2438549
2438550
2438551
2438552
2438553
2438554
2438555
2438556
2438557
2438558
2438559
2438560
2438561
2438562
2438563
2438564
2438565
2438566
2438567
2438568
2438569
2438570
2438571
2438572
2438573
2438574
2438575
2438576
2438577
2438578
2438579
2438580
2438581
2438582
2438583
2438584
2438585
2438586
2438587
2438588
2438589
2438590
2438591
2438592
2438593
2438594
2438595
2438596
2438597
2438598
2438599
2438600
2438601
2438602
2438603
2438604
2438605
2438606
2438607
2438608
2438609
2438610
2438611
2438612
2438613
2438614
2438615
2438616
2438617
2438618
2438619
2438620
2438621
2438622
2438623
2438624
2438625
2438626
2438627
2438628
2438629
2438630
2438631
2438632
2438633
2438634
2438635
2438636
2438637
2438638
2438639
2438640
2438641
2438642
2438643
2438644
2438645
2438646
2438647
2438648
2438649
2438650
2438651
2438652
2438653
2438654
2438655
2438656
2438657
2438658
2438659
2438660
2438661
2438662
2438663
2438664
2438665
2438666
2438667
2438668
2438669
2438670
2438671
2438672
2438673
2438674
2438675
2438676
2438677
2438678
2438679
2438680
2438681
2438682
2438683
2438684
2438685
2438686
2438687
2438688
2438689
2438690
2438691
2438692
2438693
2438694
2438695
2438696
2438697
2438698
2438699
2438700
2438701
2438702
2438703
2438704
2438705
2438706
2438707
2438708
2438709
2438710
2438711
2438712
2438713
2438714
2438715
2438716
2438717
2438718
2438719
2438720
2438721
2438722
2438723
2438724
2438725
2438726
2438727
2438728
2438729
2438730
2438731
2438732
2438733
2438734
2438735
2438736
2438737
2438738
2438739
2438740
2438741
2438742
2438743
2438744
2438745
2438746
2438747
2438748
2438749
2438750
2438751
2438752
2438753
2438754
2438755
2438756
2438757
2438758
2438759
2438760
2438761
2438762
2438763
2438764
2438765
2438766
2438767
2438768
2438769
2438770
2438771
2438772
2438773
2438774
2438775
2438776
2438777
2438778
2438779
2438780
2438781
2438782
2438783
2438784
2438785
2438786
2438787
2438788
2438789
2438790
2438791
2438792
2438793
2438794
2438795
2438796
2438797
2438798
2438799
2438800
2438801
2438802
2438803
2438804
2438805
2438806
2438807
2438808
2438809
2438810
2438811
2438812
2438813
2438814
2438815
2438816
2438817
2438818
2438819
2438820
2438821
2438822
2438823
2438824
2438825
2438826
2438827
2438828
2438829
2438830
2438831
2438832
2438833
2438834
2438835
2438836
2438837
2438838
2438839
2438840
2438841
2438842
2438843
2438844
2438845
2438846
2438847
2438848
2438849
2438850
2438851
2438852
2438853
2438854
2438855
2438856
2438857
2438858
2438859
2438860
2438861
2438862
2438863
2438864
2438865
2438866
2438867
2438868
2438869
2438870
2438871
2438872
2438873
2438874
2438875
2438876
2438877
2438878
2438879
2438880
2438881
2438882
2438883
2438884
2438885
2438886
2438887
2438888
2438889
2438890
2438891
2438892
2438893
2438894
2438895
2438896
2438897
2438898
2438899
2438900
2438901
2438902
2438903
2438904
2438905
2438906
2438907
2438908
2438909
2438910
2438911
2438912
2438913
2438914
2438915
2438916
2438917
2438918
2438919
2438920
2438921
2438922
2438923
2438924
2438925
2438926
2438927
2438928
2438929
2438930
2438931
2438932
2438933
2438934
2438935
2438936
2438937
2438938
2438939
2438940
2438941
2438942
2438943
2438944
2438945
2438946
2438947
2438948
2438949
2438950
2438951
2438952
2438953
2438954
2438955
2438956
2438957
2438958
2438959
2438960
2438961
2438962
2438963
2438964
2438965
2438966
2438967
2438968
2438969
2438970
2438971
2438972
2438973
2438974
2438975
2438976
2438977
2438978
2438979
2438980
2438981
2438982
2438983
2438984
2438985
2438986
2438987
2438988
2438989
2438990
2438991
2438992
2438993
2438994
2438995
2438996
2438997
2438998
2438999
2439000
2439001
2439002
2439003
2439004
2439005
2439006
2439007
2439008
2439009
2439010
2439011
2439012
2439013
2439014
2439015
2439016
2439017
2439018
2439019
2439020
2439021
2439022
2439023
2439024
2439025
2439026
2439027
2439028
2439029
2439030
2439031
2439032
2439033
2439034
2439035
2439036
2439037
2439038
2439039
2439040
2439041
2439042
2439043
2439044
2439045
2439046
2439047
2439048
2439049
2439050
2439051
2439052
2439053
2439054
2439055
2439056
2439057
2439058
2439059
2439060
2439061
2439062
2439063
2439064
2439065
2439066
2439067
2439068
2439069
2439070
2439071
2439072
2439073
2439074
2439075
2439076
2439077
2439078
2439079
2439080
2439081
2439082
2439083
2439084
2439085
2439086
2439087
2439088
2439089
2439090
2439091
2439092
2439093
2439094
2439095
2439096
2439097
2439098
2439099
2439100
2439101
2439102
2439103
2439104
2439105
2439106
2439107
2439108
2439109
2439110
2439111
2439112
2439113
2439114
2439115
2439116
2439117
2439118
2439119
2439120
2439121
2439122
2439123
2439124
2439125
2439126
2439127
2439128
2439129
2439130
2439131
2439132
2439133
2439134
2439135
2439136
2439137
2439138
2439139
2439140
2439141
2439142
2439143
2439144
2439145
2439146
2439147
2439148
2439149
2439150
2439151
2439152
2439153
2439154
2439155
2439156
2439157
2439158
2439159
2439160
2439161
2439162
2439163
2439164
2439165
2439166
2439167
2439168
2439169
2439170
2439171
2439172
2439173
2439174
2439175
2439176
2439177
2439178
2439179
2439180
2439181
2439182
2439183
2439184
2439185
2439186
2439187
2439188
2439189
2439190
2439191
2439192
2439193
2439194
2439195
2439196
2439197
2439198
2439199
2439200
2439201
2439202
2439203
2439204
2439205
2439206
2439207
2439208
2439209
2439210
2439211
2439212
2439213
2439214
2439215
2439216
2439217
2439218
2439219
2439220
2439221
2439222
2439223
2439224
2439225
2439226
2439227
2439228
2439229
2439230
2439231
2439232
2439233
2439234
2439235
2439236
2439237
2439238
2439239
2439240
2439241
2439242
2439243
2439244
2439245
2439246
2439247
2439248
2439249
2439250
2439251
2439252
2439253
2439254
2439255
2439256
2439257
2439258
2439259
2439260
2439261
2439262
2439263
2439264
2439265
2439266
2439267
2439268
2439269
2439270
2439271
2439272
2439273
2439274
2439275
2439276
2439277
2439278
2439279
2439280
2439281
2439282
2439283
2439284
2439285
2439286
2439287
2439288
2439289
2439290
2439291
2439292
2439293
2439294
2439295
2439296
2439297
2439298
2439299
2439300
2439301
2439302
2439303
2439304
2439305
2439306
2439307
2439308
2439309
2439310
2439311
2439312
2439313
2439314
2439315
2439316
2439317
2439318
2439319
2439320
2439321
2439322
2439323
2439324
2439325
2439326
2439327
2439328
2439329
2439330
2439331
2439332
2439333
2439334
2439335
2439336
2439337
2439338
2439339
2439340
2439341
2439342
2439343
2439344
2439345
2439346
2439347
2439348
2439349
2439350
2439351
2439352
2439353
2439354
2439355
2439356
2439357
2439358
2439359
2439360
2439361
2439362
2439363
2439364
2439365
2439366
2439367
2439368
2439369
2439370
2439371
2439372
2439373
2439374
2439375
2439376
2439377
2439378
2439379
2439380
2439381
2439382
2439383
2439384
2439385
2439386
2439387
2439388
2439389
2439390
2439391
2439392
2439393
2439394
2439395
2439396
2439397
2439398
2439399
2439400
2439401
2439402
2439403
2439404
2439405
2439406
2439407
2439408
2439409
2439410
2439411
2439412
2439413
2439414
2439415
2439416
2439417
2439418
2439419
2439420
2439421
2439422
2439423
2439424
2439425
2439426
2439427
2439428
2439429
2439430
2439431
2439432
2439433
2439434
2439435
2439436
2439437
2439438
2439439
2439440
2439441
2439442
2439443
2439444
2439445
2439446
2439447
2439448
2439449
2439450
2439451
2439452
2439453
2439454
2439455
2439456
2439457
2439458
2439459
2439460
2439461
2439462
2439463
2439464
2439465
2439466
2439467
2439468
2439469
2439470
2439471
2439472
2439473
2439474
2439475
2439476
2439477
2439478
2439479
2439480
2439481
2439482
2439483
2439484
2439485
2439486
2439487
2439488
2439489
2439490
2439491
2439492
2439493
2439494
2439495
2439496
2439497
2439498
2439499
2439500
2439501
2439502
2439503
2439504
2439505
2439506
2439507
2439508
2439509
2439510
2439511
2439512
2439513
2439514
2439515
2439516
2439517
2439518
2439519
2439520
2439521
2439522
2439523
2439524
2439525
2439526
2439527
2439528
2439529
2439530
2439531
2439532
2439533
2439534
2439535
2439536
2439537
2439538
2439539
2439540
2439541
2439542
2439543
2439544
2439545
2439546
2439547
2439548
2439549
2439550
2439551
2439552
2439553
2439554
2439555
2439556
2439557
2439558
2439559
2439560
2439561
2439562
2439563
2439564
2439565
2439566
2439567
2439568
2439569
2439570
2439571
2439572
2439573
2439574
2439575
2439576
2439577
2439578
2439579
2439580
2439581
2439582
2439583
2439584
2439585
2439586
2439587
2439588
2439589
2439590
2439591
2439592
2439593
2439594
2439595
2439596
2439597
2439598
2439599
2439600
2439601
2439602
2439603
2439604
2439605
2439606
2439607
2439608
2439609
2439610
2439611
2439612
2439613
2439614
2439615
2439616
2439617
2439618
2439619
2439620
2439621
2439622
2439623
2439624
2439625
2439626
2439627
2439628
2439629
2439630
2439631
2439632
2439633
2439634
2439635
2439636
2439637
2439638
2439639
2439640
2439641
2439642
2439643
2439644
2439645
2439646
2439647
2439648
2439649
2439650
2439651
2439652
2439653
2439654
2439655
2439656
2439657
2439658
2439659
2439660
2439661
2439662
2439663
2439664
2439665
2439666
2439667
2439668
2439669
2439670
2439671
2439672
2439673
2439674
2439675
2439676
2439677
2439678
2439679
2439680
2439681
2439682
2439683
2439684
2439685
2439686
2439687
2439688
2439689
2439690
2439691
2439692
2439693
2439694
2439695
2439696
2439697
2439698
2439699
2439700
2439701
2439702
2439703
2439704
2439705
2439706
2439707
2439708
2439709
2439710
2439711
2439712
2439713
2439714
2439715
2439716
2439717
2439718
2439719
2439720
2439721
2439722
2439723
2439724
2439725
2439726
2439727
2439728
2439729
2439730
2439731
2439732
2439733
2439734
2439735
2439736
2439737
2439738
2439739
2439740
2439741
2439742
2439743
2439744
2439745
2439746
2439747
2439748
2439749
2439750
2439751
2439752
2439753
2439754
2439755
2439756
2439757
2439758
2439759
2439760
2439761
2439762
2439763
2439764
2439765
2439766
2439767
2439768
2439769
2439770
2439771
2439772
2439773
2439774
2439775
2439776
2439777
2439778
2439779
2439780
2439781
2439782
2439783
2439784
2439785
2439786
2439787
2439788
2439789
2439790
2439791
2439792
2439793
2439794
2439795
2439796
2439797
2439798
2439799
2439800
2439801
2439802
2439803
2439804
2439805
2439806
2439807
2439808
2439809
2439810
2439811
2439812
2439813
2439814
2439815
2439816
2439817
2439818
2439819
2439820
2439821
2439822
2439823
2439824
2439825
2439826
2439827
2439828
2439829
2439830
2439831
2439832
2439833
2439834
2439835
2439836
2439837
2439838
2439839
2439840
2439841
2439842
2439843
2439844
2439845
2439846
2439847
2439848
2439849
2439850
2439851
2439852
2439853
2439854
2439855
2439856
2439857
2439858
2439859
2439860
2439861
2439862
2439863
2439864
2439865
2439866
2439867
2439868
2439869
2439870
2439871
2439872
2439873
2439874
2439875
2439876
2439877
2439878
2439879
2439880
2439881
2439882
2439883
2439884
2439885
2439886
2439887
2439888
2439889
2439890
2439891
2439892
2439893
2439894
2439895
2439896
2439897
2439898
2439899
2439900
2439901
2439902
2439903
2439904
2439905
2439906
2439907
2439908
2439909
2439910
2439911
2439912
2439913
2439914
2439915
2439916
2439917
2439918
2439919
2439920
2439921
2439922
2439923
2439924
2439925
2439926
2439927
2439928
2439929
2439930
2439931
2439932
2439933
2439934
2439935
2439936
2439937
2439938
2439939
2439940
2439941
2439942
2439943
2439944
2439945
2439946
2439947
2439948
2439949
2439950
2439951
2439952
2439953
2439954
2439955
2439956
2439957
2439958
2439959
2439960
2439961
2439962
2439963
2439964
2439965
2439966
2439967
2439968
2439969
2439970
2439971
2439972
2439973
2439974
2439975
2439976
2439977
2439978
2439979
2439980
2439981
2439982
2439983
2439984
2439985
2439986
2439987
2439988
2439989
2439990
2439991
2439992
2439993
2439994
2439995
2439996
2439997
2439998
2439999
2440000
