2560001
2560002
2560003
2560004
2560005
2560006
2560007
2560008
2560009
2560010
2560011
2560012
2560013
2560014
2560015
2560016
2560017
2560018
2560019
2560020
2560021
2560022
2560023
2560024
2560025
2560026
2560027
2560028
2560029
2560030
2560031
2560032
2560033
2560034
2560035
2560036
2560037
2560038
2560039
2560040
2560041
2560042
2560043
2560044
2560045
2560046
2560047
2560048
2560049
2560050
2560051
2560052
2560053
2560054
2560055
2560056
2560057
2560058
2560059
2560060
2560061
2560062
2560063
2560064
2560065
2560066
2560067
2560068
2560069
2560070
2560071
2560072
2560073
2560074
2560075
2560076
2560077
2560078
2560079
2560080
2560081
2560082
2560083
2560084
2560085
2560086
2560087
2560088
2560089
2560090
2560091
2560092
2560093
2560094
2560095
2560096
2560097
2560098
2560099
2560100
2560101
2560102
2560103
2560104
2560105
2560106
2560107
2560108
2560109
2560110
2560111
2560112
2560113
2560114
2560115
2560116
2560117
2560118
2560119
2560120
2560121
2560122
2560123
2560124
2560125
2560126
2560127
2560128
2560129
2560130
2560131
2560132
2560133
2560134
2560135
2560136
2560137
2560138
2560139
2560140
2560141
2560142
2560143
2560144
2560145
2560146
2560147
2560148
2560149
2560150
2560151
2560152
2560153
2560154
2560155
2560156
2560157
2560158
2560159
2560160
2560161
2560162
2560163
2560164
2560165
2560166
2560167
2560168
2560169
2560170
2560171
2560172
2560173
2560174
2560175
2560176
2560177
2560178
2560179
2560180
2560181
2560182
2560183
2560184
2560185
2560186
2560187
2560188
2560189
2560190
2560191
2560192
2560193
2560194
2560195
2560196
2560197
2560198
2560199
2560200
2560201
2560202
2560203
2560204
2560205
2560206
2560207
2560208
2560209
2560210
2560211
2560212
2560213
2560214
2560215
2560216
2560217
2560218
2560219
2560220
2560221
2560222
2560223
2560224
2560225
2560226
2560227
2560228
2560229
2560230
2560231
2560232
2560233
2560234
2560235
2560236
2560237
2560238
2560239
2560240
2560241
2560242
2560243
2560244
2560245
2560246
2560247
2560248
2560249
2560250
2560251
2560252
2560253
2560254
2560255
2560256
2560257
2560258
2560259
2560260
2560261
2560262
2560263
2560264
2560265
2560266
2560267
2560268
2560269
2560270
2560271
2560272
2560273
2560274
2560275
2560276
2560277
2560278
2560279
2560280
2560281
2560282
2560283
2560284
2560285
2560286
2560287
2560288
2560289
2560290
2560291
2560292
2560293
2560294
2560295
2560296
2560297
2560298
2560299
2560300
2560301
2560302
2560303
2560304
2560305
2560306
2560307
2560308
2560309
2560310
2560311
2560312
2560313
2560314
2560315
2560316
2560317
2560318
2560319
2560320
2560321
2560322
2560323
2560324
2560325
2560326
2560327
2560328
2560329
2560330
2560331
2560332
2560333
2560334
2560335
2560336
2560337
2560338
2560339
2560340
2560341
2560342
2560343
2560344
2560345
2560346
2560347
2560348
2560349
2560350
2560351
2560352
2560353
2560354
2560355
2560356
2560357
2560358
2560359
2560360
2560361
2560362
2560363
2560364
2560365
2560366
2560367
2560368
2560369
2560370
2560371
2560372
2560373
2560374
2560375
2560376
2560377
2560378
2560379
2560380
2560381
2560382
2560383
2560384
2560385
2560386
2560387
2560388
2560389
2560390
2560391
2560392
2560393
2560394
2560395
2560396
2560397
2560398
2560399
2560400
2560401
2560402
2560403
2560404
2560405
2560406
2560407
2560408
2560409
2560410
2560411
2560412
2560413
2560414
2560415
2560416
2560417
2560418
2560419
2560420
2560421
2560422
2560423
2560424
2560425
2560426
2560427
2560428
2560429
2560430
2560431
2560432
2560433
2560434
2560435
2560436
2560437
2560438
2560439
2560440
2560441
2560442
2560443
2560444
2560445
2560446
2560447
2560448
2560449
2560450
2560451
2560452
2560453
2560454
2560455
2560456
2560457
2560458
2560459
2560460
2560461
2560462
2560463
2560464
2560465
2560466
2560467
2560468
2560469
2560470
2560471
2560472
2560473
2560474
2560475
2560476
2560477
2560478
2560479
2560480
2560481
2560482
2560483
2560484
2560485
2560486
2560487
2560488
2560489
2560490
2560491
2560492
2560493
2560494
2560495
2560496
2560497
2560498
2560499
2560500
2560501
2560502
2560503
2560504
2560505
2560506
2560507
2560508
2560509
2560510
2560511
2560512
2560513
2560514
2560515
2560516
2560517
2560518
2560519
2560520
2560521
2560522
2560523
2560524
2560525
2560526
2560527
2560528
2560529
2560530
2560531
2560532
2560533
2560534
2560535
2560536
2560537
2560538
2560539
2560540
2560541
2560542
2560543
2560544
2560545
2560546
2560547
2560548
2560549
2560550
2560551
2560552
2560553
2560554
2560555
2560556
2560557
2560558
2560559
2560560
2560561
2560562
2560563
2560564
2560565
2560566
2560567
2560568
2560569
2560570
2560571
2560572
2560573
2560574
2560575
2560576
2560577
2560578
2560579
2560580
2560581
2560582
2560583
2560584
2560585
2560586
2560587
2560588
2560589
2560590
2560591
2560592
2560593
2560594
2560595
2560596
2560597
2560598
2560599
2560600
2560601
2560602
2560603
2560604
2560605
2560606
2560607
2560608
2560609
2560610
2560611
2560612
2560613
2560614
2560615
2560616
2560617
2560618
2560619
2560620
2560621
2560622
2560623
2560624
2560625
2560626
2560627
2560628
2560629
2560630
2560631
2560632
2560633
2560634
2560635
2560636
2560637
2560638
2560639
2560640
2560641
2560642
2560643
2560644
2560645
2560646
2560647
2560648
2560649
2560650
2560651
2560652
2560653
2560654
2560655
2560656
2560657
2560658
2560659
2560660
2560661
2560662
2560663
2560664
2560665
2560666
2560667
2560668
2560669
2560670
2560671
2560672
2560673
2560674
2560675
2560676
2560677
2560678
2560679
2560680
2560681
2560682
2560683
2560684
2560685
2560686
2560687
2560688
2560689
2560690
2560691
2560692
2560693
2560694
2560695
2560696
2560697
2560698
2560699
2560700
2560701
2560702
2560703
2560704
2560705
2560706
2560707
2560708
2560709
2560710
2560711
2560712
2560713
2560714
2560715
2560716
2560717
2560718
2560719
2560720
2560721
2560722
2560723
2560724
2560725
2560726
2560727
2560728
2560729
2560730
2560731
2560732
2560733
2560734
2560735
2560736
2560737
2560738
2560739
2560740
2560741
2560742
2560743
2560744
2560745
2560746
2560747
2560748
2560749
2560750
2560751
2560752
2560753
2560754
2560755
2560756
2560757
2560758
2560759
2560760
2560761
2560762
2560763
2560764
2560765
2560766
2560767
2560768
2560769
2560770
2560771
2560772
2560773
2560774
2560775
2560776
2560777
2560778
2560779
2560780
2560781
2560782
2560783
2560784
2560785
2560786
2560787
2560788
2560789
2560790
2560791
2560792
2560793
2560794
2560795
2560796
2560797
2560798
2560799
2560800
2560801
2560802
2560803
2560804
2560805
2560806
2560807
2560808
2560809
2560810
2560811
2560812
2560813
2560814
2560815
2560816
2560817
2560818
2560819
2560820
2560821
2560822
2560823
2560824
2560825
2560826
2560827
2560828
2560829
2560830
2560831
2560832
2560833
2560834
2560835
2560836
2560837
2560838
2560839
2560840
2560841
2560842
2560843
2560844
2560845
2560846
2560847
2560848
2560849
2560850
2560851
2560852
2560853
2560854
2560855
2560856
2560857
2560858
2560859
2560860
2560861
2560862
2560863
2560864
2560865
2560866
2560867
2560868
2560869
2560870
2560871
2560872
2560873
2560874
2560875
2560876
2560877
2560878
2560879
2560880
2560881
2560882
2560883
2560884
2560885
2560886
2560887
2560888
2560889
2560890
2560891
2560892
2560893
2560894
2560895
2560896
2560897
2560898
2560899
2560900
2560901
2560902
2560903
2560904
2560905
2560906
2560907
2560908
2560909
2560910
2560911
2560912
2560913
2560914
2560915
2560916
2560917
2560918
2560919
2560920
2560921
2560922
2560923
2560924
2560925
2560926
2560927
2560928
2560929
2560930
2560931
2560932
2560933
2560934
2560935
2560936
2560937
2560938
2560939
2560940
2560941
2560942
2560943
2560944
2560945
2560946
2560947
2560948
2560949
2560950
2560951
2560952
2560953
2560954
2560955
2560956
2560957
2560958
2560959
2560960
2560961
2560962
2560963
2560964
2560965
2560966
2560967
2560968
2560969
2560970
2560971
2560972
2560973
2560974
2560975
2560976
2560977
2560978
2560979
2560980
2560981
2560982
2560983
2560984
2560985
2560986
2560987
2560988
2560989
2560990
2560991
2560992
2560993
2560994
2560995
2560996
2560997
2560998
2560999
2561000
2561001
2561002
2561003
2561004
2561005
2561006
2561007
2561008
2561009
2561010
2561011
2561012
2561013
2561014
2561015
2561016
2561017
2561018
2561019
2561020
2561021
2561022
2561023
2561024
2561025
2561026
2561027
2561028
2561029
2561030
2561031
2561032
2561033
2561034
2561035
2561036
2561037
2561038
2561039
2561040
2561041
2561042
2561043
2561044
2561045
2561046
2561047
2561048
2561049
2561050
2561051
2561052
2561053
2561054
2561055
2561056
2561057
2561058
2561059
2561060
2561061
2561062
2561063
2561064
2561065
2561066
2561067
2561068
2561069
2561070
2561071
2561072
2561073
2561074
2561075
2561076
2561077
2561078
2561079
2561080
2561081
2561082
2561083
2561084
2561085
2561086
2561087
2561088
2561089
2561090
2561091
2561092
2561093
2561094
2561095
2561096
2561097
2561098
2561099
2561100
2561101
2561102
2561103
2561104
2561105
2561106
2561107
2561108
2561109
2561110
2561111
2561112
2561113
2561114
2561115
2561116
2561117
2561118
2561119
2561120
2561121
2561122
2561123
2561124
2561125
2561126
2561127
2561128
2561129
2561130
2561131
2561132
2561133
2561134
2561135
2561136
2561137
2561138
2561139
2561140
2561141
2561142
2561143
2561144
2561145
2561146
2561147
2561148
2561149
2561150
2561151
2561152
2561153
2561154
2561155
2561156
2561157
2561158
2561159
2561160
2561161
2561162
2561163
2561164
2561165
2561166
2561167
2561168
2561169
2561170
2561171
2561172
2561173
2561174
2561175
2561176
2561177
2561178
2561179
2561180
2561181
2561182
2561183
2561184
2561185
2561186
2561187
2561188
2561189
2561190
2561191
2561192
2561193
2561194
2561195
2561196
2561197
2561198
2561199
2561200
2561201
2561202
2561203
2561204
2561205
2561206
2561207
2561208
2561209
2561210
2561211
2561212
2561213
2561214
2561215
2561216
2561217
2561218
2561219
2561220
2561221
2561222
2561223
2561224
2561225
2561226
2561227
2561228
2561229
2561230
2561231
2561232
2561233
2561234
2561235
2561236
2561237
2561238
2561239
2561240
2561241
2561242
2561243
2561244
2561245
2561246
2561247
2561248
2561249
2561250
2561251
2561252
2561253
2561254
2561255
2561256
2561257
2561258
2561259
2561260
2561261
2561262
2561263
2561264
2561265
2561266
2561267
2561268
2561269
2561270
2561271
2561272
2561273
2561274
2561275
2561276
2561277
2561278
2561279
2561280
2561281
2561282
2561283
2561284
2561285
2561286
2561287
2561288
2561289
2561290
2561291
2561292
2561293
2561294
2561295
2561296
2561297
2561298
2561299
2561300
2561301
2561302
2561303
2561304
2561305
2561306
2561307
2561308
2561309
2561310
2561311
2561312
2561313
2561314
2561315
2561316
2561317
2561318
2561319
2561320
2561321
2561322
2561323
2561324
2561325
2561326
2561327
2561328
2561329
2561330
2561331
2561332
2561333
2561334
2561335
2561336
2561337
2561338
2561339
2561340
2561341
2561342
2561343
2561344
2561345
2561346
2561347
2561348
2561349
2561350
2561351
2561352
2561353
2561354
2561355
2561356
2561357
2561358
2561359
2561360
2561361
2561362
2561363
2561364
2561365
2561366
2561367
2561368
2561369
2561370
2561371
2561372
2561373
2561374
2561375
2561376
2561377
2561378
2561379
2561380
2561381
2561382
2561383
2561384
2561385
2561386
2561387
2561388
2561389
2561390
2561391
2561392
2561393
2561394
2561395
2561396
2561397
2561398
2561399
2561400
2561401
2561402
2561403
2561404
2561405
2561406
2561407
2561408
2561409
2561410
2561411
2561412
2561413
2561414
2561415
2561416
2561417
2561418
2561419
2561420
2561421
2561422
2561423
2561424
2561425
2561426
2561427
2561428
2561429
2561430
2561431
2561432
2561433
2561434
2561435
2561436
2561437
2561438
2561439
2561440
2561441
2561442
2561443
2561444
2561445
2561446
2561447
2561448
2561449
2561450
2561451
2561452
2561453
2561454
2561455
2561456
2561457
2561458
2561459
2561460
2561461
2561462
2561463
2561464
2561465
2561466
2561467
2561468
2561469
2561470
2561471
2561472
2561473
2561474
2561475
2561476
2561477
2561478
2561479
2561480
2561481
2561482
2561483
2561484
2561485
2561486
2561487
2561488
2561489
2561490
2561491
2561492
2561493
2561494
2561495
2561496
2561497
2561498
2561499
2561500
2561501
2561502
2561503
2561504
2561505
2561506
2561507
2561508
2561509
2561510
2561511
2561512
2561513
2561514
2561515
2561516
2561517
2561518
2561519
2561520
2561521
2561522
2561523
2561524
2561525
2561526
2561527
2561528
2561529
2561530
2561531
2561532
2561533
2561534
2561535
2561536
2561537
2561538
2561539
2561540
2561541
2561542
2561543
2561544
2561545
2561546
2561547
2561548
2561549
2561550
2561551
2561552
2561553
2561554
2561555
2561556
2561557
2561558
2561559
2561560
2561561
2561562
2561563
2561564
2561565
2561566
2561567
2561568
2561569
2561570
2561571
2561572
2561573
2561574
2561575
2561576
2561577
2561578
2561579
2561580
2561581
2561582
2561583
2561584
2561585
2561586
2561587
2561588
2561589
2561590
2561591
2561592
2561593
2561594
2561595
2561596
2561597
2561598
2561599
2561600
2561601
2561602
2561603
2561604
2561605
2561606
2561607
2561608
2561609
2561610
2561611
2561612
2561613
2561614
2561615
2561616
2561617
2561618
2561619
2561620
2561621
2561622
2561623
2561624
2561625
2561626
2561627
2561628
2561629
2561630
2561631
2561632
2561633
2561634
2561635
2561636
2561637
2561638
2561639
2561640
2561641
2561642
2561643
2561644
2561645
2561646
2561647
2561648
2561649
2561650
2561651
2561652
2561653
2561654
2561655
2561656
2561657
2561658
2561659
2561660
2561661
2561662
2561663
2561664
2561665
2561666
2561667
2561668
2561669
2561670
2561671
2561672
2561673
2561674
2561675
2561676
2561677
2561678
2561679
2561680
2561681
2561682
2561683
2561684
2561685
2561686
2561687
2561688
2561689
2561690
2561691
2561692
2561693
2561694
2561695
2561696
2561697
2561698
2561699
2561700
2561701
2561702
2561703
2561704
2561705
2561706
2561707
2561708
2561709
2561710
2561711
2561712
2561713
2561714
2561715
2561716
2561717
2561718
2561719
2561720
2561721
2561722
2561723
2561724
2561725
2561726
2561727
2561728
2561729
2561730
2561731
2561732
2561733
2561734
2561735
2561736
2561737
2561738
2561739
2561740
2561741
2561742
2561743
2561744
2561745
2561746
2561747
2561748
2561749
2561750
2561751
2561752
2561753
2561754
2561755
2561756
2561757
2561758
2561759
2561760
2561761
2561762
2561763
2561764
2561765
2561766
2561767
2561768
2561769
2561770
2561771
2561772
2561773
2561774
2561775
2561776
2561777
2561778
2561779
2561780
2561781
2561782
2561783
2561784
2561785
2561786
2561787
2561788
2561789
2561790
2561791
2561792
2561793
2561794
2561795
2561796
2561797
2561798
2561799
2561800
2561801
2561802
2561803
2561804
2561805
2561806
2561807
2561808
2561809
2561810
2561811
2561812
2561813
2561814
2561815
2561816
2561817
2561818
2561819
2561820
2561821
2561822
2561823
2561824
2561825
2561826
2561827
2561828
2561829
2561830
2561831
2561832
2561833
2561834
2561835
2561836
2561837
2561838
2561839
2561840
2561841
2561842
2561843
2561844
2561845
2561846
2561847
2561848
2561849
2561850
2561851
2561852
2561853
2561854
2561855
2561856
2561857
2561858
2561859
2561860
2561861
2561862
2561863
2561864
2561865
2561866
2561867
2561868
2561869
2561870
2561871
2561872
2561873
2561874
2561875
2561876
2561877
2561878
2561879
2561880
2561881
2561882
2561883
2561884
2561885
2561886
2561887
2561888
2561889
2561890
2561891
2561892
2561893
2561894
2561895
2561896
2561897
2561898
2561899
2561900
2561901
2561902
2561903
2561904
2561905
2561906
2561907
2561908
2561909
2561910
2561911
2561912
2561913
2561914
2561915
2561916
2561917
2561918
2561919
2561920
2561921
2561922
2561923
2561924
2561925
2561926
2561927
2561928
2561929
2561930
2561931
2561932
2561933
2561934
2561935
2561936
2561937
2561938
2561939
2561940
2561941
2561942
2561943
2561944
2561945
2561946
2561947
2561948
2561949
2561950
2561951
2561952
2561953
2561954
2561955
2561956
2561957
2561958
2561959
2561960
2561961
2561962
2561963
2561964
2561965
2561966
2561967
2561968
2561969
2561970
2561971
2561972
2561973
2561974
2561975
2561976
2561977
2561978
2561979
2561980
2561981
2561982
2561983
2561984
2561985
2561986
2561987
2561988
2561989
2561990
2561991
2561992
2561993
2561994
2561995
2561996
2561997
2561998
2561999
2562000
2562001
2562002
2562003
2562004
2562005
2562006
2562007
2562008
2562009
2562010
2562011
2562012
2562013
2562014
2562015
2562016
2562017
2562018
2562019
2562020
2562021
2562022
2562023
2562024
2562025
2562026
2562027
2562028
2562029
2562030
2562031
2562032
2562033
2562034
2562035
2562036
2562037
2562038
2562039
2562040
2562041
2562042
2562043
2562044
2562045
2562046
2562047
2562048
2562049
2562050
2562051
2562052
2562053
2562054
2562055
2562056
2562057
2562058
2562059
2562060
2562061
2562062
2562063
2562064
2562065
2562066
2562067
2562068
2562069
2562070
2562071
2562072
2562073
2562074
2562075
2562076
2562077
2562078
2562079
2562080
2562081
2562082
2562083
2562084
2562085
2562086
2562087
2562088
2562089
2562090
2562091
2562092
2562093
2562094
2562095
2562096
2562097
2562098
2562099
2562100
2562101
2562102
2562103
2562104
2562105
2562106
2562107
2562108
2562109
2562110
2562111
2562112
2562113
2562114
2562115
2562116
2562117
2562118
2562119
2562120
2562121
2562122
2562123
2562124
2562125
2562126
2562127
2562128
2562129
2562130
2562131
2562132
2562133
2562134
2562135
2562136
2562137
2562138
2562139
2562140
2562141
2562142
2562143
2562144
2562145
2562146
2562147
2562148
2562149
2562150
2562151
2562152
2562153
2562154
2562155
2562156
2562157
2562158
2562159
2562160
2562161
2562162
2562163
2562164
2562165
2562166
2562167
2562168
2562169
2562170
2562171
2562172
2562173
2562174
2562175
2562176
2562177
2562178
2562179
2562180
2562181
2562182
2562183
2562184
2562185
2562186
2562187
2562188
2562189
2562190
2562191
2562192
2562193
2562194
2562195
2562196
2562197
2562198
2562199
2562200
2562201
2562202
2562203
2562204
2562205
2562206
2562207
2562208
2562209
2562210
2562211
2562212
2562213
2562214
2562215
2562216
2562217
2562218
2562219
2562220
2562221
2562222
2562223
2562224
2562225
2562226
2562227
2562228
2562229
2562230
2562231
2562232
2562233
2562234
2562235
2562236
2562237
2562238
2562239
2562240
2562241
2562242
2562243
2562244
2562245
2562246
2562247
2562248
2562249
2562250
2562251
2562252
2562253
2562254
2562255
2562256
2562257
2562258
2562259
2562260
2562261
2562262
2562263
2562264
2562265
2562266
2562267
2562268
2562269
2562270
2562271
2562272
2562273
2562274
2562275
2562276
2562277
2562278
2562279
2562280
2562281
2562282
2562283
2562284
2562285
2562286
2562287
2562288
2562289
2562290
2562291
2562292
2562293
2562294
2562295
2562296
2562297
2562298
2562299
2562300
2562301
2562302
2562303
2562304
2562305
2562306
2562307
2562308
2562309
2562310
2562311
2562312
2562313
2562314
2562315
2562316
2562317
2562318
2562319
2562320
2562321
2562322
2562323
2562324
2562325
2562326
2562327
2562328
2562329
2562330
2562331
2562332
2562333
2562334
2562335
2562336
2562337
2562338
2562339
2562340
2562341
2562342
2562343
2562344
2562345
2562346
2562347
2562348
2562349
2562350
2562351
2562352
2562353
2562354
2562355
2562356
2562357
2562358
2562359
2562360
2562361
2562362
2562363
2562364
2562365
2562366
2562367
2562368
2562369
2562370
2562371
2562372
2562373
2562374
2562375
2562376
2562377
2562378
2562379
2562380
2562381
2562382
2562383
2562384
2562385
2562386
2562387
2562388
2562389
2562390
2562391
2562392
2562393
2562394
2562395
2562396
2562397
2562398
2562399
2562400
2562401
2562402
2562403
2562404
2562405
2562406
2562407
2562408
2562409
2562410
2562411
2562412
2562413
2562414
2562415
2562416
2562417
2562418
2562419
2562420
2562421
2562422
2562423
2562424
2562425
2562426
2562427
2562428
2562429
2562430
2562431
2562432
2562433
2562434
2562435
2562436
2562437
2562438
2562439
2562440
2562441
2562442
2562443
2562444
2562445
2562446
2562447
2562448
2562449
2562450
2562451
2562452
2562453
2562454
2562455
2562456
2562457
2562458
2562459
2562460
2562461
2562462
2562463
2562464
2562465
2562466
2562467
2562468
2562469
2562470
2562471
2562472
2562473
2562474
2562475
2562476
2562477
2562478
2562479
2562480
2562481
2562482
2562483
2562484
2562485
2562486
2562487
2562488
2562489
2562490
2562491
2562492
2562493
2562494
2562495
2562496
2562497
2562498
2562499
2562500
2562501
2562502
2562503
2562504
2562505
2562506
2562507
2562508
2562509
2562510
2562511
2562512
2562513
2562514
2562515
2562516
2562517
2562518
2562519
2562520
2562521
2562522
2562523
2562524
2562525
2562526
2562527
2562528
2562529
2562530
2562531
2562532
2562533
2562534
2562535
2562536
2562537
2562538
2562539
2562540
2562541
2562542
2562543
2562544
2562545
2562546
2562547
2562548
2562549
2562550
2562551
2562552
2562553
2562554
2562555
2562556
2562557
2562558
2562559
2562560
2562561
2562562
2562563
2562564
2562565
2562566
2562567
2562568
2562569
2562570
2562571
2562572
2562573
2562574
2562575
2562576
2562577
2562578
2562579
2562580
2562581
2562582
2562583
2562584
2562585
2562586
2562587
2562588
2562589
2562590
2562591
2562592
2562593
2562594
2562595
2562596
2562597
2562598
2562599
2562600
2562601
2562602
2562603
2562604
2562605
2562606
2562607
2562608
2562609
2562610
2562611
2562612
2562613
2562614
2562615
2562616
2562617
2562618
2562619
2562620
2562621
2562622
2562623
2562624
2562625
2562626
2562627
2562628
2562629
2562630
2562631
2562632
2562633
2562634
2562635
2562636
2562637
2562638
2562639
2562640
2562641
2562642
2562643
2562644
2562645
2562646
2562647
2562648
2562649
2562650
2562651
2562652
2562653
2562654
2562655
2562656
2562657
2562658
2562659
2562660
2562661
2562662
2562663
2562664
2562665
2562666
2562667
2562668
2562669
2562670
2562671
2562672
2562673
2562674
2562675
2562676
2562677
2562678
2562679
2562680
2562681
2562682
2562683
2562684
2562685
2562686
2562687
2562688
2562689
2562690
2562691
2562692
2562693
2562694
2562695
2562696
2562697
2562698
2562699
2562700
2562701
2562702
2562703
2562704
2562705
2562706
2562707
2562708
2562709
2562710
2562711
2562712
2562713
2562714
2562715
2562716
2562717
2562718
2562719
2562720
2562721
2562722
2562723
2562724
2562725
2562726
2562727
2562728
2562729
2562730
2562731
2562732
2562733
2562734
2562735
2562736
2562737
2562738
2562739
2562740
2562741
2562742
2562743
2562744
2562745
2562746
2562747
2562748
2562749
2562750
2562751
2562752
2562753
2562754
2562755
2562756
2562757
2562758
2562759
2562760
2562761
2562762
2562763
2562764
2562765
2562766
2562767
2562768
2562769
2562770
2562771
2562772
2562773
2562774
2562775
2562776
2562777
2562778
2562779
2562780
2562781
2562782
2562783
2562784
2562785
2562786
2562787
2562788
2562789
2562790
2562791
2562792
2562793
2562794
2562795
2562796
2562797
2562798
2562799
2562800
2562801
2562802
2562803
2562804
2562805
2562806
2562807
2562808
2562809
2562810
2562811
2562812
2562813
2562814
2562815
2562816
2562817
2562818
2562819
2562820
2562821
2562822
2562823
2562824
2562825
2562826
2562827
2562828
2562829
2562830
2562831
2562832
2562833
2562834
2562835
2562836
2562837
2562838
2562839
2562840
2562841
2562842
2562843
2562844
2562845
2562846
2562847
2562848
2562849
2562850
2562851
2562852
2562853
2562854
2562855
2562856
2562857
2562858
2562859
2562860
2562861
2562862
2562863
2562864
2562865
2562866
2562867
2562868
2562869
2562870
2562871
2562872
2562873
2562874
2562875
2562876
2562877
2562878
2562879
2562880
2562881
2562882
2562883
2562884
2562885
2562886
2562887
2562888
2562889
2562890
2562891
2562892
2562893
2562894
2562895
2562896
2562897
2562898
2562899
2562900
2562901
2562902
2562903
2562904
2562905
2562906
2562907
2562908
2562909
2562910
2562911
2562912
2562913
2562914
2562915
2562916
2562917
2562918
2562919
2562920
2562921
2562922
2562923
2562924
2562925
2562926
2562927
2562928
2562929
2562930
2562931
2562932
2562933
2562934
2562935
2562936
2562937
2562938
2562939
2562940
2562941
2562942
2562943
2562944
2562945
2562946
2562947
2562948
2562949
2562950
2562951
2562952
2562953
2562954
2562955
2562956
2562957
2562958
2562959
2562960
2562961
2562962
2562963
2562964
2562965
2562966
2562967
2562968
2562969
2562970
2562971
2562972
2562973
2562974
2562975
2562976
2562977
2562978
2562979
2562980
2562981
2562982
2562983
2562984
2562985
2562986
2562987
2562988
2562989
2562990
2562991
2562992
2562993
2562994
2562995
2562996
2562997
2562998
2562999
2563000
2563001
2563002
2563003
2563004
2563005
2563006
2563007
2563008
2563009
2563010
2563011
2563012
2563013
2563014
2563015
2563016
2563017
2563018
2563019
2563020
2563021
2563022
2563023
2563024
2563025
2563026
2563027
2563028
2563029
2563030
2563031
2563032
2563033
2563034
2563035
2563036
2563037
2563038
2563039
2563040
2563041
2563042
2563043
2563044
2563045
2563046
2563047
2563048
2563049
2563050
2563051
2563052
2563053
2563054
2563055
2563056
2563057
2563058
2563059
2563060
2563061
2563062
2563063
2563064
2563065
2563066
2563067
2563068
2563069
2563070
2563071
2563072
2563073
2563074
2563075
2563076
2563077
2563078
2563079
2563080
2563081
2563082
2563083
2563084
2563085
2563086
2563087
2563088
2563089
2563090
2563091
2563092
2563093
2563094
2563095
2563096
2563097
2563098
2563099
2563100
2563101
2563102
2563103
2563104
2563105
2563106
2563107
2563108
2563109
2563110
2563111
2563112
2563113
2563114
2563115
2563116
2563117
2563118
2563119
2563120
2563121
2563122
2563123
2563124
2563125
2563126
2563127
2563128
2563129
2563130
2563131
2563132
2563133
2563134
2563135
2563136
2563137
2563138
2563139
2563140
2563141
2563142
2563143
2563144
2563145
2563146
2563147
2563148
2563149
2563150
2563151
2563152
2563153
2563154
2563155
2563156
2563157
2563158
2563159
2563160
2563161
2563162
2563163
2563164
2563165
2563166
2563167
2563168
2563169
2563170
2563171
2563172
2563173
2563174
2563175
2563176
2563177
2563178
2563179
2563180
2563181
2563182
2563183
2563184
2563185
2563186
2563187
2563188
2563189
2563190
2563191
2563192
2563193
2563194
2563195
2563196
2563197
2563198
2563199
2563200
2563201
2563202
2563203
2563204
2563205
2563206
2563207
2563208
2563209
2563210
2563211
2563212
2563213
2563214
2563215
2563216
2563217
2563218
2563219
2563220
2563221
2563222
2563223
2563224
2563225
2563226
2563227
2563228
2563229
2563230
2563231
2563232
2563233
2563234
2563235
2563236
2563237
2563238
2563239
2563240
2563241
2563242
2563243
2563244
2563245
2563246
2563247
2563248
2563249
2563250
2563251
2563252
2563253
2563254
2563255
2563256
2563257
2563258
2563259
2563260
2563261
2563262
2563263
2563264
2563265
2563266
2563267
2563268
2563269
2563270
2563271
2563272
2563273
2563274
2563275
2563276
2563277
2563278
2563279
2563280
2563281
2563282
2563283
2563284
2563285
2563286
2563287
2563288
2563289
2563290
2563291
2563292
2563293
2563294
2563295
2563296
2563297
2563298
2563299
2563300
2563301
2563302
2563303
2563304
2563305
2563306
2563307
2563308
2563309
2563310
2563311
2563312
2563313
2563314
2563315
2563316
2563317
2563318
2563319
2563320
2563321
2563322
2563323
2563324
2563325
2563326
2563327
2563328
2563329
2563330
2563331
2563332
2563333
2563334
2563335
2563336
2563337
2563338
2563339
2563340
2563341
2563342
2563343
2563344
2563345
2563346
2563347
2563348
2563349
2563350
2563351
2563352
2563353
2563354
2563355
2563356
2563357
2563358
2563359
2563360
2563361
2563362
2563363
2563364
2563365
2563366
2563367
2563368
2563369
2563370
2563371
2563372
2563373
2563374
2563375
2563376
2563377
2563378
2563379
2563380
2563381
2563382
2563383
2563384
2563385
2563386
2563387
2563388
2563389
2563390
2563391
2563392
2563393
2563394
2563395
2563396
2563397
2563398
2563399
2563400
2563401
2563402
2563403
2563404
2563405
2563406
2563407
2563408
2563409
2563410
2563411
2563412
2563413
2563414
2563415
2563416
2563417
2563418
2563419
2563420
2563421
2563422
2563423
2563424
2563425
2563426
2563427
2563428
2563429
2563430
2563431
2563432
2563433
2563434
2563435
2563436
2563437
2563438
2563439
2563440
2563441
2563442
2563443
2563444
2563445
2563446
2563447
2563448
2563449
2563450
2563451
2563452
2563453
2563454
2563455
2563456
2563457
2563458
2563459
2563460
2563461
2563462
2563463
2563464
2563465
2563466
2563467
2563468
2563469
2563470
2563471
2563472
2563473
2563474
2563475
2563476
2563477
2563478
2563479
2563480
2563481
2563482
2563483
2563484
2563485
2563486
2563487
2563488
2563489
2563490
2563491
2563492
2563493
2563494
2563495
2563496
2563497
2563498
2563499
2563500
2563501
2563502
2563503
2563504
2563505
2563506
2563507
2563508
2563509
2563510
2563511
2563512
2563513
2563514
2563515
2563516
2563517
2563518
2563519
2563520
2563521
2563522
2563523
2563524
2563525
2563526
2563527
2563528
2563529
2563530
2563531
2563532
2563533
2563534
2563535
2563536
2563537
2563538
2563539
2563540
2563541
2563542
2563543
2563544
2563545
2563546
2563547
2563548
2563549
2563550
2563551
2563552
2563553
2563554
2563555
2563556
2563557
2563558
2563559
2563560
2563561
2563562
2563563
2563564
2563565
2563566
2563567
2563568
2563569
2563570
2563571
2563572
2563573
2563574
2563575
2563576
2563577
2563578
2563579
2563580
2563581
2563582
2563583
2563584
2563585
2563586
2563587
2563588
2563589
2563590
2563591
2563592
2563593
2563594
2563595
2563596
2563597
2563598
2563599
2563600
2563601
2563602
2563603
2563604
2563605
2563606
2563607
2563608
2563609
2563610
2563611
2563612
2563613
2563614
2563615
2563616
2563617
2563618
2563619
2563620
2563621
2563622
2563623
2563624
2563625
2563626
2563627
2563628
2563629
2563630
2563631
2563632
2563633
2563634
2563635
2563636
2563637
2563638
2563639
2563640
2563641
2563642
2563643
2563644
2563645
2563646
2563647
2563648
2563649
2563650
2563651
2563652
2563653
2563654
2563655
2563656
2563657
2563658
2563659
2563660
2563661
2563662
2563663
2563664
2563665
2563666
2563667
2563668
2563669
2563670
2563671
2563672
2563673
2563674
2563675
2563676
2563677
2563678
2563679
2563680
2563681
2563682
2563683
2563684
2563685
2563686
2563687
2563688
2563689
2563690
2563691
2563692
2563693
2563694
2563695
2563696
2563697
2563698
2563699
2563700
2563701
2563702
2563703
2563704
2563705
2563706
2563707
2563708
2563709
2563710
2563711
2563712
2563713
2563714
2563715
2563716
2563717
2563718
2563719
2563720
2563721
2563722
2563723
2563724
2563725
2563726
2563727
2563728
2563729
2563730
2563731
2563732
2563733
2563734
2563735
2563736
2563737
2563738
2563739
2563740
2563741
2563742
2563743
2563744
2563745
2563746
2563747
2563748
2563749
2563750
2563751
2563752
2563753
2563754
2563755
2563756
2563757
2563758
2563759
2563760
2563761
2563762
2563763
2563764
2563765
2563766
2563767
2563768
2563769
2563770
2563771
2563772
2563773
2563774
2563775
2563776
2563777
2563778
2563779
2563780
2563781
2563782
2563783
2563784
2563785
2563786
2563787
2563788
2563789
2563790
2563791
2563792
2563793
2563794
2563795
2563796
2563797
2563798
2563799
2563800
2563801
2563802
2563803
2563804
2563805
2563806
2563807
2563808
2563809
2563810
2563811
2563812
2563813
2563814
2563815
2563816
2563817
2563818
2563819
2563820
2563821
2563822
2563823
2563824
2563825
2563826
2563827
2563828
2563829
2563830
2563831
2563832
2563833
2563834
2563835
2563836
2563837
2563838
2563839
2563840
2563841
2563842
2563843
2563844
2563845
2563846
2563847
2563848
2563849
2563850
2563851
2563852
2563853
2563854
2563855
2563856
2563857
2563858
2563859
2563860
2563861
2563862
2563863
2563864
2563865
2563866
2563867
2563868
2563869
2563870
2563871
2563872
2563873
2563874
2563875
2563876
2563877
2563878
2563879
2563880
2563881
2563882
2563883
2563884
2563885
2563886
2563887
2563888
2563889
2563890
2563891
2563892
2563893
2563894
2563895
2563896
2563897
2563898
2563899
2563900
2563901
2563902
2563903
2563904
2563905
2563906
2563907
2563908
2563909
2563910
2563911
2563912
2563913
2563914
2563915
2563916
2563917
2563918
2563919
2563920
2563921
2563922
2563923
2563924
2563925
2563926
2563927
2563928
2563929
2563930
2563931
2563932
2563933
2563934
2563935
2563936
2563937
2563938
2563939
2563940
2563941
2563942
2563943
2563944
2563945
2563946
2563947
2563948
2563949
2563950
2563951
2563952
2563953
2563954
2563955
2563956
2563957
2563958
2563959
2563960
2563961
2563962
2563963
2563964
2563965
2563966
2563967
2563968
2563969
2563970
2563971
2563972
2563973
2563974
2563975
2563976
2563977
2563978
2563979
2563980
2563981
2563982
2563983
2563984
2563985
2563986
2563987
2563988
2563989
2563990
2563991
2563992
2563993
2563994
2563995
2563996
2563997
2563998
2563999
2564000
2564001
2564002
2564003
2564004
2564005
2564006
2564007
2564008
2564009
2564010
2564011
2564012
2564013
2564014
2564015
2564016
2564017
2564018
2564019
2564020
2564021
2564022
2564023
2564024
2564025
2564026
2564027
2564028
2564029
2564030
2564031
2564032
2564033
2564034
2564035
2564036
2564037
2564038
2564039
2564040
2564041
2564042
2564043
2564044
2564045
2564046
2564047
2564048
2564049
2564050
2564051
2564052
2564053
2564054
2564055
2564056
2564057
2564058
2564059
2564060
2564061
2564062
2564063
2564064
2564065
2564066
2564067
2564068
2564069
2564070
2564071
2564072
2564073
2564074
2564075
2564076
2564077
2564078
2564079
2564080
2564081
2564082
2564083
2564084
2564085
2564086
2564087
2564088
2564089
2564090
2564091
2564092
2564093
2564094
2564095
2564096
2564097
2564098
2564099
2564100
2564101
2564102
2564103
2564104
2564105
2564106
2564107
2564108
2564109
2564110
2564111
2564112
2564113
2564114
2564115
2564116
2564117
2564118
2564119
2564120
2564121
2564122
2564123
2564124
2564125
2564126
2564127
2564128
2564129
2564130
2564131
2564132
2564133
2564134
2564135
2564136
2564137
2564138
2564139
2564140
2564141
2564142
2564143
2564144
2564145
2564146
2564147
2564148
2564149
2564150
2564151
2564152
2564153
2564154
2564155
2564156
2564157
2564158
2564159
2564160
2564161
2564162
2564163
2564164
2564165
2564166
2564167
2564168
2564169
2564170
2564171
2564172
2564173
2564174
2564175
2564176
2564177
2564178
2564179
2564180
2564181
2564182
2564183
2564184
2564185
2564186
2564187
2564188
2564189
2564190
2564191
2564192
2564193
2564194
2564195
2564196
2564197
2564198
2564199
2564200
2564201
2564202
2564203
2564204
2564205
2564206
2564207
2564208
2564209
2564210
2564211
2564212
2564213
2564214
2564215
2564216
2564217
2564218
2564219
2564220
2564221
2564222
2564223
2564224
2564225
2564226
2564227
2564228
2564229
2564230
2564231
2564232
2564233
2564234
2564235
2564236
2564237
2564238
2564239
2564240
2564241
2564242
2564243
2564244
2564245
2564246
2564247
2564248
2564249
2564250
2564251
2564252
2564253
2564254
2564255
2564256
2564257
2564258
2564259
2564260
2564261
2564262
2564263
2564264
2564265
2564266
2564267
2564268
2564269
2564270
2564271
2564272
2564273
2564274
2564275
2564276
2564277
2564278
2564279
2564280
2564281
2564282
2564283
2564284
2564285
2564286
2564287
2564288
2564289
2564290
2564291
2564292
2564293
2564294
2564295
2564296
2564297
2564298
2564299
2564300
2564301
2564302
2564303
2564304
2564305
2564306
2564307
2564308
2564309
2564310
2564311
2564312
2564313
2564314
2564315
2564316
2564317
2564318
2564319
2564320
2564321
2564322
2564323
2564324
2564325
2564326
2564327
2564328
2564329
2564330
2564331
2564332
2564333
2564334
2564335
2564336
2564337
2564338
2564339
2564340
2564341
2564342
2564343
2564344
2564345
2564346
2564347
2564348
2564349
2564350
2564351
2564352
2564353
2564354
2564355
2564356
2564357
2564358
2564359
2564360
2564361
2564362
2564363
2564364
2564365
2564366
2564367
2564368
2564369
2564370
2564371
2564372
2564373
2564374
2564375
2564376
2564377
2564378
2564379
2564380
2564381
2564382
2564383
2564384
2564385
2564386
2564387
2564388
2564389
2564390
2564391
2564392
2564393
2564394
2564395
2564396
2564397
2564398
2564399
2564400
2564401
2564402
2564403
2564404
2564405
2564406
2564407
2564408
2564409
2564410
2564411
2564412
2564413
2564414
2564415
2564416
2564417
2564418
2564419
2564420
2564421
2564422
2564423
2564424
2564425
2564426
2564427
2564428
2564429
2564430
2564431
2564432
2564433
2564434
2564435
2564436
2564437
2564438
2564439
2564440
2564441
2564442
2564443
2564444
2564445
2564446
2564447
2564448
2564449
2564450
2564451
2564452
2564453
2564454
2564455
2564456
2564457
2564458
2564459
2564460
2564461
2564462
2564463
2564464
2564465
2564466
2564467
2564468
2564469
2564470
2564471
2564472
2564473
2564474
2564475
2564476
2564477
2564478
2564479
2564480
2564481
2564482
2564483
2564484
2564485
2564486
2564487
2564488
2564489
2564490
2564491
2564492
2564493
2564494
2564495
2564496
2564497
2564498
2564499
2564500
2564501
2564502
2564503
2564504
2564505
2564506
2564507
2564508
2564509
2564510
2564511
2564512
2564513
2564514
2564515
2564516
2564517
2564518
2564519
2564520
2564521
2564522
2564523
2564524
2564525
2564526
2564527
2564528
2564529
2564530
2564531
2564532
2564533
2564534
2564535
2564536
2564537
2564538
2564539
2564540
2564541
2564542
2564543
2564544
2564545
2564546
2564547
2564548
2564549
2564550
2564551
2564552
2564553
2564554
2564555
2564556
2564557
2564558
2564559
2564560
2564561
2564562
2564563
2564564
2564565
2564566
2564567
2564568
2564569
2564570
2564571
2564572
2564573
2564574
2564575
2564576
2564577
2564578
2564579
2564580
2564581
2564582
2564583
2564584
2564585
2564586
2564587
2564588
2564589
2564590
2564591
2564592
2564593
2564594
2564595
2564596
2564597
2564598
2564599
2564600
2564601
2564602
2564603
2564604
2564605
2564606
2564607
2564608
2564609
2564610
2564611
2564612
2564613
2564614
2564615
2564616
2564617
2564618
2564619
2564620
2564621
2564622
2564623
2564624
2564625
2564626
2564627
2564628
2564629
2564630
2564631
2564632
2564633
2564634
2564635
2564636
2564637
2564638
2564639
2564640
2564641
2564642
2564643
2564644
2564645
2564646
2564647
2564648
2564649
2564650
2564651
2564652
2564653
2564654
2564655
2564656
2564657
2564658
2564659
2564660
2564661
2564662
2564663
2564664
2564665
2564666
2564667
2564668
2564669
2564670
2564671
2564672
2564673
2564674
2564675
2564676
2564677
2564678
2564679
2564680
2564681
2564682
2564683
2564684
2564685
2564686
2564687
2564688
2564689
2564690
2564691
2564692
2564693
2564694
2564695
2564696
2564697
2564698
2564699
2564700
2564701
2564702
2564703
2564704
2564705
2564706
2564707
2564708
2564709
2564710
2564711
2564712
2564713
2564714
2564715
2564716
2564717
2564718
2564719
2564720
2564721
2564722
2564723
2564724
2564725
2564726
2564727
2564728
2564729
2564730
2564731
2564732
2564733
2564734
2564735
2564736
2564737
2564738
2564739
2564740
2564741
2564742
2564743
2564744
2564745
2564746
2564747
2564748
2564749
2564750
2564751
2564752
2564753
2564754
2564755
2564756
2564757
2564758
2564759
2564760
2564761
2564762
2564763
2564764
2564765
2564766
2564767
2564768
2564769
2564770
2564771
2564772
2564773
2564774
2564775
2564776
2564777
2564778
2564779
2564780
2564781
2564782
2564783
2564784
2564785
2564786
2564787
2564788
2564789
2564790
2564791
2564792
2564793
2564794
2564795
2564796
2564797
2564798
2564799
2564800
2564801
2564802
2564803
2564804
2564805
2564806
2564807
2564808
2564809
2564810
2564811
2564812
2564813
2564814
2564815
2564816
2564817
2564818
2564819
2564820
2564821
2564822
2564823
2564824
2564825
2564826
2564827
2564828
2564829
2564830
2564831
2564832
2564833
2564834
2564835
2564836
2564837
2564838
2564839
2564840
2564841
2564842
2564843
2564844
2564845
2564846
2564847
2564848
2564849
2564850
2564851
2564852
2564853
2564854
2564855
2564856
2564857
2564858
2564859
2564860
2564861
2564862
2564863
2564864
2564865
2564866
2564867
2564868
2564869
2564870
2564871
2564872
2564873
2564874
2564875
2564876
2564877
2564878
2564879
2564880
2564881
2564882
2564883
2564884
2564885
2564886
2564887
2564888
2564889
2564890
2564891
2564892
2564893
2564894
2564895
2564896
2564897
2564898
2564899
2564900
2564901
2564902
2564903
2564904
2564905
2564906
2564907
2564908
2564909
2564910
2564911
2564912
2564913
2564914
2564915
2564916
2564917
2564918
2564919
2564920
2564921
2564922
2564923
2564924
2564925
2564926
2564927
2564928
2564929
2564930
2564931
2564932
2564933
2564934
2564935
2564936
2564937
2564938
2564939
2564940
2564941
2564942
2564943
2564944
2564945
2564946
2564947
2564948
2564949
2564950
2564951
2564952
2564953
2564954
2564955
2564956
2564957
2564958
2564959
2564960
2564961
2564962
2564963
2564964
2564965
2564966
2564967
2564968
2564969
2564970
2564971
2564972
2564973
2564974
2564975
2564976
2564977
2564978
2564979
2564980
2564981
2564982
2564983
2564984
2564985
2564986
2564987
2564988
2564989
2564990
2564991
2564992
2564993
2564994
2564995
2564996
2564997
2564998
2564999
2565000
2565001
2565002
2565003
2565004
2565005
2565006
2565007
2565008
2565009
2565010
2565011
2565012
2565013
2565014
2565015
2565016
2565017
2565018
2565019
2565020
2565021
2565022
2565023
2565024
2565025
2565026
2565027
2565028
2565029
2565030
2565031
2565032
2565033
2565034
2565035
2565036
2565037
2565038
2565039
2565040
2565041
2565042
2565043
2565044
2565045
2565046
2565047
2565048
2565049
2565050
2565051
2565052
2565053
2565054
2565055
2565056
2565057
2565058
2565059
2565060
2565061
2565062
2565063
2565064
2565065
2565066
2565067
2565068
2565069
2565070
2565071
2565072
2565073
2565074
2565075
2565076
2565077
2565078
2565079
2565080
2565081
2565082
2565083
2565084
2565085
2565086
2565087
2565088
2565089
2565090
2565091
2565092
2565093
2565094
2565095
2565096
2565097
2565098
2565099
2565100
2565101
2565102
2565103
2565104
2565105
2565106
2565107
2565108
2565109
2565110
2565111
2565112
2565113
2565114
2565115
2565116
2565117
2565118
2565119
2565120
2565121
2565122
2565123
2565124
2565125
2565126
2565127
2565128
2565129
2565130
2565131
2565132
2565133
2565134
2565135
2565136
2565137
2565138
2565139
2565140
2565141
2565142
2565143
2565144
2565145
2565146
2565147
2565148
2565149
2565150
2565151
2565152
2565153
2565154
2565155
2565156
2565157
2565158
2565159
2565160
2565161
2565162
2565163
2565164
2565165
2565166
2565167
2565168
2565169
2565170
2565171
2565172
2565173
2565174
2565175
2565176
2565177
2565178
2565179
2565180
2565181
2565182
2565183
2565184
2565185
2565186
2565187
2565188
2565189
2565190
2565191
2565192
2565193
2565194
2565195
2565196
2565197
2565198
2565199
2565200
2565201
2565202
2565203
2565204
2565205
2565206
2565207
2565208
2565209
2565210
2565211
2565212
2565213
2565214
2565215
2565216
2565217
2565218
2565219
2565220
2565221
2565222
2565223
2565224
2565225
2565226
2565227
2565228
2565229
2565230
2565231
2565232
2565233
2565234
2565235
2565236
2565237
2565238
2565239
2565240
2565241
2565242
2565243
2565244
2565245
2565246
2565247
2565248
2565249
2565250
2565251
2565252
2565253
2565254
2565255
2565256
2565257
2565258
2565259
2565260
2565261
2565262
2565263
2565264
2565265
2565266
2565267
2565268
2565269
2565270
2565271
2565272
2565273
2565274
2565275
2565276
2565277
2565278
2565279
2565280
2565281
2565282
2565283
2565284
2565285
2565286
2565287
2565288
2565289
2565290
2565291
2565292
2565293
2565294
2565295
2565296
2565297
2565298
2565299
2565300
2565301
2565302
2565303
2565304
2565305
2565306
2565307
2565308
2565309
2565310
2565311
2565312
2565313
2565314
2565315
2565316
2565317
2565318
2565319
2565320
2565321
2565322
2565323
2565324
2565325
2565326
2565327
2565328
2565329
2565330
2565331
2565332
2565333
2565334
2565335
2565336
2565337
2565338
2565339
2565340
2565341
2565342
2565343
2565344
2565345
2565346
2565347
2565348
2565349
2565350
2565351
2565352
2565353
2565354
2565355
2565356
2565357
2565358
2565359
2565360
2565361
2565362
2565363
2565364
2565365
2565366
2565367
2565368
2565369
2565370
2565371
2565372
2565373
2565374
2565375
2565376
2565377
2565378
2565379
2565380
2565381
2565382
2565383
2565384
2565385
2565386
2565387
2565388
2565389
2565390
2565391
2565392
2565393
2565394
2565395
2565396
2565397
2565398
2565399
2565400
2565401
2565402
2565403
2565404
2565405
2565406
2565407
2565408
2565409
2565410
2565411
2565412
2565413
2565414
2565415
2565416
2565417
2565418
2565419
2565420
2565421
2565422
2565423
2565424
2565425
2565426
2565427
2565428
2565429
2565430
2565431
2565432
2565433
2565434
2565435
2565436
2565437
2565438
2565439
2565440
2565441
2565442
2565443
2565444
2565445
2565446
2565447
2565448
2565449
2565450
2565451
2565452
2565453
2565454
2565455
2565456
2565457
2565458
2565459
2565460
2565461
2565462
2565463
2565464
2565465
2565466
2565467
2565468
2565469
2565470
2565471
2565472
2565473
2565474
2565475
2565476
2565477
2565478
2565479
2565480
2565481
2565482
2565483
2565484
2565485
2565486
2565487
2565488
2565489
2565490
2565491
2565492
2565493
2565494
2565495
2565496
2565497
2565498
2565499
2565500
2565501
2565502
2565503
2565504
2565505
2565506
2565507
2565508
2565509
2565510
2565511
2565512
2565513
2565514
2565515
2565516
2565517
2565518
2565519
2565520
2565521
2565522
2565523
2565524
2565525
2565526
2565527
2565528
2565529
2565530
2565531
2565532
2565533
2565534
2565535
2565536
2565537
2565538
2565539
2565540
2565541
2565542
2565543
2565544
2565545
2565546
2565547
2565548
2565549
2565550
2565551
2565552
2565553
2565554
2565555
2565556
2565557
2565558
2565559
2565560
2565561
2565562
2565563
2565564
2565565
2565566
2565567
2565568
2565569
2565570
2565571
2565572
2565573
2565574
2565575
2565576
2565577
2565578
2565579
2565580
2565581
2565582
2565583
2565584
2565585
2565586
2565587
2565588
2565589
2565590
2565591
2565592
2565593
2565594
2565595
2565596
2565597
2565598
2565599
2565600
2565601
2565602
2565603
2565604
2565605
2565606
2565607
2565608
2565609
2565610
2565611
2565612
2565613
2565614
2565615
2565616
2565617
2565618
2565619
2565620
2565621
2565622
2565623
2565624
2565625
2565626
2565627
2565628
2565629
2565630
2565631
2565632
2565633
2565634
2565635
2565636
2565637
2565638
2565639
2565640
2565641
2565642
2565643
2565644
2565645
2565646
2565647
2565648
2565649
2565650
2565651
2565652
2565653
2565654
2565655
2565656
2565657
2565658
2565659
2565660
2565661
2565662
2565663
2565664
2565665
2565666
2565667
2565668
2565669
2565670
2565671
2565672
2565673
2565674
2565675
2565676
2565677
2565678
2565679
2565680
2565681
2565682
2565683
2565684
2565685
2565686
2565687
2565688
2565689
2565690
2565691
2565692
2565693
2565694
2565695
2565696
2565697
2565698
2565699
2565700
2565701
2565702
2565703
2565704
2565705
2565706
2565707
2565708
2565709
2565710
2565711
2565712
2565713
2565714
2565715
2565716
2565717
2565718
2565719
2565720
2565721
2565722
2565723
2565724
2565725
2565726
2565727
2565728
2565729
2565730
2565731
2565732
2565733
2565734
2565735
2565736
2565737
2565738
2565739
2565740
2565741
2565742
2565743
2565744
2565745
2565746
2565747
2565748
2565749
2565750
2565751
2565752
2565753
2565754
2565755
2565756
2565757
2565758
2565759
2565760
2565761
2565762
2565763
2565764
2565765
2565766
2565767
2565768
2565769
2565770
2565771
2565772
2565773
2565774
2565775
2565776
2565777
2565778
2565779
2565780
2565781
2565782
2565783
2565784
2565785
2565786
2565787
2565788
2565789
2565790
2565791
2565792
2565793
2565794
2565795
2565796
2565797
2565798
2565799
2565800
2565801
2565802
2565803
2565804
2565805
2565806
2565807
2565808
2565809
2565810
2565811
2565812
2565813
2565814
2565815
2565816
2565817
2565818
2565819
2565820
2565821
2565822
2565823
2565824
2565825
2565826
2565827
2565828
2565829
2565830
2565831
2565832
2565833
2565834
2565835
2565836
2565837
2565838
2565839
2565840
2565841
2565842
2565843
2565844
2565845
2565846
2565847
2565848
2565849
2565850
2565851
2565852
2565853
2565854
2565855
2565856
2565857
2565858
2565859
2565860
2565861
2565862
2565863
2565864
2565865
2565866
2565867
2565868
2565869
2565870
2565871
2565872
2565873
2565874
2565875
2565876
2565877
2565878
2565879
2565880
2565881
2565882
2565883
2565884
2565885
2565886
2565887
2565888
2565889
2565890
2565891
2565892
2565893
2565894
2565895
2565896
2565897
2565898
2565899
2565900
2565901
2565902
2565903
2565904
2565905
2565906
2565907
2565908
2565909
2565910
2565911
2565912
2565913
2565914
2565915
2565916
2565917
2565918
2565919
2565920
2565921
2565922
2565923
2565924
2565925
2565926
2565927
2565928
2565929
2565930
2565931
2565932
2565933
2565934
2565935
2565936
2565937
2565938
2565939
2565940
2565941
2565942
2565943
2565944
2565945
2565946
2565947
2565948
2565949
2565950
2565951
2565952
2565953
2565954
2565955
2565956
2565957
2565958
2565959
2565960
2565961
2565962
2565963
2565964
2565965
2565966
2565967
2565968
2565969
2565970
2565971
2565972
2565973
2565974
2565975
2565976
2565977
2565978
2565979
2565980
2565981
2565982
2565983
2565984
2565985
2565986
2565987
2565988
2565989
2565990
2565991
2565992
2565993
2565994
2565995
2565996
2565997
2565998
2565999
2566000
2566001
2566002
2566003
2566004
2566005
2566006
2566007
2566008
2566009
2566010
2566011
2566012
2566013
2566014
2566015
2566016
2566017
2566018
2566019
2566020
2566021
2566022
2566023
2566024
2566025
2566026
2566027
2566028
2566029
2566030
2566031
2566032
2566033
2566034
2566035
2566036
2566037
2566038
2566039
2566040
2566041
2566042
2566043
2566044
2566045
2566046
2566047
2566048
2566049
2566050
2566051
2566052
2566053
2566054
2566055
2566056
2566057
2566058
2566059
2566060
2566061
2566062
2566063
2566064
2566065
2566066
2566067
2566068
2566069
2566070
2566071
2566072
2566073
2566074
2566075
2566076
2566077
2566078
2566079
2566080
2566081
2566082
2566083
2566084
2566085
2566086
2566087
2566088
2566089
2566090
2566091
2566092
2566093
2566094
2566095
2566096
2566097
2566098
2566099
2566100
2566101
2566102
2566103
2566104
2566105
2566106
2566107
2566108
2566109
2566110
2566111
2566112
2566113
2566114
2566115
2566116
2566117
2566118
2566119
2566120
2566121
2566122
2566123
2566124
2566125
2566126
2566127
2566128
2566129
2566130
2566131
2566132
2566133
2566134
2566135
2566136
2566137
2566138
2566139
2566140
2566141
2566142
2566143
2566144
2566145
2566146
2566147
2566148
2566149
2566150
2566151
2566152
2566153
2566154
2566155
2566156
2566157
2566158
2566159
2566160
2566161
2566162
2566163
2566164
2566165
2566166
2566167
2566168
2566169
2566170
2566171
2566172
2566173
2566174
2566175
2566176
2566177
2566178
2566179
2566180
2566181
2566182
2566183
2566184
2566185
2566186
2566187
2566188
2566189
2566190
2566191
2566192
2566193
2566194
2566195
2566196
2566197
2566198
2566199
2566200
2566201
2566202
2566203
2566204
2566205
2566206
2566207
2566208
2566209
2566210
2566211
2566212
2566213
2566214
2566215
2566216
2566217
2566218
2566219
2566220
2566221
2566222
2566223
2566224
2566225
2566226
2566227
2566228
2566229
2566230
2566231
2566232
2566233
2566234
2566235
2566236
2566237
2566238
2566239
2566240
2566241
2566242
2566243
2566244
2566245
2566246
2566247
2566248
2566249
2566250
2566251
2566252
2566253
2566254
2566255
2566256
2566257
2566258
2566259
2566260
2566261
2566262
2566263
2566264
2566265
2566266
2566267
2566268
2566269
2566270
2566271
2566272
2566273
2566274
2566275
2566276
2566277
2566278
2566279
2566280
2566281
2566282
2566283
2566284
2566285
2566286
2566287
2566288
2566289
2566290
2566291
2566292
2566293
2566294
2566295
2566296
2566297
2566298
2566299
2566300
2566301
2566302
2566303
2566304
2566305
2566306
2566307
2566308
2566309
2566310
2566311
2566312
2566313
2566314
2566315
2566316
2566317
2566318
2566319
2566320
2566321
2566322
2566323
2566324
2566325
2566326
2566327
2566328
2566329
2566330
2566331
2566332
2566333
2566334
2566335
2566336
2566337
2566338
2566339
2566340
2566341
2566342
2566343
2566344
2566345
2566346
2566347
2566348
2566349
2566350
2566351
2566352
2566353
2566354
2566355
2566356
2566357
2566358
2566359
2566360
2566361
2566362
2566363
2566364
2566365
2566366
2566367
2566368
2566369
2566370
2566371
2566372
2566373
2566374
2566375
2566376
2566377
2566378
2566379
2566380
2566381
2566382
2566383
2566384
2566385
2566386
2566387
2566388
2566389
2566390
2566391
2566392
2566393
2566394
2566395
2566396
2566397
2566398
2566399
2566400
2566401
2566402
2566403
2566404
2566405
2566406
2566407
2566408
2566409
2566410
2566411
2566412
2566413
2566414
2566415
2566416
2566417
2566418
2566419
2566420
2566421
2566422
2566423
2566424
2566425
2566426
2566427
2566428
2566429
2566430
2566431
2566432
2566433
2566434
2566435
2566436
2566437
2566438
2566439
2566440
2566441
2566442
2566443
2566444
2566445
2566446
2566447
2566448
2566449
2566450
2566451
2566452
2566453
2566454
2566455
2566456
2566457
2566458
2566459
2566460
2566461
2566462
2566463
2566464
2566465
2566466
2566467
2566468
2566469
2566470
2566471
2566472
2566473
2566474
2566475
2566476
2566477
2566478
2566479
2566480
2566481
2566482
2566483
2566484
2566485
2566486
2566487
2566488
2566489
2566490
2566491
2566492
2566493
2566494
2566495
2566496
2566497
2566498
2566499
2566500
2566501
2566502
2566503
2566504
2566505
2566506
2566507
2566508
2566509
2566510
2566511
2566512
2566513
2566514
2566515
2566516
2566517
2566518
2566519
2566520
2566521
2566522
2566523
2566524
2566525
2566526
2566527
2566528
2566529
2566530
2566531
2566532
2566533
2566534
2566535
2566536
2566537
2566538
2566539
2566540
2566541
2566542
2566543
2566544
2566545
2566546
2566547
2566548
2566549
2566550
2566551
2566552
2566553
2566554
2566555
2566556
2566557
2566558
2566559
2566560
2566561
2566562
2566563
2566564
2566565
2566566
2566567
2566568
2566569
2566570
2566571
2566572
2566573
2566574
2566575
2566576
2566577
2566578
2566579
2566580
2566581
2566582
2566583
2566584
2566585
2566586
2566587
2566588
2566589
2566590
2566591
2566592
2566593
2566594
2566595
2566596
2566597
2566598
2566599
2566600
2566601
2566602
2566603
2566604
2566605
2566606
2566607
2566608
2566609
2566610
2566611
2566612
2566613
2566614
2566615
2566616
2566617
2566618
2566619
2566620
2566621
2566622
2566623
2566624
2566625
2566626
2566627
2566628
2566629
2566630
2566631
2566632
2566633
2566634
2566635
2566636
2566637
2566638
2566639
2566640
2566641
2566642
2566643
2566644
2566645
2566646
2566647
2566648
2566649
2566650
2566651
2566652
2566653
2566654
2566655
2566656
2566657
2566658
2566659
2566660
2566661
2566662
2566663
2566664
2566665
2566666
2566667
2566668
2566669
2566670
2566671
2566672
2566673
2566674
2566675
2566676
2566677
2566678
2566679
2566680
2566681
2566682
2566683
2566684
2566685
2566686
2566687
2566688
2566689
2566690
2566691
2566692
2566693
2566694
2566695
2566696
2566697
2566698
2566699
2566700
2566701
2566702
2566703
2566704
2566705
2566706
2566707
2566708
2566709
2566710
2566711
2566712
2566713
2566714
2566715
2566716
2566717
2566718
2566719
2566720
2566721
2566722
2566723
2566724
2566725
2566726
2566727
2566728
2566729
2566730
2566731
2566732
2566733
2566734
2566735
2566736
2566737
2566738
2566739
2566740
2566741
2566742
2566743
2566744
2566745
2566746
2566747
2566748
2566749
2566750
2566751
2566752
2566753
2566754
2566755
2566756
2566757
2566758
2566759
2566760
2566761
2566762
2566763
2566764
2566765
2566766
2566767
2566768
2566769
2566770
2566771
2566772
2566773
2566774
2566775
2566776
2566777
2566778
2566779
2566780
2566781
2566782
2566783
2566784
2566785
2566786
2566787
2566788
2566789
2566790
2566791
2566792
2566793
2566794
2566795
2566796
2566797
2566798
2566799
2566800
2566801
2566802
2566803
2566804
2566805
2566806
2566807
2566808
2566809
2566810
2566811
2566812
2566813
2566814
2566815
2566816
2566817
2566818
2566819
2566820
2566821
2566822
2566823
2566824
2566825
2566826
2566827
2566828
2566829
2566830
2566831
2566832
2566833
2566834
2566835
2566836
2566837
2566838
2566839
2566840
2566841
2566842
2566843
2566844
2566845
2566846
2566847
2566848
2566849
2566850
2566851
2566852
2566853
2566854
2566855
2566856
2566857
2566858
2566859
2566860
2566861
2566862
2566863
2566864
2566865
2566866
2566867
2566868
2566869
2566870
2566871
2566872
2566873
2566874
2566875
2566876
2566877
2566878
2566879
2566880
2566881
2566882
2566883
2566884
2566885
2566886
2566887
2566888
2566889
2566890
2566891
2566892
2566893
2566894
2566895
2566896
2566897
2566898
2566899
2566900
2566901
2566902
2566903
2566904
2566905
2566906
2566907
2566908
2566909
2566910
2566911
2566912
2566913
2566914
2566915
2566916
2566917
2566918
2566919
2566920
2566921
2566922
2566923
2566924
2566925
2566926
2566927
2566928
2566929
2566930
2566931
2566932
2566933
2566934
2566935
2566936
2566937
2566938
2566939
2566940
2566941
2566942
2566943
2566944
2566945
2566946
2566947
2566948
2566949
2566950
2566951
2566952
2566953
2566954
2566955
2566956
2566957
2566958
2566959
2566960
2566961
2566962
2566963
2566964
2566965
2566966
2566967
2566968
2566969
2566970
2566971
2566972
2566973
2566974
2566975
2566976
2566977
2566978
2566979
2566980
2566981
2566982
2566983
2566984
2566985
2566986
2566987
2566988
2566989
2566990
2566991
2566992
2566993
2566994
2566995
2566996
2566997
2566998
2566999
2567000
2567001
2567002
2567003
2567004
2567005
2567006
2567007
2567008
2567009
2567010
2567011
2567012
2567013
2567014
2567015
2567016
2567017
2567018
2567019
2567020
2567021
2567022
2567023
2567024
2567025
2567026
2567027
2567028
2567029
2567030
2567031
2567032
2567033
2567034
2567035
2567036
2567037
2567038
2567039
2567040
2567041
2567042
2567043
2567044
2567045
2567046
2567047
2567048
2567049
2567050
2567051
2567052
2567053
2567054
2567055
2567056
2567057
2567058
2567059
2567060
2567061
2567062
2567063
2567064
2567065
2567066
2567067
2567068
2567069
2567070
2567071
2567072
2567073
2567074
2567075
2567076
2567077
2567078
2567079
2567080
2567081
2567082
2567083
2567084
2567085
2567086
2567087
2567088
2567089
2567090
2567091
2567092
2567093
2567094
2567095
2567096
2567097
2567098
2567099
2567100
2567101
2567102
2567103
2567104
2567105
2567106
2567107
2567108
2567109
2567110
2567111
2567112
2567113
2567114
2567115
2567116
2567117
2567118
2567119
2567120
2567121
2567122
2567123
2567124
2567125
2567126
2567127
2567128
2567129
2567130
2567131
2567132
2567133
2567134
2567135
2567136
2567137
2567138
2567139
2567140
2567141
2567142
2567143
2567144
2567145
2567146
2567147
2567148
2567149
2567150
2567151
2567152
2567153
2567154
2567155
2567156
2567157
2567158
2567159
2567160
2567161
2567162
2567163
2567164
2567165
2567166
2567167
2567168
2567169
2567170
2567171
2567172
2567173
2567174
2567175
2567176
2567177
2567178
2567179
2567180
2567181
2567182
2567183
2567184
2567185
2567186
2567187
2567188
2567189
2567190
2567191
2567192
2567193
2567194
2567195
2567196
2567197
2567198
2567199
2567200
2567201
2567202
2567203
2567204
2567205
2567206
2567207
2567208
2567209
2567210
2567211
2567212
2567213
2567214
2567215
2567216
2567217
2567218
2567219
2567220
2567221
2567222
2567223
2567224
2567225
2567226
2567227
2567228
2567229
2567230
2567231
2567232
2567233
2567234
2567235
2567236
2567237
2567238
2567239
2567240
2567241
2567242
2567243
2567244
2567245
2567246
2567247
2567248
2567249
2567250
2567251
2567252
2567253
2567254
2567255
2567256
2567257
2567258
2567259
2567260
2567261
2567262
2567263
2567264
2567265
2567266
2567267
2567268
2567269
2567270
2567271
2567272
2567273
2567274
2567275
2567276
2567277
2567278
2567279
2567280
2567281
2567282
2567283
2567284
2567285
2567286
2567287
2567288
2567289
2567290
2567291
2567292
2567293
2567294
2567295
2567296
2567297
2567298
2567299
2567300
2567301
2567302
2567303
2567304
2567305
2567306
2567307
2567308
2567309
2567310
2567311
2567312
2567313
2567314
2567315
2567316
2567317
2567318
2567319
2567320
2567321
2567322
2567323
2567324
2567325
2567326
2567327
2567328
2567329
2567330
2567331
2567332
2567333
2567334
2567335
2567336
2567337
2567338
2567339
2567340
2567341
2567342
2567343
2567344
2567345
2567346
2567347
2567348
2567349
2567350
2567351
2567352
2567353
2567354
2567355
2567356
2567357
2567358
2567359
2567360
2567361
2567362
2567363
2567364
2567365
2567366
2567367
2567368
2567369
2567370
2567371
2567372
2567373
2567374
2567375
2567376
2567377
2567378
2567379
2567380
2567381
2567382
2567383
2567384
2567385
2567386
2567387
2567388
2567389
2567390
2567391
2567392
2567393
2567394
2567395
2567396
2567397
2567398
2567399
2567400
2567401
2567402
2567403
2567404
2567405
2567406
2567407
2567408
2567409
2567410
2567411
2567412
2567413
2567414
2567415
2567416
2567417
2567418
2567419
2567420
2567421
2567422
2567423
2567424
2567425
2567426
2567427
2567428
2567429
2567430
2567431
2567432
2567433
2567434
2567435
2567436
2567437
2567438
2567439
2567440
2567441
2567442
2567443
2567444
2567445
2567446
2567447
2567448
2567449
2567450
2567451
2567452
2567453
2567454
2567455
2567456
2567457
2567458
2567459
2567460
2567461
2567462
2567463
2567464
2567465
2567466
2567467
2567468
2567469
2567470
2567471
2567472
2567473
2567474
2567475
2567476
2567477
2567478
2567479
2567480
2567481
2567482
2567483
2567484
2567485
2567486
2567487
2567488
2567489
2567490
2567491
2567492
2567493
2567494
2567495
2567496
2567497
2567498
2567499
2567500
2567501
2567502
2567503
2567504
2567505
2567506
2567507
2567508
2567509
2567510
2567511
2567512
2567513
2567514
2567515
2567516
2567517
2567518
2567519
2567520
2567521
2567522
2567523
2567524
2567525
2567526
2567527
2567528
2567529
2567530
2567531
2567532
2567533
2567534
2567535
2567536
2567537
2567538
2567539
2567540
2567541
2567542
2567543
2567544
2567545
2567546
2567547
2567548
2567549
2567550
2567551
2567552
2567553
2567554
2567555
2567556
2567557
2567558
2567559
2567560
2567561
2567562
2567563
2567564
2567565
2567566
2567567
2567568
2567569
2567570
2567571
2567572
2567573
2567574
2567575
2567576
2567577
2567578
2567579
2567580
2567581
2567582
2567583
2567584
2567585
2567586
2567587
2567588
2567589
2567590
2567591
2567592
2567593
2567594
2567595
2567596
2567597
2567598
2567599
2567600
2567601
2567602
2567603
2567604
2567605
2567606
2567607
2567608
2567609
2567610
2567611
2567612
2567613
2567614
2567615
2567616
2567617
2567618
2567619
2567620
2567621
2567622
2567623
2567624
2567625
2567626
2567627
2567628
2567629
2567630
2567631
2567632
2567633
2567634
2567635
2567636
2567637
2567638
2567639
2567640
2567641
2567642
2567643
2567644
2567645
2567646
2567647
2567648
2567649
2567650
2567651
2567652
2567653
2567654
2567655
2567656
2567657
2567658
2567659
2567660
2567661
2567662
2567663
2567664
2567665
2567666
2567667
2567668
2567669
2567670
2567671
2567672
2567673
2567674
2567675
2567676
2567677
2567678
2567679
2567680
2567681
2567682
2567683
2567684
2567685
2567686
2567687
2567688
2567689
2567690
2567691
2567692
2567693
2567694
2567695
2567696
2567697
2567698
2567699
2567700
2567701
2567702
2567703
2567704
2567705
2567706
2567707
2567708
2567709
2567710
2567711
2567712
2567713
2567714
2567715
2567716
2567717
2567718
2567719
2567720
2567721
2567722
2567723
2567724
2567725
2567726
2567727
2567728
2567729
2567730
2567731
2567732
2567733
2567734
2567735
2567736
2567737
2567738
2567739
2567740
2567741
2567742
2567743
2567744
2567745
2567746
2567747
2567748
2567749
2567750
2567751
2567752
2567753
2567754
2567755
2567756
2567757
2567758
2567759
2567760
2567761
2567762
2567763
2567764
2567765
2567766
2567767
2567768
2567769
2567770
2567771
2567772
2567773
2567774
2567775
2567776
2567777
2567778
2567779
2567780
2567781
2567782
2567783
2567784
2567785
2567786
2567787
2567788
2567789
2567790
2567791
2567792
2567793
2567794
2567795
2567796
2567797
2567798
2567799
2567800
2567801
2567802
2567803
2567804
2567805
2567806
2567807
2567808
2567809
2567810
2567811
2567812
2567813
2567814
2567815
2567816
2567817
2567818
2567819
2567820
2567821
2567822
2567823
2567824
2567825
2567826
2567827
2567828
2567829
2567830
2567831
2567832
2567833
2567834
2567835
2567836
2567837
2567838
2567839
2567840
2567841
2567842
2567843
2567844
2567845
2567846
2567847
2567848
2567849
2567850
2567851
2567852
2567853
2567854
2567855
2567856
2567857
2567858
2567859
2567860
2567861
2567862
2567863
2567864
2567865
2567866
2567867
2567868
2567869
2567870
2567871
2567872
2567873
2567874
2567875
2567876
2567877
2567878
2567879
2567880
2567881
2567882
2567883
2567884
2567885
2567886
2567887
2567888
2567889
2567890
2567891
2567892
2567893
2567894
2567895
2567896
2567897
2567898
2567899
2567900
2567901
2567902
2567903
2567904
2567905
2567906
2567907
2567908
2567909
2567910
2567911
2567912
2567913
2567914
2567915
2567916
2567917
2567918
2567919
2567920
2567921
2567922
2567923
2567924
2567925
2567926
2567927
2567928
2567929
2567930
2567931
2567932
2567933
2567934
2567935
2567936
2567937
2567938
2567939
2567940
2567941
2567942
2567943
2567944
2567945
2567946
2567947
2567948
2567949
2567950
2567951
2567952
2567953
2567954
2567955
2567956
2567957
2567958
2567959
2567960
2567961
2567962
2567963
2567964
2567965
2567966
2567967
2567968
2567969
2567970
2567971
2567972
2567973
2567974
2567975
2567976
2567977
2567978
2567979
2567980
2567981
2567982
2567983
2567984
2567985
2567986
2567987
2567988
2567989
2567990
2567991
2567992
2567993
2567994
2567995
2567996
2567997
2567998
2567999
2568000
2568001
2568002
2568003
2568004
2568005
2568006
2568007
2568008
2568009
2568010
2568011
2568012
2568013
2568014
2568015
2568016
2568017
2568018
2568019
2568020
2568021
2568022
2568023
2568024
2568025
2568026
2568027
2568028
2568029
2568030
2568031
2568032
2568033
2568034
2568035
2568036
2568037
2568038
2568039
2568040
2568041
2568042
2568043
2568044
2568045
2568046
2568047
2568048
2568049
2568050
2568051
2568052
2568053
2568054
2568055
2568056
2568057
2568058
2568059
2568060
2568061
2568062
2568063
2568064
2568065
2568066
2568067
2568068
2568069
2568070
2568071
2568072
2568073
2568074
2568075
2568076
2568077
2568078
2568079
2568080
2568081
2568082
2568083
2568084
2568085
2568086
2568087
2568088
2568089
2568090
2568091
2568092
2568093
2568094
2568095
2568096
2568097
2568098
2568099
2568100
2568101
2568102
2568103
2568104
2568105
2568106
2568107
2568108
2568109
2568110
2568111
2568112
2568113
2568114
2568115
2568116
2568117
2568118
2568119
2568120
2568121
2568122
2568123
2568124
2568125
2568126
2568127
2568128
2568129
2568130
2568131
2568132
2568133
2568134
2568135
2568136
2568137
2568138
2568139
2568140
2568141
2568142
2568143
2568144
2568145
2568146
2568147
2568148
2568149
2568150
2568151
2568152
2568153
2568154
2568155
2568156
2568157
2568158
2568159
2568160
2568161
2568162
2568163
2568164
2568165
2568166
2568167
2568168
2568169
2568170
2568171
2568172
2568173
2568174
2568175
2568176
2568177
2568178
2568179
2568180
2568181
2568182
2568183
2568184
2568185
2568186
2568187
2568188
2568189
2568190
2568191
2568192
2568193
2568194
2568195
2568196
2568197
2568198
2568199
2568200
2568201
2568202
2568203
2568204
2568205
2568206
2568207
2568208
2568209
2568210
2568211
2568212
2568213
2568214
2568215
2568216
2568217
2568218
2568219
2568220
2568221
2568222
2568223
2568224
2568225
2568226
2568227
2568228
2568229
2568230
2568231
2568232
2568233
2568234
2568235
2568236
2568237
2568238
2568239
2568240
2568241
2568242
2568243
2568244
2568245
2568246
2568247
2568248
2568249
2568250
2568251
2568252
2568253
2568254
2568255
2568256
2568257
2568258
2568259
2568260
2568261
2568262
2568263
2568264
2568265
2568266
2568267
2568268
2568269
2568270
2568271
2568272
2568273
2568274
2568275
2568276
2568277
2568278
2568279
2568280
2568281
2568282
2568283
2568284
2568285
2568286
2568287
2568288
2568289
2568290
2568291
2568292
2568293
2568294
2568295
2568296
2568297
2568298
2568299
2568300
2568301
2568302
2568303
2568304
2568305
2568306
2568307
2568308
2568309
2568310
2568311
2568312
2568313
2568314
2568315
2568316
2568317
2568318
2568319
2568320
2568321
2568322
2568323
2568324
2568325
2568326
2568327
2568328
2568329
2568330
2568331
2568332
2568333
2568334
2568335
2568336
2568337
2568338
2568339
2568340
2568341
2568342
2568343
2568344
2568345
2568346
2568347
2568348
2568349
2568350
2568351
2568352
2568353
2568354
2568355
2568356
2568357
2568358
2568359
2568360
2568361
2568362
2568363
2568364
2568365
2568366
2568367
2568368
2568369
2568370
2568371
2568372
2568373
2568374
2568375
2568376
2568377
2568378
2568379
2568380
2568381
2568382
2568383
2568384
2568385
2568386
2568387
2568388
2568389
2568390
2568391
2568392
2568393
2568394
2568395
2568396
2568397
2568398
2568399
2568400
2568401
2568402
2568403
2568404
2568405
2568406
2568407
2568408
2568409
2568410
2568411
2568412
2568413
2568414
2568415
2568416
2568417
2568418
2568419
2568420
2568421
2568422
2568423
2568424
2568425
2568426
2568427
2568428
2568429
2568430
2568431
2568432
2568433
2568434
2568435
2568436
2568437
2568438
2568439
2568440
2568441
2568442
2568443
2568444
2568445
2568446
2568447
2568448
2568449
2568450
2568451
2568452
2568453
2568454
2568455
2568456
2568457
2568458
2568459
2568460
2568461
2568462
2568463
2568464
2568465
2568466
2568467
2568468
2568469
2568470
2568471
2568472
2568473
2568474
2568475
2568476
2568477
2568478
2568479
2568480
2568481
2568482
2568483
2568484
2568485
2568486
2568487
2568488
2568489
2568490
2568491
2568492
2568493
2568494
2568495
2568496
2568497
2568498
2568499
2568500
2568501
2568502
2568503
2568504
2568505
2568506
2568507
2568508
2568509
2568510
2568511
2568512
2568513
2568514
2568515
2568516
2568517
2568518
2568519
2568520
2568521
2568522
2568523
2568524
2568525
2568526
2568527
2568528
2568529
2568530
2568531
2568532
2568533
2568534
2568535
2568536
2568537
2568538
2568539
2568540
2568541
2568542
2568543
2568544
2568545
2568546
2568547
2568548
2568549
2568550
2568551
2568552
2568553
2568554
2568555
2568556
2568557
2568558
2568559
2568560
2568561
2568562
2568563
2568564
2568565
2568566
2568567
2568568
2568569
2568570
2568571
2568572
2568573
2568574
2568575
2568576
2568577
2568578
2568579
2568580
2568581
2568582
2568583
2568584
2568585
2568586
2568587
2568588
2568589
2568590
2568591
2568592
2568593
2568594
2568595
2568596
2568597
2568598
2568599
2568600
2568601
2568602
2568603
2568604
2568605
2568606
2568607
2568608
2568609
2568610
2568611
2568612
2568613
2568614
2568615
2568616
2568617
2568618
2568619
2568620
2568621
2568622
2568623
2568624
2568625
2568626
2568627
2568628
2568629
2568630
2568631
2568632
2568633
2568634
2568635
2568636
2568637
2568638
2568639
2568640
2568641
2568642
2568643
2568644
2568645
2568646
2568647
2568648
2568649
2568650
2568651
2568652
2568653
2568654
2568655
2568656
2568657
2568658
2568659
2568660
2568661
2568662
2568663
2568664
2568665
2568666
2568667
2568668
2568669
2568670
2568671
2568672
2568673
2568674
2568675
2568676
2568677
2568678
2568679
2568680
2568681
2568682
2568683
2568684
2568685
2568686
2568687
2568688
2568689
2568690
2568691
2568692
2568693
2568694
2568695
2568696
2568697
2568698
2568699
2568700
2568701
2568702
2568703
2568704
2568705
2568706
2568707
2568708
2568709
2568710
2568711
2568712
2568713
2568714
2568715
2568716
2568717
2568718
2568719
2568720
2568721
2568722
2568723
2568724
2568725
2568726
2568727
2568728
2568729
2568730
2568731
2568732
2568733
2568734
2568735
2568736
2568737
2568738
2568739
2568740
2568741
2568742
2568743
2568744
2568745
2568746
2568747
2568748
2568749
2568750
2568751
2568752
2568753
2568754
2568755
2568756
2568757
2568758
2568759
2568760
2568761
2568762
2568763
2568764
2568765
2568766
2568767
2568768
2568769
2568770
2568771
2568772
2568773
2568774
2568775
2568776
2568777
2568778
2568779
2568780
2568781
2568782
2568783
2568784
2568785
2568786
2568787
2568788
2568789
2568790
2568791
2568792
2568793
2568794
2568795
2568796
2568797
2568798
2568799
2568800
2568801
2568802
2568803
2568804
2568805
2568806
2568807
2568808
2568809
2568810
2568811
2568812
2568813
2568814
2568815
2568816
2568817
2568818
2568819
2568820
2568821
2568822
2568823
2568824
2568825
2568826
2568827
2568828
2568829
2568830
2568831
2568832
2568833
2568834
2568835
2568836
2568837
2568838
2568839
2568840
2568841
2568842
2568843
2568844
2568845
2568846
2568847
2568848
2568849
2568850
2568851
2568852
2568853
2568854
2568855
2568856
2568857
2568858
2568859
2568860
2568861
2568862
2568863
2568864
2568865
2568866
2568867
2568868
2568869
2568870
2568871
2568872
2568873
2568874
2568875
2568876
2568877
2568878
2568879
2568880
2568881
2568882
2568883
2568884
2568885
2568886
2568887
2568888
2568889
2568890
2568891
2568892
2568893
2568894
2568895
2568896
2568897
2568898
2568899
2568900
2568901
2568902
2568903
2568904
2568905
2568906
2568907
2568908
2568909
2568910
2568911
2568912
2568913
2568914
2568915
2568916
2568917
2568918
2568919
2568920
2568921
2568922
2568923
2568924
2568925
2568926
2568927
2568928
2568929
2568930
2568931
2568932
2568933
2568934
2568935
2568936
2568937
2568938
2568939
2568940
2568941
2568942
2568943
2568944
2568945
2568946
2568947
2568948
2568949
2568950
2568951
2568952
2568953
2568954
2568955
2568956
2568957
2568958
2568959
2568960
2568961
2568962
2568963
2568964
2568965
2568966
2568967
2568968
2568969
2568970
2568971
2568972
2568973
2568974
2568975
2568976
2568977
2568978
2568979
2568980
2568981
2568982
2568983
2568984
2568985
2568986
2568987
2568988
2568989
2568990
2568991
2568992
2568993
2568994
2568995
2568996
2568997
2568998
2568999
2569000
2569001
2569002
2569003
2569004
2569005
2569006
2569007
2569008
2569009
2569010
2569011
2569012
2569013
2569014
2569015
2569016
2569017
2569018
2569019
2569020
2569021
2569022
2569023
2569024
2569025
2569026
2569027
2569028
2569029
2569030
2569031
2569032
2569033
2569034
2569035
2569036
2569037
2569038
2569039
2569040
2569041
2569042
2569043
2569044
2569045
2569046
2569047
2569048
2569049
2569050
2569051
2569052
2569053
2569054
2569055
2569056
2569057
2569058
2569059
2569060
2569061
2569062
2569063
2569064
2569065
2569066
2569067
2569068
2569069
2569070
2569071
2569072
2569073
2569074
2569075
2569076
2569077
2569078
2569079
2569080
2569081
2569082
2569083
2569084
2569085
2569086
2569087
2569088
2569089
2569090
2569091
2569092
2569093
2569094
2569095
2569096
2569097
2569098
2569099
2569100
2569101
2569102
2569103
2569104
2569105
2569106
2569107
2569108
2569109
2569110
2569111
2569112
2569113
2569114
2569115
2569116
2569117
2569118
2569119
2569120
2569121
2569122
2569123
2569124
2569125
2569126
2569127
2569128
2569129
2569130
2569131
2569132
2569133
2569134
2569135
2569136
2569137
2569138
2569139
2569140
2569141
2569142
2569143
2569144
2569145
2569146
2569147
2569148
2569149
2569150
2569151
2569152
2569153
2569154
2569155
2569156
2569157
2569158
2569159
2569160
2569161
2569162
2569163
2569164
2569165
2569166
2569167
2569168
2569169
2569170
2569171
2569172
2569173
2569174
2569175
2569176
2569177
2569178
2569179
2569180
2569181
2569182
2569183
2569184
2569185
2569186
2569187
2569188
2569189
2569190
2569191
2569192
2569193
2569194
2569195
2569196
2569197
2569198
2569199
2569200
2569201
2569202
2569203
2569204
2569205
2569206
2569207
2569208
2569209
2569210
2569211
2569212
2569213
2569214
2569215
2569216
2569217
2569218
2569219
2569220
2569221
2569222
2569223
2569224
2569225
2569226
2569227
2569228
2569229
2569230
2569231
2569232
2569233
2569234
2569235
2569236
2569237
2569238
2569239
2569240
2569241
2569242
2569243
2569244
2569245
2569246
2569247
2569248
2569249
2569250
2569251
2569252
2569253
2569254
2569255
2569256
2569257
2569258
2569259
2569260
2569261
2569262
2569263
2569264
2569265
2569266
2569267
2569268
2569269
2569270
2569271
2569272
2569273
2569274
2569275
2569276
2569277
2569278
2569279
2569280
2569281
2569282
2569283
2569284
2569285
2569286
2569287
2569288
2569289
2569290
2569291
2569292
2569293
2569294
2569295
2569296
2569297
2569298
2569299
2569300
2569301
2569302
2569303
2569304
2569305
2569306
2569307
2569308
2569309
2569310
2569311
2569312
2569313
2569314
2569315
2569316
2569317
2569318
2569319
2569320
2569321
2569322
2569323
2569324
2569325
2569326
2569327
2569328
2569329
2569330
2569331
2569332
2569333
2569334
2569335
2569336
2569337
2569338
2569339
2569340
2569341
2569342
2569343
2569344
2569345
2569346
2569347
2569348
2569349
2569350
2569351
2569352
2569353
2569354
2569355
2569356
2569357
2569358
2569359
2569360
2569361
2569362
2569363
2569364
2569365
2569366
2569367
2569368
2569369
2569370
2569371
2569372
2569373
2569374
2569375
2569376
2569377
2569378
2569379
2569380
2569381
2569382
2569383
2569384
2569385
2569386
2569387
2569388
2569389
2569390
2569391
2569392
2569393
2569394
2569395
2569396
2569397
2569398
2569399
2569400
2569401
2569402
2569403
2569404
2569405
2569406
2569407
2569408
2569409
2569410
2569411
2569412
2569413
2569414
2569415
2569416
2569417
2569418
2569419
2569420
2569421
2569422
2569423
2569424
2569425
2569426
2569427
2569428
2569429
2569430
2569431
2569432
2569433
2569434
2569435
2569436
2569437
2569438
2569439
2569440
2569441
2569442
2569443
2569444
2569445
2569446
2569447
2569448
2569449
2569450
2569451
2569452
2569453
2569454
2569455
2569456
2569457
2569458
2569459
2569460
2569461
2569462
2569463
2569464
2569465
2569466
2569467
2569468
2569469
2569470
2569471
2569472
2569473
2569474
2569475
2569476
2569477
2569478
2569479
2569480
2569481
2569482
2569483
2569484
2569485
2569486
2569487
2569488
2569489
2569490
2569491
2569492
2569493
2569494
2569495
2569496
2569497
2569498
2569499
2569500
2569501
2569502
2569503
2569504
2569505
2569506
2569507
2569508
2569509
2569510
2569511
2569512
2569513
2569514
2569515
2569516
2569517
2569518
2569519
2569520
2569521
2569522
2569523
2569524
2569525
2569526
2569527
2569528
2569529
2569530
2569531
2569532
2569533
2569534
2569535
2569536
2569537
2569538
2569539
2569540
2569541
2569542
2569543
2569544
2569545
2569546
2569547
2569548
2569549
2569550
2569551
2569552
2569553
2569554
2569555
2569556
2569557
2569558
2569559
2569560
2569561
2569562
2569563
2569564
2569565
2569566
2569567
2569568
2569569
2569570
2569571
2569572
2569573
2569574
2569575
2569576
2569577
2569578
2569579
2569580
2569581
2569582
2569583
2569584
2569585
2569586
2569587
2569588
2569589
2569590
2569591
2569592
2569593
2569594
2569595
2569596
2569597
2569598
2569599
2569600
2569601
2569602
2569603
2569604
2569605
2569606
2569607
2569608
2569609
2569610
2569611
2569612
2569613
2569614
2569615
2569616
2569617
2569618
2569619
2569620
2569621
2569622
2569623
2569624
2569625
2569626
2569627
2569628
2569629
2569630
2569631
2569632
2569633
2569634
2569635
2569636
2569637
2569638
2569639
2569640
2569641
2569642
2569643
2569644
2569645
2569646
2569647
2569648
2569649
2569650
2569651
2569652
2569653
2569654
2569655
2569656
2569657
2569658
2569659
2569660
2569661
2569662
2569663
2569664
2569665
2569666
2569667
2569668
2569669
2569670
2569671
2569672
2569673
2569674
2569675
2569676
2569677
2569678
2569679
2569680
2569681
2569682
2569683
2569684
2569685
2569686
2569687
2569688
2569689
2569690
2569691
2569692
2569693
2569694
2569695
2569696
2569697
2569698
2569699
2569700
2569701
2569702
2569703
2569704
2569705
2569706
2569707
2569708
2569709
2569710
2569711
2569712
2569713
2569714
2569715
2569716
2569717
2569718
2569719
2569720
2569721
2569722
2569723
2569724
2569725
2569726
2569727
2569728
2569729
2569730
2569731
2569732
2569733
2569734
2569735
2569736
2569737
2569738
2569739
2569740
2569741
2569742
2569743
2569744
2569745
2569746
2569747
2569748
2569749
2569750
2569751
2569752
2569753
2569754
2569755
2569756
2569757
2569758
2569759
2569760
2569761
2569762
2569763
2569764
2569765
2569766
2569767
2569768
2569769
2569770
2569771
2569772
2569773
2569774
2569775
2569776
2569777
2569778
2569779
2569780
2569781
2569782
2569783
2569784
2569785
2569786
2569787
2569788
2569789
2569790
2569791
2569792
2569793
2569794
2569795
2569796
2569797
2569798
2569799
2569800
2569801
2569802
2569803
2569804
2569805
2569806
2569807
2569808
2569809
2569810
2569811
2569812
2569813
2569814
2569815
2569816
2569817
2569818
2569819
2569820
2569821
2569822
2569823
2569824
2569825
2569826
2569827
2569828
2569829
2569830
2569831
2569832
2569833
2569834
2569835
2569836
2569837
2569838
2569839
2569840
2569841
2569842
2569843
2569844
2569845
2569846
2569847
2569848
2569849
2569850
2569851
2569852
2569853
2569854
2569855
2569856
2569857
2569858
2569859
2569860
2569861
2569862
2569863
2569864
2569865
2569866
2569867
2569868
2569869
2569870
2569871
2569872
2569873
2569874
2569875
2569876
2569877
2569878
2569879
2569880
2569881
2569882
2569883
2569884
2569885
2569886
2569887
2569888
2569889
2569890
2569891
2569892
2569893
2569894
2569895
2569896
2569897
2569898
2569899
2569900
2569901
2569902
2569903
2569904
2569905
2569906
2569907
2569908
2569909
2569910
2569911
2569912
2569913
2569914
2569915
2569916
2569917
2569918
2569919
2569920
2569921
2569922
2569923
2569924
2569925
2569926
2569927
2569928
2569929
2569930
2569931
2569932
2569933
2569934
2569935
2569936
2569937
2569938
2569939
2569940
2569941
2569942
2569943
2569944
2569945
2569946
2569947
2569948
2569949
2569950
2569951
2569952
2569953
2569954
2569955
2569956
2569957
2569958
2569959
2569960
2569961
2569962
2569963
2569964
2569965
2569966
2569967
2569968
2569969
2569970
2569971
2569972
2569973
2569974
2569975
2569976
2569977
2569978
2569979
2569980
2569981
2569982
2569983
2569984
2569985
2569986
2569987
2569988
2569989
2569990
2569991
2569992
2569993
2569994
2569995
2569996
2569997
2569998
2569999
2570000
