2650001
2650002
2650003
2650004
2650005
2650006
2650007
2650008
2650009
2650010
2650011
2650012
2650013
2650014
2650015
2650016
2650017
2650018
2650019
2650020
2650021
2650022
2650023
2650024
2650025
2650026
2650027
2650028
2650029
2650030
2650031
2650032
2650033
2650034
2650035
2650036
2650037
2650038
2650039
2650040
2650041
2650042
2650043
2650044
2650045
2650046
2650047
2650048
2650049
2650050
2650051
2650052
2650053
2650054
2650055
2650056
2650057
2650058
2650059
2650060
2650061
2650062
2650063
2650064
2650065
2650066
2650067
2650068
2650069
2650070
2650071
2650072
2650073
2650074
2650075
2650076
2650077
2650078
2650079
2650080
2650081
2650082
2650083
2650084
2650085
2650086
2650087
2650088
2650089
2650090
2650091
2650092
2650093
2650094
2650095
2650096
2650097
2650098
2650099
2650100
2650101
2650102
2650103
2650104
2650105
2650106
2650107
2650108
2650109
2650110
2650111
2650112
2650113
2650114
2650115
2650116
2650117
2650118
2650119
2650120
2650121
2650122
2650123
2650124
2650125
2650126
2650127
2650128
2650129
2650130
2650131
2650132
2650133
2650134
2650135
2650136
2650137
2650138
2650139
2650140
2650141
2650142
2650143
2650144
2650145
2650146
2650147
2650148
2650149
2650150
2650151
2650152
2650153
2650154
2650155
2650156
2650157
2650158
2650159
2650160
2650161
2650162
2650163
2650164
2650165
2650166
2650167
2650168
2650169
2650170
2650171
2650172
2650173
2650174
2650175
2650176
2650177
2650178
2650179
2650180
2650181
2650182
2650183
2650184
2650185
2650186
2650187
2650188
2650189
2650190
2650191
2650192
2650193
2650194
2650195
2650196
2650197
2650198
2650199
2650200
2650201
2650202
2650203
2650204
2650205
2650206
2650207
2650208
2650209
2650210
2650211
2650212
2650213
2650214
2650215
2650216
2650217
2650218
2650219
2650220
2650221
2650222
2650223
2650224
2650225
2650226
2650227
2650228
2650229
2650230
2650231
2650232
2650233
2650234
2650235
2650236
2650237
2650238
2650239
2650240
2650241
2650242
2650243
2650244
2650245
2650246
2650247
2650248
2650249
2650250
2650251
2650252
2650253
2650254
2650255
2650256
2650257
2650258
2650259
2650260
2650261
2650262
2650263
2650264
2650265
2650266
2650267
2650268
2650269
2650270
2650271
2650272
2650273
2650274
2650275
2650276
2650277
2650278
2650279
2650280
2650281
2650282
2650283
2650284
2650285
2650286
2650287
2650288
2650289
2650290
2650291
2650292
2650293
2650294
2650295
2650296
2650297
2650298
2650299
2650300
2650301
2650302
2650303
2650304
2650305
2650306
2650307
2650308
2650309
2650310
2650311
2650312
2650313
2650314
2650315
2650316
2650317
2650318
2650319
2650320
2650321
2650322
2650323
2650324
2650325
2650326
2650327
2650328
2650329
2650330
2650331
2650332
2650333
2650334
2650335
2650336
2650337
2650338
2650339
2650340
2650341
2650342
2650343
2650344
2650345
2650346
2650347
2650348
2650349
2650350
2650351
2650352
2650353
2650354
2650355
2650356
2650357
2650358
2650359
2650360
2650361
2650362
2650363
2650364
2650365
2650366
2650367
2650368
2650369
2650370
2650371
2650372
2650373
2650374
2650375
2650376
2650377
2650378
2650379
2650380
2650381
2650382
2650383
2650384
2650385
2650386
2650387
2650388
2650389
2650390
2650391
2650392
2650393
2650394
2650395
2650396
2650397
2650398
2650399
2650400
2650401
2650402
2650403
2650404
2650405
2650406
2650407
2650408
2650409
2650410
2650411
2650412
2650413
2650414
2650415
2650416
2650417
2650418
2650419
2650420
2650421
2650422
2650423
2650424
2650425
2650426
2650427
2650428
2650429
2650430
2650431
2650432
2650433
2650434
2650435
2650436
2650437
2650438
2650439
2650440
2650441
2650442
2650443
2650444
2650445
2650446
2650447
2650448
2650449
2650450
2650451
2650452
2650453
2650454
2650455
2650456
2650457
2650458
2650459
2650460
2650461
2650462
2650463
2650464
2650465
2650466
2650467
2650468
2650469
2650470
2650471
2650472
2650473
2650474
2650475
2650476
2650477
2650478
2650479
2650480
2650481
2650482
2650483
2650484
2650485
2650486
2650487
2650488
2650489
2650490
2650491
2650492
2650493
2650494
2650495
2650496
2650497
2650498
2650499
2650500
2650501
2650502
2650503
2650504
2650505
2650506
2650507
2650508
2650509
2650510
2650511
2650512
2650513
2650514
2650515
2650516
2650517
2650518
2650519
2650520
2650521
2650522
2650523
2650524
2650525
2650526
2650527
2650528
2650529
2650530
2650531
2650532
2650533
2650534
2650535
2650536
2650537
2650538
2650539
2650540
2650541
2650542
2650543
2650544
2650545
2650546
2650547
2650548
2650549
2650550
2650551
2650552
2650553
2650554
2650555
2650556
2650557
2650558
2650559
2650560
2650561
2650562
2650563
2650564
2650565
2650566
2650567
2650568
2650569
2650570
2650571
2650572
2650573
2650574
2650575
2650576
2650577
2650578
2650579
2650580
2650581
2650582
2650583
2650584
2650585
2650586
2650587
2650588
2650589
2650590
2650591
2650592
2650593
2650594
2650595
2650596
2650597
2650598
2650599
2650600
2650601
2650602
2650603
2650604
2650605
2650606
2650607
2650608
2650609
2650610
2650611
2650612
2650613
2650614
2650615
2650616
2650617
2650618
2650619
2650620
2650621
2650622
2650623
2650624
2650625
2650626
2650627
2650628
2650629
2650630
2650631
2650632
2650633
2650634
2650635
2650636
2650637
2650638
2650639
2650640
2650641
2650642
2650643
2650644
2650645
2650646
2650647
2650648
2650649
2650650
2650651
2650652
2650653
2650654
2650655
2650656
2650657
2650658
2650659
2650660
2650661
2650662
2650663
2650664
2650665
2650666
2650667
2650668
2650669
2650670
2650671
2650672
2650673
2650674
2650675
2650676
2650677
2650678
2650679
2650680
2650681
2650682
2650683
2650684
2650685
2650686
2650687
2650688
2650689
2650690
2650691
2650692
2650693
2650694
2650695
2650696
2650697
2650698
2650699
2650700
2650701
2650702
2650703
2650704
2650705
2650706
2650707
2650708
2650709
2650710
2650711
2650712
2650713
2650714
2650715
2650716
2650717
2650718
2650719
2650720
2650721
2650722
2650723
2650724
2650725
2650726
2650727
2650728
2650729
2650730
2650731
2650732
2650733
2650734
2650735
2650736
2650737
2650738
2650739
2650740
2650741
2650742
2650743
2650744
2650745
2650746
2650747
2650748
2650749
2650750
2650751
2650752
2650753
2650754
2650755
2650756
2650757
2650758
2650759
2650760
2650761
2650762
2650763
2650764
2650765
2650766
2650767
2650768
2650769
2650770
2650771
2650772
2650773
2650774
2650775
2650776
2650777
2650778
2650779
2650780
2650781
2650782
2650783
2650784
2650785
2650786
2650787
2650788
2650789
2650790
2650791
2650792
2650793
2650794
2650795
2650796
2650797
2650798
2650799
2650800
2650801
2650802
2650803
2650804
2650805
2650806
2650807
2650808
2650809
2650810
2650811
2650812
2650813
2650814
2650815
2650816
2650817
2650818
2650819
2650820
2650821
2650822
2650823
2650824
2650825
2650826
2650827
2650828
2650829
2650830
2650831
2650832
2650833
2650834
2650835
2650836
2650837
2650838
2650839
2650840
2650841
2650842
2650843
2650844
2650845
2650846
2650847
2650848
2650849
2650850
2650851
2650852
2650853
2650854
2650855
2650856
2650857
2650858
2650859
2650860
2650861
2650862
2650863
2650864
2650865
2650866
2650867
2650868
2650869
2650870
2650871
2650872
2650873
2650874
2650875
2650876
2650877
2650878
2650879
2650880
2650881
2650882
2650883
2650884
2650885
2650886
2650887
2650888
2650889
2650890
2650891
2650892
2650893
2650894
2650895
2650896
2650897
2650898
2650899
2650900
2650901
2650902
2650903
2650904
2650905
2650906
2650907
2650908
2650909
2650910
2650911
2650912
2650913
2650914
2650915
2650916
2650917
2650918
2650919
2650920
2650921
2650922
2650923
2650924
2650925
2650926
2650927
2650928
2650929
2650930
2650931
2650932
2650933
2650934
2650935
2650936
2650937
2650938
2650939
2650940
2650941
2650942
2650943
2650944
2650945
2650946
2650947
2650948
2650949
2650950
2650951
2650952
2650953
2650954
2650955
2650956
2650957
2650958
2650959
2650960
2650961
2650962
2650963
2650964
2650965
2650966
2650967
2650968
2650969
2650970
2650971
2650972
2650973
2650974
2650975
2650976
2650977
2650978
2650979
2650980
2650981
2650982
2650983
2650984
2650985
2650986
2650987
2650988
2650989
2650990
2650991
2650992
2650993
2650994
2650995
2650996
2650997
2650998
2650999
2651000
2651001
2651002
2651003
2651004
2651005
2651006
2651007
2651008
2651009
2651010
2651011
2651012
2651013
2651014
2651015
2651016
2651017
2651018
2651019
2651020
2651021
2651022
2651023
2651024
2651025
2651026
2651027
2651028
2651029
2651030
2651031
2651032
2651033
2651034
2651035
2651036
2651037
2651038
2651039
2651040
2651041
2651042
2651043
2651044
2651045
2651046
2651047
2651048
2651049
2651050
2651051
2651052
2651053
2651054
2651055
2651056
2651057
2651058
2651059
2651060
2651061
2651062
2651063
2651064
2651065
2651066
2651067
2651068
2651069
2651070
2651071
2651072
2651073
2651074
2651075
2651076
2651077
2651078
2651079
2651080
2651081
2651082
2651083
2651084
2651085
2651086
2651087
2651088
2651089
2651090
2651091
2651092
2651093
2651094
2651095
2651096
2651097
2651098
2651099
2651100
2651101
2651102
2651103
2651104
2651105
2651106
2651107
2651108
2651109
2651110
2651111
2651112
2651113
2651114
2651115
2651116
2651117
2651118
2651119
2651120
2651121
2651122
2651123
2651124
2651125
2651126
2651127
2651128
2651129
2651130
2651131
2651132
2651133
2651134
2651135
2651136
2651137
2651138
2651139
2651140
2651141
2651142
2651143
2651144
2651145
2651146
2651147
2651148
2651149
2651150
2651151
2651152
2651153
2651154
2651155
2651156
2651157
2651158
2651159
2651160
2651161
2651162
2651163
2651164
2651165
2651166
2651167
2651168
2651169
2651170
2651171
2651172
2651173
2651174
2651175
2651176
2651177
2651178
2651179
2651180
2651181
2651182
2651183
2651184
2651185
2651186
2651187
2651188
2651189
2651190
2651191
2651192
2651193
2651194
2651195
2651196
2651197
2651198
2651199
2651200
2651201
2651202
2651203
2651204
2651205
2651206
2651207
2651208
2651209
2651210
2651211
2651212
2651213
2651214
2651215
2651216
2651217
2651218
2651219
2651220
2651221
2651222
2651223
2651224
2651225
2651226
2651227
2651228
2651229
2651230
2651231
2651232
2651233
2651234
2651235
2651236
2651237
2651238
2651239
2651240
2651241
2651242
2651243
2651244
2651245
2651246
2651247
2651248
2651249
2651250
2651251
2651252
2651253
2651254
2651255
2651256
2651257
2651258
2651259
2651260
2651261
2651262
2651263
2651264
2651265
2651266
2651267
2651268
2651269
2651270
2651271
2651272
2651273
2651274
2651275
2651276
2651277
2651278
2651279
2651280
2651281
2651282
2651283
2651284
2651285
2651286
2651287
2651288
2651289
2651290
2651291
2651292
2651293
2651294
2651295
2651296
2651297
2651298
2651299
2651300
2651301
2651302
2651303
2651304
2651305
2651306
2651307
2651308
2651309
2651310
2651311
2651312
2651313
2651314
2651315
2651316
2651317
2651318
2651319
2651320
2651321
2651322
2651323
2651324
2651325
2651326
2651327
2651328
2651329
2651330
2651331
2651332
2651333
2651334
2651335
2651336
2651337
2651338
2651339
2651340
2651341
2651342
2651343
2651344
2651345
2651346
2651347
2651348
2651349
2651350
2651351
2651352
2651353
2651354
2651355
2651356
2651357
2651358
2651359
2651360
2651361
2651362
2651363
2651364
2651365
2651366
2651367
2651368
2651369
2651370
2651371
2651372
2651373
2651374
2651375
2651376
2651377
2651378
2651379
2651380
2651381
2651382
2651383
2651384
2651385
2651386
2651387
2651388
2651389
2651390
2651391
2651392
2651393
2651394
2651395
2651396
2651397
2651398
2651399
2651400
2651401
2651402
2651403
2651404
2651405
2651406
2651407
2651408
2651409
2651410
2651411
2651412
2651413
2651414
2651415
2651416
2651417
2651418
2651419
2651420
2651421
2651422
2651423
2651424
2651425
2651426
2651427
2651428
2651429
2651430
2651431
2651432
2651433
2651434
2651435
2651436
2651437
2651438
2651439
2651440
2651441
2651442
2651443
2651444
2651445
2651446
2651447
2651448
2651449
2651450
2651451
2651452
2651453
2651454
2651455
2651456
2651457
2651458
2651459
2651460
2651461
2651462
2651463
2651464
2651465
2651466
2651467
2651468
2651469
2651470
2651471
2651472
2651473
2651474
2651475
2651476
2651477
2651478
2651479
2651480
2651481
2651482
2651483
2651484
2651485
2651486
2651487
2651488
2651489
2651490
2651491
2651492
2651493
2651494
2651495
2651496
2651497
2651498
2651499
2651500
2651501
2651502
2651503
2651504
2651505
2651506
2651507
2651508
2651509
2651510
2651511
2651512
2651513
2651514
2651515
2651516
2651517
2651518
2651519
2651520
2651521
2651522
2651523
2651524
2651525
2651526
2651527
2651528
2651529
2651530
2651531
2651532
2651533
2651534
2651535
2651536
2651537
2651538
2651539
2651540
2651541
2651542
2651543
2651544
2651545
2651546
2651547
2651548
2651549
2651550
2651551
2651552
2651553
2651554
2651555
2651556
2651557
2651558
2651559
2651560
2651561
2651562
2651563
2651564
2651565
2651566
2651567
2651568
2651569
2651570
2651571
2651572
2651573
2651574
2651575
2651576
2651577
2651578
2651579
2651580
2651581
2651582
2651583
2651584
2651585
2651586
2651587
2651588
2651589
2651590
2651591
2651592
2651593
2651594
2651595
2651596
2651597
2651598
2651599
2651600
2651601
2651602
2651603
2651604
2651605
2651606
2651607
2651608
2651609
2651610
2651611
2651612
2651613
2651614
2651615
2651616
2651617
2651618
2651619
2651620
2651621
2651622
2651623
2651624
2651625
2651626
2651627
2651628
2651629
2651630
2651631
2651632
2651633
2651634
2651635
2651636
2651637
2651638
2651639
2651640
2651641
2651642
2651643
2651644
2651645
2651646
2651647
2651648
2651649
2651650
2651651
2651652
2651653
2651654
2651655
2651656
2651657
2651658
2651659
2651660
2651661
2651662
2651663
2651664
2651665
2651666
2651667
2651668
2651669
2651670
2651671
2651672
2651673
2651674
2651675
2651676
2651677
2651678
2651679
2651680
2651681
2651682
2651683
2651684
2651685
2651686
2651687
2651688
2651689
2651690
2651691
2651692
2651693
2651694
2651695
2651696
2651697
2651698
2651699
2651700
2651701
2651702
2651703
2651704
2651705
2651706
2651707
2651708
2651709
2651710
2651711
2651712
2651713
2651714
2651715
2651716
2651717
2651718
2651719
2651720
2651721
2651722
2651723
2651724
2651725
2651726
2651727
2651728
2651729
2651730
2651731
2651732
2651733
2651734
2651735
2651736
2651737
2651738
2651739
2651740
2651741
2651742
2651743
2651744
2651745
2651746
2651747
2651748
2651749
2651750
2651751
2651752
2651753
2651754
2651755
2651756
2651757
2651758
2651759
2651760
2651761
2651762
2651763
2651764
2651765
2651766
2651767
2651768
2651769
2651770
2651771
2651772
2651773
2651774
2651775
2651776
2651777
2651778
2651779
2651780
2651781
2651782
2651783
2651784
2651785
2651786
2651787
2651788
2651789
2651790
2651791
2651792
2651793
2651794
2651795
2651796
2651797
2651798
2651799
2651800
2651801
2651802
2651803
2651804
2651805
2651806
2651807
2651808
2651809
2651810
2651811
2651812
2651813
2651814
2651815
2651816
2651817
2651818
2651819
2651820
2651821
2651822
2651823
2651824
2651825
2651826
2651827
2651828
2651829
2651830
2651831
2651832
2651833
2651834
2651835
2651836
2651837
2651838
2651839
2651840
2651841
2651842
2651843
2651844
2651845
2651846
2651847
2651848
2651849
2651850
2651851
2651852
2651853
2651854
2651855
2651856
2651857
2651858
2651859
2651860
2651861
2651862
2651863
2651864
2651865
2651866
2651867
2651868
2651869
2651870
2651871
2651872
2651873
2651874
2651875
2651876
2651877
2651878
2651879
2651880
2651881
2651882
2651883
2651884
2651885
2651886
2651887
2651888
2651889
2651890
2651891
2651892
2651893
2651894
2651895
2651896
2651897
2651898
2651899
2651900
2651901
2651902
2651903
2651904
2651905
2651906
2651907
2651908
2651909
2651910
2651911
2651912
2651913
2651914
2651915
2651916
2651917
2651918
2651919
2651920
2651921
2651922
2651923
2651924
2651925
2651926
2651927
2651928
2651929
2651930
2651931
2651932
2651933
2651934
2651935
2651936
2651937
2651938
2651939
2651940
2651941
2651942
2651943
2651944
2651945
2651946
2651947
2651948
2651949
2651950
2651951
2651952
2651953
2651954
2651955
2651956
2651957
2651958
2651959
2651960
2651961
2651962
2651963
2651964
2651965
2651966
2651967
2651968
2651969
2651970
2651971
2651972
2651973
2651974
2651975
2651976
2651977
2651978
2651979
2651980
2651981
2651982
2651983
2651984
2651985
2651986
2651987
2651988
2651989
2651990
2651991
2651992
2651993
2651994
2651995
2651996
2651997
2651998
2651999
2652000
2652001
2652002
2652003
2652004
2652005
2652006
2652007
2652008
2652009
2652010
2652011
2652012
2652013
2652014
2652015
2652016
2652017
2652018
2652019
2652020
2652021
2652022
2652023
2652024
2652025
2652026
2652027
2652028
2652029
2652030
2652031
2652032
2652033
2652034
2652035
2652036
2652037
2652038
2652039
2652040
2652041
2652042
2652043
2652044
2652045
2652046
2652047
2652048
2652049
2652050
2652051
2652052
2652053
2652054
2652055
2652056
2652057
2652058
2652059
2652060
2652061
2652062
2652063
2652064
2652065
2652066
2652067
2652068
2652069
2652070
2652071
2652072
2652073
2652074
2652075
2652076
2652077
2652078
2652079
2652080
2652081
2652082
2652083
2652084
2652085
2652086
2652087
2652088
2652089
2652090
2652091
2652092
2652093
2652094
2652095
2652096
2652097
2652098
2652099
2652100
2652101
2652102
2652103
2652104
2652105
2652106
2652107
2652108
2652109
2652110
2652111
2652112
2652113
2652114
2652115
2652116
2652117
2652118
2652119
2652120
2652121
2652122
2652123
2652124
2652125
2652126
2652127
2652128
2652129
2652130
2652131
2652132
2652133
2652134
2652135
2652136
2652137
2652138
2652139
2652140
2652141
2652142
2652143
2652144
2652145
2652146
2652147
2652148
2652149
2652150
2652151
2652152
2652153
2652154
2652155
2652156
2652157
2652158
2652159
2652160
2652161
2652162
2652163
2652164
2652165
2652166
2652167
2652168
2652169
2652170
2652171
2652172
2652173
2652174
2652175
2652176
2652177
2652178
2652179
2652180
2652181
2652182
2652183
2652184
2652185
2652186
2652187
2652188
2652189
2652190
2652191
2652192
2652193
2652194
2652195
2652196
2652197
2652198
2652199
2652200
2652201
2652202
2652203
2652204
2652205
2652206
2652207
2652208
2652209
2652210
2652211
2652212
2652213
2652214
2652215
2652216
2652217
2652218
2652219
2652220
2652221
2652222
2652223
2652224
2652225
2652226
2652227
2652228
2652229
2652230
2652231
2652232
2652233
2652234
2652235
2652236
2652237
2652238
2652239
2652240
2652241
2652242
2652243
2652244
2652245
2652246
2652247
2652248
2652249
2652250
2652251
2652252
2652253
2652254
2652255
2652256
2652257
2652258
2652259
2652260
2652261
2652262
2652263
2652264
2652265
2652266
2652267
2652268
2652269
2652270
2652271
2652272
2652273
2652274
2652275
2652276
2652277
2652278
2652279
2652280
2652281
2652282
2652283
2652284
2652285
2652286
2652287
2652288
2652289
2652290
2652291
2652292
2652293
2652294
2652295
2652296
2652297
2652298
2652299
2652300
2652301
2652302
2652303
2652304
2652305
2652306
2652307
2652308
2652309
2652310
2652311
2652312
2652313
2652314
2652315
2652316
2652317
2652318
2652319
2652320
2652321
2652322
2652323
2652324
2652325
2652326
2652327
2652328
2652329
2652330
2652331
2652332
2652333
2652334
2652335
2652336
2652337
2652338
2652339
2652340
2652341
2652342
2652343
2652344
2652345
2652346
2652347
2652348
2652349
2652350
2652351
2652352
2652353
2652354
2652355
2652356
2652357
2652358
2652359
2652360
2652361
2652362
2652363
2652364
2652365
2652366
2652367
2652368
2652369
2652370
2652371
2652372
2652373
2652374
2652375
2652376
2652377
2652378
2652379
2652380
2652381
2652382
2652383
2652384
2652385
2652386
2652387
2652388
2652389
2652390
2652391
2652392
2652393
2652394
2652395
2652396
2652397
2652398
2652399
2652400
2652401
2652402
2652403
2652404
2652405
2652406
2652407
2652408
2652409
2652410
2652411
2652412
2652413
2652414
2652415
2652416
2652417
2652418
2652419
2652420
2652421
2652422
2652423
2652424
2652425
2652426
2652427
2652428
2652429
2652430
2652431
2652432
2652433
2652434
2652435
2652436
2652437
2652438
2652439
2652440
2652441
2652442
2652443
2652444
2652445
2652446
2652447
2652448
2652449
2652450
2652451
2652452
2652453
2652454
2652455
2652456
2652457
2652458
2652459
2652460
2652461
2652462
2652463
2652464
2652465
2652466
2652467
2652468
2652469
2652470
2652471
2652472
2652473
2652474
2652475
2652476
2652477
2652478
2652479
2652480
2652481
2652482
2652483
2652484
2652485
2652486
2652487
2652488
2652489
2652490
2652491
2652492
2652493
2652494
2652495
2652496
2652497
2652498
2652499
2652500
2652501
2652502
2652503
2652504
2652505
2652506
2652507
2652508
2652509
2652510
2652511
2652512
2652513
2652514
2652515
2652516
2652517
2652518
2652519
2652520
2652521
2652522
2652523
2652524
2652525
2652526
2652527
2652528
2652529
2652530
2652531
2652532
2652533
2652534
2652535
2652536
2652537
2652538
2652539
2652540
2652541
2652542
2652543
2652544
2652545
2652546
2652547
2652548
2652549
2652550
2652551
2652552
2652553
2652554
2652555
2652556
2652557
2652558
2652559
2652560
2652561
2652562
2652563
2652564
2652565
2652566
2652567
2652568
2652569
2652570
2652571
2652572
2652573
2652574
2652575
2652576
2652577
2652578
2652579
2652580
2652581
2652582
2652583
2652584
2652585
2652586
2652587
2652588
2652589
2652590
2652591
2652592
2652593
2652594
2652595
2652596
2652597
2652598
2652599
2652600
2652601
2652602
2652603
2652604
2652605
2652606
2652607
2652608
2652609
2652610
2652611
2652612
2652613
2652614
2652615
2652616
2652617
2652618
2652619
2652620
2652621
2652622
2652623
2652624
2652625
2652626
2652627
2652628
2652629
2652630
2652631
2652632
2652633
2652634
2652635
2652636
2652637
2652638
2652639
2652640
2652641
2652642
2652643
2652644
2652645
2652646
2652647
2652648
2652649
2652650
2652651
2652652
2652653
2652654
2652655
2652656
2652657
2652658
2652659
2652660
2652661
2652662
2652663
2652664
2652665
2652666
2652667
2652668
2652669
2652670
2652671
2652672
2652673
2652674
2652675
2652676
2652677
2652678
2652679
2652680
2652681
2652682
2652683
2652684
2652685
2652686
2652687
2652688
2652689
2652690
2652691
2652692
2652693
2652694
2652695
2652696
2652697
2652698
2652699
2652700
2652701
2652702
2652703
2652704
2652705
2652706
2652707
2652708
2652709
2652710
2652711
2652712
2652713
2652714
2652715
2652716
2652717
2652718
2652719
2652720
2652721
2652722
2652723
2652724
2652725
2652726
2652727
2652728
2652729
2652730
2652731
2652732
2652733
2652734
2652735
2652736
2652737
2652738
2652739
2652740
2652741
2652742
2652743
2652744
2652745
2652746
2652747
2652748
2652749
2652750
2652751
2652752
2652753
2652754
2652755
2652756
2652757
2652758
2652759
2652760
2652761
2652762
2652763
2652764
2652765
2652766
2652767
2652768
2652769
2652770
2652771
2652772
2652773
2652774
2652775
2652776
2652777
2652778
2652779
2652780
2652781
2652782
2652783
2652784
2652785
2652786
2652787
2652788
2652789
2652790
2652791
2652792
2652793
2652794
2652795
2652796
2652797
2652798
2652799
2652800
2652801
2652802
2652803
2652804
2652805
2652806
2652807
2652808
2652809
2652810
2652811
2652812
2652813
2652814
2652815
2652816
2652817
2652818
2652819
2652820
2652821
2652822
2652823
2652824
2652825
2652826
2652827
2652828
2652829
2652830
2652831
2652832
2652833
2652834
2652835
2652836
2652837
2652838
2652839
2652840
2652841
2652842
2652843
2652844
2652845
2652846
2652847
2652848
2652849
2652850
2652851
2652852
2652853
2652854
2652855
2652856
2652857
2652858
2652859
2652860
2652861
2652862
2652863
2652864
2652865
2652866
2652867
2652868
2652869
2652870
2652871
2652872
2652873
2652874
2652875
2652876
2652877
2652878
2652879
2652880
2652881
2652882
2652883
2652884
2652885
2652886
2652887
2652888
2652889
2652890
2652891
2652892
2652893
2652894
2652895
2652896
2652897
2652898
2652899
2652900
2652901
2652902
2652903
2652904
2652905
2652906
2652907
2652908
2652909
2652910
2652911
2652912
2652913
2652914
2652915
2652916
2652917
2652918
2652919
2652920
2652921
2652922
2652923
2652924
2652925
2652926
2652927
2652928
2652929
2652930
2652931
2652932
2652933
2652934
2652935
2652936
2652937
2652938
2652939
2652940
2652941
2652942
2652943
2652944
2652945
2652946
2652947
2652948
2652949
2652950
2652951
2652952
2652953
2652954
2652955
2652956
2652957
2652958
2652959
2652960
2652961
2652962
2652963
2652964
2652965
2652966
2652967
2652968
2652969
2652970
2652971
2652972
2652973
2652974
2652975
2652976
2652977
2652978
2652979
2652980
2652981
2652982
2652983
2652984
2652985
2652986
2652987
2652988
2652989
2652990
2652991
2652992
2652993
2652994
2652995
2652996
2652997
2652998
2652999
2653000
2653001
2653002
2653003
2653004
2653005
2653006
2653007
2653008
2653009
2653010
2653011
2653012
2653013
2653014
2653015
2653016
2653017
2653018
2653019
2653020
2653021
2653022
2653023
2653024
2653025
2653026
2653027
2653028
2653029
2653030
2653031
2653032
2653033
2653034
2653035
2653036
2653037
2653038
2653039
2653040
2653041
2653042
2653043
2653044
2653045
2653046
2653047
2653048
2653049
2653050
2653051
2653052
2653053
2653054
2653055
2653056
2653057
2653058
2653059
2653060
2653061
2653062
2653063
2653064
2653065
2653066
2653067
2653068
2653069
2653070
2653071
2653072
2653073
2653074
2653075
2653076
2653077
2653078
2653079
2653080
2653081
2653082
2653083
2653084
2653085
2653086
2653087
2653088
2653089
2653090
2653091
2653092
2653093
2653094
2653095
2653096
2653097
2653098
2653099
2653100
2653101
2653102
2653103
2653104
2653105
2653106
2653107
2653108
2653109
2653110
2653111
2653112
2653113
2653114
2653115
2653116
2653117
2653118
2653119
2653120
2653121
2653122
2653123
2653124
2653125
2653126
2653127
2653128
2653129
2653130
2653131
2653132
2653133
2653134
2653135
2653136
2653137
2653138
2653139
2653140
2653141
2653142
2653143
2653144
2653145
2653146
2653147
2653148
2653149
2653150
2653151
2653152
2653153
2653154
2653155
2653156
2653157
2653158
2653159
2653160
2653161
2653162
2653163
2653164
2653165
2653166
2653167
2653168
2653169
2653170
2653171
2653172
2653173
2653174
2653175
2653176
2653177
2653178
2653179
2653180
2653181
2653182
2653183
2653184
2653185
2653186
2653187
2653188
2653189
2653190
2653191
2653192
2653193
2653194
2653195
2653196
2653197
2653198
2653199
2653200
2653201
2653202
2653203
2653204
2653205
2653206
2653207
2653208
2653209
2653210
2653211
2653212
2653213
2653214
2653215
2653216
2653217
2653218
2653219
2653220
2653221
2653222
2653223
2653224
2653225
2653226
2653227
2653228
2653229
2653230
2653231
2653232
2653233
2653234
2653235
2653236
2653237
2653238
2653239
2653240
2653241
2653242
2653243
2653244
2653245
2653246
2653247
2653248
2653249
2653250
2653251
2653252
2653253
2653254
2653255
2653256
2653257
2653258
2653259
2653260
2653261
2653262
2653263
2653264
2653265
2653266
2653267
2653268
2653269
2653270
2653271
2653272
2653273
2653274
2653275
2653276
2653277
2653278
2653279
2653280
2653281
2653282
2653283
2653284
2653285
2653286
2653287
2653288
2653289
2653290
2653291
2653292
2653293
2653294
2653295
2653296
2653297
2653298
2653299
2653300
2653301
2653302
2653303
2653304
2653305
2653306
2653307
2653308
2653309
2653310
2653311
2653312
2653313
2653314
2653315
2653316
2653317
2653318
2653319
2653320
2653321
2653322
2653323
2653324
2653325
2653326
2653327
2653328
2653329
2653330
2653331
2653332
2653333
2653334
2653335
2653336
2653337
2653338
2653339
2653340
2653341
2653342
2653343
2653344
2653345
2653346
2653347
2653348
2653349
2653350
2653351
2653352
2653353
2653354
2653355
2653356
2653357
2653358
2653359
2653360
2653361
2653362
2653363
2653364
2653365
2653366
2653367
2653368
2653369
2653370
2653371
2653372
2653373
2653374
2653375
2653376
2653377
2653378
2653379
2653380
2653381
2653382
2653383
2653384
2653385
2653386
2653387
2653388
2653389
2653390
2653391
2653392
2653393
2653394
2653395
2653396
2653397
2653398
2653399
2653400
2653401
2653402
2653403
2653404
2653405
2653406
2653407
2653408
2653409
2653410
2653411
2653412
2653413
2653414
2653415
2653416
2653417
2653418
2653419
2653420
2653421
2653422
2653423
2653424
2653425
2653426
2653427
2653428
2653429
2653430
2653431
2653432
2653433
2653434
2653435
2653436
2653437
2653438
2653439
2653440
2653441
2653442
2653443
2653444
2653445
2653446
2653447
2653448
2653449
2653450
2653451
2653452
2653453
2653454
2653455
2653456
2653457
2653458
2653459
2653460
2653461
2653462
2653463
2653464
2653465
2653466
2653467
2653468
2653469
2653470
2653471
2653472
2653473
2653474
2653475
2653476
2653477
2653478
2653479
2653480
2653481
2653482
2653483
2653484
2653485
2653486
2653487
2653488
2653489
2653490
2653491
2653492
2653493
2653494
2653495
2653496
2653497
2653498
2653499
2653500
2653501
2653502
2653503
2653504
2653505
2653506
2653507
2653508
2653509
2653510
2653511
2653512
2653513
2653514
2653515
2653516
2653517
2653518
2653519
2653520
2653521
2653522
2653523
2653524
2653525
2653526
2653527
2653528
2653529
2653530
2653531
2653532
2653533
2653534
2653535
2653536
2653537
2653538
2653539
2653540
2653541
2653542
2653543
2653544
2653545
2653546
2653547
2653548
2653549
2653550
2653551
2653552
2653553
2653554
2653555
2653556
2653557
2653558
2653559
2653560
2653561
2653562
2653563
2653564
2653565
2653566
2653567
2653568
2653569
2653570
2653571
2653572
2653573
2653574
2653575
2653576
2653577
2653578
2653579
2653580
2653581
2653582
2653583
2653584
2653585
2653586
2653587
2653588
2653589
2653590
2653591
2653592
2653593
2653594
2653595
2653596
2653597
2653598
2653599
2653600
2653601
2653602
2653603
2653604
2653605
2653606
2653607
2653608
2653609
2653610
2653611
2653612
2653613
2653614
2653615
2653616
2653617
2653618
2653619
2653620
2653621
2653622
2653623
2653624
2653625
2653626
2653627
2653628
2653629
2653630
2653631
2653632
2653633
2653634
2653635
2653636
2653637
2653638
2653639
2653640
2653641
2653642
2653643
2653644
2653645
2653646
2653647
2653648
2653649
2653650
2653651
2653652
2653653
2653654
2653655
2653656
2653657
2653658
2653659
2653660
2653661
2653662
2653663
2653664
2653665
2653666
2653667
2653668
2653669
2653670
2653671
2653672
2653673
2653674
2653675
2653676
2653677
2653678
2653679
2653680
2653681
2653682
2653683
2653684
2653685
2653686
2653687
2653688
2653689
2653690
2653691
2653692
2653693
2653694
2653695
2653696
2653697
2653698
2653699
2653700
2653701
2653702
2653703
2653704
2653705
2653706
2653707
2653708
2653709
2653710
2653711
2653712
2653713
2653714
2653715
2653716
2653717
2653718
2653719
2653720
2653721
2653722
2653723
2653724
2653725
2653726
2653727
2653728
2653729
2653730
2653731
2653732
2653733
2653734
2653735
2653736
2653737
2653738
2653739
2653740
2653741
2653742
2653743
2653744
2653745
2653746
2653747
2653748
2653749
2653750
2653751
2653752
2653753
2653754
2653755
2653756
2653757
2653758
2653759
2653760
2653761
2653762
2653763
2653764
2653765
2653766
2653767
2653768
2653769
2653770
2653771
2653772
2653773
2653774
2653775
2653776
2653777
2653778
2653779
2653780
2653781
2653782
2653783
2653784
2653785
2653786
2653787
2653788
2653789
2653790
2653791
2653792
2653793
2653794
2653795
2653796
2653797
2653798
2653799
2653800
2653801
2653802
2653803
2653804
2653805
2653806
2653807
2653808
2653809
2653810
2653811
2653812
2653813
2653814
2653815
2653816
2653817
2653818
2653819
2653820
2653821
2653822
2653823
2653824
2653825
2653826
2653827
2653828
2653829
2653830
2653831
2653832
2653833
2653834
2653835
2653836
2653837
2653838
2653839
2653840
2653841
2653842
2653843
2653844
2653845
2653846
2653847
2653848
2653849
2653850
2653851
2653852
2653853
2653854
2653855
2653856
2653857
2653858
2653859
2653860
2653861
2653862
2653863
2653864
2653865
2653866
2653867
2653868
2653869
2653870
2653871
2653872
2653873
2653874
2653875
2653876
2653877
2653878
2653879
2653880
2653881
2653882
2653883
2653884
2653885
2653886
2653887
2653888
2653889
2653890
2653891
2653892
2653893
2653894
2653895
2653896
2653897
2653898
2653899
2653900
2653901
2653902
2653903
2653904
2653905
2653906
2653907
2653908
2653909
2653910
2653911
2653912
2653913
2653914
2653915
2653916
2653917
2653918
2653919
2653920
2653921
2653922
2653923
2653924
2653925
2653926
2653927
2653928
2653929
2653930
2653931
2653932
2653933
2653934
2653935
2653936
2653937
2653938
2653939
2653940
2653941
2653942
2653943
2653944
2653945
2653946
2653947
2653948
2653949
2653950
2653951
2653952
2653953
2653954
2653955
2653956
2653957
2653958
2653959
2653960
2653961
2653962
2653963
2653964
2653965
2653966
2653967
2653968
2653969
2653970
2653971
2653972
2653973
2653974
2653975
2653976
2653977
2653978
2653979
2653980
2653981
2653982
2653983
2653984
2653985
2653986
2653987
2653988
2653989
2653990
2653991
2653992
2653993
2653994
2653995
2653996
2653997
2653998
2653999
2654000
2654001
2654002
2654003
2654004
2654005
2654006
2654007
2654008
2654009
2654010
2654011
2654012
2654013
2654014
2654015
2654016
2654017
2654018
2654019
2654020
2654021
2654022
2654023
2654024
2654025
2654026
2654027
2654028
2654029
2654030
2654031
2654032
2654033
2654034
2654035
2654036
2654037
2654038
2654039
2654040
2654041
2654042
2654043
2654044
2654045
2654046
2654047
2654048
2654049
2654050
2654051
2654052
2654053
2654054
2654055
2654056
2654057
2654058
2654059
2654060
2654061
2654062
2654063
2654064
2654065
2654066
2654067
2654068
2654069
2654070
2654071
2654072
2654073
2654074
2654075
2654076
2654077
2654078
2654079
2654080
2654081
2654082
2654083
2654084
2654085
2654086
2654087
2654088
2654089
2654090
2654091
2654092
2654093
2654094
2654095
2654096
2654097
2654098
2654099
2654100
2654101
2654102
2654103
2654104
2654105
2654106
2654107
2654108
2654109
2654110
2654111
2654112
2654113
2654114
2654115
2654116
2654117
2654118
2654119
2654120
2654121
2654122
2654123
2654124
2654125
2654126
2654127
2654128
2654129
2654130
2654131
2654132
2654133
2654134
2654135
2654136
2654137
2654138
2654139
2654140
2654141
2654142
2654143
2654144
2654145
2654146
2654147
2654148
2654149
2654150
2654151
2654152
2654153
2654154
2654155
2654156
2654157
2654158
2654159
2654160
2654161
2654162
2654163
2654164
2654165
2654166
2654167
2654168
2654169
2654170
2654171
2654172
2654173
2654174
2654175
2654176
2654177
2654178
2654179
2654180
2654181
2654182
2654183
2654184
2654185
2654186
2654187
2654188
2654189
2654190
2654191
2654192
2654193
2654194
2654195
2654196
2654197
2654198
2654199
2654200
2654201
2654202
2654203
2654204
2654205
2654206
2654207
2654208
2654209
2654210
2654211
2654212
2654213
2654214
2654215
2654216
2654217
2654218
2654219
2654220
2654221
2654222
2654223
2654224
2654225
2654226
2654227
2654228
2654229
2654230
2654231
2654232
2654233
2654234
2654235
2654236
2654237
2654238
2654239
2654240
2654241
2654242
2654243
2654244
2654245
2654246
2654247
2654248
2654249
2654250
2654251
2654252
2654253
2654254
2654255
2654256
2654257
2654258
2654259
2654260
2654261
2654262
2654263
2654264
2654265
2654266
2654267
2654268
2654269
2654270
2654271
2654272
2654273
2654274
2654275
2654276
2654277
2654278
2654279
2654280
2654281
2654282
2654283
2654284
2654285
2654286
2654287
2654288
2654289
2654290
2654291
2654292
2654293
2654294
2654295
2654296
2654297
2654298
2654299
2654300
2654301
2654302
2654303
2654304
2654305
2654306
2654307
2654308
2654309
2654310
2654311
2654312
2654313
2654314
2654315
2654316
2654317
2654318
2654319
2654320
2654321
2654322
2654323
2654324
2654325
2654326
2654327
2654328
2654329
2654330
2654331
2654332
2654333
2654334
2654335
2654336
2654337
2654338
2654339
2654340
2654341
2654342
2654343
2654344
2654345
2654346
2654347
2654348
2654349
2654350
2654351
2654352
2654353
2654354
2654355
2654356
2654357
2654358
2654359
2654360
2654361
2654362
2654363
2654364
2654365
2654366
2654367
2654368
2654369
2654370
2654371
2654372
2654373
2654374
2654375
2654376
2654377
2654378
2654379
2654380
2654381
2654382
2654383
2654384
2654385
2654386
2654387
2654388
2654389
2654390
2654391
2654392
2654393
2654394
2654395
2654396
2654397
2654398
2654399
2654400
2654401
2654402
2654403
2654404
2654405
2654406
2654407
2654408
2654409
2654410
2654411
2654412
2654413
2654414
2654415
2654416
2654417
2654418
2654419
2654420
2654421
2654422
2654423
2654424
2654425
2654426
2654427
2654428
2654429
2654430
2654431
2654432
2654433
2654434
2654435
2654436
2654437
2654438
2654439
2654440
2654441
2654442
2654443
2654444
2654445
2654446
2654447
2654448
2654449
2654450
2654451
2654452
2654453
2654454
2654455
2654456
2654457
2654458
2654459
2654460
2654461
2654462
2654463
2654464
2654465
2654466
2654467
2654468
2654469
2654470
2654471
2654472
2654473
2654474
2654475
2654476
2654477
2654478
2654479
2654480
2654481
2654482
2654483
2654484
2654485
2654486
2654487
2654488
2654489
2654490
2654491
2654492
2654493
2654494
2654495
2654496
2654497
2654498
2654499
2654500
2654501
2654502
2654503
2654504
2654505
2654506
2654507
2654508
2654509
2654510
2654511
2654512
2654513
2654514
2654515
2654516
2654517
2654518
2654519
2654520
2654521
2654522
2654523
2654524
2654525
2654526
2654527
2654528
2654529
2654530
2654531
2654532
2654533
2654534
2654535
2654536
2654537
2654538
2654539
2654540
2654541
2654542
2654543
2654544
2654545
2654546
2654547
2654548
2654549
2654550
2654551
2654552
2654553
2654554
2654555
2654556
2654557
2654558
2654559
2654560
2654561
2654562
2654563
2654564
2654565
2654566
2654567
2654568
2654569
2654570
2654571
2654572
2654573
2654574
2654575
2654576
2654577
2654578
2654579
2654580
2654581
2654582
2654583
2654584
2654585
2654586
2654587
2654588
2654589
2654590
2654591
2654592
2654593
2654594
2654595
2654596
2654597
2654598
2654599
2654600
2654601
2654602
2654603
2654604
2654605
2654606
2654607
2654608
2654609
2654610
2654611
2654612
2654613
2654614
2654615
2654616
2654617
2654618
2654619
2654620
2654621
2654622
2654623
2654624
2654625
2654626
2654627
2654628
2654629
2654630
2654631
2654632
2654633
2654634
2654635
2654636
2654637
2654638
2654639
2654640
2654641
2654642
2654643
2654644
2654645
2654646
2654647
2654648
2654649
2654650
2654651
2654652
2654653
2654654
2654655
2654656
2654657
2654658
2654659
2654660
2654661
2654662
2654663
2654664
2654665
2654666
2654667
2654668
2654669
2654670
2654671
2654672
2654673
2654674
2654675
2654676
2654677
2654678
2654679
2654680
2654681
2654682
2654683
2654684
2654685
2654686
2654687
2654688
2654689
2654690
2654691
2654692
2654693
2654694
2654695
2654696
2654697
2654698
2654699
2654700
2654701
2654702
2654703
2654704
2654705
2654706
2654707
2654708
2654709
2654710
2654711
2654712
2654713
2654714
2654715
2654716
2654717
2654718
2654719
2654720
2654721
2654722
2654723
2654724
2654725
2654726
2654727
2654728
2654729
2654730
2654731
2654732
2654733
2654734
2654735
2654736
2654737
2654738
2654739
2654740
2654741
2654742
2654743
2654744
2654745
2654746
2654747
2654748
2654749
2654750
2654751
2654752
2654753
2654754
2654755
2654756
2654757
2654758
2654759
2654760
2654761
2654762
2654763
2654764
2654765
2654766
2654767
2654768
2654769
2654770
2654771
2654772
2654773
2654774
2654775
2654776
2654777
2654778
2654779
2654780
2654781
2654782
2654783
2654784
2654785
2654786
2654787
2654788
2654789
2654790
2654791
2654792
2654793
2654794
2654795
2654796
2654797
2654798
2654799
2654800
2654801
2654802
2654803
2654804
2654805
2654806
2654807
2654808
2654809
2654810
2654811
2654812
2654813
2654814
2654815
2654816
2654817
2654818
2654819
2654820
2654821
2654822
2654823
2654824
2654825
2654826
2654827
2654828
2654829
2654830
2654831
2654832
2654833
2654834
2654835
2654836
2654837
2654838
2654839
2654840
2654841
2654842
2654843
2654844
2654845
2654846
2654847
2654848
2654849
2654850
2654851
2654852
2654853
2654854
2654855
2654856
2654857
2654858
2654859
2654860
2654861
2654862
2654863
2654864
2654865
2654866
2654867
2654868
2654869
2654870
2654871
2654872
2654873
2654874
2654875
2654876
2654877
2654878
2654879
2654880
2654881
2654882
2654883
2654884
2654885
2654886
2654887
2654888
2654889
2654890
2654891
2654892
2654893
2654894
2654895
2654896
2654897
2654898
2654899
2654900
2654901
2654902
2654903
2654904
2654905
2654906
2654907
2654908
2654909
2654910
2654911
2654912
2654913
2654914
2654915
2654916
2654917
2654918
2654919
2654920
2654921
2654922
2654923
2654924
2654925
2654926
2654927
2654928
2654929
2654930
2654931
2654932
2654933
2654934
2654935
2654936
2654937
2654938
2654939
2654940
2654941
2654942
2654943
2654944
2654945
2654946
2654947
2654948
2654949
2654950
2654951
2654952
2654953
2654954
2654955
2654956
2654957
2654958
2654959
2654960
2654961
2654962
2654963
2654964
2654965
2654966
2654967
2654968
2654969
2654970
2654971
2654972
2654973
2654974
2654975
2654976
2654977
2654978
2654979
2654980
2654981
2654982
2654983
2654984
2654985
2654986
2654987
2654988
2654989
2654990
2654991
2654992
2654993
2654994
2654995
2654996
2654997
2654998
2654999
2655000
2655001
2655002
2655003
2655004
2655005
2655006
2655007
2655008
2655009
2655010
2655011
2655012
2655013
2655014
2655015
2655016
2655017
2655018
2655019
2655020
2655021
2655022
2655023
2655024
2655025
2655026
2655027
2655028
2655029
2655030
2655031
2655032
2655033
2655034
2655035
2655036
2655037
2655038
2655039
2655040
2655041
2655042
2655043
2655044
2655045
2655046
2655047
2655048
2655049
2655050
2655051
2655052
2655053
2655054
2655055
2655056
2655057
2655058
2655059
2655060
2655061
2655062
2655063
2655064
2655065
2655066
2655067
2655068
2655069
2655070
2655071
2655072
2655073
2655074
2655075
2655076
2655077
2655078
2655079
2655080
2655081
2655082
2655083
2655084
2655085
2655086
2655087
2655088
2655089
2655090
2655091
2655092
2655093
2655094
2655095
2655096
2655097
2655098
2655099
2655100
2655101
2655102
2655103
2655104
2655105
2655106
2655107
2655108
2655109
2655110
2655111
2655112
2655113
2655114
2655115
2655116
2655117
2655118
2655119
2655120
2655121
2655122
2655123
2655124
2655125
2655126
2655127
2655128
2655129
2655130
2655131
2655132
2655133
2655134
2655135
2655136
2655137
2655138
2655139
2655140
2655141
2655142
2655143
2655144
2655145
2655146
2655147
2655148
2655149
2655150
2655151
2655152
2655153
2655154
2655155
2655156
2655157
2655158
2655159
2655160
2655161
2655162
2655163
2655164
2655165
2655166
2655167
2655168
2655169
2655170
2655171
2655172
2655173
2655174
2655175
2655176
2655177
2655178
2655179
2655180
2655181
2655182
2655183
2655184
2655185
2655186
2655187
2655188
2655189
2655190
2655191
2655192
2655193
2655194
2655195
2655196
2655197
2655198
2655199
2655200
2655201
2655202
2655203
2655204
2655205
2655206
2655207
2655208
2655209
2655210
2655211
2655212
2655213
2655214
2655215
2655216
2655217
2655218
2655219
2655220
2655221
2655222
2655223
2655224
2655225
2655226
2655227
2655228
2655229
2655230
2655231
2655232
2655233
2655234
2655235
2655236
2655237
2655238
2655239
2655240
2655241
2655242
2655243
2655244
2655245
2655246
2655247
2655248
2655249
2655250
2655251
2655252
2655253
2655254
2655255
2655256
2655257
2655258
2655259
2655260
2655261
2655262
2655263
2655264
2655265
2655266
2655267
2655268
2655269
2655270
2655271
2655272
2655273
2655274
2655275
2655276
2655277
2655278
2655279
2655280
2655281
2655282
2655283
2655284
2655285
2655286
2655287
2655288
2655289
2655290
2655291
2655292
2655293
2655294
2655295
2655296
2655297
2655298
2655299
2655300
2655301
2655302
2655303
2655304
2655305
2655306
2655307
2655308
2655309
2655310
2655311
2655312
2655313
2655314
2655315
2655316
2655317
2655318
2655319
2655320
2655321
2655322
2655323
2655324
2655325
2655326
2655327
2655328
2655329
2655330
2655331
2655332
2655333
2655334
2655335
2655336
2655337
2655338
2655339
2655340
2655341
2655342
2655343
2655344
2655345
2655346
2655347
2655348
2655349
2655350
2655351
2655352
2655353
2655354
2655355
2655356
2655357
2655358
2655359
2655360
2655361
2655362
2655363
2655364
2655365
2655366
2655367
2655368
2655369
2655370
2655371
2655372
2655373
2655374
2655375
2655376
2655377
2655378
2655379
2655380
2655381
2655382
2655383
2655384
2655385
2655386
2655387
2655388
2655389
2655390
2655391
2655392
2655393
2655394
2655395
2655396
2655397
2655398
2655399
2655400
2655401
2655402
2655403
2655404
2655405
2655406
2655407
2655408
2655409
2655410
2655411
2655412
2655413
2655414
2655415
2655416
2655417
2655418
2655419
2655420
2655421
2655422
2655423
2655424
2655425
2655426
2655427
2655428
2655429
2655430
2655431
2655432
2655433
2655434
2655435
2655436
2655437
2655438
2655439
2655440
2655441
2655442
2655443
2655444
2655445
2655446
2655447
2655448
2655449
2655450
2655451
2655452
2655453
2655454
2655455
2655456
2655457
2655458
2655459
2655460
2655461
2655462
2655463
2655464
2655465
2655466
2655467
2655468
2655469
2655470
2655471
2655472
2655473
2655474
2655475
2655476
2655477
2655478
2655479
2655480
2655481
2655482
2655483
2655484
2655485
2655486
2655487
2655488
2655489
2655490
2655491
2655492
2655493
2655494
2655495
2655496
2655497
2655498
2655499
2655500
2655501
2655502
2655503
2655504
2655505
2655506
2655507
2655508
2655509
2655510
2655511
2655512
2655513
2655514
2655515
2655516
2655517
2655518
2655519
2655520
2655521
2655522
2655523
2655524
2655525
2655526
2655527
2655528
2655529
2655530
2655531
2655532
2655533
2655534
2655535
2655536
2655537
2655538
2655539
2655540
2655541
2655542
2655543
2655544
2655545
2655546
2655547
2655548
2655549
2655550
2655551
2655552
2655553
2655554
2655555
2655556
2655557
2655558
2655559
2655560
2655561
2655562
2655563
2655564
2655565
2655566
2655567
2655568
2655569
2655570
2655571
2655572
2655573
2655574
2655575
2655576
2655577
2655578
2655579
2655580
2655581
2655582
2655583
2655584
2655585
2655586
2655587
2655588
2655589
2655590
2655591
2655592
2655593
2655594
2655595
2655596
2655597
2655598
2655599
2655600
2655601
2655602
2655603
2655604
2655605
2655606
2655607
2655608
2655609
2655610
2655611
2655612
2655613
2655614
2655615
2655616
2655617
2655618
2655619
2655620
2655621
2655622
2655623
2655624
2655625
2655626
2655627
2655628
2655629
2655630
2655631
2655632
2655633
2655634
2655635
2655636
2655637
2655638
2655639
2655640
2655641
2655642
2655643
2655644
2655645
2655646
2655647
2655648
2655649
2655650
2655651
2655652
2655653
2655654
2655655
2655656
2655657
2655658
2655659
2655660
2655661
2655662
2655663
2655664
2655665
2655666
2655667
2655668
2655669
2655670
2655671
2655672
2655673
2655674
2655675
2655676
2655677
2655678
2655679
2655680
2655681
2655682
2655683
2655684
2655685
2655686
2655687
2655688
2655689
2655690
2655691
2655692
2655693
2655694
2655695
2655696
2655697
2655698
2655699
2655700
2655701
2655702
2655703
2655704
2655705
2655706
2655707
2655708
2655709
2655710
2655711
2655712
2655713
2655714
2655715
2655716
2655717
2655718
2655719
2655720
2655721
2655722
2655723
2655724
2655725
2655726
2655727
2655728
2655729
2655730
2655731
2655732
2655733
2655734
2655735
2655736
2655737
2655738
2655739
2655740
2655741
2655742
2655743
2655744
2655745
2655746
2655747
2655748
2655749
2655750
2655751
2655752
2655753
2655754
2655755
2655756
2655757
2655758
2655759
2655760
2655761
2655762
2655763
2655764
2655765
2655766
2655767
2655768
2655769
2655770
2655771
2655772
2655773
2655774
2655775
2655776
2655777
2655778
2655779
2655780
2655781
2655782
2655783
2655784
2655785
2655786
2655787
2655788
2655789
2655790
2655791
2655792
2655793
2655794
2655795
2655796
2655797
2655798
2655799
2655800
2655801
2655802
2655803
2655804
2655805
2655806
2655807
2655808
2655809
2655810
2655811
2655812
2655813
2655814
2655815
2655816
2655817
2655818
2655819
2655820
2655821
2655822
2655823
2655824
2655825
2655826
2655827
2655828
2655829
2655830
2655831
2655832
2655833
2655834
2655835
2655836
2655837
2655838
2655839
2655840
2655841
2655842
2655843
2655844
2655845
2655846
2655847
2655848
2655849
2655850
2655851
2655852
2655853
2655854
2655855
2655856
2655857
2655858
2655859
2655860
2655861
2655862
2655863
2655864
2655865
2655866
2655867
2655868
2655869
2655870
2655871
2655872
2655873
2655874
2655875
2655876
2655877
2655878
2655879
2655880
2655881
2655882
2655883
2655884
2655885
2655886
2655887
2655888
2655889
2655890
2655891
2655892
2655893
2655894
2655895
2655896
2655897
2655898
2655899
2655900
2655901
2655902
2655903
2655904
2655905
2655906
2655907
2655908
2655909
2655910
2655911
2655912
2655913
2655914
2655915
2655916
2655917
2655918
2655919
2655920
2655921
2655922
2655923
2655924
2655925
2655926
2655927
2655928
2655929
2655930
2655931
2655932
2655933
2655934
2655935
2655936
2655937
2655938
2655939
2655940
2655941
2655942
2655943
2655944
2655945
2655946
2655947
2655948
2655949
2655950
2655951
2655952
2655953
2655954
2655955
2655956
2655957
2655958
2655959
2655960
2655961
2655962
2655963
2655964
2655965
2655966
2655967
2655968
2655969
2655970
2655971
2655972
2655973
2655974
2655975
2655976
2655977
2655978
2655979
2655980
2655981
2655982
2655983
2655984
2655985
2655986
2655987
2655988
2655989
2655990
2655991
2655992
2655993
2655994
2655995
2655996
2655997
2655998
2655999
2656000
2656001
2656002
2656003
2656004
2656005
2656006
2656007
2656008
2656009
2656010
2656011
2656012
2656013
2656014
2656015
2656016
2656017
2656018
2656019
2656020
2656021
2656022
2656023
2656024
2656025
2656026
2656027
2656028
2656029
2656030
2656031
2656032
2656033
2656034
2656035
2656036
2656037
2656038
2656039
2656040
2656041
2656042
2656043
2656044
2656045
2656046
2656047
2656048
2656049
2656050
2656051
2656052
2656053
2656054
2656055
2656056
2656057
2656058
2656059
2656060
2656061
2656062
2656063
2656064
2656065
2656066
2656067
2656068
2656069
2656070
2656071
2656072
2656073
2656074
2656075
2656076
2656077
2656078
2656079
2656080
2656081
2656082
2656083
2656084
2656085
2656086
2656087
2656088
2656089
2656090
2656091
2656092
2656093
2656094
2656095
2656096
2656097
2656098
2656099
2656100
2656101
2656102
2656103
2656104
2656105
2656106
2656107
2656108
2656109
2656110
2656111
2656112
2656113
2656114
2656115
2656116
2656117
2656118
2656119
2656120
2656121
2656122
2656123
2656124
2656125
2656126
2656127
2656128
2656129
2656130
2656131
2656132
2656133
2656134
2656135
2656136
2656137
2656138
2656139
2656140
2656141
2656142
2656143
2656144
2656145
2656146
2656147
2656148
2656149
2656150
2656151
2656152
2656153
2656154
2656155
2656156
2656157
2656158
2656159
2656160
2656161
2656162
2656163
2656164
2656165
2656166
2656167
2656168
2656169
2656170
2656171
2656172
2656173
2656174
2656175
2656176
2656177
2656178
2656179
2656180
2656181
2656182
2656183
2656184
2656185
2656186
2656187
2656188
2656189
2656190
2656191
2656192
2656193
2656194
2656195
2656196
2656197
2656198
2656199
2656200
2656201
2656202
2656203
2656204
2656205
2656206
2656207
2656208
2656209
2656210
2656211
2656212
2656213
2656214
2656215
2656216
2656217
2656218
2656219
2656220
2656221
2656222
2656223
2656224
2656225
2656226
2656227
2656228
2656229
2656230
2656231
2656232
2656233
2656234
2656235
2656236
2656237
2656238
2656239
2656240
2656241
2656242
2656243
2656244
2656245
2656246
2656247
2656248
2656249
2656250
2656251
2656252
2656253
2656254
2656255
2656256
2656257
2656258
2656259
2656260
2656261
2656262
2656263
2656264
2656265
2656266
2656267
2656268
2656269
2656270
2656271
2656272
2656273
2656274
2656275
2656276
2656277
2656278
2656279
2656280
2656281
2656282
2656283
2656284
2656285
2656286
2656287
2656288
2656289
2656290
2656291
2656292
2656293
2656294
2656295
2656296
2656297
2656298
2656299
2656300
2656301
2656302
2656303
2656304
2656305
2656306
2656307
2656308
2656309
2656310
2656311
2656312
2656313
2656314
2656315
2656316
2656317
2656318
2656319
2656320
2656321
2656322
2656323
2656324
2656325
2656326
2656327
2656328
2656329
2656330
2656331
2656332
2656333
2656334
2656335
2656336
2656337
2656338
2656339
2656340
2656341
2656342
2656343
2656344
2656345
2656346
2656347
2656348
2656349
2656350
2656351
2656352
2656353
2656354
2656355
2656356
2656357
2656358
2656359
2656360
2656361
2656362
2656363
2656364
2656365
2656366
2656367
2656368
2656369
2656370
2656371
2656372
2656373
2656374
2656375
2656376
2656377
2656378
2656379
2656380
2656381
2656382
2656383
2656384
2656385
2656386
2656387
2656388
2656389
2656390
2656391
2656392
2656393
2656394
2656395
2656396
2656397
2656398
2656399
2656400
2656401
2656402
2656403
2656404
2656405
2656406
2656407
2656408
2656409
2656410
2656411
2656412
2656413
2656414
2656415
2656416
2656417
2656418
2656419
2656420
2656421
2656422
2656423
2656424
2656425
2656426
2656427
2656428
2656429
2656430
2656431
2656432
2656433
2656434
2656435
2656436
2656437
2656438
2656439
2656440
2656441
2656442
2656443
2656444
2656445
2656446
2656447
2656448
2656449
2656450
2656451
2656452
2656453
2656454
2656455
2656456
2656457
2656458
2656459
2656460
2656461
2656462
2656463
2656464
2656465
2656466
2656467
2656468
2656469
2656470
2656471
2656472
2656473
2656474
2656475
2656476
2656477
2656478
2656479
2656480
2656481
2656482
2656483
2656484
2656485
2656486
2656487
2656488
2656489
2656490
2656491
2656492
2656493
2656494
2656495
2656496
2656497
2656498
2656499
2656500
2656501
2656502
2656503
2656504
2656505
2656506
2656507
2656508
2656509
2656510
2656511
2656512
2656513
2656514
2656515
2656516
2656517
2656518
2656519
2656520
2656521
2656522
2656523
2656524
2656525
2656526
2656527
2656528
2656529
2656530
2656531
2656532
2656533
2656534
2656535
2656536
2656537
2656538
2656539
2656540
2656541
2656542
2656543
2656544
2656545
2656546
2656547
2656548
2656549
2656550
2656551
2656552
2656553
2656554
2656555
2656556
2656557
2656558
2656559
2656560
2656561
2656562
2656563
2656564
2656565
2656566
2656567
2656568
2656569
2656570
2656571
2656572
2656573
2656574
2656575
2656576
2656577
2656578
2656579
2656580
2656581
2656582
2656583
2656584
2656585
2656586
2656587
2656588
2656589
2656590
2656591
2656592
2656593
2656594
2656595
2656596
2656597
2656598
2656599
2656600
2656601
2656602
2656603
2656604
2656605
2656606
2656607
2656608
2656609
2656610
2656611
2656612
2656613
2656614
2656615
2656616
2656617
2656618
2656619
2656620
2656621
2656622
2656623
2656624
2656625
2656626
2656627
2656628
2656629
2656630
2656631
2656632
2656633
2656634
2656635
2656636
2656637
2656638
2656639
2656640
2656641
2656642
2656643
2656644
2656645
2656646
2656647
2656648
2656649
2656650
2656651
2656652
2656653
2656654
2656655
2656656
2656657
2656658
2656659
2656660
2656661
2656662
2656663
2656664
2656665
2656666
2656667
2656668
2656669
2656670
2656671
2656672
2656673
2656674
2656675
2656676
2656677
2656678
2656679
2656680
2656681
2656682
2656683
2656684
2656685
2656686
2656687
2656688
2656689
2656690
2656691
2656692
2656693
2656694
2656695
2656696
2656697
2656698
2656699
2656700
2656701
2656702
2656703
2656704
2656705
2656706
2656707
2656708
2656709
2656710
2656711
2656712
2656713
2656714
2656715
2656716
2656717
2656718
2656719
2656720
2656721
2656722
2656723
2656724
2656725
2656726
2656727
2656728
2656729
2656730
2656731
2656732
2656733
2656734
2656735
2656736
2656737
2656738
2656739
2656740
2656741
2656742
2656743
2656744
2656745
2656746
2656747
2656748
2656749
2656750
2656751
2656752
2656753
2656754
2656755
2656756
2656757
2656758
2656759
2656760
2656761
2656762
2656763
2656764
2656765
2656766
2656767
2656768
2656769
2656770
2656771
2656772
2656773
2656774
2656775
2656776
2656777
2656778
2656779
2656780
2656781
2656782
2656783
2656784
2656785
2656786
2656787
2656788
2656789
2656790
2656791
2656792
2656793
2656794
2656795
2656796
2656797
2656798
2656799
2656800
2656801
2656802
2656803
2656804
2656805
2656806
2656807
2656808
2656809
2656810
2656811
2656812
2656813
2656814
2656815
2656816
2656817
2656818
2656819
2656820
2656821
2656822
2656823
2656824
2656825
2656826
2656827
2656828
2656829
2656830
2656831
2656832
2656833
2656834
2656835
2656836
2656837
2656838
2656839
2656840
2656841
2656842
2656843
2656844
2656845
2656846
2656847
2656848
2656849
2656850
2656851
2656852
2656853
2656854
2656855
2656856
2656857
2656858
2656859
2656860
2656861
2656862
2656863
2656864
2656865
2656866
2656867
2656868
2656869
2656870
2656871
2656872
2656873
2656874
2656875
2656876
2656877
2656878
2656879
2656880
2656881
2656882
2656883
2656884
2656885
2656886
2656887
2656888
2656889
2656890
2656891
2656892
2656893
2656894
2656895
2656896
2656897
2656898
2656899
2656900
2656901
2656902
2656903
2656904
2656905
2656906
2656907
2656908
2656909
2656910
2656911
2656912
2656913
2656914
2656915
2656916
2656917
2656918
2656919
2656920
2656921
2656922
2656923
2656924
2656925
2656926
2656927
2656928
2656929
2656930
2656931
2656932
2656933
2656934
2656935
2656936
2656937
2656938
2656939
2656940
2656941
2656942
2656943
2656944
2656945
2656946
2656947
2656948
2656949
2656950
2656951
2656952
2656953
2656954
2656955
2656956
2656957
2656958
2656959
2656960
2656961
2656962
2656963
2656964
2656965
2656966
2656967
2656968
2656969
2656970
2656971
2656972
2656973
2656974
2656975
2656976
2656977
2656978
2656979
2656980
2656981
2656982
2656983
2656984
2656985
2656986
2656987
2656988
2656989
2656990
2656991
2656992
2656993
2656994
2656995
2656996
2656997
2656998
2656999
2657000
2657001
2657002
2657003
2657004
2657005
2657006
2657007
2657008
2657009
2657010
2657011
2657012
2657013
2657014
2657015
2657016
2657017
2657018
2657019
2657020
2657021
2657022
2657023
2657024
2657025
2657026
2657027
2657028
2657029
2657030
2657031
2657032
2657033
2657034
2657035
2657036
2657037
2657038
2657039
2657040
2657041
2657042
2657043
2657044
2657045
2657046
2657047
2657048
2657049
2657050
2657051
2657052
2657053
2657054
2657055
2657056
2657057
2657058
2657059
2657060
2657061
2657062
2657063
2657064
2657065
2657066
2657067
2657068
2657069
2657070
2657071
2657072
2657073
2657074
2657075
2657076
2657077
2657078
2657079
2657080
2657081
2657082
2657083
2657084
2657085
2657086
2657087
2657088
2657089
2657090
2657091
2657092
2657093
2657094
2657095
2657096
2657097
2657098
2657099
2657100
2657101
2657102
2657103
2657104
2657105
2657106
2657107
2657108
2657109
2657110
2657111
2657112
2657113
2657114
2657115
2657116
2657117
2657118
2657119
2657120
2657121
2657122
2657123
2657124
2657125
2657126
2657127
2657128
2657129
2657130
2657131
2657132
2657133
2657134
2657135
2657136
2657137
2657138
2657139
2657140
2657141
2657142
2657143
2657144
2657145
2657146
2657147
2657148
2657149
2657150
2657151
2657152
2657153
2657154
2657155
2657156
2657157
2657158
2657159
2657160
2657161
2657162
2657163
2657164
2657165
2657166
2657167
2657168
2657169
2657170
2657171
2657172
2657173
2657174
2657175
2657176
2657177
2657178
2657179
2657180
2657181
2657182
2657183
2657184
2657185
2657186
2657187
2657188
2657189
2657190
2657191
2657192
2657193
2657194
2657195
2657196
2657197
2657198
2657199
2657200
2657201
2657202
2657203
2657204
2657205
2657206
2657207
2657208
2657209
2657210
2657211
2657212
2657213
2657214
2657215
2657216
2657217
2657218
2657219
2657220
2657221
2657222
2657223
2657224
2657225
2657226
2657227
2657228
2657229
2657230
2657231
2657232
2657233
2657234
2657235
2657236
2657237
2657238
2657239
2657240
2657241
2657242
2657243
2657244
2657245
2657246
2657247
2657248
2657249
2657250
2657251
2657252
2657253
2657254
2657255
2657256
2657257
2657258
2657259
2657260
2657261
2657262
2657263
2657264
2657265
2657266
2657267
2657268
2657269
2657270
2657271
2657272
2657273
2657274
2657275
2657276
2657277
2657278
2657279
2657280
2657281
2657282
2657283
2657284
2657285
2657286
2657287
2657288
2657289
2657290
2657291
2657292
2657293
2657294
2657295
2657296
2657297
2657298
2657299
2657300
2657301
2657302
2657303
2657304
2657305
2657306
2657307
2657308
2657309
2657310
2657311
2657312
2657313
2657314
2657315
2657316
2657317
2657318
2657319
2657320
2657321
2657322
2657323
2657324
2657325
2657326
2657327
2657328
2657329
2657330
2657331
2657332
2657333
2657334
2657335
2657336
2657337
2657338
2657339
2657340
2657341
2657342
2657343
2657344
2657345
2657346
2657347
2657348
2657349
2657350
2657351
2657352
2657353
2657354
2657355
2657356
2657357
2657358
2657359
2657360
2657361
2657362
2657363
2657364
2657365
2657366
2657367
2657368
2657369
2657370
2657371
2657372
2657373
2657374
2657375
2657376
2657377
2657378
2657379
2657380
2657381
2657382
2657383
2657384
2657385
2657386
2657387
2657388
2657389
2657390
2657391
2657392
2657393
2657394
2657395
2657396
2657397
2657398
2657399
2657400
2657401
2657402
2657403
2657404
2657405
2657406
2657407
2657408
2657409
2657410
2657411
2657412
2657413
2657414
2657415
2657416
2657417
2657418
2657419
2657420
2657421
2657422
2657423
2657424
2657425
2657426
2657427
2657428
2657429
2657430
2657431
2657432
2657433
2657434
2657435
2657436
2657437
2657438
2657439
2657440
2657441
2657442
2657443
2657444
2657445
2657446
2657447
2657448
2657449
2657450
2657451
2657452
2657453
2657454
2657455
2657456
2657457
2657458
2657459
2657460
2657461
2657462
2657463
2657464
2657465
2657466
2657467
2657468
2657469
2657470
2657471
2657472
2657473
2657474
2657475
2657476
2657477
2657478
2657479
2657480
2657481
2657482
2657483
2657484
2657485
2657486
2657487
2657488
2657489
2657490
2657491
2657492
2657493
2657494
2657495
2657496
2657497
2657498
2657499
2657500
2657501
2657502
2657503
2657504
2657505
2657506
2657507
2657508
2657509
2657510
2657511
2657512
2657513
2657514
2657515
2657516
2657517
2657518
2657519
2657520
2657521
2657522
2657523
2657524
2657525
2657526
2657527
2657528
2657529
2657530
2657531
2657532
2657533
2657534
2657535
2657536
2657537
2657538
2657539
2657540
2657541
2657542
2657543
2657544
2657545
2657546
2657547
2657548
2657549
2657550
2657551
2657552
2657553
2657554
2657555
2657556
2657557
2657558
2657559
2657560
2657561
2657562
2657563
2657564
2657565
2657566
2657567
2657568
2657569
2657570
2657571
2657572
2657573
2657574
2657575
2657576
2657577
2657578
2657579
2657580
2657581
2657582
2657583
2657584
2657585
2657586
2657587
2657588
2657589
2657590
2657591
2657592
2657593
2657594
2657595
2657596
2657597
2657598
2657599
2657600
2657601
2657602
2657603
2657604
2657605
2657606
2657607
2657608
2657609
2657610
2657611
2657612
2657613
2657614
2657615
2657616
2657617
2657618
2657619
2657620
2657621
2657622
2657623
2657624
2657625
2657626
2657627
2657628
2657629
2657630
2657631
2657632
2657633
2657634
2657635
2657636
2657637
2657638
2657639
2657640
2657641
2657642
2657643
2657644
2657645
2657646
2657647
2657648
2657649
2657650
2657651
2657652
2657653
2657654
2657655
2657656
2657657
2657658
2657659
2657660
2657661
2657662
2657663
2657664
2657665
2657666
2657667
2657668
2657669
2657670
2657671
2657672
2657673
2657674
2657675
2657676
2657677
2657678
2657679
2657680
2657681
2657682
2657683
2657684
2657685
2657686
2657687
2657688
2657689
2657690
2657691
2657692
2657693
2657694
2657695
2657696
2657697
2657698
2657699
2657700
2657701
2657702
2657703
2657704
2657705
2657706
2657707
2657708
2657709
2657710
2657711
2657712
2657713
2657714
2657715
2657716
2657717
2657718
2657719
2657720
2657721
2657722
2657723
2657724
2657725
2657726
2657727
2657728
2657729
2657730
2657731
2657732
2657733
2657734
2657735
2657736
2657737
2657738
2657739
2657740
2657741
2657742
2657743
2657744
2657745
2657746
2657747
2657748
2657749
2657750
2657751
2657752
2657753
2657754
2657755
2657756
2657757
2657758
2657759
2657760
2657761
2657762
2657763
2657764
2657765
2657766
2657767
2657768
2657769
2657770
2657771
2657772
2657773
2657774
2657775
2657776
2657777
2657778
2657779
2657780
2657781
2657782
2657783
2657784
2657785
2657786
2657787
2657788
2657789
2657790
2657791
2657792
2657793
2657794
2657795
2657796
2657797
2657798
2657799
2657800
2657801
2657802
2657803
2657804
2657805
2657806
2657807
2657808
2657809
2657810
2657811
2657812
2657813
2657814
2657815
2657816
2657817
2657818
2657819
2657820
2657821
2657822
2657823
2657824
2657825
2657826
2657827
2657828
2657829
2657830
2657831
2657832
2657833
2657834
2657835
2657836
2657837
2657838
2657839
2657840
2657841
2657842
2657843
2657844
2657845
2657846
2657847
2657848
2657849
2657850
2657851
2657852
2657853
2657854
2657855
2657856
2657857
2657858
2657859
2657860
2657861
2657862
2657863
2657864
2657865
2657866
2657867
2657868
2657869
2657870
2657871
2657872
2657873
2657874
2657875
2657876
2657877
2657878
2657879
2657880
2657881
2657882
2657883
2657884
2657885
2657886
2657887
2657888
2657889
2657890
2657891
2657892
2657893
2657894
2657895
2657896
2657897
2657898
2657899
2657900
2657901
2657902
2657903
2657904
2657905
2657906
2657907
2657908
2657909
2657910
2657911
2657912
2657913
2657914
2657915
2657916
2657917
2657918
2657919
2657920
2657921
2657922
2657923
2657924
2657925
2657926
2657927
2657928
2657929
2657930
2657931
2657932
2657933
2657934
2657935
2657936
2657937
2657938
2657939
2657940
2657941
2657942
2657943
2657944
2657945
2657946
2657947
2657948
2657949
2657950
2657951
2657952
2657953
2657954
2657955
2657956
2657957
2657958
2657959
2657960
2657961
2657962
2657963
2657964
2657965
2657966
2657967
2657968
2657969
2657970
2657971
2657972
2657973
2657974
2657975
2657976
2657977
2657978
2657979
2657980
2657981
2657982
2657983
2657984
2657985
2657986
2657987
2657988
2657989
2657990
2657991
2657992
2657993
2657994
2657995
2657996
2657997
2657998
2657999
2658000
2658001
2658002
2658003
2658004
2658005
2658006
2658007
2658008
2658009
2658010
2658011
2658012
2658013
2658014
2658015
2658016
2658017
2658018
2658019
2658020
2658021
2658022
2658023
2658024
2658025
2658026
2658027
2658028
2658029
2658030
2658031
2658032
2658033
2658034
2658035
2658036
2658037
2658038
2658039
2658040
2658041
2658042
2658043
2658044
2658045
2658046
2658047
2658048
2658049
2658050
2658051
2658052
2658053
2658054
2658055
2658056
2658057
2658058
2658059
2658060
2658061
2658062
2658063
2658064
2658065
2658066
2658067
2658068
2658069
2658070
2658071
2658072
2658073
2658074
2658075
2658076
2658077
2658078
2658079
2658080
2658081
2658082
2658083
2658084
2658085
2658086
2658087
2658088
2658089
2658090
2658091
2658092
2658093
2658094
2658095
2658096
2658097
2658098
2658099
2658100
2658101
2658102
2658103
2658104
2658105
2658106
2658107
2658108
2658109
2658110
2658111
2658112
2658113
2658114
2658115
2658116
2658117
2658118
2658119
2658120
2658121
2658122
2658123
2658124
2658125
2658126
2658127
2658128
2658129
2658130
2658131
2658132
2658133
2658134
2658135
2658136
2658137
2658138
2658139
2658140
2658141
2658142
2658143
2658144
2658145
2658146
2658147
2658148
2658149
2658150
2658151
2658152
2658153
2658154
2658155
2658156
2658157
2658158
2658159
2658160
2658161
2658162
2658163
2658164
2658165
2658166
2658167
2658168
2658169
2658170
2658171
2658172
2658173
2658174
2658175
2658176
2658177
2658178
2658179
2658180
2658181
2658182
2658183
2658184
2658185
2658186
2658187
2658188
2658189
2658190
2658191
2658192
2658193
2658194
2658195
2658196
2658197
2658198
2658199
2658200
2658201
2658202
2658203
2658204
2658205
2658206
2658207
2658208
2658209
2658210
2658211
2658212
2658213
2658214
2658215
2658216
2658217
2658218
2658219
2658220
2658221
2658222
2658223
2658224
2658225
2658226
2658227
2658228
2658229
2658230
2658231
2658232
2658233
2658234
2658235
2658236
2658237
2658238
2658239
2658240
2658241
2658242
2658243
2658244
2658245
2658246
2658247
2658248
2658249
2658250
2658251
2658252
2658253
2658254
2658255
2658256
2658257
2658258
2658259
2658260
2658261
2658262
2658263
2658264
2658265
2658266
2658267
2658268
2658269
2658270
2658271
2658272
2658273
2658274
2658275
2658276
2658277
2658278
2658279
2658280
2658281
2658282
2658283
2658284
2658285
2658286
2658287
2658288
2658289
2658290
2658291
2658292
2658293
2658294
2658295
2658296
2658297
2658298
2658299
2658300
2658301
2658302
2658303
2658304
2658305
2658306
2658307
2658308
2658309
2658310
2658311
2658312
2658313
2658314
2658315
2658316
2658317
2658318
2658319
2658320
2658321
2658322
2658323
2658324
2658325
2658326
2658327
2658328
2658329
2658330
2658331
2658332
2658333
2658334
2658335
2658336
2658337
2658338
2658339
2658340
2658341
2658342
2658343
2658344
2658345
2658346
2658347
2658348
2658349
2658350
2658351
2658352
2658353
2658354
2658355
2658356
2658357
2658358
2658359
2658360
2658361
2658362
2658363
2658364
2658365
2658366
2658367
2658368
2658369
2658370
2658371
2658372
2658373
2658374
2658375
2658376
2658377
2658378
2658379
2658380
2658381
2658382
2658383
2658384
2658385
2658386
2658387
2658388
2658389
2658390
2658391
2658392
2658393
2658394
2658395
2658396
2658397
2658398
2658399
2658400
2658401
2658402
2658403
2658404
2658405
2658406
2658407
2658408
2658409
2658410
2658411
2658412
2658413
2658414
2658415
2658416
2658417
2658418
2658419
2658420
2658421
2658422
2658423
2658424
2658425
2658426
2658427
2658428
2658429
2658430
2658431
2658432
2658433
2658434
2658435
2658436
2658437
2658438
2658439
2658440
2658441
2658442
2658443
2658444
2658445
2658446
2658447
2658448
2658449
2658450
2658451
2658452
2658453
2658454
2658455
2658456
2658457
2658458
2658459
2658460
2658461
2658462
2658463
2658464
2658465
2658466
2658467
2658468
2658469
2658470
2658471
2658472
2658473
2658474
2658475
2658476
2658477
2658478
2658479
2658480
2658481
2658482
2658483
2658484
2658485
2658486
2658487
2658488
2658489
2658490
2658491
2658492
2658493
2658494
2658495
2658496
2658497
2658498
2658499
2658500
2658501
2658502
2658503
2658504
2658505
2658506
2658507
2658508
2658509
2658510
2658511
2658512
2658513
2658514
2658515
2658516
2658517
2658518
2658519
2658520
2658521
2658522
2658523
2658524
2658525
2658526
2658527
2658528
2658529
2658530
2658531
2658532
2658533
2658534
2658535
2658536
2658537
2658538
2658539
2658540
2658541
2658542
2658543
2658544
2658545
2658546
2658547
2658548
2658549
2658550
2658551
2658552
2658553
2658554
2658555
2658556
2658557
2658558
2658559
2658560
2658561
2658562
2658563
2658564
2658565
2658566
2658567
2658568
2658569
2658570
2658571
2658572
2658573
2658574
2658575
2658576
2658577
2658578
2658579
2658580
2658581
2658582
2658583
2658584
2658585
2658586
2658587
2658588
2658589
2658590
2658591
2658592
2658593
2658594
2658595
2658596
2658597
2658598
2658599
2658600
2658601
2658602
2658603
2658604
2658605
2658606
2658607
2658608
2658609
2658610
2658611
2658612
2658613
2658614
2658615
2658616
2658617
2658618
2658619
2658620
2658621
2658622
2658623
2658624
2658625
2658626
2658627
2658628
2658629
2658630
2658631
2658632
2658633
2658634
2658635
2658636
2658637
2658638
2658639
2658640
2658641
2658642
2658643
2658644
2658645
2658646
2658647
2658648
2658649
2658650
2658651
2658652
2658653
2658654
2658655
2658656
2658657
2658658
2658659
2658660
2658661
2658662
2658663
2658664
2658665
2658666
2658667
2658668
2658669
2658670
2658671
2658672
2658673
2658674
2658675
2658676
2658677
2658678
2658679
2658680
2658681
2658682
2658683
2658684
2658685
2658686
2658687
2658688
2658689
2658690
2658691
2658692
2658693
2658694
2658695
2658696
2658697
2658698
2658699
2658700
2658701
2658702
2658703
2658704
2658705
2658706
2658707
2658708
2658709
2658710
2658711
2658712
2658713
2658714
2658715
2658716
2658717
2658718
2658719
2658720
2658721
2658722
2658723
2658724
2658725
2658726
2658727
2658728
2658729
2658730
2658731
2658732
2658733
2658734
2658735
2658736
2658737
2658738
2658739
2658740
2658741
2658742
2658743
2658744
2658745
2658746
2658747
2658748
2658749
2658750
2658751
2658752
2658753
2658754
2658755
2658756
2658757
2658758
2658759
2658760
2658761
2658762
2658763
2658764
2658765
2658766
2658767
2658768
2658769
2658770
2658771
2658772
2658773
2658774
2658775
2658776
2658777
2658778
2658779
2658780
2658781
2658782
2658783
2658784
2658785
2658786
2658787
2658788
2658789
2658790
2658791
2658792
2658793
2658794
2658795
2658796
2658797
2658798
2658799
2658800
2658801
2658802
2658803
2658804
2658805
2658806
2658807
2658808
2658809
2658810
2658811
2658812
2658813
2658814
2658815
2658816
2658817
2658818
2658819
2658820
2658821
2658822
2658823
2658824
2658825
2658826
2658827
2658828
2658829
2658830
2658831
2658832
2658833
2658834
2658835
2658836
2658837
2658838
2658839
2658840
2658841
2658842
2658843
2658844
2658845
2658846
2658847
2658848
2658849
2658850
2658851
2658852
2658853
2658854
2658855
2658856
2658857
2658858
2658859
2658860
2658861
2658862
2658863
2658864
2658865
2658866
2658867
2658868
2658869
2658870
2658871
2658872
2658873
2658874
2658875
2658876
2658877
2658878
2658879
2658880
2658881
2658882
2658883
2658884
2658885
2658886
2658887
2658888
2658889
2658890
2658891
2658892
2658893
2658894
2658895
2658896
2658897
2658898
2658899
2658900
2658901
2658902
2658903
2658904
2658905
2658906
2658907
2658908
2658909
2658910
2658911
2658912
2658913
2658914
2658915
2658916
2658917
2658918
2658919
2658920
2658921
2658922
2658923
2658924
2658925
2658926
2658927
2658928
2658929
2658930
2658931
2658932
2658933
2658934
2658935
2658936
2658937
2658938
2658939
2658940
2658941
2658942
2658943
2658944
2658945
2658946
2658947
2658948
2658949
2658950
2658951
2658952
2658953
2658954
2658955
2658956
2658957
2658958
2658959
2658960
2658961
2658962
2658963
2658964
2658965
2658966
2658967
2658968
2658969
2658970
2658971
2658972
2658973
2658974
2658975
2658976
2658977
2658978
2658979
2658980
2658981
2658982
2658983
2658984
2658985
2658986
2658987
2658988
2658989
2658990
2658991
2658992
2658993
2658994
2658995
2658996
2658997
2658998
2658999
2659000
2659001
2659002
2659003
2659004
2659005
2659006
2659007
2659008
2659009
2659010
2659011
2659012
2659013
2659014
2659015
2659016
2659017
2659018
2659019
2659020
2659021
2659022
2659023
2659024
2659025
2659026
2659027
2659028
2659029
2659030
2659031
2659032
2659033
2659034
2659035
2659036
2659037
2659038
2659039
2659040
2659041
2659042
2659043
2659044
2659045
2659046
2659047
2659048
2659049
2659050
2659051
2659052
2659053
2659054
2659055
2659056
2659057
2659058
2659059
2659060
2659061
2659062
2659063
2659064
2659065
2659066
2659067
2659068
2659069
2659070
2659071
2659072
2659073
2659074
2659075
2659076
2659077
2659078
2659079
2659080
2659081
2659082
2659083
2659084
2659085
2659086
2659087
2659088
2659089
2659090
2659091
2659092
2659093
2659094
2659095
2659096
2659097
2659098
2659099
2659100
2659101
2659102
2659103
2659104
2659105
2659106
2659107
2659108
2659109
2659110
2659111
2659112
2659113
2659114
2659115
2659116
2659117
2659118
2659119
2659120
2659121
2659122
2659123
2659124
2659125
2659126
2659127
2659128
2659129
2659130
2659131
2659132
2659133
2659134
2659135
2659136
2659137
2659138
2659139
2659140
2659141
2659142
2659143
2659144
2659145
2659146
2659147
2659148
2659149
2659150
2659151
2659152
2659153
2659154
2659155
2659156
2659157
2659158
2659159
2659160
2659161
2659162
2659163
2659164
2659165
2659166
2659167
2659168
2659169
2659170
2659171
2659172
2659173
2659174
2659175
2659176
2659177
2659178
2659179
2659180
2659181
2659182
2659183
2659184
2659185
2659186
2659187
2659188
2659189
2659190
2659191
2659192
2659193
2659194
2659195
2659196
2659197
2659198
2659199
2659200
2659201
2659202
2659203
2659204
2659205
2659206
2659207
2659208
2659209
2659210
2659211
2659212
2659213
2659214
2659215
2659216
2659217
2659218
2659219
2659220
2659221
2659222
2659223
2659224
2659225
2659226
2659227
2659228
2659229
2659230
2659231
2659232
2659233
2659234
2659235
2659236
2659237
2659238
2659239
2659240
2659241
2659242
2659243
2659244
2659245
2659246
2659247
2659248
2659249
2659250
2659251
2659252
2659253
2659254
2659255
2659256
2659257
2659258
2659259
2659260
2659261
2659262
2659263
2659264
2659265
2659266
2659267
2659268
2659269
2659270
2659271
2659272
2659273
2659274
2659275
2659276
2659277
2659278
2659279
2659280
2659281
2659282
2659283
2659284
2659285
2659286
2659287
2659288
2659289
2659290
2659291
2659292
2659293
2659294
2659295
2659296
2659297
2659298
2659299
2659300
2659301
2659302
2659303
2659304
2659305
2659306
2659307
2659308
2659309
2659310
2659311
2659312
2659313
2659314
2659315
2659316
2659317
2659318
2659319
2659320
2659321
2659322
2659323
2659324
2659325
2659326
2659327
2659328
2659329
2659330
2659331
2659332
2659333
2659334
2659335
2659336
2659337
2659338
2659339
2659340
2659341
2659342
2659343
2659344
2659345
2659346
2659347
2659348
2659349
2659350
2659351
2659352
2659353
2659354
2659355
2659356
2659357
2659358
2659359
2659360
2659361
2659362
2659363
2659364
2659365
2659366
2659367
2659368
2659369
2659370
2659371
2659372
2659373
2659374
2659375
2659376
2659377
2659378
2659379
2659380
2659381
2659382
2659383
2659384
2659385
2659386
2659387
2659388
2659389
2659390
2659391
2659392
2659393
2659394
2659395
2659396
2659397
2659398
2659399
2659400
2659401
2659402
2659403
2659404
2659405
2659406
2659407
2659408
2659409
2659410
2659411
2659412
2659413
2659414
2659415
2659416
2659417
2659418
2659419
2659420
2659421
2659422
2659423
2659424
2659425
2659426
2659427
2659428
2659429
2659430
2659431
2659432
2659433
2659434
2659435
2659436
2659437
2659438
2659439
2659440
2659441
2659442
2659443
2659444
2659445
2659446
2659447
2659448
2659449
2659450
2659451
2659452
2659453
2659454
2659455
2659456
2659457
2659458
2659459
2659460
2659461
2659462
2659463
2659464
2659465
2659466
2659467
2659468
2659469
2659470
2659471
2659472
2659473
2659474
2659475
2659476
2659477
2659478
2659479
2659480
2659481
2659482
2659483
2659484
2659485
2659486
2659487
2659488
2659489
2659490
2659491
2659492
2659493
2659494
2659495
2659496
2659497
2659498
2659499
2659500
2659501
2659502
2659503
2659504
2659505
2659506
2659507
2659508
2659509
2659510
2659511
2659512
2659513
2659514
2659515
2659516
2659517
2659518
2659519
2659520
2659521
2659522
2659523
2659524
2659525
2659526
2659527
2659528
2659529
2659530
2659531
2659532
2659533
2659534
2659535
2659536
2659537
2659538
2659539
2659540
2659541
2659542
2659543
2659544
2659545
2659546
2659547
2659548
2659549
2659550
2659551
2659552
2659553
2659554
2659555
2659556
2659557
2659558
2659559
2659560
2659561
2659562
2659563
2659564
2659565
2659566
2659567
2659568
2659569
2659570
2659571
2659572
2659573
2659574
2659575
2659576
2659577
2659578
2659579
2659580
2659581
2659582
2659583
2659584
2659585
2659586
2659587
2659588
2659589
2659590
2659591
2659592
2659593
2659594
2659595
2659596
2659597
2659598
2659599
2659600
2659601
2659602
2659603
2659604
2659605
2659606
2659607
2659608
2659609
2659610
2659611
2659612
2659613
2659614
2659615
2659616
2659617
2659618
2659619
2659620
2659621
2659622
2659623
2659624
2659625
2659626
2659627
2659628
2659629
2659630
2659631
2659632
2659633
2659634
2659635
2659636
2659637
2659638
2659639
2659640
2659641
2659642
2659643
2659644
2659645
2659646
2659647
2659648
2659649
2659650
2659651
2659652
2659653
2659654
2659655
2659656
2659657
2659658
2659659
2659660
2659661
2659662
2659663
2659664
2659665
2659666
2659667
2659668
2659669
2659670
2659671
2659672
2659673
2659674
2659675
2659676
2659677
2659678
2659679
2659680
2659681
2659682
2659683
2659684
2659685
2659686
2659687
2659688
2659689
2659690
2659691
2659692
2659693
2659694
2659695
2659696
2659697
2659698
2659699
2659700
2659701
2659702
2659703
2659704
2659705
2659706
2659707
2659708
2659709
2659710
2659711
2659712
2659713
2659714
2659715
2659716
2659717
2659718
2659719
2659720
2659721
2659722
2659723
2659724
2659725
2659726
2659727
2659728
2659729
2659730
2659731
2659732
2659733
2659734
2659735
2659736
2659737
2659738
2659739
2659740
2659741
2659742
2659743
2659744
2659745
2659746
2659747
2659748
2659749
2659750
2659751
2659752
2659753
2659754
2659755
2659756
2659757
2659758
2659759
2659760
2659761
2659762
2659763
2659764
2659765
2659766
2659767
2659768
2659769
2659770
2659771
2659772
2659773
2659774
2659775
2659776
2659777
2659778
2659779
2659780
2659781
2659782
2659783
2659784
2659785
2659786
2659787
2659788
2659789
2659790
2659791
2659792
2659793
2659794
2659795
2659796
2659797
2659798
2659799
2659800
2659801
2659802
2659803
2659804
2659805
2659806
2659807
2659808
2659809
2659810
2659811
2659812
2659813
2659814
2659815
2659816
2659817
2659818
2659819
2659820
2659821
2659822
2659823
2659824
2659825
2659826
2659827
2659828
2659829
2659830
2659831
2659832
2659833
2659834
2659835
2659836
2659837
2659838
2659839
2659840
2659841
2659842
2659843
2659844
2659845
2659846
2659847
2659848
2659849
2659850
2659851
2659852
2659853
2659854
2659855
2659856
2659857
2659858
2659859
2659860
2659861
2659862
2659863
2659864
2659865
2659866
2659867
2659868
2659869
2659870
2659871
2659872
2659873
2659874
2659875
2659876
2659877
2659878
2659879
2659880
2659881
2659882
2659883
2659884
2659885
2659886
2659887
2659888
2659889
2659890
2659891
2659892
2659893
2659894
2659895
2659896
2659897
2659898
2659899
2659900
2659901
2659902
2659903
2659904
2659905
2659906
2659907
2659908
2659909
2659910
2659911
2659912
2659913
2659914
2659915
2659916
2659917
2659918
2659919
2659920
2659921
2659922
2659923
2659924
2659925
2659926
2659927
2659928
2659929
2659930
2659931
2659932
2659933
2659934
2659935
2659936
2659937
2659938
2659939
2659940
2659941
2659942
2659943
2659944
2659945
2659946
2659947
2659948
2659949
2659950
2659951
2659952
2659953
2659954
2659955
2659956
2659957
2659958
2659959
2659960
2659961
2659962
2659963
2659964
2659965
2659966
2659967
2659968
2659969
2659970
2659971
2659972
2659973
2659974
2659975
2659976
2659977
2659978
2659979
2659980
2659981
2659982
2659983
2659984
2659985
2659986
2659987
2659988
2659989
2659990
2659991
2659992
2659993
2659994
2659995
2659996
2659997
2659998
2659999
2660000
