2620001
2620002
2620003
2620004
2620005
2620006
2620007
2620008
2620009
2620010
2620011
2620012
2620013
2620014
2620015
2620016
2620017
2620018
2620019
2620020
2620021
2620022
2620023
2620024
2620025
2620026
2620027
2620028
2620029
2620030
2620031
2620032
2620033
2620034
2620035
2620036
2620037
2620038
2620039
2620040
2620041
2620042
2620043
2620044
2620045
2620046
2620047
2620048
2620049
2620050
2620051
2620052
2620053
2620054
2620055
2620056
2620057
2620058
2620059
2620060
2620061
2620062
2620063
2620064
2620065
2620066
2620067
2620068
2620069
2620070
2620071
2620072
2620073
2620074
2620075
2620076
2620077
2620078
2620079
2620080
2620081
2620082
2620083
2620084
2620085
2620086
2620087
2620088
2620089
2620090
2620091
2620092
2620093
2620094
2620095
2620096
2620097
2620098
2620099
2620100
2620101
2620102
2620103
2620104
2620105
2620106
2620107
2620108
2620109
2620110
2620111
2620112
2620113
2620114
2620115
2620116
2620117
2620118
2620119
2620120
2620121
2620122
2620123
2620124
2620125
2620126
2620127
2620128
2620129
2620130
2620131
2620132
2620133
2620134
2620135
2620136
2620137
2620138
2620139
2620140
2620141
2620142
2620143
2620144
2620145
2620146
2620147
2620148
2620149
2620150
2620151
2620152
2620153
2620154
2620155
2620156
2620157
2620158
2620159
2620160
2620161
2620162
2620163
2620164
2620165
2620166
2620167
2620168
2620169
2620170
2620171
2620172
2620173
2620174
2620175
2620176
2620177
2620178
2620179
2620180
2620181
2620182
2620183
2620184
2620185
2620186
2620187
2620188
2620189
2620190
2620191
2620192
2620193
2620194
2620195
2620196
2620197
2620198
2620199
2620200
2620201
2620202
2620203
2620204
2620205
2620206
2620207
2620208
2620209
2620210
2620211
2620212
2620213
2620214
2620215
2620216
2620217
2620218
2620219
2620220
2620221
2620222
2620223
2620224
2620225
2620226
2620227
2620228
2620229
2620230
2620231
2620232
2620233
2620234
2620235
2620236
2620237
2620238
2620239
2620240
2620241
2620242
2620243
2620244
2620245
2620246
2620247
2620248
2620249
2620250
2620251
2620252
2620253
2620254
2620255
2620256
2620257
2620258
2620259
2620260
2620261
2620262
2620263
2620264
2620265
2620266
2620267
2620268
2620269
2620270
2620271
2620272
2620273
2620274
2620275
2620276
2620277
2620278
2620279
2620280
2620281
2620282
2620283
2620284
2620285
2620286
2620287
2620288
2620289
2620290
2620291
2620292
2620293
2620294
2620295
2620296
2620297
2620298
2620299
2620300
2620301
2620302
2620303
2620304
2620305
2620306
2620307
2620308
2620309
2620310
2620311
2620312
2620313
2620314
2620315
2620316
2620317
2620318
2620319
2620320
2620321
2620322
2620323
2620324
2620325
2620326
2620327
2620328
2620329
2620330
2620331
2620332
2620333
2620334
2620335
2620336
2620337
2620338
2620339
2620340
2620341
2620342
2620343
2620344
2620345
2620346
2620347
2620348
2620349
2620350
2620351
2620352
2620353
2620354
2620355
2620356
2620357
2620358
2620359
2620360
2620361
2620362
2620363
2620364
2620365
2620366
2620367
2620368
2620369
2620370
2620371
2620372
2620373
2620374
2620375
2620376
2620377
2620378
2620379
2620380
2620381
2620382
2620383
2620384
2620385
2620386
2620387
2620388
2620389
2620390
2620391
2620392
2620393
2620394
2620395
2620396
2620397
2620398
2620399
2620400
2620401
2620402
2620403
2620404
2620405
2620406
2620407
2620408
2620409
2620410
2620411
2620412
2620413
2620414
2620415
2620416
2620417
2620418
2620419
2620420
2620421
2620422
2620423
2620424
2620425
2620426
2620427
2620428
2620429
2620430
2620431
2620432
2620433
2620434
2620435
2620436
2620437
2620438
2620439
2620440
2620441
2620442
2620443
2620444
2620445
2620446
2620447
2620448
2620449
2620450
2620451
2620452
2620453
2620454
2620455
2620456
2620457
2620458
2620459
2620460
2620461
2620462
2620463
2620464
2620465
2620466
2620467
2620468
2620469
2620470
2620471
2620472
2620473
2620474
2620475
2620476
2620477
2620478
2620479
2620480
2620481
2620482
2620483
2620484
2620485
2620486
2620487
2620488
2620489
2620490
2620491
2620492
2620493
2620494
2620495
2620496
2620497
2620498
2620499
2620500
2620501
2620502
2620503
2620504
2620505
2620506
2620507
2620508
2620509
2620510
2620511
2620512
2620513
2620514
2620515
2620516
2620517
2620518
2620519
2620520
2620521
2620522
2620523
2620524
2620525
2620526
2620527
2620528
2620529
2620530
2620531
2620532
2620533
2620534
2620535
2620536
2620537
2620538
2620539
2620540
2620541
2620542
2620543
2620544
2620545
2620546
2620547
2620548
2620549
2620550
2620551
2620552
2620553
2620554
2620555
2620556
2620557
2620558
2620559
2620560
2620561
2620562
2620563
2620564
2620565
2620566
2620567
2620568
2620569
2620570
2620571
2620572
2620573
2620574
2620575
2620576
2620577
2620578
2620579
2620580
2620581
2620582
2620583
2620584
2620585
2620586
2620587
2620588
2620589
2620590
2620591
2620592
2620593
2620594
2620595
2620596
2620597
2620598
2620599
2620600
2620601
2620602
2620603
2620604
2620605
2620606
2620607
2620608
2620609
2620610
2620611
2620612
2620613
2620614
2620615
2620616
2620617
2620618
2620619
2620620
2620621
2620622
2620623
2620624
2620625
2620626
2620627
2620628
2620629
2620630
2620631
2620632
2620633
2620634
2620635
2620636
2620637
2620638
2620639
2620640
2620641
2620642
2620643
2620644
2620645
2620646
2620647
2620648
2620649
2620650
2620651
2620652
2620653
2620654
2620655
2620656
2620657
2620658
2620659
2620660
2620661
2620662
2620663
2620664
2620665
2620666
2620667
2620668
2620669
2620670
2620671
2620672
2620673
2620674
2620675
2620676
2620677
2620678
2620679
2620680
2620681
2620682
2620683
2620684
2620685
2620686
2620687
2620688
2620689
2620690
2620691
2620692
2620693
2620694
2620695
2620696
2620697
2620698
2620699
2620700
2620701
2620702
2620703
2620704
2620705
2620706
2620707
2620708
2620709
2620710
2620711
2620712
2620713
2620714
2620715
2620716
2620717
2620718
2620719
2620720
2620721
2620722
2620723
2620724
2620725
2620726
2620727
2620728
2620729
2620730
2620731
2620732
2620733
2620734
2620735
2620736
2620737
2620738
2620739
2620740
2620741
2620742
2620743
2620744
2620745
2620746
2620747
2620748
2620749
2620750
2620751
2620752
2620753
2620754
2620755
2620756
2620757
2620758
2620759
2620760
2620761
2620762
2620763
2620764
2620765
2620766
2620767
2620768
2620769
2620770
2620771
2620772
2620773
2620774
2620775
2620776
2620777
2620778
2620779
2620780
2620781
2620782
2620783
2620784
2620785
2620786
2620787
2620788
2620789
2620790
2620791
2620792
2620793
2620794
2620795
2620796
2620797
2620798
2620799
2620800
2620801
2620802
2620803
2620804
2620805
2620806
2620807
2620808
2620809
2620810
2620811
2620812
2620813
2620814
2620815
2620816
2620817
2620818
2620819
2620820
2620821
2620822
2620823
2620824
2620825
2620826
2620827
2620828
2620829
2620830
2620831
2620832
2620833
2620834
2620835
2620836
2620837
2620838
2620839
2620840
2620841
2620842
2620843
2620844
2620845
2620846
2620847
2620848
2620849
2620850
2620851
2620852
2620853
2620854
2620855
2620856
2620857
2620858
2620859
2620860
2620861
2620862
2620863
2620864
2620865
2620866
2620867
2620868
2620869
2620870
2620871
2620872
2620873
2620874
2620875
2620876
2620877
2620878
2620879
2620880
2620881
2620882
2620883
2620884
2620885
2620886
2620887
2620888
2620889
2620890
2620891
2620892
2620893
2620894
2620895
2620896
2620897
2620898
2620899
2620900
2620901
2620902
2620903
2620904
2620905
2620906
2620907
2620908
2620909
2620910
2620911
2620912
2620913
2620914
2620915
2620916
2620917
2620918
2620919
2620920
2620921
2620922
2620923
2620924
2620925
2620926
2620927
2620928
2620929
2620930
2620931
2620932
2620933
2620934
2620935
2620936
2620937
2620938
2620939
2620940
2620941
2620942
2620943
2620944
2620945
2620946
2620947
2620948
2620949
2620950
2620951
2620952
2620953
2620954
2620955
2620956
2620957
2620958
2620959
2620960
2620961
2620962
2620963
2620964
2620965
2620966
2620967
2620968
2620969
2620970
2620971
2620972
2620973
2620974
2620975
2620976
2620977
2620978
2620979
2620980
2620981
2620982
2620983
2620984
2620985
2620986
2620987
2620988
2620989
2620990
2620991
2620992
2620993
2620994
2620995
2620996
2620997
2620998
2620999
2621000
2621001
2621002
2621003
2621004
2621005
2621006
2621007
2621008
2621009
2621010
2621011
2621012
2621013
2621014
2621015
2621016
2621017
2621018
2621019
2621020
2621021
2621022
2621023
2621024
2621025
2621026
2621027
2621028
2621029
2621030
2621031
2621032
2621033
2621034
2621035
2621036
2621037
2621038
2621039
2621040
2621041
2621042
2621043
2621044
2621045
2621046
2621047
2621048
2621049
2621050
2621051
2621052
2621053
2621054
2621055
2621056
2621057
2621058
2621059
2621060
2621061
2621062
2621063
2621064
2621065
2621066
2621067
2621068
2621069
2621070
2621071
2621072
2621073
2621074
2621075
2621076
2621077
2621078
2621079
2621080
2621081
2621082
2621083
2621084
2621085
2621086
2621087
2621088
2621089
2621090
2621091
2621092
2621093
2621094
2621095
2621096
2621097
2621098
2621099
2621100
2621101
2621102
2621103
2621104
2621105
2621106
2621107
2621108
2621109
2621110
2621111
2621112
2621113
2621114
2621115
2621116
2621117
2621118
2621119
2621120
2621121
2621122
2621123
2621124
2621125
2621126
2621127
2621128
2621129
2621130
2621131
2621132
2621133
2621134
2621135
2621136
2621137
2621138
2621139
2621140
2621141
2621142
2621143
2621144
2621145
2621146
2621147
2621148
2621149
2621150
2621151
2621152
2621153
2621154
2621155
2621156
2621157
2621158
2621159
2621160
2621161
2621162
2621163
2621164
2621165
2621166
2621167
2621168
2621169
2621170
2621171
2621172
2621173
2621174
2621175
2621176
2621177
2621178
2621179
2621180
2621181
2621182
2621183
2621184
2621185
2621186
2621187
2621188
2621189
2621190
2621191
2621192
2621193
2621194
2621195
2621196
2621197
2621198
2621199
2621200
2621201
2621202
2621203
2621204
2621205
2621206
2621207
2621208
2621209
2621210
2621211
2621212
2621213
2621214
2621215
2621216
2621217
2621218
2621219
2621220
2621221
2621222
2621223
2621224
2621225
2621226
2621227
2621228
2621229
2621230
2621231
2621232
2621233
2621234
2621235
2621236
2621237
2621238
2621239
2621240
2621241
2621242
2621243
2621244
2621245
2621246
2621247
2621248
2621249
2621250
2621251
2621252
2621253
2621254
2621255
2621256
2621257
2621258
2621259
2621260
2621261
2621262
2621263
2621264
2621265
2621266
2621267
2621268
2621269
2621270
2621271
2621272
2621273
2621274
2621275
2621276
2621277
2621278
2621279
2621280
2621281
2621282
2621283
2621284
2621285
2621286
2621287
2621288
2621289
2621290
2621291
2621292
2621293
2621294
2621295
2621296
2621297
2621298
2621299
2621300
2621301
2621302
2621303
2621304
2621305
2621306
2621307
2621308
2621309
2621310
2621311
2621312
2621313
2621314
2621315
2621316
2621317
2621318
2621319
2621320
2621321
2621322
2621323
2621324
2621325
2621326
2621327
2621328
2621329
2621330
2621331
2621332
2621333
2621334
2621335
2621336
2621337
2621338
2621339
2621340
2621341
2621342
2621343
2621344
2621345
2621346
2621347
2621348
2621349
2621350
2621351
2621352
2621353
2621354
2621355
2621356
2621357
2621358
2621359
2621360
2621361
2621362
2621363
2621364
2621365
2621366
2621367
2621368
2621369
2621370
2621371
2621372
2621373
2621374
2621375
2621376
2621377
2621378
2621379
2621380
2621381
2621382
2621383
2621384
2621385
2621386
2621387
2621388
2621389
2621390
2621391
2621392
2621393
2621394
2621395
2621396
2621397
2621398
2621399
2621400
2621401
2621402
2621403
2621404
2621405
2621406
2621407
2621408
2621409
2621410
2621411
2621412
2621413
2621414
2621415
2621416
2621417
2621418
2621419
2621420
2621421
2621422
2621423
2621424
2621425
2621426
2621427
2621428
2621429
2621430
2621431
2621432
2621433
2621434
2621435
2621436
2621437
2621438
2621439
2621440
2621441
2621442
2621443
2621444
2621445
2621446
2621447
2621448
2621449
2621450
2621451
2621452
2621453
2621454
2621455
2621456
2621457
2621458
2621459
2621460
2621461
2621462
2621463
2621464
2621465
2621466
2621467
2621468
2621469
2621470
2621471
2621472
2621473
2621474
2621475
2621476
2621477
2621478
2621479
2621480
2621481
2621482
2621483
2621484
2621485
2621486
2621487
2621488
2621489
2621490
2621491
2621492
2621493
2621494
2621495
2621496
2621497
2621498
2621499
2621500
2621501
2621502
2621503
2621504
2621505
2621506
2621507
2621508
2621509
2621510
2621511
2621512
2621513
2621514
2621515
2621516
2621517
2621518
2621519
2621520
2621521
2621522
2621523
2621524
2621525
2621526
2621527
2621528
2621529
2621530
2621531
2621532
2621533
2621534
2621535
2621536
2621537
2621538
2621539
2621540
2621541
2621542
2621543
2621544
2621545
2621546
2621547
2621548
2621549
2621550
2621551
2621552
2621553
2621554
2621555
2621556
2621557
2621558
2621559
2621560
2621561
2621562
2621563
2621564
2621565
2621566
2621567
2621568
2621569
2621570
2621571
2621572
2621573
2621574
2621575
2621576
2621577
2621578
2621579
2621580
2621581
2621582
2621583
2621584
2621585
2621586
2621587
2621588
2621589
2621590
2621591
2621592
2621593
2621594
2621595
2621596
2621597
2621598
2621599
2621600
2621601
2621602
2621603
2621604
2621605
2621606
2621607
2621608
2621609
2621610
2621611
2621612
2621613
2621614
2621615
2621616
2621617
2621618
2621619
2621620
2621621
2621622
2621623
2621624
2621625
2621626
2621627
2621628
2621629
2621630
2621631
2621632
2621633
2621634
2621635
2621636
2621637
2621638
2621639
2621640
2621641
2621642
2621643
2621644
2621645
2621646
2621647
2621648
2621649
2621650
2621651
2621652
2621653
2621654
2621655
2621656
2621657
2621658
2621659
2621660
2621661
2621662
2621663
2621664
2621665
2621666
2621667
2621668
2621669
2621670
2621671
2621672
2621673
2621674
2621675
2621676
2621677
2621678
2621679
2621680
2621681
2621682
2621683
2621684
2621685
2621686
2621687
2621688
2621689
2621690
2621691
2621692
2621693
2621694
2621695
2621696
2621697
2621698
2621699
2621700
2621701
2621702
2621703
2621704
2621705
2621706
2621707
2621708
2621709
2621710
2621711
2621712
2621713
2621714
2621715
2621716
2621717
2621718
2621719
2621720
2621721
2621722
2621723
2621724
2621725
2621726
2621727
2621728
2621729
2621730
2621731
2621732
2621733
2621734
2621735
2621736
2621737
2621738
2621739
2621740
2621741
2621742
2621743
2621744
2621745
2621746
2621747
2621748
2621749
2621750
2621751
2621752
2621753
2621754
2621755
2621756
2621757
2621758
2621759
2621760
2621761
2621762
2621763
2621764
2621765
2621766
2621767
2621768
2621769
2621770
2621771
2621772
2621773
2621774
2621775
2621776
2621777
2621778
2621779
2621780
2621781
2621782
2621783
2621784
2621785
2621786
2621787
2621788
2621789
2621790
2621791
2621792
2621793
2621794
2621795
2621796
2621797
2621798
2621799
2621800
2621801
2621802
2621803
2621804
2621805
2621806
2621807
2621808
2621809
2621810
2621811
2621812
2621813
2621814
2621815
2621816
2621817
2621818
2621819
2621820
2621821
2621822
2621823
2621824
2621825
2621826
2621827
2621828
2621829
2621830
2621831
2621832
2621833
2621834
2621835
2621836
2621837
2621838
2621839
2621840
2621841
2621842
2621843
2621844
2621845
2621846
2621847
2621848
2621849
2621850
2621851
2621852
2621853
2621854
2621855
2621856
2621857
2621858
2621859
2621860
2621861
2621862
2621863
2621864
2621865
2621866
2621867
2621868
2621869
2621870
2621871
2621872
2621873
2621874
2621875
2621876
2621877
2621878
2621879
2621880
2621881
2621882
2621883
2621884
2621885
2621886
2621887
2621888
2621889
2621890
2621891
2621892
2621893
2621894
2621895
2621896
2621897
2621898
2621899
2621900
2621901
2621902
2621903
2621904
2621905
2621906
2621907
2621908
2621909
2621910
2621911
2621912
2621913
2621914
2621915
2621916
2621917
2621918
2621919
2621920
2621921
2621922
2621923
2621924
2621925
2621926
2621927
2621928
2621929
2621930
2621931
2621932
2621933
2621934
2621935
2621936
2621937
2621938
2621939
2621940
2621941
2621942
2621943
2621944
2621945
2621946
2621947
2621948
2621949
2621950
2621951
2621952
2621953
2621954
2621955
2621956
2621957
2621958
2621959
2621960
2621961
2621962
2621963
2621964
2621965
2621966
2621967
2621968
2621969
2621970
2621971
2621972
2621973
2621974
2621975
2621976
2621977
2621978
2621979
2621980
2621981
2621982
2621983
2621984
2621985
2621986
2621987
2621988
2621989
2621990
2621991
2621992
2621993
2621994
2621995
2621996
2621997
2621998
2621999
2622000
2622001
2622002
2622003
2622004
2622005
2622006
2622007
2622008
2622009
2622010
2622011
2622012
2622013
2622014
2622015
2622016
2622017
2622018
2622019
2622020
2622021
2622022
2622023
2622024
2622025
2622026
2622027
2622028
2622029
2622030
2622031
2622032
2622033
2622034
2622035
2622036
2622037
2622038
2622039
2622040
2622041
2622042
2622043
2622044
2622045
2622046
2622047
2622048
2622049
2622050
2622051
2622052
2622053
2622054
2622055
2622056
2622057
2622058
2622059
2622060
2622061
2622062
2622063
2622064
2622065
2622066
2622067
2622068
2622069
2622070
2622071
2622072
2622073
2622074
2622075
2622076
2622077
2622078
2622079
2622080
2622081
2622082
2622083
2622084
2622085
2622086
2622087
2622088
2622089
2622090
2622091
2622092
2622093
2622094
2622095
2622096
2622097
2622098
2622099
2622100
2622101
2622102
2622103
2622104
2622105
2622106
2622107
2622108
2622109
2622110
2622111
2622112
2622113
2622114
2622115
2622116
2622117
2622118
2622119
2622120
2622121
2622122
2622123
2622124
2622125
2622126
2622127
2622128
2622129
2622130
2622131
2622132
2622133
2622134
2622135
2622136
2622137
2622138
2622139
2622140
2622141
2622142
2622143
2622144
2622145
2622146
2622147
2622148
2622149
2622150
2622151
2622152
2622153
2622154
2622155
2622156
2622157
2622158
2622159
2622160
2622161
2622162
2622163
2622164
2622165
2622166
2622167
2622168
2622169
2622170
2622171
2622172
2622173
2622174
2622175
2622176
2622177
2622178
2622179
2622180
2622181
2622182
2622183
2622184
2622185
2622186
2622187
2622188
2622189
2622190
2622191
2622192
2622193
2622194
2622195
2622196
2622197
2622198
2622199
2622200
2622201
2622202
2622203
2622204
2622205
2622206
2622207
2622208
2622209
2622210
2622211
2622212
2622213
2622214
2622215
2622216
2622217
2622218
2622219
2622220
2622221
2622222
2622223
2622224
2622225
2622226
2622227
2622228
2622229
2622230
2622231
2622232
2622233
2622234
2622235
2622236
2622237
2622238
2622239
2622240
2622241
2622242
2622243
2622244
2622245
2622246
2622247
2622248
2622249
2622250
2622251
2622252
2622253
2622254
2622255
2622256
2622257
2622258
2622259
2622260
2622261
2622262
2622263
2622264
2622265
2622266
2622267
2622268
2622269
2622270
2622271
2622272
2622273
2622274
2622275
2622276
2622277
2622278
2622279
2622280
2622281
2622282
2622283
2622284
2622285
2622286
2622287
2622288
2622289
2622290
2622291
2622292
2622293
2622294
2622295
2622296
2622297
2622298
2622299
2622300
2622301
2622302
2622303
2622304
2622305
2622306
2622307
2622308
2622309
2622310
2622311
2622312
2622313
2622314
2622315
2622316
2622317
2622318
2622319
2622320
2622321
2622322
2622323
2622324
2622325
2622326
2622327
2622328
2622329
2622330
2622331
2622332
2622333
2622334
2622335
2622336
2622337
2622338
2622339
2622340
2622341
2622342
2622343
2622344
2622345
2622346
2622347
2622348
2622349
2622350
2622351
2622352
2622353
2622354
2622355
2622356
2622357
2622358
2622359
2622360
2622361
2622362
2622363
2622364
2622365
2622366
2622367
2622368
2622369
2622370
2622371
2622372
2622373
2622374
2622375
2622376
2622377
2622378
2622379
2622380
2622381
2622382
2622383
2622384
2622385
2622386
2622387
2622388
2622389
2622390
2622391
2622392
2622393
2622394
2622395
2622396
2622397
2622398
2622399
2622400
2622401
2622402
2622403
2622404
2622405
2622406
2622407
2622408
2622409
2622410
2622411
2622412
2622413
2622414
2622415
2622416
2622417
2622418
2622419
2622420
2622421
2622422
2622423
2622424
2622425
2622426
2622427
2622428
2622429
2622430
2622431
2622432
2622433
2622434
2622435
2622436
2622437
2622438
2622439
2622440
2622441
2622442
2622443
2622444
2622445
2622446
2622447
2622448
2622449
2622450
2622451
2622452
2622453
2622454
2622455
2622456
2622457
2622458
2622459
2622460
2622461
2622462
2622463
2622464
2622465
2622466
2622467
2622468
2622469
2622470
2622471
2622472
2622473
2622474
2622475
2622476
2622477
2622478
2622479
2622480
2622481
2622482
2622483
2622484
2622485
2622486
2622487
2622488
2622489
2622490
2622491
2622492
2622493
2622494
2622495
2622496
2622497
2622498
2622499
2622500
2622501
2622502
2622503
2622504
2622505
2622506
2622507
2622508
2622509
2622510
2622511
2622512
2622513
2622514
2622515
2622516
2622517
2622518
2622519
2622520
2622521
2622522
2622523
2622524
2622525
2622526
2622527
2622528
2622529
2622530
2622531
2622532
2622533
2622534
2622535
2622536
2622537
2622538
2622539
2622540
2622541
2622542
2622543
2622544
2622545
2622546
2622547
2622548
2622549
2622550
2622551
2622552
2622553
2622554
2622555
2622556
2622557
2622558
2622559
2622560
2622561
2622562
2622563
2622564
2622565
2622566
2622567
2622568
2622569
2622570
2622571
2622572
2622573
2622574
2622575
2622576
2622577
2622578
2622579
2622580
2622581
2622582
2622583
2622584
2622585
2622586
2622587
2622588
2622589
2622590
2622591
2622592
2622593
2622594
2622595
2622596
2622597
2622598
2622599
2622600
2622601
2622602
2622603
2622604
2622605
2622606
2622607
2622608
2622609
2622610
2622611
2622612
2622613
2622614
2622615
2622616
2622617
2622618
2622619
2622620
2622621
2622622
2622623
2622624
2622625
2622626
2622627
2622628
2622629
2622630
2622631
2622632
2622633
2622634
2622635
2622636
2622637
2622638
2622639
2622640
2622641
2622642
2622643
2622644
2622645
2622646
2622647
2622648
2622649
2622650
2622651
2622652
2622653
2622654
2622655
2622656
2622657
2622658
2622659
2622660
2622661
2622662
2622663
2622664
2622665
2622666
2622667
2622668
2622669
2622670
2622671
2622672
2622673
2622674
2622675
2622676
2622677
2622678
2622679
2622680
2622681
2622682
2622683
2622684
2622685
2622686
2622687
2622688
2622689
2622690
2622691
2622692
2622693
2622694
2622695
2622696
2622697
2622698
2622699
2622700
2622701
2622702
2622703
2622704
2622705
2622706
2622707
2622708
2622709
2622710
2622711
2622712
2622713
2622714
2622715
2622716
2622717
2622718
2622719
2622720
2622721
2622722
2622723
2622724
2622725
2622726
2622727
2622728
2622729
2622730
2622731
2622732
2622733
2622734
2622735
2622736
2622737
2622738
2622739
2622740
2622741
2622742
2622743
2622744
2622745
2622746
2622747
2622748
2622749
2622750
2622751
2622752
2622753
2622754
2622755
2622756
2622757
2622758
2622759
2622760
2622761
2622762
2622763
2622764
2622765
2622766
2622767
2622768
2622769
2622770
2622771
2622772
2622773
2622774
2622775
2622776
2622777
2622778
2622779
2622780
2622781
2622782
2622783
2622784
2622785
2622786
2622787
2622788
2622789
2622790
2622791
2622792
2622793
2622794
2622795
2622796
2622797
2622798
2622799
2622800
2622801
2622802
2622803
2622804
2622805
2622806
2622807
2622808
2622809
2622810
2622811
2622812
2622813
2622814
2622815
2622816
2622817
2622818
2622819
2622820
2622821
2622822
2622823
2622824
2622825
2622826
2622827
2622828
2622829
2622830
2622831
2622832
2622833
2622834
2622835
2622836
2622837
2622838
2622839
2622840
2622841
2622842
2622843
2622844
2622845
2622846
2622847
2622848
2622849
2622850
2622851
2622852
2622853
2622854
2622855
2622856
2622857
2622858
2622859
2622860
2622861
2622862
2622863
2622864
2622865
2622866
2622867
2622868
2622869
2622870
2622871
2622872
2622873
2622874
2622875
2622876
2622877
2622878
2622879
2622880
2622881
2622882
2622883
2622884
2622885
2622886
2622887
2622888
2622889
2622890
2622891
2622892
2622893
2622894
2622895
2622896
2622897
2622898
2622899
2622900
2622901
2622902
2622903
2622904
2622905
2622906
2622907
2622908
2622909
2622910
2622911
2622912
2622913
2622914
2622915
2622916
2622917
2622918
2622919
2622920
2622921
2622922
2622923
2622924
2622925
2622926
2622927
2622928
2622929
2622930
2622931
2622932
2622933
2622934
2622935
2622936
2622937
2622938
2622939
2622940
2622941
2622942
2622943
2622944
2622945
2622946
2622947
2622948
2622949
2622950
2622951
2622952
2622953
2622954
2622955
2622956
2622957
2622958
2622959
2622960
2622961
2622962
2622963
2622964
2622965
2622966
2622967
2622968
2622969
2622970
2622971
2622972
2622973
2622974
2622975
2622976
2622977
2622978
2622979
2622980
2622981
2622982
2622983
2622984
2622985
2622986
2622987
2622988
2622989
2622990
2622991
2622992
2622993
2622994
2622995
2622996
2622997
2622998
2622999
2623000
2623001
2623002
2623003
2623004
2623005
2623006
2623007
2623008
2623009
2623010
2623011
2623012
2623013
2623014
2623015
2623016
2623017
2623018
2623019
2623020
2623021
2623022
2623023
2623024
2623025
2623026
2623027
2623028
2623029
2623030
2623031
2623032
2623033
2623034
2623035
2623036
2623037
2623038
2623039
2623040
2623041
2623042
2623043
2623044
2623045
2623046
2623047
2623048
2623049
2623050
2623051
2623052
2623053
2623054
2623055
2623056
2623057
2623058
2623059
2623060
2623061
2623062
2623063
2623064
2623065
2623066
2623067
2623068
2623069
2623070
2623071
2623072
2623073
2623074
2623075
2623076
2623077
2623078
2623079
2623080
2623081
2623082
2623083
2623084
2623085
2623086
2623087
2623088
2623089
2623090
2623091
2623092
2623093
2623094
2623095
2623096
2623097
2623098
2623099
2623100
2623101
2623102
2623103
2623104
2623105
2623106
2623107
2623108
2623109
2623110
2623111
2623112
2623113
2623114
2623115
2623116
2623117
2623118
2623119
2623120
2623121
2623122
2623123
2623124
2623125
2623126
2623127
2623128
2623129
2623130
2623131
2623132
2623133
2623134
2623135
2623136
2623137
2623138
2623139
2623140
2623141
2623142
2623143
2623144
2623145
2623146
2623147
2623148
2623149
2623150
2623151
2623152
2623153
2623154
2623155
2623156
2623157
2623158
2623159
2623160
2623161
2623162
2623163
2623164
2623165
2623166
2623167
2623168
2623169
2623170
2623171
2623172
2623173
2623174
2623175
2623176
2623177
2623178
2623179
2623180
2623181
2623182
2623183
2623184
2623185
2623186
2623187
2623188
2623189
2623190
2623191
2623192
2623193
2623194
2623195
2623196
2623197
2623198
2623199
2623200
2623201
2623202
2623203
2623204
2623205
2623206
2623207
2623208
2623209
2623210
2623211
2623212
2623213
2623214
2623215
2623216
2623217
2623218
2623219
2623220
2623221
2623222
2623223
2623224
2623225
2623226
2623227
2623228
2623229
2623230
2623231
2623232
2623233
2623234
2623235
2623236
2623237
2623238
2623239
2623240
2623241
2623242
2623243
2623244
2623245
2623246
2623247
2623248
2623249
2623250
2623251
2623252
2623253
2623254
2623255
2623256
2623257
2623258
2623259
2623260
2623261
2623262
2623263
2623264
2623265
2623266
2623267
2623268
2623269
2623270
2623271
2623272
2623273
2623274
2623275
2623276
2623277
2623278
2623279
2623280
2623281
2623282
2623283
2623284
2623285
2623286
2623287
2623288
2623289
2623290
2623291
2623292
2623293
2623294
2623295
2623296
2623297
2623298
2623299
2623300
2623301
2623302
2623303
2623304
2623305
2623306
2623307
2623308
2623309
2623310
2623311
2623312
2623313
2623314
2623315
2623316
2623317
2623318
2623319
2623320
2623321
2623322
2623323
2623324
2623325
2623326
2623327
2623328
2623329
2623330
2623331
2623332
2623333
2623334
2623335
2623336
2623337
2623338
2623339
2623340
2623341
2623342
2623343
2623344
2623345
2623346
2623347
2623348
2623349
2623350
2623351
2623352
2623353
2623354
2623355
2623356
2623357
2623358
2623359
2623360
2623361
2623362
2623363
2623364
2623365
2623366
2623367
2623368
2623369
2623370
2623371
2623372
2623373
2623374
2623375
2623376
2623377
2623378
2623379
2623380
2623381
2623382
2623383
2623384
2623385
2623386
2623387
2623388
2623389
2623390
2623391
2623392
2623393
2623394
2623395
2623396
2623397
2623398
2623399
2623400
2623401
2623402
2623403
2623404
2623405
2623406
2623407
2623408
2623409
2623410
2623411
2623412
2623413
2623414
2623415
2623416
2623417
2623418
2623419
2623420
2623421
2623422
2623423
2623424
2623425
2623426
2623427
2623428
2623429
2623430
2623431
2623432
2623433
2623434
2623435
2623436
2623437
2623438
2623439
2623440
2623441
2623442
2623443
2623444
2623445
2623446
2623447
2623448
2623449
2623450
2623451
2623452
2623453
2623454
2623455
2623456
2623457
2623458
2623459
2623460
2623461
2623462
2623463
2623464
2623465
2623466
2623467
2623468
2623469
2623470
2623471
2623472
2623473
2623474
2623475
2623476
2623477
2623478
2623479
2623480
2623481
2623482
2623483
2623484
2623485
2623486
2623487
2623488
2623489
2623490
2623491
2623492
2623493
2623494
2623495
2623496
2623497
2623498
2623499
2623500
2623501
2623502
2623503
2623504
2623505
2623506
2623507
2623508
2623509
2623510
2623511
2623512
2623513
2623514
2623515
2623516
2623517
2623518
2623519
2623520
2623521
2623522
2623523
2623524
2623525
2623526
2623527
2623528
2623529
2623530
2623531
2623532
2623533
2623534
2623535
2623536
2623537
2623538
2623539
2623540
2623541
2623542
2623543
2623544
2623545
2623546
2623547
2623548
2623549
2623550
2623551
2623552
2623553
2623554
2623555
2623556
2623557
2623558
2623559
2623560
2623561
2623562
2623563
2623564
2623565
2623566
2623567
2623568
2623569
2623570
2623571
2623572
2623573
2623574
2623575
2623576
2623577
2623578
2623579
2623580
2623581
2623582
2623583
2623584
2623585
2623586
2623587
2623588
2623589
2623590
2623591
2623592
2623593
2623594
2623595
2623596
2623597
2623598
2623599
2623600
2623601
2623602
2623603
2623604
2623605
2623606
2623607
2623608
2623609
2623610
2623611
2623612
2623613
2623614
2623615
2623616
2623617
2623618
2623619
2623620
2623621
2623622
2623623
2623624
2623625
2623626
2623627
2623628
2623629
2623630
2623631
2623632
2623633
2623634
2623635
2623636
2623637
2623638
2623639
2623640
2623641
2623642
2623643
2623644
2623645
2623646
2623647
2623648
2623649
2623650
2623651
2623652
2623653
2623654
2623655
2623656
2623657
2623658
2623659
2623660
2623661
2623662
2623663
2623664
2623665
2623666
2623667
2623668
2623669
2623670
2623671
2623672
2623673
2623674
2623675
2623676
2623677
2623678
2623679
2623680
2623681
2623682
2623683
2623684
2623685
2623686
2623687
2623688
2623689
2623690
2623691
2623692
2623693
2623694
2623695
2623696
2623697
2623698
2623699
2623700
2623701
2623702
2623703
2623704
2623705
2623706
2623707
2623708
2623709
2623710
2623711
2623712
2623713
2623714
2623715
2623716
2623717
2623718
2623719
2623720
2623721
2623722
2623723
2623724
2623725
2623726
2623727
2623728
2623729
2623730
2623731
2623732
2623733
2623734
2623735
2623736
2623737
2623738
2623739
2623740
2623741
2623742
2623743
2623744
2623745
2623746
2623747
2623748
2623749
2623750
2623751
2623752
2623753
2623754
2623755
2623756
2623757
2623758
2623759
2623760
2623761
2623762
2623763
2623764
2623765
2623766
2623767
2623768
2623769
2623770
2623771
2623772
2623773
2623774
2623775
2623776
2623777
2623778
2623779
2623780
2623781
2623782
2623783
2623784
2623785
2623786
2623787
2623788
2623789
2623790
2623791
2623792
2623793
2623794
2623795
2623796
2623797
2623798
2623799
2623800
2623801
2623802
2623803
2623804
2623805
2623806
2623807
2623808
2623809
2623810
2623811
2623812
2623813
2623814
2623815
2623816
2623817
2623818
2623819
2623820
2623821
2623822
2623823
2623824
2623825
2623826
2623827
2623828
2623829
2623830
2623831
2623832
2623833
2623834
2623835
2623836
2623837
2623838
2623839
2623840
2623841
2623842
2623843
2623844
2623845
2623846
2623847
2623848
2623849
2623850
2623851
2623852
2623853
2623854
2623855
2623856
2623857
2623858
2623859
2623860
2623861
2623862
2623863
2623864
2623865
2623866
2623867
2623868
2623869
2623870
2623871
2623872
2623873
2623874
2623875
2623876
2623877
2623878
2623879
2623880
2623881
2623882
2623883
2623884
2623885
2623886
2623887
2623888
2623889
2623890
2623891
2623892
2623893
2623894
2623895
2623896
2623897
2623898
2623899
2623900
2623901
2623902
2623903
2623904
2623905
2623906
2623907
2623908
2623909
2623910
2623911
2623912
2623913
2623914
2623915
2623916
2623917
2623918
2623919
2623920
2623921
2623922
2623923
2623924
2623925
2623926
2623927
2623928
2623929
2623930
2623931
2623932
2623933
2623934
2623935
2623936
2623937
2623938
2623939
2623940
2623941
2623942
2623943
2623944
2623945
2623946
2623947
2623948
2623949
2623950
2623951
2623952
2623953
2623954
2623955
2623956
2623957
2623958
2623959
2623960
2623961
2623962
2623963
2623964
2623965
2623966
2623967
2623968
2623969
2623970
2623971
2623972
2623973
2623974
2623975
2623976
2623977
2623978
2623979
2623980
2623981
2623982
2623983
2623984
2623985
2623986
2623987
2623988
2623989
2623990
2623991
2623992
2623993
2623994
2623995
2623996
2623997
2623998
2623999
2624000
2624001
2624002
2624003
2624004
2624005
2624006
2624007
2624008
2624009
2624010
2624011
2624012
2624013
2624014
2624015
2624016
2624017
2624018
2624019
2624020
2624021
2624022
2624023
2624024
2624025
2624026
2624027
2624028
2624029
2624030
2624031
2624032
2624033
2624034
2624035
2624036
2624037
2624038
2624039
2624040
2624041
2624042
2624043
2624044
2624045
2624046
2624047
2624048
2624049
2624050
2624051
2624052
2624053
2624054
2624055
2624056
2624057
2624058
2624059
2624060
2624061
2624062
2624063
2624064
2624065
2624066
2624067
2624068
2624069
2624070
2624071
2624072
2624073
2624074
2624075
2624076
2624077
2624078
2624079
2624080
2624081
2624082
2624083
2624084
2624085
2624086
2624087
2624088
2624089
2624090
2624091
2624092
2624093
2624094
2624095
2624096
2624097
2624098
2624099
2624100
2624101
2624102
2624103
2624104
2624105
2624106
2624107
2624108
2624109
2624110
2624111
2624112
2624113
2624114
2624115
2624116
2624117
2624118
2624119
2624120
2624121
2624122
2624123
2624124
2624125
2624126
2624127
2624128
2624129
2624130
2624131
2624132
2624133
2624134
2624135
2624136
2624137
2624138
2624139
2624140
2624141
2624142
2624143
2624144
2624145
2624146
2624147
2624148
2624149
2624150
2624151
2624152
2624153
2624154
2624155
2624156
2624157
2624158
2624159
2624160
2624161
2624162
2624163
2624164
2624165
2624166
2624167
2624168
2624169
2624170
2624171
2624172
2624173
2624174
2624175
2624176
2624177
2624178
2624179
2624180
2624181
2624182
2624183
2624184
2624185
2624186
2624187
2624188
2624189
2624190
2624191
2624192
2624193
2624194
2624195
2624196
2624197
2624198
2624199
2624200
2624201
2624202
2624203
2624204
2624205
2624206
2624207
2624208
2624209
2624210
2624211
2624212
2624213
2624214
2624215
2624216
2624217
2624218
2624219
2624220
2624221
2624222
2624223
2624224
2624225
2624226
2624227
2624228
2624229
2624230
2624231
2624232
2624233
2624234
2624235
2624236
2624237
2624238
2624239
2624240
2624241
2624242
2624243
2624244
2624245
2624246
2624247
2624248
2624249
2624250
2624251
2624252
2624253
2624254
2624255
2624256
2624257
2624258
2624259
2624260
2624261
2624262
2624263
2624264
2624265
2624266
2624267
2624268
2624269
2624270
2624271
2624272
2624273
2624274
2624275
2624276
2624277
2624278
2624279
2624280
2624281
2624282
2624283
2624284
2624285
2624286
2624287
2624288
2624289
2624290
2624291
2624292
2624293
2624294
2624295
2624296
2624297
2624298
2624299
2624300
2624301
2624302
2624303
2624304
2624305
2624306
2624307
2624308
2624309
2624310
2624311
2624312
2624313
2624314
2624315
2624316
2624317
2624318
2624319
2624320
2624321
2624322
2624323
2624324
2624325
2624326
2624327
2624328
2624329
2624330
2624331
2624332
2624333
2624334
2624335
2624336
2624337
2624338
2624339
2624340
2624341
2624342
2624343
2624344
2624345
2624346
2624347
2624348
2624349
2624350
2624351
2624352
2624353
2624354
2624355
2624356
2624357
2624358
2624359
2624360
2624361
2624362
2624363
2624364
2624365
2624366
2624367
2624368
2624369
2624370
2624371
2624372
2624373
2624374
2624375
2624376
2624377
2624378
2624379
2624380
2624381
2624382
2624383
2624384
2624385
2624386
2624387
2624388
2624389
2624390
2624391
2624392
2624393
2624394
2624395
2624396
2624397
2624398
2624399
2624400
2624401
2624402
2624403
2624404
2624405
2624406
2624407
2624408
2624409
2624410
2624411
2624412
2624413
2624414
2624415
2624416
2624417
2624418
2624419
2624420
2624421
2624422
2624423
2624424
2624425
2624426
2624427
2624428
2624429
2624430
2624431
2624432
2624433
2624434
2624435
2624436
2624437
2624438
2624439
2624440
2624441
2624442
2624443
2624444
2624445
2624446
2624447
2624448
2624449
2624450
2624451
2624452
2624453
2624454
2624455
2624456
2624457
2624458
2624459
2624460
2624461
2624462
2624463
2624464
2624465
2624466
2624467
2624468
2624469
2624470
2624471
2624472
2624473
2624474
2624475
2624476
2624477
2624478
2624479
2624480
2624481
2624482
2624483
2624484
2624485
2624486
2624487
2624488
2624489
2624490
2624491
2624492
2624493
2624494
2624495
2624496
2624497
2624498
2624499
2624500
2624501
2624502
2624503
2624504
2624505
2624506
2624507
2624508
2624509
2624510
2624511
2624512
2624513
2624514
2624515
2624516
2624517
2624518
2624519
2624520
2624521
2624522
2624523
2624524
2624525
2624526
2624527
2624528
2624529
2624530
2624531
2624532
2624533
2624534
2624535
2624536
2624537
2624538
2624539
2624540
2624541
2624542
2624543
2624544
2624545
2624546
2624547
2624548
2624549
2624550
2624551
2624552
2624553
2624554
2624555
2624556
2624557
2624558
2624559
2624560
2624561
2624562
2624563
2624564
2624565
2624566
2624567
2624568
2624569
2624570
2624571
2624572
2624573
2624574
2624575
2624576
2624577
2624578
2624579
2624580
2624581
2624582
2624583
2624584
2624585
2624586
2624587
2624588
2624589
2624590
2624591
2624592
2624593
2624594
2624595
2624596
2624597
2624598
2624599
2624600
2624601
2624602
2624603
2624604
2624605
2624606
2624607
2624608
2624609
2624610
2624611
2624612
2624613
2624614
2624615
2624616
2624617
2624618
2624619
2624620
2624621
2624622
2624623
2624624
2624625
2624626
2624627
2624628
2624629
2624630
2624631
2624632
2624633
2624634
2624635
2624636
2624637
2624638
2624639
2624640
2624641
2624642
2624643
2624644
2624645
2624646
2624647
2624648
2624649
2624650
2624651
2624652
2624653
2624654
2624655
2624656
2624657
2624658
2624659
2624660
2624661
2624662
2624663
2624664
2624665
2624666
2624667
2624668
2624669
2624670
2624671
2624672
2624673
2624674
2624675
2624676
2624677
2624678
2624679
2624680
2624681
2624682
2624683
2624684
2624685
2624686
2624687
2624688
2624689
2624690
2624691
2624692
2624693
2624694
2624695
2624696
2624697
2624698
2624699
2624700
2624701
2624702
2624703
2624704
2624705
2624706
2624707
2624708
2624709
2624710
2624711
2624712
2624713
2624714
2624715
2624716
2624717
2624718
2624719
2624720
2624721
2624722
2624723
2624724
2624725
2624726
2624727
2624728
2624729
2624730
2624731
2624732
2624733
2624734
2624735
2624736
2624737
2624738
2624739
2624740
2624741
2624742
2624743
2624744
2624745
2624746
2624747
2624748
2624749
2624750
2624751
2624752
2624753
2624754
2624755
2624756
2624757
2624758
2624759
2624760
2624761
2624762
2624763
2624764
2624765
2624766
2624767
2624768
2624769
2624770
2624771
2624772
2624773
2624774
2624775
2624776
2624777
2624778
2624779
2624780
2624781
2624782
2624783
2624784
2624785
2624786
2624787
2624788
2624789
2624790
2624791
2624792
2624793
2624794
2624795
2624796
2624797
2624798
2624799
2624800
2624801
2624802
2624803
2624804
2624805
2624806
2624807
2624808
2624809
2624810
2624811
2624812
2624813
2624814
2624815
2624816
2624817
2624818
2624819
2624820
2624821
2624822
2624823
2624824
2624825
2624826
2624827
2624828
2624829
2624830
2624831
2624832
2624833
2624834
2624835
2624836
2624837
2624838
2624839
2624840
2624841
2624842
2624843
2624844
2624845
2624846
2624847
2624848
2624849
2624850
2624851
2624852
2624853
2624854
2624855
2624856
2624857
2624858
2624859
2624860
2624861
2624862
2624863
2624864
2624865
2624866
2624867
2624868
2624869
2624870
2624871
2624872
2624873
2624874
2624875
2624876
2624877
2624878
2624879
2624880
2624881
2624882
2624883
2624884
2624885
2624886
2624887
2624888
2624889
2624890
2624891
2624892
2624893
2624894
2624895
2624896
2624897
2624898
2624899
2624900
2624901
2624902
2624903
2624904
2624905
2624906
2624907
2624908
2624909
2624910
2624911
2624912
2624913
2624914
2624915
2624916
2624917
2624918
2624919
2624920
2624921
2624922
2624923
2624924
2624925
2624926
2624927
2624928
2624929
2624930
2624931
2624932
2624933
2624934
2624935
2624936
2624937
2624938
2624939
2624940
2624941
2624942
2624943
2624944
2624945
2624946
2624947
2624948
2624949
2624950
2624951
2624952
2624953
2624954
2624955
2624956
2624957
2624958
2624959
2624960
2624961
2624962
2624963
2624964
2624965
2624966
2624967
2624968
2624969
2624970
2624971
2624972
2624973
2624974
2624975
2624976
2624977
2624978
2624979
2624980
2624981
2624982
2624983
2624984
2624985
2624986
2624987
2624988
2624989
2624990
2624991
2624992
2624993
2624994
2624995
2624996
2624997
2624998
2624999
2625000
2625001
2625002
2625003
2625004
2625005
2625006
2625007
2625008
2625009
2625010
2625011
2625012
2625013
2625014
2625015
2625016
2625017
2625018
2625019
2625020
2625021
2625022
2625023
2625024
2625025
2625026
2625027
2625028
2625029
2625030
2625031
2625032
2625033
2625034
2625035
2625036
2625037
2625038
2625039
2625040
2625041
2625042
2625043
2625044
2625045
2625046
2625047
2625048
2625049
2625050
2625051
2625052
2625053
2625054
2625055
2625056
2625057
2625058
2625059
2625060
2625061
2625062
2625063
2625064
2625065
2625066
2625067
2625068
2625069
2625070
2625071
2625072
2625073
2625074
2625075
2625076
2625077
2625078
2625079
2625080
2625081
2625082
2625083
2625084
2625085
2625086
2625087
2625088
2625089
2625090
2625091
2625092
2625093
2625094
2625095
2625096
2625097
2625098
2625099
2625100
2625101
2625102
2625103
2625104
2625105
2625106
2625107
2625108
2625109
2625110
2625111
2625112
2625113
2625114
2625115
2625116
2625117
2625118
2625119
2625120
2625121
2625122
2625123
2625124
2625125
2625126
2625127
2625128
2625129
2625130
2625131
2625132
2625133
2625134
2625135
2625136
2625137
2625138
2625139
2625140
2625141
2625142
2625143
2625144
2625145
2625146
2625147
2625148
2625149
2625150
2625151
2625152
2625153
2625154
2625155
2625156
2625157
2625158
2625159
2625160
2625161
2625162
2625163
2625164
2625165
2625166
2625167
2625168
2625169
2625170
2625171
2625172
2625173
2625174
2625175
2625176
2625177
2625178
2625179
2625180
2625181
2625182
2625183
2625184
2625185
2625186
2625187
2625188
2625189
2625190
2625191
2625192
2625193
2625194
2625195
2625196
2625197
2625198
2625199
2625200
2625201
2625202
2625203
2625204
2625205
2625206
2625207
2625208
2625209
2625210
2625211
2625212
2625213
2625214
2625215
2625216
2625217
2625218
2625219
2625220
2625221
2625222
2625223
2625224
2625225
2625226
2625227
2625228
2625229
2625230
2625231
2625232
2625233
2625234
2625235
2625236
2625237
2625238
2625239
2625240
2625241
2625242
2625243
2625244
2625245
2625246
2625247
2625248
2625249
2625250
2625251
2625252
2625253
2625254
2625255
2625256
2625257
2625258
2625259
2625260
2625261
2625262
2625263
2625264
2625265
2625266
2625267
2625268
2625269
2625270
2625271
2625272
2625273
2625274
2625275
2625276
2625277
2625278
2625279
2625280
2625281
2625282
2625283
2625284
2625285
2625286
2625287
2625288
2625289
2625290
2625291
2625292
2625293
2625294
2625295
2625296
2625297
2625298
2625299
2625300
2625301
2625302
2625303
2625304
2625305
2625306
2625307
2625308
2625309
2625310
2625311
2625312
2625313
2625314
2625315
2625316
2625317
2625318
2625319
2625320
2625321
2625322
2625323
2625324
2625325
2625326
2625327
2625328
2625329
2625330
2625331
2625332
2625333
2625334
2625335
2625336
2625337
2625338
2625339
2625340
2625341
2625342
2625343
2625344
2625345
2625346
2625347
2625348
2625349
2625350
2625351
2625352
2625353
2625354
2625355
2625356
2625357
2625358
2625359
2625360
2625361
2625362
2625363
2625364
2625365
2625366
2625367
2625368
2625369
2625370
2625371
2625372
2625373
2625374
2625375
2625376
2625377
2625378
2625379
2625380
2625381
2625382
2625383
2625384
2625385
2625386
2625387
2625388
2625389
2625390
2625391
2625392
2625393
2625394
2625395
2625396
2625397
2625398
2625399
2625400
2625401
2625402
2625403
2625404
2625405
2625406
2625407
2625408
2625409
2625410
2625411
2625412
2625413
2625414
2625415
2625416
2625417
2625418
2625419
2625420
2625421
2625422
2625423
2625424
2625425
2625426
2625427
2625428
2625429
2625430
2625431
2625432
2625433
2625434
2625435
2625436
2625437
2625438
2625439
2625440
2625441
2625442
2625443
2625444
2625445
2625446
2625447
2625448
2625449
2625450
2625451
2625452
2625453
2625454
2625455
2625456
2625457
2625458
2625459
2625460
2625461
2625462
2625463
2625464
2625465
2625466
2625467
2625468
2625469
2625470
2625471
2625472
2625473
2625474
2625475
2625476
2625477
2625478
2625479
2625480
2625481
2625482
2625483
2625484
2625485
2625486
2625487
2625488
2625489
2625490
2625491
2625492
2625493
2625494
2625495
2625496
2625497
2625498
2625499
2625500
2625501
2625502
2625503
2625504
2625505
2625506
2625507
2625508
2625509
2625510
2625511
2625512
2625513
2625514
2625515
2625516
2625517
2625518
2625519
2625520
2625521
2625522
2625523
2625524
2625525
2625526
2625527
2625528
2625529
2625530
2625531
2625532
2625533
2625534
2625535
2625536
2625537
2625538
2625539
2625540
2625541
2625542
2625543
2625544
2625545
2625546
2625547
2625548
2625549
2625550
2625551
2625552
2625553
2625554
2625555
2625556
2625557
2625558
2625559
2625560
2625561
2625562
2625563
2625564
2625565
2625566
2625567
2625568
2625569
2625570
2625571
2625572
2625573
2625574
2625575
2625576
2625577
2625578
2625579
2625580
2625581
2625582
2625583
2625584
2625585
2625586
2625587
2625588
2625589
2625590
2625591
2625592
2625593
2625594
2625595
2625596
2625597
2625598
2625599
2625600
2625601
2625602
2625603
2625604
2625605
2625606
2625607
2625608
2625609
2625610
2625611
2625612
2625613
2625614
2625615
2625616
2625617
2625618
2625619
2625620
2625621
2625622
2625623
2625624
2625625
2625626
2625627
2625628
2625629
2625630
2625631
2625632
2625633
2625634
2625635
2625636
2625637
2625638
2625639
2625640
2625641
2625642
2625643
2625644
2625645
2625646
2625647
2625648
2625649
2625650
2625651
2625652
2625653
2625654
2625655
2625656
2625657
2625658
2625659
2625660
2625661
2625662
2625663
2625664
2625665
2625666
2625667
2625668
2625669
2625670
2625671
2625672
2625673
2625674
2625675
2625676
2625677
2625678
2625679
2625680
2625681
2625682
2625683
2625684
2625685
2625686
2625687
2625688
2625689
2625690
2625691
2625692
2625693
2625694
2625695
2625696
2625697
2625698
2625699
2625700
2625701
2625702
2625703
2625704
2625705
2625706
2625707
2625708
2625709
2625710
2625711
2625712
2625713
2625714
2625715
2625716
2625717
2625718
2625719
2625720
2625721
2625722
2625723
2625724
2625725
2625726
2625727
2625728
2625729
2625730
2625731
2625732
2625733
2625734
2625735
2625736
2625737
2625738
2625739
2625740
2625741
2625742
2625743
2625744
2625745
2625746
2625747
2625748
2625749
2625750
2625751
2625752
2625753
2625754
2625755
2625756
2625757
2625758
2625759
2625760
2625761
2625762
2625763
2625764
2625765
2625766
2625767
2625768
2625769
2625770
2625771
2625772
2625773
2625774
2625775
2625776
2625777
2625778
2625779
2625780
2625781
2625782
2625783
2625784
2625785
2625786
2625787
2625788
2625789
2625790
2625791
2625792
2625793
2625794
2625795
2625796
2625797
2625798
2625799
2625800
2625801
2625802
2625803
2625804
2625805
2625806
2625807
2625808
2625809
2625810
2625811
2625812
2625813
2625814
2625815
2625816
2625817
2625818
2625819
2625820
2625821
2625822
2625823
2625824
2625825
2625826
2625827
2625828
2625829
2625830
2625831
2625832
2625833
2625834
2625835
2625836
2625837
2625838
2625839
2625840
2625841
2625842
2625843
2625844
2625845
2625846
2625847
2625848
2625849
2625850
2625851
2625852
2625853
2625854
2625855
2625856
2625857
2625858
2625859
2625860
2625861
2625862
2625863
2625864
2625865
2625866
2625867
2625868
2625869
2625870
2625871
2625872
2625873
2625874
2625875
2625876
2625877
2625878
2625879
2625880
2625881
2625882
2625883
2625884
2625885
2625886
2625887
2625888
2625889
2625890
2625891
2625892
2625893
2625894
2625895
2625896
2625897
2625898
2625899
2625900
2625901
2625902
2625903
2625904
2625905
2625906
2625907
2625908
2625909
2625910
2625911
2625912
2625913
2625914
2625915
2625916
2625917
2625918
2625919
2625920
2625921
2625922
2625923
2625924
2625925
2625926
2625927
2625928
2625929
2625930
2625931
2625932
2625933
2625934
2625935
2625936
2625937
2625938
2625939
2625940
2625941
2625942
2625943
2625944
2625945
2625946
2625947
2625948
2625949
2625950
2625951
2625952
2625953
2625954
2625955
2625956
2625957
2625958
2625959
2625960
2625961
2625962
2625963
2625964
2625965
2625966
2625967
2625968
2625969
2625970
2625971
2625972
2625973
2625974
2625975
2625976
2625977
2625978
2625979
2625980
2625981
2625982
2625983
2625984
2625985
2625986
2625987
2625988
2625989
2625990
2625991
2625992
2625993
2625994
2625995
2625996
2625997
2625998
2625999
2626000
2626001
2626002
2626003
2626004
2626005
2626006
2626007
2626008
2626009
2626010
2626011
2626012
2626013
2626014
2626015
2626016
2626017
2626018
2626019
2626020
2626021
2626022
2626023
2626024
2626025
2626026
2626027
2626028
2626029
2626030
2626031
2626032
2626033
2626034
2626035
2626036
2626037
2626038
2626039
2626040
2626041
2626042
2626043
2626044
2626045
2626046
2626047
2626048
2626049
2626050
2626051
2626052
2626053
2626054
2626055
2626056
2626057
2626058
2626059
2626060
2626061
2626062
2626063
2626064
2626065
2626066
2626067
2626068
2626069
2626070
2626071
2626072
2626073
2626074
2626075
2626076
2626077
2626078
2626079
2626080
2626081
2626082
2626083
2626084
2626085
2626086
2626087
2626088
2626089
2626090
2626091
2626092
2626093
2626094
2626095
2626096
2626097
2626098
2626099
2626100
2626101
2626102
2626103
2626104
2626105
2626106
2626107
2626108
2626109
2626110
2626111
2626112
2626113
2626114
2626115
2626116
2626117
2626118
2626119
2626120
2626121
2626122
2626123
2626124
2626125
2626126
2626127
2626128
2626129
2626130
2626131
2626132
2626133
2626134
2626135
2626136
2626137
2626138
2626139
2626140
2626141
2626142
2626143
2626144
2626145
2626146
2626147
2626148
2626149
2626150
2626151
2626152
2626153
2626154
2626155
2626156
2626157
2626158
2626159
2626160
2626161
2626162
2626163
2626164
2626165
2626166
2626167
2626168
2626169
2626170
2626171
2626172
2626173
2626174
2626175
2626176
2626177
2626178
2626179
2626180
2626181
2626182
2626183
2626184
2626185
2626186
2626187
2626188
2626189
2626190
2626191
2626192
2626193
2626194
2626195
2626196
2626197
2626198
2626199
2626200
2626201
2626202
2626203
2626204
2626205
2626206
2626207
2626208
2626209
2626210
2626211
2626212
2626213
2626214
2626215
2626216
2626217
2626218
2626219
2626220
2626221
2626222
2626223
2626224
2626225
2626226
2626227
2626228
2626229
2626230
2626231
2626232
2626233
2626234
2626235
2626236
2626237
2626238
2626239
2626240
2626241
2626242
2626243
2626244
2626245
2626246
2626247
2626248
2626249
2626250
2626251
2626252
2626253
2626254
2626255
2626256
2626257
2626258
2626259
2626260
2626261
2626262
2626263
2626264
2626265
2626266
2626267
2626268
2626269
2626270
2626271
2626272
2626273
2626274
2626275
2626276
2626277
2626278
2626279
2626280
2626281
2626282
2626283
2626284
2626285
2626286
2626287
2626288
2626289
2626290
2626291
2626292
2626293
2626294
2626295
2626296
2626297
2626298
2626299
2626300
2626301
2626302
2626303
2626304
2626305
2626306
2626307
2626308
2626309
2626310
2626311
2626312
2626313
2626314
2626315
2626316
2626317
2626318
2626319
2626320
2626321
2626322
2626323
2626324
2626325
2626326
2626327
2626328
2626329
2626330
2626331
2626332
2626333
2626334
2626335
2626336
2626337
2626338
2626339
2626340
2626341
2626342
2626343
2626344
2626345
2626346
2626347
2626348
2626349
2626350
2626351
2626352
2626353
2626354
2626355
2626356
2626357
2626358
2626359
2626360
2626361
2626362
2626363
2626364
2626365
2626366
2626367
2626368
2626369
2626370
2626371
2626372
2626373
2626374
2626375
2626376
2626377
2626378
2626379
2626380
2626381
2626382
2626383
2626384
2626385
2626386
2626387
2626388
2626389
2626390
2626391
2626392
2626393
2626394
2626395
2626396
2626397
2626398
2626399
2626400
2626401
2626402
2626403
2626404
2626405
2626406
2626407
2626408
2626409
2626410
2626411
2626412
2626413
2626414
2626415
2626416
2626417
2626418
2626419
2626420
2626421
2626422
2626423
2626424
2626425
2626426
2626427
2626428
2626429
2626430
2626431
2626432
2626433
2626434
2626435
2626436
2626437
2626438
2626439
2626440
2626441
2626442
2626443
2626444
2626445
2626446
2626447
2626448
2626449
2626450
2626451
2626452
2626453
2626454
2626455
2626456
2626457
2626458
2626459
2626460
2626461
2626462
2626463
2626464
2626465
2626466
2626467
2626468
2626469
2626470
2626471
2626472
2626473
2626474
2626475
2626476
2626477
2626478
2626479
2626480
2626481
2626482
2626483
2626484
2626485
2626486
2626487
2626488
2626489
2626490
2626491
2626492
2626493
2626494
2626495
2626496
2626497
2626498
2626499
2626500
2626501
2626502
2626503
2626504
2626505
2626506
2626507
2626508
2626509
2626510
2626511
2626512
2626513
2626514
2626515
2626516
2626517
2626518
2626519
2626520
2626521
2626522
2626523
2626524
2626525
2626526
2626527
2626528
2626529
2626530
2626531
2626532
2626533
2626534
2626535
2626536
2626537
2626538
2626539
2626540
2626541
2626542
2626543
2626544
2626545
2626546
2626547
2626548
2626549
2626550
2626551
2626552
2626553
2626554
2626555
2626556
2626557
2626558
2626559
2626560
2626561
2626562
2626563
2626564
2626565
2626566
2626567
2626568
2626569
2626570
2626571
2626572
2626573
2626574
2626575
2626576
2626577
2626578
2626579
2626580
2626581
2626582
2626583
2626584
2626585
2626586
2626587
2626588
2626589
2626590
2626591
2626592
2626593
2626594
2626595
2626596
2626597
2626598
2626599
2626600
2626601
2626602
2626603
2626604
2626605
2626606
2626607
2626608
2626609
2626610
2626611
2626612
2626613
2626614
2626615
2626616
2626617
2626618
2626619
2626620
2626621
2626622
2626623
2626624
2626625
2626626
2626627
2626628
2626629
2626630
2626631
2626632
2626633
2626634
2626635
2626636
2626637
2626638
2626639
2626640
2626641
2626642
2626643
2626644
2626645
2626646
2626647
2626648
2626649
2626650
2626651
2626652
2626653
2626654
2626655
2626656
2626657
2626658
2626659
2626660
2626661
2626662
2626663
2626664
2626665
2626666
2626667
2626668
2626669
2626670
2626671
2626672
2626673
2626674
2626675
2626676
2626677
2626678
2626679
2626680
2626681
2626682
2626683
2626684
2626685
2626686
2626687
2626688
2626689
2626690
2626691
2626692
2626693
2626694
2626695
2626696
2626697
2626698
2626699
2626700
2626701
2626702
2626703
2626704
2626705
2626706
2626707
2626708
2626709
2626710
2626711
2626712
2626713
2626714
2626715
2626716
2626717
2626718
2626719
2626720
2626721
2626722
2626723
2626724
2626725
2626726
2626727
2626728
2626729
2626730
2626731
2626732
2626733
2626734
2626735
2626736
2626737
2626738
2626739
2626740
2626741
2626742
2626743
2626744
2626745
2626746
2626747
2626748
2626749
2626750
2626751
2626752
2626753
2626754
2626755
2626756
2626757
2626758
2626759
2626760
2626761
2626762
2626763
2626764
2626765
2626766
2626767
2626768
2626769
2626770
2626771
2626772
2626773
2626774
2626775
2626776
2626777
2626778
2626779
2626780
2626781
2626782
2626783
2626784
2626785
2626786
2626787
2626788
2626789
2626790
2626791
2626792
2626793
2626794
2626795
2626796
2626797
2626798
2626799
2626800
2626801
2626802
2626803
2626804
2626805
2626806
2626807
2626808
2626809
2626810
2626811
2626812
2626813
2626814
2626815
2626816
2626817
2626818
2626819
2626820
2626821
2626822
2626823
2626824
2626825
2626826
2626827
2626828
2626829
2626830
2626831
2626832
2626833
2626834
2626835
2626836
2626837
2626838
2626839
2626840
2626841
2626842
2626843
2626844
2626845
2626846
2626847
2626848
2626849
2626850
2626851
2626852
2626853
2626854
2626855
2626856
2626857
2626858
2626859
2626860
2626861
2626862
2626863
2626864
2626865
2626866
2626867
2626868
2626869
2626870
2626871
2626872
2626873
2626874
2626875
2626876
2626877
2626878
2626879
2626880
2626881
2626882
2626883
2626884
2626885
2626886
2626887
2626888
2626889
2626890
2626891
2626892
2626893
2626894
2626895
2626896
2626897
2626898
2626899
2626900
2626901
2626902
2626903
2626904
2626905
2626906
2626907
2626908
2626909
2626910
2626911
2626912
2626913
2626914
2626915
2626916
2626917
2626918
2626919
2626920
2626921
2626922
2626923
2626924
2626925
2626926
2626927
2626928
2626929
2626930
2626931
2626932
2626933
2626934
2626935
2626936
2626937
2626938
2626939
2626940
2626941
2626942
2626943
2626944
2626945
2626946
2626947
2626948
2626949
2626950
2626951
2626952
2626953
2626954
2626955
2626956
2626957
2626958
2626959
2626960
2626961
2626962
2626963
2626964
2626965
2626966
2626967
2626968
2626969
2626970
2626971
2626972
2626973
2626974
2626975
2626976
2626977
2626978
2626979
2626980
2626981
2626982
2626983
2626984
2626985
2626986
2626987
2626988
2626989
2626990
2626991
2626992
2626993
2626994
2626995
2626996
2626997
2626998
2626999
2627000
2627001
2627002
2627003
2627004
2627005
2627006
2627007
2627008
2627009
2627010
2627011
2627012
2627013
2627014
2627015
2627016
2627017
2627018
2627019
2627020
2627021
2627022
2627023
2627024
2627025
2627026
2627027
2627028
2627029
2627030
2627031
2627032
2627033
2627034
2627035
2627036
2627037
2627038
2627039
2627040
2627041
2627042
2627043
2627044
2627045
2627046
2627047
2627048
2627049
2627050
2627051
2627052
2627053
2627054
2627055
2627056
2627057
2627058
2627059
2627060
2627061
2627062
2627063
2627064
2627065
2627066
2627067
2627068
2627069
2627070
2627071
2627072
2627073
2627074
2627075
2627076
2627077
2627078
2627079
2627080
2627081
2627082
2627083
2627084
2627085
2627086
2627087
2627088
2627089
2627090
2627091
2627092
2627093
2627094
2627095
2627096
2627097
2627098
2627099
2627100
2627101
2627102
2627103
2627104
2627105
2627106
2627107
2627108
2627109
2627110
2627111
2627112
2627113
2627114
2627115
2627116
2627117
2627118
2627119
2627120
2627121
2627122
2627123
2627124
2627125
2627126
2627127
2627128
2627129
2627130
2627131
2627132
2627133
2627134
2627135
2627136
2627137
2627138
2627139
2627140
2627141
2627142
2627143
2627144
2627145
2627146
2627147
2627148
2627149
2627150
2627151
2627152
2627153
2627154
2627155
2627156
2627157
2627158
2627159
2627160
2627161
2627162
2627163
2627164
2627165
2627166
2627167
2627168
2627169
2627170
2627171
2627172
2627173
2627174
2627175
2627176
2627177
2627178
2627179
2627180
2627181
2627182
2627183
2627184
2627185
2627186
2627187
2627188
2627189
2627190
2627191
2627192
2627193
2627194
2627195
2627196
2627197
2627198
2627199
2627200
2627201
2627202
2627203
2627204
2627205
2627206
2627207
2627208
2627209
2627210
2627211
2627212
2627213
2627214
2627215
2627216
2627217
2627218
2627219
2627220
2627221
2627222
2627223
2627224
2627225
2627226
2627227
2627228
2627229
2627230
2627231
2627232
2627233
2627234
2627235
2627236
2627237
2627238
2627239
2627240
2627241
2627242
2627243
2627244
2627245
2627246
2627247
2627248
2627249
2627250
2627251
2627252
2627253
2627254
2627255
2627256
2627257
2627258
2627259
2627260
2627261
2627262
2627263
2627264
2627265
2627266
2627267
2627268
2627269
2627270
2627271
2627272
2627273
2627274
2627275
2627276
2627277
2627278
2627279
2627280
2627281
2627282
2627283
2627284
2627285
2627286
2627287
2627288
2627289
2627290
2627291
2627292
2627293
2627294
2627295
2627296
2627297
2627298
2627299
2627300
2627301
2627302
2627303
2627304
2627305
2627306
2627307
2627308
2627309
2627310
2627311
2627312
2627313
2627314
2627315
2627316
2627317
2627318
2627319
2627320
2627321
2627322
2627323
2627324
2627325
2627326
2627327
2627328
2627329
2627330
2627331
2627332
2627333
2627334
2627335
2627336
2627337
2627338
2627339
2627340
2627341
2627342
2627343
2627344
2627345
2627346
2627347
2627348
2627349
2627350
2627351
2627352
2627353
2627354
2627355
2627356
2627357
2627358
2627359
2627360
2627361
2627362
2627363
2627364
2627365
2627366
2627367
2627368
2627369
2627370
2627371
2627372
2627373
2627374
2627375
2627376
2627377
2627378
2627379
2627380
2627381
2627382
2627383
2627384
2627385
2627386
2627387
2627388
2627389
2627390
2627391
2627392
2627393
2627394
2627395
2627396
2627397
2627398
2627399
2627400
2627401
2627402
2627403
2627404
2627405
2627406
2627407
2627408
2627409
2627410
2627411
2627412
2627413
2627414
2627415
2627416
2627417
2627418
2627419
2627420
2627421
2627422
2627423
2627424
2627425
2627426
2627427
2627428
2627429
2627430
2627431
2627432
2627433
2627434
2627435
2627436
2627437
2627438
2627439
2627440
2627441
2627442
2627443
2627444
2627445
2627446
2627447
2627448
2627449
2627450
2627451
2627452
2627453
2627454
2627455
2627456
2627457
2627458
2627459
2627460
2627461
2627462
2627463
2627464
2627465
2627466
2627467
2627468
2627469
2627470
2627471
2627472
2627473
2627474
2627475
2627476
2627477
2627478
2627479
2627480
2627481
2627482
2627483
2627484
2627485
2627486
2627487
2627488
2627489
2627490
2627491
2627492
2627493
2627494
2627495
2627496
2627497
2627498
2627499
2627500
2627501
2627502
2627503
2627504
2627505
2627506
2627507
2627508
2627509
2627510
2627511
2627512
2627513
2627514
2627515
2627516
2627517
2627518
2627519
2627520
2627521
2627522
2627523
2627524
2627525
2627526
2627527
2627528
2627529
2627530
2627531
2627532
2627533
2627534
2627535
2627536
2627537
2627538
2627539
2627540
2627541
2627542
2627543
2627544
2627545
2627546
2627547
2627548
2627549
2627550
2627551
2627552
2627553
2627554
2627555
2627556
2627557
2627558
2627559
2627560
2627561
2627562
2627563
2627564
2627565
2627566
2627567
2627568
2627569
2627570
2627571
2627572
2627573
2627574
2627575
2627576
2627577
2627578
2627579
2627580
2627581
2627582
2627583
2627584
2627585
2627586
2627587
2627588
2627589
2627590
2627591
2627592
2627593
2627594
2627595
2627596
2627597
2627598
2627599
2627600
2627601
2627602
2627603
2627604
2627605
2627606
2627607
2627608
2627609
2627610
2627611
2627612
2627613
2627614
2627615
2627616
2627617
2627618
2627619
2627620
2627621
2627622
2627623
2627624
2627625
2627626
2627627
2627628
2627629
2627630
2627631
2627632
2627633
2627634
2627635
2627636
2627637
2627638
2627639
2627640
2627641
2627642
2627643
2627644
2627645
2627646
2627647
2627648
2627649
2627650
2627651
2627652
2627653
2627654
2627655
2627656
2627657
2627658
2627659
2627660
2627661
2627662
2627663
2627664
2627665
2627666
2627667
2627668
2627669
2627670
2627671
2627672
2627673
2627674
2627675
2627676
2627677
2627678
2627679
2627680
2627681
2627682
2627683
2627684
2627685
2627686
2627687
2627688
2627689
2627690
2627691
2627692
2627693
2627694
2627695
2627696
2627697
2627698
2627699
2627700
2627701
2627702
2627703
2627704
2627705
2627706
2627707
2627708
2627709
2627710
2627711
2627712
2627713
2627714
2627715
2627716
2627717
2627718
2627719
2627720
2627721
2627722
2627723
2627724
2627725
2627726
2627727
2627728
2627729
2627730
2627731
2627732
2627733
2627734
2627735
2627736
2627737
2627738
2627739
2627740
2627741
2627742
2627743
2627744
2627745
2627746
2627747
2627748
2627749
2627750
2627751
2627752
2627753
2627754
2627755
2627756
2627757
2627758
2627759
2627760
2627761
2627762
2627763
2627764
2627765
2627766
2627767
2627768
2627769
2627770
2627771
2627772
2627773
2627774
2627775
2627776
2627777
2627778
2627779
2627780
2627781
2627782
2627783
2627784
2627785
2627786
2627787
2627788
2627789
2627790
2627791
2627792
2627793
2627794
2627795
2627796
2627797
2627798
2627799
2627800
2627801
2627802
2627803
2627804
2627805
2627806
2627807
2627808
2627809
2627810
2627811
2627812
2627813
2627814
2627815
2627816
2627817
2627818
2627819
2627820
2627821
2627822
2627823
2627824
2627825
2627826
2627827
2627828
2627829
2627830
2627831
2627832
2627833
2627834
2627835
2627836
2627837
2627838
2627839
2627840
2627841
2627842
2627843
2627844
2627845
2627846
2627847
2627848
2627849
2627850
2627851
2627852
2627853
2627854
2627855
2627856
2627857
2627858
2627859
2627860
2627861
2627862
2627863
2627864
2627865
2627866
2627867
2627868
2627869
2627870
2627871
2627872
2627873
2627874
2627875
2627876
2627877
2627878
2627879
2627880
2627881
2627882
2627883
2627884
2627885
2627886
2627887
2627888
2627889
2627890
2627891
2627892
2627893
2627894
2627895
2627896
2627897
2627898
2627899
2627900
2627901
2627902
2627903
2627904
2627905
2627906
2627907
2627908
2627909
2627910
2627911
2627912
2627913
2627914
2627915
2627916
2627917
2627918
2627919
2627920
2627921
2627922
2627923
2627924
2627925
2627926
2627927
2627928
2627929
2627930
2627931
2627932
2627933
2627934
2627935
2627936
2627937
2627938
2627939
2627940
2627941
2627942
2627943
2627944
2627945
2627946
2627947
2627948
2627949
2627950
2627951
2627952
2627953
2627954
2627955
2627956
2627957
2627958
2627959
2627960
2627961
2627962
2627963
2627964
2627965
2627966
2627967
2627968
2627969
2627970
2627971
2627972
2627973
2627974
2627975
2627976
2627977
2627978
2627979
2627980
2627981
2627982
2627983
2627984
2627985
2627986
2627987
2627988
2627989
2627990
2627991
2627992
2627993
2627994
2627995
2627996
2627997
2627998
2627999
2628000
2628001
2628002
2628003
2628004
2628005
2628006
2628007
2628008
2628009
2628010
2628011
2628012
2628013
2628014
2628015
2628016
2628017
2628018
2628019
2628020
2628021
2628022
2628023
2628024
2628025
2628026
2628027
2628028
2628029
2628030
2628031
2628032
2628033
2628034
2628035
2628036
2628037
2628038
2628039
2628040
2628041
2628042
2628043
2628044
2628045
2628046
2628047
2628048
2628049
2628050
2628051
2628052
2628053
2628054
2628055
2628056
2628057
2628058
2628059
2628060
2628061
2628062
2628063
2628064
2628065
2628066
2628067
2628068
2628069
2628070
2628071
2628072
2628073
2628074
2628075
2628076
2628077
2628078
2628079
2628080
2628081
2628082
2628083
2628084
2628085
2628086
2628087
2628088
2628089
2628090
2628091
2628092
2628093
2628094
2628095
2628096
2628097
2628098
2628099
2628100
2628101
2628102
2628103
2628104
2628105
2628106
2628107
2628108
2628109
2628110
2628111
2628112
2628113
2628114
2628115
2628116
2628117
2628118
2628119
2628120
2628121
2628122
2628123
2628124
2628125
2628126
2628127
2628128
2628129
2628130
2628131
2628132
2628133
2628134
2628135
2628136
2628137
2628138
2628139
2628140
2628141
2628142
2628143
2628144
2628145
2628146
2628147
2628148
2628149
2628150
2628151
2628152
2628153
2628154
2628155
2628156
2628157
2628158
2628159
2628160
2628161
2628162
2628163
2628164
2628165
2628166
2628167
2628168
2628169
2628170
2628171
2628172
2628173
2628174
2628175
2628176
2628177
2628178
2628179
2628180
2628181
2628182
2628183
2628184
2628185
2628186
2628187
2628188
2628189
2628190
2628191
2628192
2628193
2628194
2628195
2628196
2628197
2628198
2628199
2628200
2628201
2628202
2628203
2628204
2628205
2628206
2628207
2628208
2628209
2628210
2628211
2628212
2628213
2628214
2628215
2628216
2628217
2628218
2628219
2628220
2628221
2628222
2628223
2628224
2628225
2628226
2628227
2628228
2628229
2628230
2628231
2628232
2628233
2628234
2628235
2628236
2628237
2628238
2628239
2628240
2628241
2628242
2628243
2628244
2628245
2628246
2628247
2628248
2628249
2628250
2628251
2628252
2628253
2628254
2628255
2628256
2628257
2628258
2628259
2628260
2628261
2628262
2628263
2628264
2628265
2628266
2628267
2628268
2628269
2628270
2628271
2628272
2628273
2628274
2628275
2628276
2628277
2628278
2628279
2628280
2628281
2628282
2628283
2628284
2628285
2628286
2628287
2628288
2628289
2628290
2628291
2628292
2628293
2628294
2628295
2628296
2628297
2628298
2628299
2628300
2628301
2628302
2628303
2628304
2628305
2628306
2628307
2628308
2628309
2628310
2628311
2628312
2628313
2628314
2628315
2628316
2628317
2628318
2628319
2628320
2628321
2628322
2628323
2628324
2628325
2628326
2628327
2628328
2628329
2628330
2628331
2628332
2628333
2628334
2628335
2628336
2628337
2628338
2628339
2628340
2628341
2628342
2628343
2628344
2628345
2628346
2628347
2628348
2628349
2628350
2628351
2628352
2628353
2628354
2628355
2628356
2628357
2628358
2628359
2628360
2628361
2628362
2628363
2628364
2628365
2628366
2628367
2628368
2628369
2628370
2628371
2628372
2628373
2628374
2628375
2628376
2628377
2628378
2628379
2628380
2628381
2628382
2628383
2628384
2628385
2628386
2628387
2628388
2628389
2628390
2628391
2628392
2628393
2628394
2628395
2628396
2628397
2628398
2628399
2628400
2628401
2628402
2628403
2628404
2628405
2628406
2628407
2628408
2628409
2628410
2628411
2628412
2628413
2628414
2628415
2628416
2628417
2628418
2628419
2628420
2628421
2628422
2628423
2628424
2628425
2628426
2628427
2628428
2628429
2628430
2628431
2628432
2628433
2628434
2628435
2628436
2628437
2628438
2628439
2628440
2628441
2628442
2628443
2628444
2628445
2628446
2628447
2628448
2628449
2628450
2628451
2628452
2628453
2628454
2628455
2628456
2628457
2628458
2628459
2628460
2628461
2628462
2628463
2628464
2628465
2628466
2628467
2628468
2628469
2628470
2628471
2628472
2628473
2628474
2628475
2628476
2628477
2628478
2628479
2628480
2628481
2628482
2628483
2628484
2628485
2628486
2628487
2628488
2628489
2628490
2628491
2628492
2628493
2628494
2628495
2628496
2628497
2628498
2628499
2628500
2628501
2628502
2628503
2628504
2628505
2628506
2628507
2628508
2628509
2628510
2628511
2628512
2628513
2628514
2628515
2628516
2628517
2628518
2628519
2628520
2628521
2628522
2628523
2628524
2628525
2628526
2628527
2628528
2628529
2628530
2628531
2628532
2628533
2628534
2628535
2628536
2628537
2628538
2628539
2628540
2628541
2628542
2628543
2628544
2628545
2628546
2628547
2628548
2628549
2628550
2628551
2628552
2628553
2628554
2628555
2628556
2628557
2628558
2628559
2628560
2628561
2628562
2628563
2628564
2628565
2628566
2628567
2628568
2628569
2628570
2628571
2628572
2628573
2628574
2628575
2628576
2628577
2628578
2628579
2628580
2628581
2628582
2628583
2628584
2628585
2628586
2628587
2628588
2628589
2628590
2628591
2628592
2628593
2628594
2628595
2628596
2628597
2628598
2628599
2628600
2628601
2628602
2628603
2628604
2628605
2628606
2628607
2628608
2628609
2628610
2628611
2628612
2628613
2628614
2628615
2628616
2628617
2628618
2628619
2628620
2628621
2628622
2628623
2628624
2628625
2628626
2628627
2628628
2628629
2628630
2628631
2628632
2628633
2628634
2628635
2628636
2628637
2628638
2628639
2628640
2628641
2628642
2628643
2628644
2628645
2628646
2628647
2628648
2628649
2628650
2628651
2628652
2628653
2628654
2628655
2628656
2628657
2628658
2628659
2628660
2628661
2628662
2628663
2628664
2628665
2628666
2628667
2628668
2628669
2628670
2628671
2628672
2628673
2628674
2628675
2628676
2628677
2628678
2628679
2628680
2628681
2628682
2628683
2628684
2628685
2628686
2628687
2628688
2628689
2628690
2628691
2628692
2628693
2628694
2628695
2628696
2628697
2628698
2628699
2628700
2628701
2628702
2628703
2628704
2628705
2628706
2628707
2628708
2628709
2628710
2628711
2628712
2628713
2628714
2628715
2628716
2628717
2628718
2628719
2628720
2628721
2628722
2628723
2628724
2628725
2628726
2628727
2628728
2628729
2628730
2628731
2628732
2628733
2628734
2628735
2628736
2628737
2628738
2628739
2628740
2628741
2628742
2628743
2628744
2628745
2628746
2628747
2628748
2628749
2628750
2628751
2628752
2628753
2628754
2628755
2628756
2628757
2628758
2628759
2628760
2628761
2628762
2628763
2628764
2628765
2628766
2628767
2628768
2628769
2628770
2628771
2628772
2628773
2628774
2628775
2628776
2628777
2628778
2628779
2628780
2628781
2628782
2628783
2628784
2628785
2628786
2628787
2628788
2628789
2628790
2628791
2628792
2628793
2628794
2628795
2628796
2628797
2628798
2628799
2628800
2628801
2628802
2628803
2628804
2628805
2628806
2628807
2628808
2628809
2628810
2628811
2628812
2628813
2628814
2628815
2628816
2628817
2628818
2628819
2628820
2628821
2628822
2628823
2628824
2628825
2628826
2628827
2628828
2628829
2628830
2628831
2628832
2628833
2628834
2628835
2628836
2628837
2628838
2628839
2628840
2628841
2628842
2628843
2628844
2628845
2628846
2628847
2628848
2628849
2628850
2628851
2628852
2628853
2628854
2628855
2628856
2628857
2628858
2628859
2628860
2628861
2628862
2628863
2628864
2628865
2628866
2628867
2628868
2628869
2628870
2628871
2628872
2628873
2628874
2628875
2628876
2628877
2628878
2628879
2628880
2628881
2628882
2628883
2628884
2628885
2628886
2628887
2628888
2628889
2628890
2628891
2628892
2628893
2628894
2628895
2628896
2628897
2628898
2628899
2628900
2628901
2628902
2628903
2628904
2628905
2628906
2628907
2628908
2628909
2628910
2628911
2628912
2628913
2628914
2628915
2628916
2628917
2628918
2628919
2628920
2628921
2628922
2628923
2628924
2628925
2628926
2628927
2628928
2628929
2628930
2628931
2628932
2628933
2628934
2628935
2628936
2628937
2628938
2628939
2628940
2628941
2628942
2628943
2628944
2628945
2628946
2628947
2628948
2628949
2628950
2628951
2628952
2628953
2628954
2628955
2628956
2628957
2628958
2628959
2628960
2628961
2628962
2628963
2628964
2628965
2628966
2628967
2628968
2628969
2628970
2628971
2628972
2628973
2628974
2628975
2628976
2628977
2628978
2628979
2628980
2628981
2628982
2628983
2628984
2628985
2628986
2628987
2628988
2628989
2628990
2628991
2628992
2628993
2628994
2628995
2628996
2628997
2628998
2628999
2629000
2629001
2629002
2629003
2629004
2629005
2629006
2629007
2629008
2629009
2629010
2629011
2629012
2629013
2629014
2629015
2629016
2629017
2629018
2629019
2629020
2629021
2629022
2629023
2629024
2629025
2629026
2629027
2629028
2629029
2629030
2629031
2629032
2629033
2629034
2629035
2629036
2629037
2629038
2629039
2629040
2629041
2629042
2629043
2629044
2629045
2629046
2629047
2629048
2629049
2629050
2629051
2629052
2629053
2629054
2629055
2629056
2629057
2629058
2629059
2629060
2629061
2629062
2629063
2629064
2629065
2629066
2629067
2629068
2629069
2629070
2629071
2629072
2629073
2629074
2629075
2629076
2629077
2629078
2629079
2629080
2629081
2629082
2629083
2629084
2629085
2629086
2629087
2629088
2629089
2629090
2629091
2629092
2629093
2629094
2629095
2629096
2629097
2629098
2629099
2629100
2629101
2629102
2629103
2629104
2629105
2629106
2629107
2629108
2629109
2629110
2629111
2629112
2629113
2629114
2629115
2629116
2629117
2629118
2629119
2629120
2629121
2629122
2629123
2629124
2629125
2629126
2629127
2629128
2629129
2629130
2629131
2629132
2629133
2629134
2629135
2629136
2629137
2629138
2629139
2629140
2629141
2629142
2629143
2629144
2629145
2629146
2629147
2629148
2629149
2629150
2629151
2629152
2629153
2629154
2629155
2629156
2629157
2629158
2629159
2629160
2629161
2629162
2629163
2629164
2629165
2629166
2629167
2629168
2629169
2629170
2629171
2629172
2629173
2629174
2629175
2629176
2629177
2629178
2629179
2629180
2629181
2629182
2629183
2629184
2629185
2629186
2629187
2629188
2629189
2629190
2629191
2629192
2629193
2629194
2629195
2629196
2629197
2629198
2629199
2629200
2629201
2629202
2629203
2629204
2629205
2629206
2629207
2629208
2629209
2629210
2629211
2629212
2629213
2629214
2629215
2629216
2629217
2629218
2629219
2629220
2629221
2629222
2629223
2629224
2629225
2629226
2629227
2629228
2629229
2629230
2629231
2629232
2629233
2629234
2629235
2629236
2629237
2629238
2629239
2629240
2629241
2629242
2629243
2629244
2629245
2629246
2629247
2629248
2629249
2629250
2629251
2629252
2629253
2629254
2629255
2629256
2629257
2629258
2629259
2629260
2629261
2629262
2629263
2629264
2629265
2629266
2629267
2629268
2629269
2629270
2629271
2629272
2629273
2629274
2629275
2629276
2629277
2629278
2629279
2629280
2629281
2629282
2629283
2629284
2629285
2629286
2629287
2629288
2629289
2629290
2629291
2629292
2629293
2629294
2629295
2629296
2629297
2629298
2629299
2629300
2629301
2629302
2629303
2629304
2629305
2629306
2629307
2629308
2629309
2629310
2629311
2629312
2629313
2629314
2629315
2629316
2629317
2629318
2629319
2629320
2629321
2629322
2629323
2629324
2629325
2629326
2629327
2629328
2629329
2629330
2629331
2629332
2629333
2629334
2629335
2629336
2629337
2629338
2629339
2629340
2629341
2629342
2629343
2629344
2629345
2629346
2629347
2629348
2629349
2629350
2629351
2629352
2629353
2629354
2629355
2629356
2629357
2629358
2629359
2629360
2629361
2629362
2629363
2629364
2629365
2629366
2629367
2629368
2629369
2629370
2629371
2629372
2629373
2629374
2629375
2629376
2629377
2629378
2629379
2629380
2629381
2629382
2629383
2629384
2629385
2629386
2629387
2629388
2629389
2629390
2629391
2629392
2629393
2629394
2629395
2629396
2629397
2629398
2629399
2629400
2629401
2629402
2629403
2629404
2629405
2629406
2629407
2629408
2629409
2629410
2629411
2629412
2629413
2629414
2629415
2629416
2629417
2629418
2629419
2629420
2629421
2629422
2629423
2629424
2629425
2629426
2629427
2629428
2629429
2629430
2629431
2629432
2629433
2629434
2629435
2629436
2629437
2629438
2629439
2629440
2629441
2629442
2629443
2629444
2629445
2629446
2629447
2629448
2629449
2629450
2629451
2629452
2629453
2629454
2629455
2629456
2629457
2629458
2629459
2629460
2629461
2629462
2629463
2629464
2629465
2629466
2629467
2629468
2629469
2629470
2629471
2629472
2629473
2629474
2629475
2629476
2629477
2629478
2629479
2629480
2629481
2629482
2629483
2629484
2629485
2629486
2629487
2629488
2629489
2629490
2629491
2629492
2629493
2629494
2629495
2629496
2629497
2629498
2629499
2629500
2629501
2629502
2629503
2629504
2629505
2629506
2629507
2629508
2629509
2629510
2629511
2629512
2629513
2629514
2629515
2629516
2629517
2629518
2629519
2629520
2629521
2629522
2629523
2629524
2629525
2629526
2629527
2629528
2629529
2629530
2629531
2629532
2629533
2629534
2629535
2629536
2629537
2629538
2629539
2629540
2629541
2629542
2629543
2629544
2629545
2629546
2629547
2629548
2629549
2629550
2629551
2629552
2629553
2629554
2629555
2629556
2629557
2629558
2629559
2629560
2629561
2629562
2629563
2629564
2629565
2629566
2629567
2629568
2629569
2629570
2629571
2629572
2629573
2629574
2629575
2629576
2629577
2629578
2629579
2629580
2629581
2629582
2629583
2629584
2629585
2629586
2629587
2629588
2629589
2629590
2629591
2629592
2629593
2629594
2629595
2629596
2629597
2629598
2629599
2629600
2629601
2629602
2629603
2629604
2629605
2629606
2629607
2629608
2629609
2629610
2629611
2629612
2629613
2629614
2629615
2629616
2629617
2629618
2629619
2629620
2629621
2629622
2629623
2629624
2629625
2629626
2629627
2629628
2629629
2629630
2629631
2629632
2629633
2629634
2629635
2629636
2629637
2629638
2629639
2629640
2629641
2629642
2629643
2629644
2629645
2629646
2629647
2629648
2629649
2629650
2629651
2629652
2629653
2629654
2629655
2629656
2629657
2629658
2629659
2629660
2629661
2629662
2629663
2629664
2629665
2629666
2629667
2629668
2629669
2629670
2629671
2629672
2629673
2629674
2629675
2629676
2629677
2629678
2629679
2629680
2629681
2629682
2629683
2629684
2629685
2629686
2629687
2629688
2629689
2629690
2629691
2629692
2629693
2629694
2629695
2629696
2629697
2629698
2629699
2629700
2629701
2629702
2629703
2629704
2629705
2629706
2629707
2629708
2629709
2629710
2629711
2629712
2629713
2629714
2629715
2629716
2629717
2629718
2629719
2629720
2629721
2629722
2629723
2629724
2629725
2629726
2629727
2629728
2629729
2629730
2629731
2629732
2629733
2629734
2629735
2629736
2629737
2629738
2629739
2629740
2629741
2629742
2629743
2629744
2629745
2629746
2629747
2629748
2629749
2629750
2629751
2629752
2629753
2629754
2629755
2629756
2629757
2629758
2629759
2629760
2629761
2629762
2629763
2629764
2629765
2629766
2629767
2629768
2629769
2629770
2629771
2629772
2629773
2629774
2629775
2629776
2629777
2629778
2629779
2629780
2629781
2629782
2629783
2629784
2629785
2629786
2629787
2629788
2629789
2629790
2629791
2629792
2629793
2629794
2629795
2629796
2629797
2629798
2629799
2629800
2629801
2629802
2629803
2629804
2629805
2629806
2629807
2629808
2629809
2629810
2629811
2629812
2629813
2629814
2629815
2629816
2629817
2629818
2629819
2629820
2629821
2629822
2629823
2629824
2629825
2629826
2629827
2629828
2629829
2629830
2629831
2629832
2629833
2629834
2629835
2629836
2629837
2629838
2629839
2629840
2629841
2629842
2629843
2629844
2629845
2629846
2629847
2629848
2629849
2629850
2629851
2629852
2629853
2629854
2629855
2629856
2629857
2629858
2629859
2629860
2629861
2629862
2629863
2629864
2629865
2629866
2629867
2629868
2629869
2629870
2629871
2629872
2629873
2629874
2629875
2629876
2629877
2629878
2629879
2629880
2629881
2629882
2629883
2629884
2629885
2629886
2629887
2629888
2629889
2629890
2629891
2629892
2629893
2629894
2629895
2629896
2629897
2629898
2629899
2629900
2629901
2629902
2629903
2629904
2629905
2629906
2629907
2629908
2629909
2629910
2629911
2629912
2629913
2629914
2629915
2629916
2629917
2629918
2629919
2629920
2629921
2629922
2629923
2629924
2629925
2629926
2629927
2629928
2629929
2629930
2629931
2629932
2629933
2629934
2629935
2629936
2629937
2629938
2629939
2629940
2629941
2629942
2629943
2629944
2629945
2629946
2629947
2629948
2629949
2629950
2629951
2629952
2629953
2629954
2629955
2629956
2629957
2629958
2629959
2629960
2629961
2629962
2629963
2629964
2629965
2629966
2629967
2629968
2629969
2629970
2629971
2629972
2629973
2629974
2629975
2629976
2629977
2629978
2629979
2629980
2629981
2629982
2629983
2629984
2629985
2629986
2629987
2629988
2629989
2629990
2629991
2629992
2629993
2629994
2629995
2629996
2629997
2629998
2629999
2630000
