2910001
2910002
2910003
2910004
2910005
2910006
2910007
2910008
2910009
2910010
2910011
2910012
2910013
2910014
2910015
2910016
2910017
2910018
2910019
2910020
2910021
2910022
2910023
2910024
2910025
2910026
2910027
2910028
2910029
2910030
2910031
2910032
2910033
2910034
2910035
2910036
2910037
2910038
2910039
2910040
2910041
2910042
2910043
2910044
2910045
2910046
2910047
2910048
2910049
2910050
2910051
2910052
2910053
2910054
2910055
2910056
2910057
2910058
2910059
2910060
2910061
2910062
2910063
2910064
2910065
2910066
2910067
2910068
2910069
2910070
2910071
2910072
2910073
2910074
2910075
2910076
2910077
2910078
2910079
2910080
2910081
2910082
2910083
2910084
2910085
2910086
2910087
2910088
2910089
2910090
2910091
2910092
2910093
2910094
2910095
2910096
2910097
2910098
2910099
2910100
2910101
2910102
2910103
2910104
2910105
2910106
2910107
2910108
2910109
2910110
2910111
2910112
2910113
2910114
2910115
2910116
2910117
2910118
2910119
2910120
2910121
2910122
2910123
2910124
2910125
2910126
2910127
2910128
2910129
2910130
2910131
2910132
2910133
2910134
2910135
2910136
2910137
2910138
2910139
2910140
2910141
2910142
2910143
2910144
2910145
2910146
2910147
2910148
2910149
2910150
2910151
2910152
2910153
2910154
2910155
2910156
2910157
2910158
2910159
2910160
2910161
2910162
2910163
2910164
2910165
2910166
2910167
2910168
2910169
2910170
2910171
2910172
2910173
2910174
2910175
2910176
2910177
2910178
2910179
2910180
2910181
2910182
2910183
2910184
2910185
2910186
2910187
2910188
2910189
2910190
2910191
2910192
2910193
2910194
2910195
2910196
2910197
2910198
2910199
2910200
2910201
2910202
2910203
2910204
2910205
2910206
2910207
2910208
2910209
2910210
2910211
2910212
2910213
2910214
2910215
2910216
2910217
2910218
2910219
2910220
2910221
2910222
2910223
2910224
2910225
2910226
2910227
2910228
2910229
2910230
2910231
2910232
2910233
2910234
2910235
2910236
2910237
2910238
2910239
2910240
2910241
2910242
2910243
2910244
2910245
2910246
2910247
2910248
2910249
2910250
2910251
2910252
2910253
2910254
2910255
2910256
2910257
2910258
2910259
2910260
2910261
2910262
2910263
2910264
2910265
2910266
2910267
2910268
2910269
2910270
2910271
2910272
2910273
2910274
2910275
2910276
2910277
2910278
2910279
2910280
2910281
2910282
2910283
2910284
2910285
2910286
2910287
2910288
2910289
2910290
2910291
2910292
2910293
2910294
2910295
2910296
2910297
2910298
2910299
2910300
2910301
2910302
2910303
2910304
2910305
2910306
2910307
2910308
2910309
2910310
2910311
2910312
2910313
2910314
2910315
2910316
2910317
2910318
2910319
2910320
2910321
2910322
2910323
2910324
2910325
2910326
2910327
2910328
2910329
2910330
2910331
2910332
2910333
2910334
2910335
2910336
2910337
2910338
2910339
2910340
2910341
2910342
2910343
2910344
2910345
2910346
2910347
2910348
2910349
2910350
2910351
2910352
2910353
2910354
2910355
2910356
2910357
2910358
2910359
2910360
2910361
2910362
2910363
2910364
2910365
2910366
2910367
2910368
2910369
2910370
2910371
2910372
2910373
2910374
2910375
2910376
2910377
2910378
2910379
2910380
2910381
2910382
2910383
2910384
2910385
2910386
2910387
2910388
2910389
2910390
2910391
2910392
2910393
2910394
2910395
2910396
2910397
2910398
2910399
2910400
2910401
2910402
2910403
2910404
2910405
2910406
2910407
2910408
2910409
2910410
2910411
2910412
2910413
2910414
2910415
2910416
2910417
2910418
2910419
2910420
2910421
2910422
2910423
2910424
2910425
2910426
2910427
2910428
2910429
2910430
2910431
2910432
2910433
2910434
2910435
2910436
2910437
2910438
2910439
2910440
2910441
2910442
2910443
2910444
2910445
2910446
2910447
2910448
2910449
2910450
2910451
2910452
2910453
2910454
2910455
2910456
2910457
2910458
2910459
2910460
2910461
2910462
2910463
2910464
2910465
2910466
2910467
2910468
2910469
2910470
2910471
2910472
2910473
2910474
2910475
2910476
2910477
2910478
2910479
2910480
2910481
2910482
2910483
2910484
2910485
2910486
2910487
2910488
2910489
2910490
2910491
2910492
2910493
2910494
2910495
2910496
2910497
2910498
2910499
2910500
2910501
2910502
2910503
2910504
2910505
2910506
2910507
2910508
2910509
2910510
2910511
2910512
2910513
2910514
2910515
2910516
2910517
2910518
2910519
2910520
2910521
2910522
2910523
2910524
2910525
2910526
2910527
2910528
2910529
2910530
2910531
2910532
2910533
2910534
2910535
2910536
2910537
2910538
2910539
2910540
2910541
2910542
2910543
2910544
2910545
2910546
2910547
2910548
2910549
2910550
2910551
2910552
2910553
2910554
2910555
2910556
2910557
2910558
2910559
2910560
2910561
2910562
2910563
2910564
2910565
2910566
2910567
2910568
2910569
2910570
2910571
2910572
2910573
2910574
2910575
2910576
2910577
2910578
2910579
2910580
2910581
2910582
2910583
2910584
2910585
2910586
2910587
2910588
2910589
2910590
2910591
2910592
2910593
2910594
2910595
2910596
2910597
2910598
2910599
2910600
2910601
2910602
2910603
2910604
2910605
2910606
2910607
2910608
2910609
2910610
2910611
2910612
2910613
2910614
2910615
2910616
2910617
2910618
2910619
2910620
2910621
2910622
2910623
2910624
2910625
2910626
2910627
2910628
2910629
2910630
2910631
2910632
2910633
2910634
2910635
2910636
2910637
2910638
2910639
2910640
2910641
2910642
2910643
2910644
2910645
2910646
2910647
2910648
2910649
2910650
2910651
2910652
2910653
2910654
2910655
2910656
2910657
2910658
2910659
2910660
2910661
2910662
2910663
2910664
2910665
2910666
2910667
2910668
2910669
2910670
2910671
2910672
2910673
2910674
2910675
2910676
2910677
2910678
2910679
2910680
2910681
2910682
2910683
2910684
2910685
2910686
2910687
2910688
2910689
2910690
2910691
2910692
2910693
2910694
2910695
2910696
2910697
2910698
2910699
2910700
2910701
2910702
2910703
2910704
2910705
2910706
2910707
2910708
2910709
2910710
2910711
2910712
2910713
2910714
2910715
2910716
2910717
2910718
2910719
2910720
2910721
2910722
2910723
2910724
2910725
2910726
2910727
2910728
2910729
2910730
2910731
2910732
2910733
2910734
2910735
2910736
2910737
2910738
2910739
2910740
2910741
2910742
2910743
2910744
2910745
2910746
2910747
2910748
2910749
2910750
2910751
2910752
2910753
2910754
2910755
2910756
2910757
2910758
2910759
2910760
2910761
2910762
2910763
2910764
2910765
2910766
2910767
2910768
2910769
2910770
2910771
2910772
2910773
2910774
2910775
2910776
2910777
2910778
2910779
2910780
2910781
2910782
2910783
2910784
2910785
2910786
2910787
2910788
2910789
2910790
2910791
2910792
2910793
2910794
2910795
2910796
2910797
2910798
2910799
2910800
2910801
2910802
2910803
2910804
2910805
2910806
2910807
2910808
2910809
2910810
2910811
2910812
2910813
2910814
2910815
2910816
2910817
2910818
2910819
2910820
2910821
2910822
2910823
2910824
2910825
2910826
2910827
2910828
2910829
2910830
2910831
2910832
2910833
2910834
2910835
2910836
2910837
2910838
2910839
2910840
2910841
2910842
2910843
2910844
2910845
2910846
2910847
2910848
2910849
2910850
2910851
2910852
2910853
2910854
2910855
2910856
2910857
2910858
2910859
2910860
2910861
2910862
2910863
2910864
2910865
2910866
2910867
2910868
2910869
2910870
2910871
2910872
2910873
2910874
2910875
2910876
2910877
2910878
2910879
2910880
2910881
2910882
2910883
2910884
2910885
2910886
2910887
2910888
2910889
2910890
2910891
2910892
2910893
2910894
2910895
2910896
2910897
2910898
2910899
2910900
2910901
2910902
2910903
2910904
2910905
2910906
2910907
2910908
2910909
2910910
2910911
2910912
2910913
2910914
2910915
2910916
2910917
2910918
2910919
2910920
2910921
2910922
2910923
2910924
2910925
2910926
2910927
2910928
2910929
2910930
2910931
2910932
2910933
2910934
2910935
2910936
2910937
2910938
2910939
2910940
2910941
2910942
2910943
2910944
2910945
2910946
2910947
2910948
2910949
2910950
2910951
2910952
2910953
2910954
2910955
2910956
2910957
2910958
2910959
2910960
2910961
2910962
2910963
2910964
2910965
2910966
2910967
2910968
2910969
2910970
2910971
2910972
2910973
2910974
2910975
2910976
2910977
2910978
2910979
2910980
2910981
2910982
2910983
2910984
2910985
2910986
2910987
2910988
2910989
2910990
2910991
2910992
2910993
2910994
2910995
2910996
2910997
2910998
2910999
2911000
2911001
2911002
2911003
2911004
2911005
2911006
2911007
2911008
2911009
2911010
2911011
2911012
2911013
2911014
2911015
2911016
2911017
2911018
2911019
2911020
2911021
2911022
2911023
2911024
2911025
2911026
2911027
2911028
2911029
2911030
2911031
2911032
2911033
2911034
2911035
2911036
2911037
2911038
2911039
2911040
2911041
2911042
2911043
2911044
2911045
2911046
2911047
2911048
2911049
2911050
2911051
2911052
2911053
2911054
2911055
2911056
2911057
2911058
2911059
2911060
2911061
2911062
2911063
2911064
2911065
2911066
2911067
2911068
2911069
2911070
2911071
2911072
2911073
2911074
2911075
2911076
2911077
2911078
2911079
2911080
2911081
2911082
2911083
2911084
2911085
2911086
2911087
2911088
2911089
2911090
2911091
2911092
2911093
2911094
2911095
2911096
2911097
2911098
2911099
2911100
2911101
2911102
2911103
2911104
2911105
2911106
2911107
2911108
2911109
2911110
2911111
2911112
2911113
2911114
2911115
2911116
2911117
2911118
2911119
2911120
2911121
2911122
2911123
2911124
2911125
2911126
2911127
2911128
2911129
2911130
2911131
2911132
2911133
2911134
2911135
2911136
2911137
2911138
2911139
2911140
2911141
2911142
2911143
2911144
2911145
2911146
2911147
2911148
2911149
2911150
2911151
2911152
2911153
2911154
2911155
2911156
2911157
2911158
2911159
2911160
2911161
2911162
2911163
2911164
2911165
2911166
2911167
2911168
2911169
2911170
2911171
2911172
2911173
2911174
2911175
2911176
2911177
2911178
2911179
2911180
2911181
2911182
2911183
2911184
2911185
2911186
2911187
2911188
2911189
2911190
2911191
2911192
2911193
2911194
2911195
2911196
2911197
2911198
2911199
2911200
2911201
2911202
2911203
2911204
2911205
2911206
2911207
2911208
2911209
2911210
2911211
2911212
2911213
2911214
2911215
2911216
2911217
2911218
2911219
2911220
2911221
2911222
2911223
2911224
2911225
2911226
2911227
2911228
2911229
2911230
2911231
2911232
2911233
2911234
2911235
2911236
2911237
2911238
2911239
2911240
2911241
2911242
2911243
2911244
2911245
2911246
2911247
2911248
2911249
2911250
2911251
2911252
2911253
2911254
2911255
2911256
2911257
2911258
2911259
2911260
2911261
2911262
2911263
2911264
2911265
2911266
2911267
2911268
2911269
2911270
2911271
2911272
2911273
2911274
2911275
2911276
2911277
2911278
2911279
2911280
2911281
2911282
2911283
2911284
2911285
2911286
2911287
2911288
2911289
2911290
2911291
2911292
2911293
2911294
2911295
2911296
2911297
2911298
2911299
2911300
2911301
2911302
2911303
2911304
2911305
2911306
2911307
2911308
2911309
2911310
2911311
2911312
2911313
2911314
2911315
2911316
2911317
2911318
2911319
2911320
2911321
2911322
2911323
2911324
2911325
2911326
2911327
2911328
2911329
2911330
2911331
2911332
2911333
2911334
2911335
2911336
2911337
2911338
2911339
2911340
2911341
2911342
2911343
2911344
2911345
2911346
2911347
2911348
2911349
2911350
2911351
2911352
2911353
2911354
2911355
2911356
2911357
2911358
2911359
2911360
2911361
2911362
2911363
2911364
2911365
2911366
2911367
2911368
2911369
2911370
2911371
2911372
2911373
2911374
2911375
2911376
2911377
2911378
2911379
2911380
2911381
2911382
2911383
2911384
2911385
2911386
2911387
2911388
2911389
2911390
2911391
2911392
2911393
2911394
2911395
2911396
2911397
2911398
2911399
2911400
2911401
2911402
2911403
2911404
2911405
2911406
2911407
2911408
2911409
2911410
2911411
2911412
2911413
2911414
2911415
2911416
2911417
2911418
2911419
2911420
2911421
2911422
2911423
2911424
2911425
2911426
2911427
2911428
2911429
2911430
2911431
2911432
2911433
2911434
2911435
2911436
2911437
2911438
2911439
2911440
2911441
2911442
2911443
2911444
2911445
2911446
2911447
2911448
2911449
2911450
2911451
2911452
2911453
2911454
2911455
2911456
2911457
2911458
2911459
2911460
2911461
2911462
2911463
2911464
2911465
2911466
2911467
2911468
2911469
2911470
2911471
2911472
2911473
2911474
2911475
2911476
2911477
2911478
2911479
2911480
2911481
2911482
2911483
2911484
2911485
2911486
2911487
2911488
2911489
2911490
2911491
2911492
2911493
2911494
2911495
2911496
2911497
2911498
2911499
2911500
2911501
2911502
2911503
2911504
2911505
2911506
2911507
2911508
2911509
2911510
2911511
2911512
2911513
2911514
2911515
2911516
2911517
2911518
2911519
2911520
2911521
2911522
2911523
2911524
2911525
2911526
2911527
2911528
2911529
2911530
2911531
2911532
2911533
2911534
2911535
2911536
2911537
2911538
2911539
2911540
2911541
2911542
2911543
2911544
2911545
2911546
2911547
2911548
2911549
2911550
2911551
2911552
2911553
2911554
2911555
2911556
2911557
2911558
2911559
2911560
2911561
2911562
2911563
2911564
2911565
2911566
2911567
2911568
2911569
2911570
2911571
2911572
2911573
2911574
2911575
2911576
2911577
2911578
2911579
2911580
2911581
2911582
2911583
2911584
2911585
2911586
2911587
2911588
2911589
2911590
2911591
2911592
2911593
2911594
2911595
2911596
2911597
2911598
2911599
2911600
2911601
2911602
2911603
2911604
2911605
2911606
2911607
2911608
2911609
2911610
2911611
2911612
2911613
2911614
2911615
2911616
2911617
2911618
2911619
2911620
2911621
2911622
2911623
2911624
2911625
2911626
2911627
2911628
2911629
2911630
2911631
2911632
2911633
2911634
2911635
2911636
2911637
2911638
2911639
2911640
2911641
2911642
2911643
2911644
2911645
2911646
2911647
2911648
2911649
2911650
2911651
2911652
2911653
2911654
2911655
2911656
2911657
2911658
2911659
2911660
2911661
2911662
2911663
2911664
2911665
2911666
2911667
2911668
2911669
2911670
2911671
2911672
2911673
2911674
2911675
2911676
2911677
2911678
2911679
2911680
2911681
2911682
2911683
2911684
2911685
2911686
2911687
2911688
2911689
2911690
2911691
2911692
2911693
2911694
2911695
2911696
2911697
2911698
2911699
2911700
2911701
2911702
2911703
2911704
2911705
2911706
2911707
2911708
2911709
2911710
2911711
2911712
2911713
2911714
2911715
2911716
2911717
2911718
2911719
2911720
2911721
2911722
2911723
2911724
2911725
2911726
2911727
2911728
2911729
2911730
2911731
2911732
2911733
2911734
2911735
2911736
2911737
2911738
2911739
2911740
2911741
2911742
2911743
2911744
2911745
2911746
2911747
2911748
2911749
2911750
2911751
2911752
2911753
2911754
2911755
2911756
2911757
2911758
2911759
2911760
2911761
2911762
2911763
2911764
2911765
2911766
2911767
2911768
2911769
2911770
2911771
2911772
2911773
2911774
2911775
2911776
2911777
2911778
2911779
2911780
2911781
2911782
2911783
2911784
2911785
2911786
2911787
2911788
2911789
2911790
2911791
2911792
2911793
2911794
2911795
2911796
2911797
2911798
2911799
2911800
2911801
2911802
2911803
2911804
2911805
2911806
2911807
2911808
2911809
2911810
2911811
2911812
2911813
2911814
2911815
2911816
2911817
2911818
2911819
2911820
2911821
2911822
2911823
2911824
2911825
2911826
2911827
2911828
2911829
2911830
2911831
2911832
2911833
2911834
2911835
2911836
2911837
2911838
2911839
2911840
2911841
2911842
2911843
2911844
2911845
2911846
2911847
2911848
2911849
2911850
2911851
2911852
2911853
2911854
2911855
2911856
2911857
2911858
2911859
2911860
2911861
2911862
2911863
2911864
2911865
2911866
2911867
2911868
2911869
2911870
2911871
2911872
2911873
2911874
2911875
2911876
2911877
2911878
2911879
2911880
2911881
2911882
2911883
2911884
2911885
2911886
2911887
2911888
2911889
2911890
2911891
2911892
2911893
2911894
2911895
2911896
2911897
2911898
2911899
2911900
2911901
2911902
2911903
2911904
2911905
2911906
2911907
2911908
2911909
2911910
2911911
2911912
2911913
2911914
2911915
2911916
2911917
2911918
2911919
2911920
2911921
2911922
2911923
2911924
2911925
2911926
2911927
2911928
2911929
2911930
2911931
2911932
2911933
2911934
2911935
2911936
2911937
2911938
2911939
2911940
2911941
2911942
2911943
2911944
2911945
2911946
2911947
2911948
2911949
2911950
2911951
2911952
2911953
2911954
2911955
2911956
2911957
2911958
2911959
2911960
2911961
2911962
2911963
2911964
2911965
2911966
2911967
2911968
2911969
2911970
2911971
2911972
2911973
2911974
2911975
2911976
2911977
2911978
2911979
2911980
2911981
2911982
2911983
2911984
2911985
2911986
2911987
2911988
2911989
2911990
2911991
2911992
2911993
2911994
2911995
2911996
2911997
2911998
2911999
2912000
2912001
2912002
2912003
2912004
2912005
2912006
2912007
2912008
2912009
2912010
2912011
2912012
2912013
2912014
2912015
2912016
2912017
2912018
2912019
2912020
2912021
2912022
2912023
2912024
2912025
2912026
2912027
2912028
2912029
2912030
2912031
2912032
2912033
2912034
2912035
2912036
2912037
2912038
2912039
2912040
2912041
2912042
2912043
2912044
2912045
2912046
2912047
2912048
2912049
2912050
2912051
2912052
2912053
2912054
2912055
2912056
2912057
2912058
2912059
2912060
2912061
2912062
2912063
2912064
2912065
2912066
2912067
2912068
2912069
2912070
2912071
2912072
2912073
2912074
2912075
2912076
2912077
2912078
2912079
2912080
2912081
2912082
2912083
2912084
2912085
2912086
2912087
2912088
2912089
2912090
2912091
2912092
2912093
2912094
2912095
2912096
2912097
2912098
2912099
2912100
2912101
2912102
2912103
2912104
2912105
2912106
2912107
2912108
2912109
2912110
2912111
2912112
2912113
2912114
2912115
2912116
2912117
2912118
2912119
2912120
2912121
2912122
2912123
2912124
2912125
2912126
2912127
2912128
2912129
2912130
2912131
2912132
2912133
2912134
2912135
2912136
2912137
2912138
2912139
2912140
2912141
2912142
2912143
2912144
2912145
2912146
2912147
2912148
2912149
2912150
2912151
2912152
2912153
2912154
2912155
2912156
2912157
2912158
2912159
2912160
2912161
2912162
2912163
2912164
2912165
2912166
2912167
2912168
2912169
2912170
2912171
2912172
2912173
2912174
2912175
2912176
2912177
2912178
2912179
2912180
2912181
2912182
2912183
2912184
2912185
2912186
2912187
2912188
2912189
2912190
2912191
2912192
2912193
2912194
2912195
2912196
2912197
2912198
2912199
2912200
2912201
2912202
2912203
2912204
2912205
2912206
2912207
2912208
2912209
2912210
2912211
2912212
2912213
2912214
2912215
2912216
2912217
2912218
2912219
2912220
2912221
2912222
2912223
2912224
2912225
2912226
2912227
2912228
2912229
2912230
2912231
2912232
2912233
2912234
2912235
2912236
2912237
2912238
2912239
2912240
2912241
2912242
2912243
2912244
2912245
2912246
2912247
2912248
2912249
2912250
2912251
2912252
2912253
2912254
2912255
2912256
2912257
2912258
2912259
2912260
2912261
2912262
2912263
2912264
2912265
2912266
2912267
2912268
2912269
2912270
2912271
2912272
2912273
2912274
2912275
2912276
2912277
2912278
2912279
2912280
2912281
2912282
2912283
2912284
2912285
2912286
2912287
2912288
2912289
2912290
2912291
2912292
2912293
2912294
2912295
2912296
2912297
2912298
2912299
2912300
2912301
2912302
2912303
2912304
2912305
2912306
2912307
2912308
2912309
2912310
2912311
2912312
2912313
2912314
2912315
2912316
2912317
2912318
2912319
2912320
2912321
2912322
2912323
2912324
2912325
2912326
2912327
2912328
2912329
2912330
2912331
2912332
2912333
2912334
2912335
2912336
2912337
2912338
2912339
2912340
2912341
2912342
2912343
2912344
2912345
2912346
2912347
2912348
2912349
2912350
2912351
2912352
2912353
2912354
2912355
2912356
2912357
2912358
2912359
2912360
2912361
2912362
2912363
2912364
2912365
2912366
2912367
2912368
2912369
2912370
2912371
2912372
2912373
2912374
2912375
2912376
2912377
2912378
2912379
2912380
2912381
2912382
2912383
2912384
2912385
2912386
2912387
2912388
2912389
2912390
2912391
2912392
2912393
2912394
2912395
2912396
2912397
2912398
2912399
2912400
2912401
2912402
2912403
2912404
2912405
2912406
2912407
2912408
2912409
2912410
2912411
2912412
2912413
2912414
2912415
2912416
2912417
2912418
2912419
2912420
2912421
2912422
2912423
2912424
2912425
2912426
2912427
2912428
2912429
2912430
2912431
2912432
2912433
2912434
2912435
2912436
2912437
2912438
2912439
2912440
2912441
2912442
2912443
2912444
2912445
2912446
2912447
2912448
2912449
2912450
2912451
2912452
2912453
2912454
2912455
2912456
2912457
2912458
2912459
2912460
2912461
2912462
2912463
2912464
2912465
2912466
2912467
2912468
2912469
2912470
2912471
2912472
2912473
2912474
2912475
2912476
2912477
2912478
2912479
2912480
2912481
2912482
2912483
2912484
2912485
2912486
2912487
2912488
2912489
2912490
2912491
2912492
2912493
2912494
2912495
2912496
2912497
2912498
2912499
2912500
2912501
2912502
2912503
2912504
2912505
2912506
2912507
2912508
2912509
2912510
2912511
2912512
2912513
2912514
2912515
2912516
2912517
2912518
2912519
2912520
2912521
2912522
2912523
2912524
2912525
2912526
2912527
2912528
2912529
2912530
2912531
2912532
2912533
2912534
2912535
2912536
2912537
2912538
2912539
2912540
2912541
2912542
2912543
2912544
2912545
2912546
2912547
2912548
2912549
2912550
2912551
2912552
2912553
2912554
2912555
2912556
2912557
2912558
2912559
2912560
2912561
2912562
2912563
2912564
2912565
2912566
2912567
2912568
2912569
2912570
2912571
2912572
2912573
2912574
2912575
2912576
2912577
2912578
2912579
2912580
2912581
2912582
2912583
2912584
2912585
2912586
2912587
2912588
2912589
2912590
2912591
2912592
2912593
2912594
2912595
2912596
2912597
2912598
2912599
2912600
2912601
2912602
2912603
2912604
2912605
2912606
2912607
2912608
2912609
2912610
2912611
2912612
2912613
2912614
2912615
2912616
2912617
2912618
2912619
2912620
2912621
2912622
2912623
2912624
2912625
2912626
2912627
2912628
2912629
2912630
2912631
2912632
2912633
2912634
2912635
2912636
2912637
2912638
2912639
2912640
2912641
2912642
2912643
2912644
2912645
2912646
2912647
2912648
2912649
2912650
2912651
2912652
2912653
2912654
2912655
2912656
2912657
2912658
2912659
2912660
2912661
2912662
2912663
2912664
2912665
2912666
2912667
2912668
2912669
2912670
2912671
2912672
2912673
2912674
2912675
2912676
2912677
2912678
2912679
2912680
2912681
2912682
2912683
2912684
2912685
2912686
2912687
2912688
2912689
2912690
2912691
2912692
2912693
2912694
2912695
2912696
2912697
2912698
2912699
2912700
2912701
2912702
2912703
2912704
2912705
2912706
2912707
2912708
2912709
2912710
2912711
2912712
2912713
2912714
2912715
2912716
2912717
2912718
2912719
2912720
2912721
2912722
2912723
2912724
2912725
2912726
2912727
2912728
2912729
2912730
2912731
2912732
2912733
2912734
2912735
2912736
2912737
2912738
2912739
2912740
2912741
2912742
2912743
2912744
2912745
2912746
2912747
2912748
2912749
2912750
2912751
2912752
2912753
2912754
2912755
2912756
2912757
2912758
2912759
2912760
2912761
2912762
2912763
2912764
2912765
2912766
2912767
2912768
2912769
2912770
2912771
2912772
2912773
2912774
2912775
2912776
2912777
2912778
2912779
2912780
2912781
2912782
2912783
2912784
2912785
2912786
2912787
2912788
2912789
2912790
2912791
2912792
2912793
2912794
2912795
2912796
2912797
2912798
2912799
2912800
2912801
2912802
2912803
2912804
2912805
2912806
2912807
2912808
2912809
2912810
2912811
2912812
2912813
2912814
2912815
2912816
2912817
2912818
2912819
2912820
2912821
2912822
2912823
2912824
2912825
2912826
2912827
2912828
2912829
2912830
2912831
2912832
2912833
2912834
2912835
2912836
2912837
2912838
2912839
2912840
2912841
2912842
2912843
2912844
2912845
2912846
2912847
2912848
2912849
2912850
2912851
2912852
2912853
2912854
2912855
2912856
2912857
2912858
2912859
2912860
2912861
2912862
2912863
2912864
2912865
2912866
2912867
2912868
2912869
2912870
2912871
2912872
2912873
2912874
2912875
2912876
2912877
2912878
2912879
2912880
2912881
2912882
2912883
2912884
2912885
2912886
2912887
2912888
2912889
2912890
2912891
2912892
2912893
2912894
2912895
2912896
2912897
2912898
2912899
2912900
2912901
2912902
2912903
2912904
2912905
2912906
2912907
2912908
2912909
2912910
2912911
2912912
2912913
2912914
2912915
2912916
2912917
2912918
2912919
2912920
2912921
2912922
2912923
2912924
2912925
2912926
2912927
2912928
2912929
2912930
2912931
2912932
2912933
2912934
2912935
2912936
2912937
2912938
2912939
2912940
2912941
2912942
2912943
2912944
2912945
2912946
2912947
2912948
2912949
2912950
2912951
2912952
2912953
2912954
2912955
2912956
2912957
2912958
2912959
2912960
2912961
2912962
2912963
2912964
2912965
2912966
2912967
2912968
2912969
2912970
2912971
2912972
2912973
2912974
2912975
2912976
2912977
2912978
2912979
2912980
2912981
2912982
2912983
2912984
2912985
2912986
2912987
2912988
2912989
2912990
2912991
2912992
2912993
2912994
2912995
2912996
2912997
2912998
2912999
2913000
2913001
2913002
2913003
2913004
2913005
2913006
2913007
2913008
2913009
2913010
2913011
2913012
2913013
2913014
2913015
2913016
2913017
2913018
2913019
2913020
2913021
2913022
2913023
2913024
2913025
2913026
2913027
2913028
2913029
2913030
2913031
2913032
2913033
2913034
2913035
2913036
2913037
2913038
2913039
2913040
2913041
2913042
2913043
2913044
2913045
2913046
2913047
2913048
2913049
2913050
2913051
2913052
2913053
2913054
2913055
2913056
2913057
2913058
2913059
2913060
2913061
2913062
2913063
2913064
2913065
2913066
2913067
2913068
2913069
2913070
2913071
2913072
2913073
2913074
2913075
2913076
2913077
2913078
2913079
2913080
2913081
2913082
2913083
2913084
2913085
2913086
2913087
2913088
2913089
2913090
2913091
2913092
2913093
2913094
2913095
2913096
2913097
2913098
2913099
2913100
2913101
2913102
2913103
2913104
2913105
2913106
2913107
2913108
2913109
2913110
2913111
2913112
2913113
2913114
2913115
2913116
2913117
2913118
2913119
2913120
2913121
2913122
2913123
2913124
2913125
2913126
2913127
2913128
2913129
2913130
2913131
2913132
2913133
2913134
2913135
2913136
2913137
2913138
2913139
2913140
2913141
2913142
2913143
2913144
2913145
2913146
2913147
2913148
2913149
2913150
2913151
2913152
2913153
2913154
2913155
2913156
2913157
2913158
2913159
2913160
2913161
2913162
2913163
2913164
2913165
2913166
2913167
2913168
2913169
2913170
2913171
2913172
2913173
2913174
2913175
2913176
2913177
2913178
2913179
2913180
2913181
2913182
2913183
2913184
2913185
2913186
2913187
2913188
2913189
2913190
2913191
2913192
2913193
2913194
2913195
2913196
2913197
2913198
2913199
2913200
2913201
2913202
2913203
2913204
2913205
2913206
2913207
2913208
2913209
2913210
2913211
2913212
2913213
2913214
2913215
2913216
2913217
2913218
2913219
2913220
2913221
2913222
2913223
2913224
2913225
2913226
2913227
2913228
2913229
2913230
2913231
2913232
2913233
2913234
2913235
2913236
2913237
2913238
2913239
2913240
2913241
2913242
2913243
2913244
2913245
2913246
2913247
2913248
2913249
2913250
2913251
2913252
2913253
2913254
2913255
2913256
2913257
2913258
2913259
2913260
2913261
2913262
2913263
2913264
2913265
2913266
2913267
2913268
2913269
2913270
2913271
2913272
2913273
2913274
2913275
2913276
2913277
2913278
2913279
2913280
2913281
2913282
2913283
2913284
2913285
2913286
2913287
2913288
2913289
2913290
2913291
2913292
2913293
2913294
2913295
2913296
2913297
2913298
2913299
2913300
2913301
2913302
2913303
2913304
2913305
2913306
2913307
2913308
2913309
2913310
2913311
2913312
2913313
2913314
2913315
2913316
2913317
2913318
2913319
2913320
2913321
2913322
2913323
2913324
2913325
2913326
2913327
2913328
2913329
2913330
2913331
2913332
2913333
2913334
2913335
2913336
2913337
2913338
2913339
2913340
2913341
2913342
2913343
2913344
2913345
2913346
2913347
2913348
2913349
2913350
2913351
2913352
2913353
2913354
2913355
2913356
2913357
2913358
2913359
2913360
2913361
2913362
2913363
2913364
2913365
2913366
2913367
2913368
2913369
2913370
2913371
2913372
2913373
2913374
2913375
2913376
2913377
2913378
2913379
2913380
2913381
2913382
2913383
2913384
2913385
2913386
2913387
2913388
2913389
2913390
2913391
2913392
2913393
2913394
2913395
2913396
2913397
2913398
2913399
2913400
2913401
2913402
2913403
2913404
2913405
2913406
2913407
2913408
2913409
2913410
2913411
2913412
2913413
2913414
2913415
2913416
2913417
2913418
2913419
2913420
2913421
2913422
2913423
2913424
2913425
2913426
2913427
2913428
2913429
2913430
2913431
2913432
2913433
2913434
2913435
2913436
2913437
2913438
2913439
2913440
2913441
2913442
2913443
2913444
2913445
2913446
2913447
2913448
2913449
2913450
2913451
2913452
2913453
2913454
2913455
2913456
2913457
2913458
2913459
2913460
2913461
2913462
2913463
2913464
2913465
2913466
2913467
2913468
2913469
2913470
2913471
2913472
2913473
2913474
2913475
2913476
2913477
2913478
2913479
2913480
2913481
2913482
2913483
2913484
2913485
2913486
2913487
2913488
2913489
2913490
2913491
2913492
2913493
2913494
2913495
2913496
2913497
2913498
2913499
2913500
2913501
2913502
2913503
2913504
2913505
2913506
2913507
2913508
2913509
2913510
2913511
2913512
2913513
2913514
2913515
2913516
2913517
2913518
2913519
2913520
2913521
2913522
2913523
2913524
2913525
2913526
2913527
2913528
2913529
2913530
2913531
2913532
2913533
2913534
2913535
2913536
2913537
2913538
2913539
2913540
2913541
2913542
2913543
2913544
2913545
2913546
2913547
2913548
2913549
2913550
2913551
2913552
2913553
2913554
2913555
2913556
2913557
2913558
2913559
2913560
2913561
2913562
2913563
2913564
2913565
2913566
2913567
2913568
2913569
2913570
2913571
2913572
2913573
2913574
2913575
2913576
2913577
2913578
2913579
2913580
2913581
2913582
2913583
2913584
2913585
2913586
2913587
2913588
2913589
2913590
2913591
2913592
2913593
2913594
2913595
2913596
2913597
2913598
2913599
2913600
2913601
2913602
2913603
2913604
2913605
2913606
2913607
2913608
2913609
2913610
2913611
2913612
2913613
2913614
2913615
2913616
2913617
2913618
2913619
2913620
2913621
2913622
2913623
2913624
2913625
2913626
2913627
2913628
2913629
2913630
2913631
2913632
2913633
2913634
2913635
2913636
2913637
2913638
2913639
2913640
2913641
2913642
2913643
2913644
2913645
2913646
2913647
2913648
2913649
2913650
2913651
2913652
2913653
2913654
2913655
2913656
2913657
2913658
2913659
2913660
2913661
2913662
2913663
2913664
2913665
2913666
2913667
2913668
2913669
2913670
2913671
2913672
2913673
2913674
2913675
2913676
2913677
2913678
2913679
2913680
2913681
2913682
2913683
2913684
2913685
2913686
2913687
2913688
2913689
2913690
2913691
2913692
2913693
2913694
2913695
2913696
2913697
2913698
2913699
2913700
2913701
2913702
2913703
2913704
2913705
2913706
2913707
2913708
2913709
2913710
2913711
2913712
2913713
2913714
2913715
2913716
2913717
2913718
2913719
2913720
2913721
2913722
2913723
2913724
2913725
2913726
2913727
2913728
2913729
2913730
2913731
2913732
2913733
2913734
2913735
2913736
2913737
2913738
2913739
2913740
2913741
2913742
2913743
2913744
2913745
2913746
2913747
2913748
2913749
2913750
2913751
2913752
2913753
2913754
2913755
2913756
2913757
2913758
2913759
2913760
2913761
2913762
2913763
2913764
2913765
2913766
2913767
2913768
2913769
2913770
2913771
2913772
2913773
2913774
2913775
2913776
2913777
2913778
2913779
2913780
2913781
2913782
2913783
2913784
2913785
2913786
2913787
2913788
2913789
2913790
2913791
2913792
2913793
2913794
2913795
2913796
2913797
2913798
2913799
2913800
2913801
2913802
2913803
2913804
2913805
2913806
2913807
2913808
2913809
2913810
2913811
2913812
2913813
2913814
2913815
2913816
2913817
2913818
2913819
2913820
2913821
2913822
2913823
2913824
2913825
2913826
2913827
2913828
2913829
2913830
2913831
2913832
2913833
2913834
2913835
2913836
2913837
2913838
2913839
2913840
2913841
2913842
2913843
2913844
2913845
2913846
2913847
2913848
2913849
2913850
2913851
2913852
2913853
2913854
2913855
2913856
2913857
2913858
2913859
2913860
2913861
2913862
2913863
2913864
2913865
2913866
2913867
2913868
2913869
2913870
2913871
2913872
2913873
2913874
2913875
2913876
2913877
2913878
2913879
2913880
2913881
2913882
2913883
2913884
2913885
2913886
2913887
2913888
2913889
2913890
2913891
2913892
2913893
2913894
2913895
2913896
2913897
2913898
2913899
2913900
2913901
2913902
2913903
2913904
2913905
2913906
2913907
2913908
2913909
2913910
2913911
2913912
2913913
2913914
2913915
2913916
2913917
2913918
2913919
2913920
2913921
2913922
2913923
2913924
2913925
2913926
2913927
2913928
2913929
2913930
2913931
2913932
2913933
2913934
2913935
2913936
2913937
2913938
2913939
2913940
2913941
2913942
2913943
2913944
2913945
2913946
2913947
2913948
2913949
2913950
2913951
2913952
2913953
2913954
2913955
2913956
2913957
2913958
2913959
2913960
2913961
2913962
2913963
2913964
2913965
2913966
2913967
2913968
2913969
2913970
2913971
2913972
2913973
2913974
2913975
2913976
2913977
2913978
2913979
2913980
2913981
2913982
2913983
2913984
2913985
2913986
2913987
2913988
2913989
2913990
2913991
2913992
2913993
2913994
2913995
2913996
2913997
2913998
2913999
2914000
2914001
2914002
2914003
2914004
2914005
2914006
2914007
2914008
2914009
2914010
2914011
2914012
2914013
2914014
2914015
2914016
2914017
2914018
2914019
2914020
2914021
2914022
2914023
2914024
2914025
2914026
2914027
2914028
2914029
2914030
2914031
2914032
2914033
2914034
2914035
2914036
2914037
2914038
2914039
2914040
2914041
2914042
2914043
2914044
2914045
2914046
2914047
2914048
2914049
2914050
2914051
2914052
2914053
2914054
2914055
2914056
2914057
2914058
2914059
2914060
2914061
2914062
2914063
2914064
2914065
2914066
2914067
2914068
2914069
2914070
2914071
2914072
2914073
2914074
2914075
2914076
2914077
2914078
2914079
2914080
2914081
2914082
2914083
2914084
2914085
2914086
2914087
2914088
2914089
2914090
2914091
2914092
2914093
2914094
2914095
2914096
2914097
2914098
2914099
2914100
2914101
2914102
2914103
2914104
2914105
2914106
2914107
2914108
2914109
2914110
2914111
2914112
2914113
2914114
2914115
2914116
2914117
2914118
2914119
2914120
2914121
2914122
2914123
2914124
2914125
2914126
2914127
2914128
2914129
2914130
2914131
2914132
2914133
2914134
2914135
2914136
2914137
2914138
2914139
2914140
2914141
2914142
2914143
2914144
2914145
2914146
2914147
2914148
2914149
2914150
2914151
2914152
2914153
2914154
2914155
2914156
2914157
2914158
2914159
2914160
2914161
2914162
2914163
2914164
2914165
2914166
2914167
2914168
2914169
2914170
2914171
2914172
2914173
2914174
2914175
2914176
2914177
2914178
2914179
2914180
2914181
2914182
2914183
2914184
2914185
2914186
2914187
2914188
2914189
2914190
2914191
2914192
2914193
2914194
2914195
2914196
2914197
2914198
2914199
2914200
2914201
2914202
2914203
2914204
2914205
2914206
2914207
2914208
2914209
2914210
2914211
2914212
2914213
2914214
2914215
2914216
2914217
2914218
2914219
2914220
2914221
2914222
2914223
2914224
2914225
2914226
2914227
2914228
2914229
2914230
2914231
2914232
2914233
2914234
2914235
2914236
2914237
2914238
2914239
2914240
2914241
2914242
2914243
2914244
2914245
2914246
2914247
2914248
2914249
2914250
2914251
2914252
2914253
2914254
2914255
2914256
2914257
2914258
2914259
2914260
2914261
2914262
2914263
2914264
2914265
2914266
2914267
2914268
2914269
2914270
2914271
2914272
2914273
2914274
2914275
2914276
2914277
2914278
2914279
2914280
2914281
2914282
2914283
2914284
2914285
2914286
2914287
2914288
2914289
2914290
2914291
2914292
2914293
2914294
2914295
2914296
2914297
2914298
2914299
2914300
2914301
2914302
2914303
2914304
2914305
2914306
2914307
2914308
2914309
2914310
2914311
2914312
2914313
2914314
2914315
2914316
2914317
2914318
2914319
2914320
2914321
2914322
2914323
2914324
2914325
2914326
2914327
2914328
2914329
2914330
2914331
2914332
2914333
2914334
2914335
2914336
2914337
2914338
2914339
2914340
2914341
2914342
2914343
2914344
2914345
2914346
2914347
2914348
2914349
2914350
2914351
2914352
2914353
2914354
2914355
2914356
2914357
2914358
2914359
2914360
2914361
2914362
2914363
2914364
2914365
2914366
2914367
2914368
2914369
2914370
2914371
2914372
2914373
2914374
2914375
2914376
2914377
2914378
2914379
2914380
2914381
2914382
2914383
2914384
2914385
2914386
2914387
2914388
2914389
2914390
2914391
2914392
2914393
2914394
2914395
2914396
2914397
2914398
2914399
2914400
2914401
2914402
2914403
2914404
2914405
2914406
2914407
2914408
2914409
2914410
2914411
2914412
2914413
2914414
2914415
2914416
2914417
2914418
2914419
2914420
2914421
2914422
2914423
2914424
2914425
2914426
2914427
2914428
2914429
2914430
2914431
2914432
2914433
2914434
2914435
2914436
2914437
2914438
2914439
2914440
2914441
2914442
2914443
2914444
2914445
2914446
2914447
2914448
2914449
2914450
2914451
2914452
2914453
2914454
2914455
2914456
2914457
2914458
2914459
2914460
2914461
2914462
2914463
2914464
2914465
2914466
2914467
2914468
2914469
2914470
2914471
2914472
2914473
2914474
2914475
2914476
2914477
2914478
2914479
2914480
2914481
2914482
2914483
2914484
2914485
2914486
2914487
2914488
2914489
2914490
2914491
2914492
2914493
2914494
2914495
2914496
2914497
2914498
2914499
2914500
2914501
2914502
2914503
2914504
2914505
2914506
2914507
2914508
2914509
2914510
2914511
2914512
2914513
2914514
2914515
2914516
2914517
2914518
2914519
2914520
2914521
2914522
2914523
2914524
2914525
2914526
2914527
2914528
2914529
2914530
2914531
2914532
2914533
2914534
2914535
2914536
2914537
2914538
2914539
2914540
2914541
2914542
2914543
2914544
2914545
2914546
2914547
2914548
2914549
2914550
2914551
2914552
2914553
2914554
2914555
2914556
2914557
2914558
2914559
2914560
2914561
2914562
2914563
2914564
2914565
2914566
2914567
2914568
2914569
2914570
2914571
2914572
2914573
2914574
2914575
2914576
2914577
2914578
2914579
2914580
2914581
2914582
2914583
2914584
2914585
2914586
2914587
2914588
2914589
2914590
2914591
2914592
2914593
2914594
2914595
2914596
2914597
2914598
2914599
2914600
2914601
2914602
2914603
2914604
2914605
2914606
2914607
2914608
2914609
2914610
2914611
2914612
2914613
2914614
2914615
2914616
2914617
2914618
2914619
2914620
2914621
2914622
2914623
2914624
2914625
2914626
2914627
2914628
2914629
2914630
2914631
2914632
2914633
2914634
2914635
2914636
2914637
2914638
2914639
2914640
2914641
2914642
2914643
2914644
2914645
2914646
2914647
2914648
2914649
2914650
2914651
2914652
2914653
2914654
2914655
2914656
2914657
2914658
2914659
2914660
2914661
2914662
2914663
2914664
2914665
2914666
2914667
2914668
2914669
2914670
2914671
2914672
2914673
2914674
2914675
2914676
2914677
2914678
2914679
2914680
2914681
2914682
2914683
2914684
2914685
2914686
2914687
2914688
2914689
2914690
2914691
2914692
2914693
2914694
2914695
2914696
2914697
2914698
2914699
2914700
2914701
2914702
2914703
2914704
2914705
2914706
2914707
2914708
2914709
2914710
2914711
2914712
2914713
2914714
2914715
2914716
2914717
2914718
2914719
2914720
2914721
2914722
2914723
2914724
2914725
2914726
2914727
2914728
2914729
2914730
2914731
2914732
2914733
2914734
2914735
2914736
2914737
2914738
2914739
2914740
2914741
2914742
2914743
2914744
2914745
2914746
2914747
2914748
2914749
2914750
2914751
2914752
2914753
2914754
2914755
2914756
2914757
2914758
2914759
2914760
2914761
2914762
2914763
2914764
2914765
2914766
2914767
2914768
2914769
2914770
2914771
2914772
2914773
2914774
2914775
2914776
2914777
2914778
2914779
2914780
2914781
2914782
2914783
2914784
2914785
2914786
2914787
2914788
2914789
2914790
2914791
2914792
2914793
2914794
2914795
2914796
2914797
2914798
2914799
2914800
2914801
2914802
2914803
2914804
2914805
2914806
2914807
2914808
2914809
2914810
2914811
2914812
2914813
2914814
2914815
2914816
2914817
2914818
2914819
2914820
2914821
2914822
2914823
2914824
2914825
2914826
2914827
2914828
2914829
2914830
2914831
2914832
2914833
2914834
2914835
2914836
2914837
2914838
2914839
2914840
2914841
2914842
2914843
2914844
2914845
2914846
2914847
2914848
2914849
2914850
2914851
2914852
2914853
2914854
2914855
2914856
2914857
2914858
2914859
2914860
2914861
2914862
2914863
2914864
2914865
2914866
2914867
2914868
2914869
2914870
2914871
2914872
2914873
2914874
2914875
2914876
2914877
2914878
2914879
2914880
2914881
2914882
2914883
2914884
2914885
2914886
2914887
2914888
2914889
2914890
2914891
2914892
2914893
2914894
2914895
2914896
2914897
2914898
2914899
2914900
2914901
2914902
2914903
2914904
2914905
2914906
2914907
2914908
2914909
2914910
2914911
2914912
2914913
2914914
2914915
2914916
2914917
2914918
2914919
2914920
2914921
2914922
2914923
2914924
2914925
2914926
2914927
2914928
2914929
2914930
2914931
2914932
2914933
2914934
2914935
2914936
2914937
2914938
2914939
2914940
2914941
2914942
2914943
2914944
2914945
2914946
2914947
2914948
2914949
2914950
2914951
2914952
2914953
2914954
2914955
2914956
2914957
2914958
2914959
2914960
2914961
2914962
2914963
2914964
2914965
2914966
2914967
2914968
2914969
2914970
2914971
2914972
2914973
2914974
2914975
2914976
2914977
2914978
2914979
2914980
2914981
2914982
2914983
2914984
2914985
2914986
2914987
2914988
2914989
2914990
2914991
2914992
2914993
2914994
2914995
2914996
2914997
2914998
2914999
2915000
2915001
2915002
2915003
2915004
2915005
2915006
2915007
2915008
2915009
2915010
2915011
2915012
2915013
2915014
2915015
2915016
2915017
2915018
2915019
2915020
2915021
2915022
2915023
2915024
2915025
2915026
2915027
2915028
2915029
2915030
2915031
2915032
2915033
2915034
2915035
2915036
2915037
2915038
2915039
2915040
2915041
2915042
2915043
2915044
2915045
2915046
2915047
2915048
2915049
2915050
2915051
2915052
2915053
2915054
2915055
2915056
2915057
2915058
2915059
2915060
2915061
2915062
2915063
2915064
2915065
2915066
2915067
2915068
2915069
2915070
2915071
2915072
2915073
2915074
2915075
2915076
2915077
2915078
2915079
2915080
2915081
2915082
2915083
2915084
2915085
2915086
2915087
2915088
2915089
2915090
2915091
2915092
2915093
2915094
2915095
2915096
2915097
2915098
2915099
2915100
2915101
2915102
2915103
2915104
2915105
2915106
2915107
2915108
2915109
2915110
2915111
2915112
2915113
2915114
2915115
2915116
2915117
2915118
2915119
2915120
2915121
2915122
2915123
2915124
2915125
2915126
2915127
2915128
2915129
2915130
2915131
2915132
2915133
2915134
2915135
2915136
2915137
2915138
2915139
2915140
2915141
2915142
2915143
2915144
2915145
2915146
2915147
2915148
2915149
2915150
2915151
2915152
2915153
2915154
2915155
2915156
2915157
2915158
2915159
2915160
2915161
2915162
2915163
2915164
2915165
2915166
2915167
2915168
2915169
2915170
2915171
2915172
2915173
2915174
2915175
2915176
2915177
2915178
2915179
2915180
2915181
2915182
2915183
2915184
2915185
2915186
2915187
2915188
2915189
2915190
2915191
2915192
2915193
2915194
2915195
2915196
2915197
2915198
2915199
2915200
2915201
2915202
2915203
2915204
2915205
2915206
2915207
2915208
2915209
2915210
2915211
2915212
2915213
2915214
2915215
2915216
2915217
2915218
2915219
2915220
2915221
2915222
2915223
2915224
2915225
2915226
2915227
2915228
2915229
2915230
2915231
2915232
2915233
2915234
2915235
2915236
2915237
2915238
2915239
2915240
2915241
2915242
2915243
2915244
2915245
2915246
2915247
2915248
2915249
2915250
2915251
2915252
2915253
2915254
2915255
2915256
2915257
2915258
2915259
2915260
2915261
2915262
2915263
2915264
2915265
2915266
2915267
2915268
2915269
2915270
2915271
2915272
2915273
2915274
2915275
2915276
2915277
2915278
2915279
2915280
2915281
2915282
2915283
2915284
2915285
2915286
2915287
2915288
2915289
2915290
2915291
2915292
2915293
2915294
2915295
2915296
2915297
2915298
2915299
2915300
2915301
2915302
2915303
2915304
2915305
2915306
2915307
2915308
2915309
2915310
2915311
2915312
2915313
2915314
2915315
2915316
2915317
2915318
2915319
2915320
2915321
2915322
2915323
2915324
2915325
2915326
2915327
2915328
2915329
2915330
2915331
2915332
2915333
2915334
2915335
2915336
2915337
2915338
2915339
2915340
2915341
2915342
2915343
2915344
2915345
2915346
2915347
2915348
2915349
2915350
2915351
2915352
2915353
2915354
2915355
2915356
2915357
2915358
2915359
2915360
2915361
2915362
2915363
2915364
2915365
2915366
2915367
2915368
2915369
2915370
2915371
2915372
2915373
2915374
2915375
2915376
2915377
2915378
2915379
2915380
2915381
2915382
2915383
2915384
2915385
2915386
2915387
2915388
2915389
2915390
2915391
2915392
2915393
2915394
2915395
2915396
2915397
2915398
2915399
2915400
2915401
2915402
2915403
2915404
2915405
2915406
2915407
2915408
2915409
2915410
2915411
2915412
2915413
2915414
2915415
2915416
2915417
2915418
2915419
2915420
2915421
2915422
2915423
2915424
2915425
2915426
2915427
2915428
2915429
2915430
2915431
2915432
2915433
2915434
2915435
2915436
2915437
2915438
2915439
2915440
2915441
2915442
2915443
2915444
2915445
2915446
2915447
2915448
2915449
2915450
2915451
2915452
2915453
2915454
2915455
2915456
2915457
2915458
2915459
2915460
2915461
2915462
2915463
2915464
2915465
2915466
2915467
2915468
2915469
2915470
2915471
2915472
2915473
2915474
2915475
2915476
2915477
2915478
2915479
2915480
2915481
2915482
2915483
2915484
2915485
2915486
2915487
2915488
2915489
2915490
2915491
2915492
2915493
2915494
2915495
2915496
2915497
2915498
2915499
2915500
2915501
2915502
2915503
2915504
2915505
2915506
2915507
2915508
2915509
2915510
2915511
2915512
2915513
2915514
2915515
2915516
2915517
2915518
2915519
2915520
2915521
2915522
2915523
2915524
2915525
2915526
2915527
2915528
2915529
2915530
2915531
2915532
2915533
2915534
2915535
2915536
2915537
2915538
2915539
2915540
2915541
2915542
2915543
2915544
2915545
2915546
2915547
2915548
2915549
2915550
2915551
2915552
2915553
2915554
2915555
2915556
2915557
2915558
2915559
2915560
2915561
2915562
2915563
2915564
2915565
2915566
2915567
2915568
2915569
2915570
2915571
2915572
2915573
2915574
2915575
2915576
2915577
2915578
2915579
2915580
2915581
2915582
2915583
2915584
2915585
2915586
2915587
2915588
2915589
2915590
2915591
2915592
2915593
2915594
2915595
2915596
2915597
2915598
2915599
2915600
2915601
2915602
2915603
2915604
2915605
2915606
2915607
2915608
2915609
2915610
2915611
2915612
2915613
2915614
2915615
2915616
2915617
2915618
2915619
2915620
2915621
2915622
2915623
2915624
2915625
2915626
2915627
2915628
2915629
2915630
2915631
2915632
2915633
2915634
2915635
2915636
2915637
2915638
2915639
2915640
2915641
2915642
2915643
2915644
2915645
2915646
2915647
2915648
2915649
2915650
2915651
2915652
2915653
2915654
2915655
2915656
2915657
2915658
2915659
2915660
2915661
2915662
2915663
2915664
2915665
2915666
2915667
2915668
2915669
2915670
2915671
2915672
2915673
2915674
2915675
2915676
2915677
2915678
2915679
2915680
2915681
2915682
2915683
2915684
2915685
2915686
2915687
2915688
2915689
2915690
2915691
2915692
2915693
2915694
2915695
2915696
2915697
2915698
2915699
2915700
2915701
2915702
2915703
2915704
2915705
2915706
2915707
2915708
2915709
2915710
2915711
2915712
2915713
2915714
2915715
2915716
2915717
2915718
2915719
2915720
2915721
2915722
2915723
2915724
2915725
2915726
2915727
2915728
2915729
2915730
2915731
2915732
2915733
2915734
2915735
2915736
2915737
2915738
2915739
2915740
2915741
2915742
2915743
2915744
2915745
2915746
2915747
2915748
2915749
2915750
2915751
2915752
2915753
2915754
2915755
2915756
2915757
2915758
2915759
2915760
2915761
2915762
2915763
2915764
2915765
2915766
2915767
2915768
2915769
2915770
2915771
2915772
2915773
2915774
2915775
2915776
2915777
2915778
2915779
2915780
2915781
2915782
2915783
2915784
2915785
2915786
2915787
2915788
2915789
2915790
2915791
2915792
2915793
2915794
2915795
2915796
2915797
2915798
2915799
2915800
2915801
2915802
2915803
2915804
2915805
2915806
2915807
2915808
2915809
2915810
2915811
2915812
2915813
2915814
2915815
2915816
2915817
2915818
2915819
2915820
2915821
2915822
2915823
2915824
2915825
2915826
2915827
2915828
2915829
2915830
2915831
2915832
2915833
2915834
2915835
2915836
2915837
2915838
2915839
2915840
2915841
2915842
2915843
2915844
2915845
2915846
2915847
2915848
2915849
2915850
2915851
2915852
2915853
2915854
2915855
2915856
2915857
2915858
2915859
2915860
2915861
2915862
2915863
2915864
2915865
2915866
2915867
2915868
2915869
2915870
2915871
2915872
2915873
2915874
2915875
2915876
2915877
2915878
2915879
2915880
2915881
2915882
2915883
2915884
2915885
2915886
2915887
2915888
2915889
2915890
2915891
2915892
2915893
2915894
2915895
2915896
2915897
2915898
2915899
2915900
2915901
2915902
2915903
2915904
2915905
2915906
2915907
2915908
2915909
2915910
2915911
2915912
2915913
2915914
2915915
2915916
2915917
2915918
2915919
2915920
2915921
2915922
2915923
2915924
2915925
2915926
2915927
2915928
2915929
2915930
2915931
2915932
2915933
2915934
2915935
2915936
2915937
2915938
2915939
2915940
2915941
2915942
2915943
2915944
2915945
2915946
2915947
2915948
2915949
2915950
2915951
2915952
2915953
2915954
2915955
2915956
2915957
2915958
2915959
2915960
2915961
2915962
2915963
2915964
2915965
2915966
2915967
2915968
2915969
2915970
2915971
2915972
2915973
2915974
2915975
2915976
2915977
2915978
2915979
2915980
2915981
2915982
2915983
2915984
2915985
2915986
2915987
2915988
2915989
2915990
2915991
2915992
2915993
2915994
2915995
2915996
2915997
2915998
2915999
2916000
2916001
2916002
2916003
2916004
2916005
2916006
2916007
2916008
2916009
2916010
2916011
2916012
2916013
2916014
2916015
2916016
2916017
2916018
2916019
2916020
2916021
2916022
2916023
2916024
2916025
2916026
2916027
2916028
2916029
2916030
2916031
2916032
2916033
2916034
2916035
2916036
2916037
2916038
2916039
2916040
2916041
2916042
2916043
2916044
2916045
2916046
2916047
2916048
2916049
2916050
2916051
2916052
2916053
2916054
2916055
2916056
2916057
2916058
2916059
2916060
2916061
2916062
2916063
2916064
2916065
2916066
2916067
2916068
2916069
2916070
2916071
2916072
2916073
2916074
2916075
2916076
2916077
2916078
2916079
2916080
2916081
2916082
2916083
2916084
2916085
2916086
2916087
2916088
2916089
2916090
2916091
2916092
2916093
2916094
2916095
2916096
2916097
2916098
2916099
2916100
2916101
2916102
2916103
2916104
2916105
2916106
2916107
2916108
2916109
2916110
2916111
2916112
2916113
2916114
2916115
2916116
2916117
2916118
2916119
2916120
2916121
2916122
2916123
2916124
2916125
2916126
2916127
2916128
2916129
2916130
2916131
2916132
2916133
2916134
2916135
2916136
2916137
2916138
2916139
2916140
2916141
2916142
2916143
2916144
2916145
2916146
2916147
2916148
2916149
2916150
2916151
2916152
2916153
2916154
2916155
2916156
2916157
2916158
2916159
2916160
2916161
2916162
2916163
2916164
2916165
2916166
2916167
2916168
2916169
2916170
2916171
2916172
2916173
2916174
2916175
2916176
2916177
2916178
2916179
2916180
2916181
2916182
2916183
2916184
2916185
2916186
2916187
2916188
2916189
2916190
2916191
2916192
2916193
2916194
2916195
2916196
2916197
2916198
2916199
2916200
2916201
2916202
2916203
2916204
2916205
2916206
2916207
2916208
2916209
2916210
2916211
2916212
2916213
2916214
2916215
2916216
2916217
2916218
2916219
2916220
2916221
2916222
2916223
2916224
2916225
2916226
2916227
2916228
2916229
2916230
2916231
2916232
2916233
2916234
2916235
2916236
2916237
2916238
2916239
2916240
2916241
2916242
2916243
2916244
2916245
2916246
2916247
2916248
2916249
2916250
2916251
2916252
2916253
2916254
2916255
2916256
2916257
2916258
2916259
2916260
2916261
2916262
2916263
2916264
2916265
2916266
2916267
2916268
2916269
2916270
2916271
2916272
2916273
2916274
2916275
2916276
2916277
2916278
2916279
2916280
2916281
2916282
2916283
2916284
2916285
2916286
2916287
2916288
2916289
2916290
2916291
2916292
2916293
2916294
2916295
2916296
2916297
2916298
2916299
2916300
2916301
2916302
2916303
2916304
2916305
2916306
2916307
2916308
2916309
2916310
2916311
2916312
2916313
2916314
2916315
2916316
2916317
2916318
2916319
2916320
2916321
2916322
2916323
2916324
2916325
2916326
2916327
2916328
2916329
2916330
2916331
2916332
2916333
2916334
2916335
2916336
2916337
2916338
2916339
2916340
2916341
2916342
2916343
2916344
2916345
2916346
2916347
2916348
2916349
2916350
2916351
2916352
2916353
2916354
2916355
2916356
2916357
2916358
2916359
2916360
2916361
2916362
2916363
2916364
2916365
2916366
2916367
2916368
2916369
2916370
2916371
2916372
2916373
2916374
2916375
2916376
2916377
2916378
2916379
2916380
2916381
2916382
2916383
2916384
2916385
2916386
2916387
2916388
2916389
2916390
2916391
2916392
2916393
2916394
2916395
2916396
2916397
2916398
2916399
2916400
2916401
2916402
2916403
2916404
2916405
2916406
2916407
2916408
2916409
2916410
2916411
2916412
2916413
2916414
2916415
2916416
2916417
2916418
2916419
2916420
2916421
2916422
2916423
2916424
2916425
2916426
2916427
2916428
2916429
2916430
2916431
2916432
2916433
2916434
2916435
2916436
2916437
2916438
2916439
2916440
2916441
2916442
2916443
2916444
2916445
2916446
2916447
2916448
2916449
2916450
2916451
2916452
2916453
2916454
2916455
2916456
2916457
2916458
2916459
2916460
2916461
2916462
2916463
2916464
2916465
2916466
2916467
2916468
2916469
2916470
2916471
2916472
2916473
2916474
2916475
2916476
2916477
2916478
2916479
2916480
2916481
2916482
2916483
2916484
2916485
2916486
2916487
2916488
2916489
2916490
2916491
2916492
2916493
2916494
2916495
2916496
2916497
2916498
2916499
2916500
2916501
2916502
2916503
2916504
2916505
2916506
2916507
2916508
2916509
2916510
2916511
2916512
2916513
2916514
2916515
2916516
2916517
2916518
2916519
2916520
2916521
2916522
2916523
2916524
2916525
2916526
2916527
2916528
2916529
2916530
2916531
2916532
2916533
2916534
2916535
2916536
2916537
2916538
2916539
2916540
2916541
2916542
2916543
2916544
2916545
2916546
2916547
2916548
2916549
2916550
2916551
2916552
2916553
2916554
2916555
2916556
2916557
2916558
2916559
2916560
2916561
2916562
2916563
2916564
2916565
2916566
2916567
2916568
2916569
2916570
2916571
2916572
2916573
2916574
2916575
2916576
2916577
2916578
2916579
2916580
2916581
2916582
2916583
2916584
2916585
2916586
2916587
2916588
2916589
2916590
2916591
2916592
2916593
2916594
2916595
2916596
2916597
2916598
2916599
2916600
2916601
2916602
2916603
2916604
2916605
2916606
2916607
2916608
2916609
2916610
2916611
2916612
2916613
2916614
2916615
2916616
2916617
2916618
2916619
2916620
2916621
2916622
2916623
2916624
2916625
2916626
2916627
2916628
2916629
2916630
2916631
2916632
2916633
2916634
2916635
2916636
2916637
2916638
2916639
2916640
2916641
2916642
2916643
2916644
2916645
2916646
2916647
2916648
2916649
2916650
2916651
2916652
2916653
2916654
2916655
2916656
2916657
2916658
2916659
2916660
2916661
2916662
2916663
2916664
2916665
2916666
2916667
2916668
2916669
2916670
2916671
2916672
2916673
2916674
2916675
2916676
2916677
2916678
2916679
2916680
2916681
2916682
2916683
2916684
2916685
2916686
2916687
2916688
2916689
2916690
2916691
2916692
2916693
2916694
2916695
2916696
2916697
2916698
2916699
2916700
2916701
2916702
2916703
2916704
2916705
2916706
2916707
2916708
2916709
2916710
2916711
2916712
2916713
2916714
2916715
2916716
2916717
2916718
2916719
2916720
2916721
2916722
2916723
2916724
2916725
2916726
2916727
2916728
2916729
2916730
2916731
2916732
2916733
2916734
2916735
2916736
2916737
2916738
2916739
2916740
2916741
2916742
2916743
2916744
2916745
2916746
2916747
2916748
2916749
2916750
2916751
2916752
2916753
2916754
2916755
2916756
2916757
2916758
2916759
2916760
2916761
2916762
2916763
2916764
2916765
2916766
2916767
2916768
2916769
2916770
2916771
2916772
2916773
2916774
2916775
2916776
2916777
2916778
2916779
2916780
2916781
2916782
2916783
2916784
2916785
2916786
2916787
2916788
2916789
2916790
2916791
2916792
2916793
2916794
2916795
2916796
2916797
2916798
2916799
2916800
2916801
2916802
2916803
2916804
2916805
2916806
2916807
2916808
2916809
2916810
2916811
2916812
2916813
2916814
2916815
2916816
2916817
2916818
2916819
2916820
2916821
2916822
2916823
2916824
2916825
2916826
2916827
2916828
2916829
2916830
2916831
2916832
2916833
2916834
2916835
2916836
2916837
2916838
2916839
2916840
2916841
2916842
2916843
2916844
2916845
2916846
2916847
2916848
2916849
2916850
2916851
2916852
2916853
2916854
2916855
2916856
2916857
2916858
2916859
2916860
2916861
2916862
2916863
2916864
2916865
2916866
2916867
2916868
2916869
2916870
2916871
2916872
2916873
2916874
2916875
2916876
2916877
2916878
2916879
2916880
2916881
2916882
2916883
2916884
2916885
2916886
2916887
2916888
2916889
2916890
2916891
2916892
2916893
2916894
2916895
2916896
2916897
2916898
2916899
2916900
2916901
2916902
2916903
2916904
2916905
2916906
2916907
2916908
2916909
2916910
2916911
2916912
2916913
2916914
2916915
2916916
2916917
2916918
2916919
2916920
2916921
2916922
2916923
2916924
2916925
2916926
2916927
2916928
2916929
2916930
2916931
2916932
2916933
2916934
2916935
2916936
2916937
2916938
2916939
2916940
2916941
2916942
2916943
2916944
2916945
2916946
2916947
2916948
2916949
2916950
2916951
2916952
2916953
2916954
2916955
2916956
2916957
2916958
2916959
2916960
2916961
2916962
2916963
2916964
2916965
2916966
2916967
2916968
2916969
2916970
2916971
2916972
2916973
2916974
2916975
2916976
2916977
2916978
2916979
2916980
2916981
2916982
2916983
2916984
2916985
2916986
2916987
2916988
2916989
2916990
2916991
2916992
2916993
2916994
2916995
2916996
2916997
2916998
2916999
2917000
2917001
2917002
2917003
2917004
2917005
2917006
2917007
2917008
2917009
2917010
2917011
2917012
2917013
2917014
2917015
2917016
2917017
2917018
2917019
2917020
2917021
2917022
2917023
2917024
2917025
2917026
2917027
2917028
2917029
2917030
2917031
2917032
2917033
2917034
2917035
2917036
2917037
2917038
2917039
2917040
2917041
2917042
2917043
2917044
2917045
2917046
2917047
2917048
2917049
2917050
2917051
2917052
2917053
2917054
2917055
2917056
2917057
2917058
2917059
2917060
2917061
2917062
2917063
2917064
2917065
2917066
2917067
2917068
2917069
2917070
2917071
2917072
2917073
2917074
2917075
2917076
2917077
2917078
2917079
2917080
2917081
2917082
2917083
2917084
2917085
2917086
2917087
2917088
2917089
2917090
2917091
2917092
2917093
2917094
2917095
2917096
2917097
2917098
2917099
2917100
2917101
2917102
2917103
2917104
2917105
2917106
2917107
2917108
2917109
2917110
2917111
2917112
2917113
2917114
2917115
2917116
2917117
2917118
2917119
2917120
2917121
2917122
2917123
2917124
2917125
2917126
2917127
2917128
2917129
2917130
2917131
2917132
2917133
2917134
2917135
2917136
2917137
2917138
2917139
2917140
2917141
2917142
2917143
2917144
2917145
2917146
2917147
2917148
2917149
2917150
2917151
2917152
2917153
2917154
2917155
2917156
2917157
2917158
2917159
2917160
2917161
2917162
2917163
2917164
2917165
2917166
2917167
2917168
2917169
2917170
2917171
2917172
2917173
2917174
2917175
2917176
2917177
2917178
2917179
2917180
2917181
2917182
2917183
2917184
2917185
2917186
2917187
2917188
2917189
2917190
2917191
2917192
2917193
2917194
2917195
2917196
2917197
2917198
2917199
2917200
2917201
2917202
2917203
2917204
2917205
2917206
2917207
2917208
2917209
2917210
2917211
2917212
2917213
2917214
2917215
2917216
2917217
2917218
2917219
2917220
2917221
2917222
2917223
2917224
2917225
2917226
2917227
2917228
2917229
2917230
2917231
2917232
2917233
2917234
2917235
2917236
2917237
2917238
2917239
2917240
2917241
2917242
2917243
2917244
2917245
2917246
2917247
2917248
2917249
2917250
2917251
2917252
2917253
2917254
2917255
2917256
2917257
2917258
2917259
2917260
2917261
2917262
2917263
2917264
2917265
2917266
2917267
2917268
2917269
2917270
2917271
2917272
2917273
2917274
2917275
2917276
2917277
2917278
2917279
2917280
2917281
2917282
2917283
2917284
2917285
2917286
2917287
2917288
2917289
2917290
2917291
2917292
2917293
2917294
2917295
2917296
2917297
2917298
2917299
2917300
2917301
2917302
2917303
2917304
2917305
2917306
2917307
2917308
2917309
2917310
2917311
2917312
2917313
2917314
2917315
2917316
2917317
2917318
2917319
2917320
2917321
2917322
2917323
2917324
2917325
2917326
2917327
2917328
2917329
2917330
2917331
2917332
2917333
2917334
2917335
2917336
2917337
2917338
2917339
2917340
2917341
2917342
2917343
2917344
2917345
2917346
2917347
2917348
2917349
2917350
2917351
2917352
2917353
2917354
2917355
2917356
2917357
2917358
2917359
2917360
2917361
2917362
2917363
2917364
2917365
2917366
2917367
2917368
2917369
2917370
2917371
2917372
2917373
2917374
2917375
2917376
2917377
2917378
2917379
2917380
2917381
2917382
2917383
2917384
2917385
2917386
2917387
2917388
2917389
2917390
2917391
2917392
2917393
2917394
2917395
2917396
2917397
2917398
2917399
2917400
2917401
2917402
2917403
2917404
2917405
2917406
2917407
2917408
2917409
2917410
2917411
2917412
2917413
2917414
2917415
2917416
2917417
2917418
2917419
2917420
2917421
2917422
2917423
2917424
2917425
2917426
2917427
2917428
2917429
2917430
2917431
2917432
2917433
2917434
2917435
2917436
2917437
2917438
2917439
2917440
2917441
2917442
2917443
2917444
2917445
2917446
2917447
2917448
2917449
2917450
2917451
2917452
2917453
2917454
2917455
2917456
2917457
2917458
2917459
2917460
2917461
2917462
2917463
2917464
2917465
2917466
2917467
2917468
2917469
2917470
2917471
2917472
2917473
2917474
2917475
2917476
2917477
2917478
2917479
2917480
2917481
2917482
2917483
2917484
2917485
2917486
2917487
2917488
2917489
2917490
2917491
2917492
2917493
2917494
2917495
2917496
2917497
2917498
2917499
2917500
2917501
2917502
2917503
2917504
2917505
2917506
2917507
2917508
2917509
2917510
2917511
2917512
2917513
2917514
2917515
2917516
2917517
2917518
2917519
2917520
2917521
2917522
2917523
2917524
2917525
2917526
2917527
2917528
2917529
2917530
2917531
2917532
2917533
2917534
2917535
2917536
2917537
2917538
2917539
2917540
2917541
2917542
2917543
2917544
2917545
2917546
2917547
2917548
2917549
2917550
2917551
2917552
2917553
2917554
2917555
2917556
2917557
2917558
2917559
2917560
2917561
2917562
2917563
2917564
2917565
2917566
2917567
2917568
2917569
2917570
2917571
2917572
2917573
2917574
2917575
2917576
2917577
2917578
2917579
2917580
2917581
2917582
2917583
2917584
2917585
2917586
2917587
2917588
2917589
2917590
2917591
2917592
2917593
2917594
2917595
2917596
2917597
2917598
2917599
2917600
2917601
2917602
2917603
2917604
2917605
2917606
2917607
2917608
2917609
2917610
2917611
2917612
2917613
2917614
2917615
2917616
2917617
2917618
2917619
2917620
2917621
2917622
2917623
2917624
2917625
2917626
2917627
2917628
2917629
2917630
2917631
2917632
2917633
2917634
2917635
2917636
2917637
2917638
2917639
2917640
2917641
2917642
2917643
2917644
2917645
2917646
2917647
2917648
2917649
2917650
2917651
2917652
2917653
2917654
2917655
2917656
2917657
2917658
2917659
2917660
2917661
2917662
2917663
2917664
2917665
2917666
2917667
2917668
2917669
2917670
2917671
2917672
2917673
2917674
2917675
2917676
2917677
2917678
2917679
2917680
2917681
2917682
2917683
2917684
2917685
2917686
2917687
2917688
2917689
2917690
2917691
2917692
2917693
2917694
2917695
2917696
2917697
2917698
2917699
2917700
2917701
2917702
2917703
2917704
2917705
2917706
2917707
2917708
2917709
2917710
2917711
2917712
2917713
2917714
2917715
2917716
2917717
2917718
2917719
2917720
2917721
2917722
2917723
2917724
2917725
2917726
2917727
2917728
2917729
2917730
2917731
2917732
2917733
2917734
2917735
2917736
2917737
2917738
2917739
2917740
2917741
2917742
2917743
2917744
2917745
2917746
2917747
2917748
2917749
2917750
2917751
2917752
2917753
2917754
2917755
2917756
2917757
2917758
2917759
2917760
2917761
2917762
2917763
2917764
2917765
2917766
2917767
2917768
2917769
2917770
2917771
2917772
2917773
2917774
2917775
2917776
2917777
2917778
2917779
2917780
2917781
2917782
2917783
2917784
2917785
2917786
2917787
2917788
2917789
2917790
2917791
2917792
2917793
2917794
2917795
2917796
2917797
2917798
2917799
2917800
2917801
2917802
2917803
2917804
2917805
2917806
2917807
2917808
2917809
2917810
2917811
2917812
2917813
2917814
2917815
2917816
2917817
2917818
2917819
2917820
2917821
2917822
2917823
2917824
2917825
2917826
2917827
2917828
2917829
2917830
2917831
2917832
2917833
2917834
2917835
2917836
2917837
2917838
2917839
2917840
2917841
2917842
2917843
2917844
2917845
2917846
2917847
2917848
2917849
2917850
2917851
2917852
2917853
2917854
2917855
2917856
2917857
2917858
2917859
2917860
2917861
2917862
2917863
2917864
2917865
2917866
2917867
2917868
2917869
2917870
2917871
2917872
2917873
2917874
2917875
2917876
2917877
2917878
2917879
2917880
2917881
2917882
2917883
2917884
2917885
2917886
2917887
2917888
2917889
2917890
2917891
2917892
2917893
2917894
2917895
2917896
2917897
2917898
2917899
2917900
2917901
2917902
2917903
2917904
2917905
2917906
2917907
2917908
2917909
2917910
2917911
2917912
2917913
2917914
2917915
2917916
2917917
2917918
2917919
2917920
2917921
2917922
2917923
2917924
2917925
2917926
2917927
2917928
2917929
2917930
2917931
2917932
2917933
2917934
2917935
2917936
2917937
2917938
2917939
2917940
2917941
2917942
2917943
2917944
2917945
2917946
2917947
2917948
2917949
2917950
2917951
2917952
2917953
2917954
2917955
2917956
2917957
2917958
2917959
2917960
2917961
2917962
2917963
2917964
2917965
2917966
2917967
2917968
2917969
2917970
2917971
2917972
2917973
2917974
2917975
2917976
2917977
2917978
2917979
2917980
2917981
2917982
2917983
2917984
2917985
2917986
2917987
2917988
2917989
2917990
2917991
2917992
2917993
2917994
2917995
2917996
2917997
2917998
2917999
2918000
2918001
2918002
2918003
2918004
2918005
2918006
2918007
2918008
2918009
2918010
2918011
2918012
2918013
2918014
2918015
2918016
2918017
2918018
2918019
2918020
2918021
2918022
2918023
2918024
2918025
2918026
2918027
2918028
2918029
2918030
2918031
2918032
2918033
2918034
2918035
2918036
2918037
2918038
2918039
2918040
2918041
2918042
2918043
2918044
2918045
2918046
2918047
2918048
2918049
2918050
2918051
2918052
2918053
2918054
2918055
2918056
2918057
2918058
2918059
2918060
2918061
2918062
2918063
2918064
2918065
2918066
2918067
2918068
2918069
2918070
2918071
2918072
2918073
2918074
2918075
2918076
2918077
2918078
2918079
2918080
2918081
2918082
2918083
2918084
2918085
2918086
2918087
2918088
2918089
2918090
2918091
2918092
2918093
2918094
2918095
2918096
2918097
2918098
2918099
2918100
2918101
2918102
2918103
2918104
2918105
2918106
2918107
2918108
2918109
2918110
2918111
2918112
2918113
2918114
2918115
2918116
2918117
2918118
2918119
2918120
2918121
2918122
2918123
2918124
2918125
2918126
2918127
2918128
2918129
2918130
2918131
2918132
2918133
2918134
2918135
2918136
2918137
2918138
2918139
2918140
2918141
2918142
2918143
2918144
2918145
2918146
2918147
2918148
2918149
2918150
2918151
2918152
2918153
2918154
2918155
2918156
2918157
2918158
2918159
2918160
2918161
2918162
2918163
2918164
2918165
2918166
2918167
2918168
2918169
2918170
2918171
2918172
2918173
2918174
2918175
2918176
2918177
2918178
2918179
2918180
2918181
2918182
2918183
2918184
2918185
2918186
2918187
2918188
2918189
2918190
2918191
2918192
2918193
2918194
2918195
2918196
2918197
2918198
2918199
2918200
2918201
2918202
2918203
2918204
2918205
2918206
2918207
2918208
2918209
2918210
2918211
2918212
2918213
2918214
2918215
2918216
2918217
2918218
2918219
2918220
2918221
2918222
2918223
2918224
2918225
2918226
2918227
2918228
2918229
2918230
2918231
2918232
2918233
2918234
2918235
2918236
2918237
2918238
2918239
2918240
2918241
2918242
2918243
2918244
2918245
2918246
2918247
2918248
2918249
2918250
2918251
2918252
2918253
2918254
2918255
2918256
2918257
2918258
2918259
2918260
2918261
2918262
2918263
2918264
2918265
2918266
2918267
2918268
2918269
2918270
2918271
2918272
2918273
2918274
2918275
2918276
2918277
2918278
2918279
2918280
2918281
2918282
2918283
2918284
2918285
2918286
2918287
2918288
2918289
2918290
2918291
2918292
2918293
2918294
2918295
2918296
2918297
2918298
2918299
2918300
2918301
2918302
2918303
2918304
2918305
2918306
2918307
2918308
2918309
2918310
2918311
2918312
2918313
2918314
2918315
2918316
2918317
2918318
2918319
2918320
2918321
2918322
2918323
2918324
2918325
2918326
2918327
2918328
2918329
2918330
2918331
2918332
2918333
2918334
2918335
2918336
2918337
2918338
2918339
2918340
2918341
2918342
2918343
2918344
2918345
2918346
2918347
2918348
2918349
2918350
2918351
2918352
2918353
2918354
2918355
2918356
2918357
2918358
2918359
2918360
2918361
2918362
2918363
2918364
2918365
2918366
2918367
2918368
2918369
2918370
2918371
2918372
2918373
2918374
2918375
2918376
2918377
2918378
2918379
2918380
2918381
2918382
2918383
2918384
2918385
2918386
2918387
2918388
2918389
2918390
2918391
2918392
2918393
2918394
2918395
2918396
2918397
2918398
2918399
2918400
2918401
2918402
2918403
2918404
2918405
2918406
2918407
2918408
2918409
2918410
2918411
2918412
2918413
2918414
2918415
2918416
2918417
2918418
2918419
2918420
2918421
2918422
2918423
2918424
2918425
2918426
2918427
2918428
2918429
2918430
2918431
2918432
2918433
2918434
2918435
2918436
2918437
2918438
2918439
2918440
2918441
2918442
2918443
2918444
2918445
2918446
2918447
2918448
2918449
2918450
2918451
2918452
2918453
2918454
2918455
2918456
2918457
2918458
2918459
2918460
2918461
2918462
2918463
2918464
2918465
2918466
2918467
2918468
2918469
2918470
2918471
2918472
2918473
2918474
2918475
2918476
2918477
2918478
2918479
2918480
2918481
2918482
2918483
2918484
2918485
2918486
2918487
2918488
2918489
2918490
2918491
2918492
2918493
2918494
2918495
2918496
2918497
2918498
2918499
2918500
2918501
2918502
2918503
2918504
2918505
2918506
2918507
2918508
2918509
2918510
2918511
2918512
2918513
2918514
2918515
2918516
2918517
2918518
2918519
2918520
2918521
2918522
2918523
2918524
2918525
2918526
2918527
2918528
2918529
2918530
2918531
2918532
2918533
2918534
2918535
2918536
2918537
2918538
2918539
2918540
2918541
2918542
2918543
2918544
2918545
2918546
2918547
2918548
2918549
2918550
2918551
2918552
2918553
2918554
2918555
2918556
2918557
2918558
2918559
2918560
2918561
2918562
2918563
2918564
2918565
2918566
2918567
2918568
2918569
2918570
2918571
2918572
2918573
2918574
2918575
2918576
2918577
2918578
2918579
2918580
2918581
2918582
2918583
2918584
2918585
2918586
2918587
2918588
2918589
2918590
2918591
2918592
2918593
2918594
2918595
2918596
2918597
2918598
2918599
2918600
2918601
2918602
2918603
2918604
2918605
2918606
2918607
2918608
2918609
2918610
2918611
2918612
2918613
2918614
2918615
2918616
2918617
2918618
2918619
2918620
2918621
2918622
2918623
2918624
2918625
2918626
2918627
2918628
2918629
2918630
2918631
2918632
2918633
2918634
2918635
2918636
2918637
2918638
2918639
2918640
2918641
2918642
2918643
2918644
2918645
2918646
2918647
2918648
2918649
2918650
2918651
2918652
2918653
2918654
2918655
2918656
2918657
2918658
2918659
2918660
2918661
2918662
2918663
2918664
2918665
2918666
2918667
2918668
2918669
2918670
2918671
2918672
2918673
2918674
2918675
2918676
2918677
2918678
2918679
2918680
2918681
2918682
2918683
2918684
2918685
2918686
2918687
2918688
2918689
2918690
2918691
2918692
2918693
2918694
2918695
2918696
2918697
2918698
2918699
2918700
2918701
2918702
2918703
2918704
2918705
2918706
2918707
2918708
2918709
2918710
2918711
2918712
2918713
2918714
2918715
2918716
2918717
2918718
2918719
2918720
2918721
2918722
2918723
2918724
2918725
2918726
2918727
2918728
2918729
2918730
2918731
2918732
2918733
2918734
2918735
2918736
2918737
2918738
2918739
2918740
2918741
2918742
2918743
2918744
2918745
2918746
2918747
2918748
2918749
2918750
2918751
2918752
2918753
2918754
2918755
2918756
2918757
2918758
2918759
2918760
2918761
2918762
2918763
2918764
2918765
2918766
2918767
2918768
2918769
2918770
2918771
2918772
2918773
2918774
2918775
2918776
2918777
2918778
2918779
2918780
2918781
2918782
2918783
2918784
2918785
2918786
2918787
2918788
2918789
2918790
2918791
2918792
2918793
2918794
2918795
2918796
2918797
2918798
2918799
2918800
2918801
2918802
2918803
2918804
2918805
2918806
2918807
2918808
2918809
2918810
2918811
2918812
2918813
2918814
2918815
2918816
2918817
2918818
2918819
2918820
2918821
2918822
2918823
2918824
2918825
2918826
2918827
2918828
2918829
2918830
2918831
2918832
2918833
2918834
2918835
2918836
2918837
2918838
2918839
2918840
2918841
2918842
2918843
2918844
2918845
2918846
2918847
2918848
2918849
2918850
2918851
2918852
2918853
2918854
2918855
2918856
2918857
2918858
2918859
2918860
2918861
2918862
2918863
2918864
2918865
2918866
2918867
2918868
2918869
2918870
2918871
2918872
2918873
2918874
2918875
2918876
2918877
2918878
2918879
2918880
2918881
2918882
2918883
2918884
2918885
2918886
2918887
2918888
2918889
2918890
2918891
2918892
2918893
2918894
2918895
2918896
2918897
2918898
2918899
2918900
2918901
2918902
2918903
2918904
2918905
2918906
2918907
2918908
2918909
2918910
2918911
2918912
2918913
2918914
2918915
2918916
2918917
2918918
2918919
2918920
2918921
2918922
2918923
2918924
2918925
2918926
2918927
2918928
2918929
2918930
2918931
2918932
2918933
2918934
2918935
2918936
2918937
2918938
2918939
2918940
2918941
2918942
2918943
2918944
2918945
2918946
2918947
2918948
2918949
2918950
2918951
2918952
2918953
2918954
2918955
2918956
2918957
2918958
2918959
2918960
2918961
2918962
2918963
2918964
2918965
2918966
2918967
2918968
2918969
2918970
2918971
2918972
2918973
2918974
2918975
2918976
2918977
2918978
2918979
2918980
2918981
2918982
2918983
2918984
2918985
2918986
2918987
2918988
2918989
2918990
2918991
2918992
2918993
2918994
2918995
2918996
2918997
2918998
2918999
2919000
2919001
2919002
2919003
2919004
2919005
2919006
2919007
2919008
2919009
2919010
2919011
2919012
2919013
2919014
2919015
2919016
2919017
2919018
2919019
2919020
2919021
2919022
2919023
2919024
2919025
2919026
2919027
2919028
2919029
2919030
2919031
2919032
2919033
2919034
2919035
2919036
2919037
2919038
2919039
2919040
2919041
2919042
2919043
2919044
2919045
2919046
2919047
2919048
2919049
2919050
2919051
2919052
2919053
2919054
2919055
2919056
2919057
2919058
2919059
2919060
2919061
2919062
2919063
2919064
2919065
2919066
2919067
2919068
2919069
2919070
2919071
2919072
2919073
2919074
2919075
2919076
2919077
2919078
2919079
2919080
2919081
2919082
2919083
2919084
2919085
2919086
2919087
2919088
2919089
2919090
2919091
2919092
2919093
2919094
2919095
2919096
2919097
2919098
2919099
2919100
2919101
2919102
2919103
2919104
2919105
2919106
2919107
2919108
2919109
2919110
2919111
2919112
2919113
2919114
2919115
2919116
2919117
2919118
2919119
2919120
2919121
2919122
2919123
2919124
2919125
2919126
2919127
2919128
2919129
2919130
2919131
2919132
2919133
2919134
2919135
2919136
2919137
2919138
2919139
2919140
2919141
2919142
2919143
2919144
2919145
2919146
2919147
2919148
2919149
2919150
2919151
2919152
2919153
2919154
2919155
2919156
2919157
2919158
2919159
2919160
2919161
2919162
2919163
2919164
2919165
2919166
2919167
2919168
2919169
2919170
2919171
2919172
2919173
2919174
2919175
2919176
2919177
2919178
2919179
2919180
2919181
2919182
2919183
2919184
2919185
2919186
2919187
2919188
2919189
2919190
2919191
2919192
2919193
2919194
2919195
2919196
2919197
2919198
2919199
2919200
2919201
2919202
2919203
2919204
2919205
2919206
2919207
2919208
2919209
2919210
2919211
2919212
2919213
2919214
2919215
2919216
2919217
2919218
2919219
2919220
2919221
2919222
2919223
2919224
2919225
2919226
2919227
2919228
2919229
2919230
2919231
2919232
2919233
2919234
2919235
2919236
2919237
2919238
2919239
2919240
2919241
2919242
2919243
2919244
2919245
2919246
2919247
2919248
2919249
2919250
2919251
2919252
2919253
2919254
2919255
2919256
2919257
2919258
2919259
2919260
2919261
2919262
2919263
2919264
2919265
2919266
2919267
2919268
2919269
2919270
2919271
2919272
2919273
2919274
2919275
2919276
2919277
2919278
2919279
2919280
2919281
2919282
2919283
2919284
2919285
2919286
2919287
2919288
2919289
2919290
2919291
2919292
2919293
2919294
2919295
2919296
2919297
2919298
2919299
2919300
2919301
2919302
2919303
2919304
2919305
2919306
2919307
2919308
2919309
2919310
2919311
2919312
2919313
2919314
2919315
2919316
2919317
2919318
2919319
2919320
2919321
2919322
2919323
2919324
2919325
2919326
2919327
2919328
2919329
2919330
2919331
2919332
2919333
2919334
2919335
2919336
2919337
2919338
2919339
2919340
2919341
2919342
2919343
2919344
2919345
2919346
2919347
2919348
2919349
2919350
2919351
2919352
2919353
2919354
2919355
2919356
2919357
2919358
2919359
2919360
2919361
2919362
2919363
2919364
2919365
2919366
2919367
2919368
2919369
2919370
2919371
2919372
2919373
2919374
2919375
2919376
2919377
2919378
2919379
2919380
2919381
2919382
2919383
2919384
2919385
2919386
2919387
2919388
2919389
2919390
2919391
2919392
2919393
2919394
2919395
2919396
2919397
2919398
2919399
2919400
2919401
2919402
2919403
2919404
2919405
2919406
2919407
2919408
2919409
2919410
2919411
2919412
2919413
2919414
2919415
2919416
2919417
2919418
2919419
2919420
2919421
2919422
2919423
2919424
2919425
2919426
2919427
2919428
2919429
2919430
2919431
2919432
2919433
2919434
2919435
2919436
2919437
2919438
2919439
2919440
2919441
2919442
2919443
2919444
2919445
2919446
2919447
2919448
2919449
2919450
2919451
2919452
2919453
2919454
2919455
2919456
2919457
2919458
2919459
2919460
2919461
2919462
2919463
2919464
2919465
2919466
2919467
2919468
2919469
2919470
2919471
2919472
2919473
2919474
2919475
2919476
2919477
2919478
2919479
2919480
2919481
2919482
2919483
2919484
2919485
2919486
2919487
2919488
2919489
2919490
2919491
2919492
2919493
2919494
2919495
2919496
2919497
2919498
2919499
2919500
2919501
2919502
2919503
2919504
2919505
2919506
2919507
2919508
2919509
2919510
2919511
2919512
2919513
2919514
2919515
2919516
2919517
2919518
2919519
2919520
2919521
2919522
2919523
2919524
2919525
2919526
2919527
2919528
2919529
2919530
2919531
2919532
2919533
2919534
2919535
2919536
2919537
2919538
2919539
2919540
2919541
2919542
2919543
2919544
2919545
2919546
2919547
2919548
2919549
2919550
2919551
2919552
2919553
2919554
2919555
2919556
2919557
2919558
2919559
2919560
2919561
2919562
2919563
2919564
2919565
2919566
2919567
2919568
2919569
2919570
2919571
2919572
2919573
2919574
2919575
2919576
2919577
2919578
2919579
2919580
2919581
2919582
2919583
2919584
2919585
2919586
2919587
2919588
2919589
2919590
2919591
2919592
2919593
2919594
2919595
2919596
2919597
2919598
2919599
2919600
2919601
2919602
2919603
2919604
2919605
2919606
2919607
2919608
2919609
2919610
2919611
2919612
2919613
2919614
2919615
2919616
2919617
2919618
2919619
2919620
2919621
2919622
2919623
2919624
2919625
2919626
2919627
2919628
2919629
2919630
2919631
2919632
2919633
2919634
2919635
2919636
2919637
2919638
2919639
2919640
2919641
2919642
2919643
2919644
2919645
2919646
2919647
2919648
2919649
2919650
2919651
2919652
2919653
2919654
2919655
2919656
2919657
2919658
2919659
2919660
2919661
2919662
2919663
2919664
2919665
2919666
2919667
2919668
2919669
2919670
2919671
2919672
2919673
2919674
2919675
2919676
2919677
2919678
2919679
2919680
2919681
2919682
2919683
2919684
2919685
2919686
2919687
2919688
2919689
2919690
2919691
2919692
2919693
2919694
2919695
2919696
2919697
2919698
2919699
2919700
2919701
2919702
2919703
2919704
2919705
2919706
2919707
2919708
2919709
2919710
2919711
2919712
2919713
2919714
2919715
2919716
2919717
2919718
2919719
2919720
2919721
2919722
2919723
2919724
2919725
2919726
2919727
2919728
2919729
2919730
2919731
2919732
2919733
2919734
2919735
2919736
2919737
2919738
2919739
2919740
2919741
2919742
2919743
2919744
2919745
2919746
2919747
2919748
2919749
2919750
2919751
2919752
2919753
2919754
2919755
2919756
2919757
2919758
2919759
2919760
2919761
2919762
2919763
2919764
2919765
2919766
2919767
2919768
2919769
2919770
2919771
2919772
2919773
2919774
2919775
2919776
2919777
2919778
2919779
2919780
2919781
2919782
2919783
2919784
2919785
2919786
2919787
2919788
2919789
2919790
2919791
2919792
2919793
2919794
2919795
2919796
2919797
2919798
2919799
2919800
2919801
2919802
2919803
2919804
2919805
2919806
2919807
2919808
2919809
2919810
2919811
2919812
2919813
2919814
2919815
2919816
2919817
2919818
2919819
2919820
2919821
2919822
2919823
2919824
2919825
2919826
2919827
2919828
2919829
2919830
2919831
2919832
2919833
2919834
2919835
2919836
2919837
2919838
2919839
2919840
2919841
2919842
2919843
2919844
2919845
2919846
2919847
2919848
2919849
2919850
2919851
2919852
2919853
2919854
2919855
2919856
2919857
2919858
2919859
2919860
2919861
2919862
2919863
2919864
2919865
2919866
2919867
2919868
2919869
2919870
2919871
2919872
2919873
2919874
2919875
2919876
2919877
2919878
2919879
2919880
2919881
2919882
2919883
2919884
2919885
2919886
2919887
2919888
2919889
2919890
2919891
2919892
2919893
2919894
2919895
2919896
2919897
2919898
2919899
2919900
2919901
2919902
2919903
2919904
2919905
2919906
2919907
2919908
2919909
2919910
2919911
2919912
2919913
2919914
2919915
2919916
2919917
2919918
2919919
2919920
2919921
2919922
2919923
2919924
2919925
2919926
2919927
2919928
2919929
2919930
2919931
2919932
2919933
2919934
2919935
2919936
2919937
2919938
2919939
2919940
2919941
2919942
2919943
2919944
2919945
2919946
2919947
2919948
2919949
2919950
2919951
2919952
2919953
2919954
2919955
2919956
2919957
2919958
2919959
2919960
2919961
2919962
2919963
2919964
2919965
2919966
2919967
2919968
2919969
2919970
2919971
2919972
2919973
2919974
2919975
2919976
2919977
2919978
2919979
2919980
2919981
2919982
2919983
2919984
2919985
2919986
2919987
2919988
2919989
2919990
2919991
2919992
2919993
2919994
2919995
2919996
2919997
2919998
2919999
2920000
