3330001
3330002
3330003
3330004
3330005
3330006
3330007
3330008
3330009
3330010
3330011
3330012
3330013
3330014
3330015
3330016
3330017
3330018
3330019
3330020
3330021
3330022
3330023
3330024
3330025
3330026
3330027
3330028
3330029
3330030
3330031
3330032
3330033
3330034
3330035
3330036
3330037
3330038
3330039
3330040
3330041
3330042
3330043
3330044
3330045
3330046
3330047
3330048
3330049
3330050
3330051
3330052
3330053
3330054
3330055
3330056
3330057
3330058
3330059
3330060
3330061
3330062
3330063
3330064
3330065
3330066
3330067
3330068
3330069
3330070
3330071
3330072
3330073
3330074
3330075
3330076
3330077
3330078
3330079
3330080
3330081
3330082
3330083
3330084
3330085
3330086
3330087
3330088
3330089
3330090
3330091
3330092
3330093
3330094
3330095
3330096
3330097
3330098
3330099
3330100
3330101
3330102
3330103
3330104
3330105
3330106
3330107
3330108
3330109
3330110
3330111
3330112
3330113
3330114
3330115
3330116
3330117
3330118
3330119
3330120
3330121
3330122
3330123
3330124
3330125
3330126
3330127
3330128
3330129
3330130
3330131
3330132
3330133
3330134
3330135
3330136
3330137
3330138
3330139
3330140
3330141
3330142
3330143
3330144
3330145
3330146
3330147
3330148
3330149
3330150
3330151
3330152
3330153
3330154
3330155
3330156
3330157
3330158
3330159
3330160
3330161
3330162
3330163
3330164
3330165
3330166
3330167
3330168
3330169
3330170
3330171
3330172
3330173
3330174
3330175
3330176
3330177
3330178
3330179
3330180
3330181
3330182
3330183
3330184
3330185
3330186
3330187
3330188
3330189
3330190
3330191
3330192
3330193
3330194
3330195
3330196
3330197
3330198
3330199
3330200
3330201
3330202
3330203
3330204
3330205
3330206
3330207
3330208
3330209
3330210
3330211
3330212
3330213
3330214
3330215
3330216
3330217
3330218
3330219
3330220
3330221
3330222
3330223
3330224
3330225
3330226
3330227
3330228
3330229
3330230
3330231
3330232
3330233
3330234
3330235
3330236
3330237
3330238
3330239
3330240
3330241
3330242
3330243
3330244
3330245
3330246
3330247
3330248
3330249
3330250
3330251
3330252
3330253
3330254
3330255
3330256
3330257
3330258
3330259
3330260
3330261
3330262
3330263
3330264
3330265
3330266
3330267
3330268
3330269
3330270
3330271
3330272
3330273
3330274
3330275
3330276
3330277
3330278
3330279
3330280
3330281
3330282
3330283
3330284
3330285
3330286
3330287
3330288
3330289
3330290
3330291
3330292
3330293
3330294
3330295
3330296
3330297
3330298
3330299
3330300
3330301
3330302
3330303
3330304
3330305
3330306
3330307
3330308
3330309
3330310
3330311
3330312
3330313
3330314
3330315
3330316
3330317
3330318
3330319
3330320
3330321
3330322
3330323
3330324
3330325
3330326
3330327
3330328
3330329
3330330
3330331
3330332
3330333
3330334
3330335
3330336
3330337
3330338
3330339
3330340
3330341
3330342
3330343
3330344
3330345
3330346
3330347
3330348
3330349
3330350
3330351
3330352
3330353
3330354
3330355
3330356
3330357
3330358
3330359
3330360
3330361
3330362
3330363
3330364
3330365
3330366
3330367
3330368
3330369
3330370
3330371
3330372
3330373
3330374
3330375
3330376
3330377
3330378
3330379
3330380
3330381
3330382
3330383
3330384
3330385
3330386
3330387
3330388
3330389
3330390
3330391
3330392
3330393
3330394
3330395
3330396
3330397
3330398
3330399
3330400
3330401
3330402
3330403
3330404
3330405
3330406
3330407
3330408
3330409
3330410
3330411
3330412
3330413
3330414
3330415
3330416
3330417
3330418
3330419
3330420
3330421
3330422
3330423
3330424
3330425
3330426
3330427
3330428
3330429
3330430
3330431
3330432
3330433
3330434
3330435
3330436
3330437
3330438
3330439
3330440
3330441
3330442
3330443
3330444
3330445
3330446
3330447
3330448
3330449
3330450
3330451
3330452
3330453
3330454
3330455
3330456
3330457
3330458
3330459
3330460
3330461
3330462
3330463
3330464
3330465
3330466
3330467
3330468
3330469
3330470
3330471
3330472
3330473
3330474
3330475
3330476
3330477
3330478
3330479
3330480
3330481
3330482
3330483
3330484
3330485
3330486
3330487
3330488
3330489
3330490
3330491
3330492
3330493
3330494
3330495
3330496
3330497
3330498
3330499
3330500
3330501
3330502
3330503
3330504
3330505
3330506
3330507
3330508
3330509
3330510
3330511
3330512
3330513
3330514
3330515
3330516
3330517
3330518
3330519
3330520
3330521
3330522
3330523
3330524
3330525
3330526
3330527
3330528
3330529
3330530
3330531
3330532
3330533
3330534
3330535
3330536
3330537
3330538
3330539
3330540
3330541
3330542
3330543
3330544
3330545
3330546
3330547
3330548
3330549
3330550
3330551
3330552
3330553
3330554
3330555
3330556
3330557
3330558
3330559
3330560
3330561
3330562
3330563
3330564
3330565
3330566
3330567
3330568
3330569
3330570
3330571
3330572
3330573
3330574
3330575
3330576
3330577
3330578
3330579
3330580
3330581
3330582
3330583
3330584
3330585
3330586
3330587
3330588
3330589
3330590
3330591
3330592
3330593
3330594
3330595
3330596
3330597
3330598
3330599
3330600
3330601
3330602
3330603
3330604
3330605
3330606
3330607
3330608
3330609
3330610
3330611
3330612
3330613
3330614
3330615
3330616
3330617
3330618
3330619
3330620
3330621
3330622
3330623
3330624
3330625
3330626
3330627
3330628
3330629
3330630
3330631
3330632
3330633
3330634
3330635
3330636
3330637
3330638
3330639
3330640
3330641
3330642
3330643
3330644
3330645
3330646
3330647
3330648
3330649
3330650
3330651
3330652
3330653
3330654
3330655
3330656
3330657
3330658
3330659
3330660
3330661
3330662
3330663
3330664
3330665
3330666
3330667
3330668
3330669
3330670
3330671
3330672
3330673
3330674
3330675
3330676
3330677
3330678
3330679
3330680
3330681
3330682
3330683
3330684
3330685
3330686
3330687
3330688
3330689
3330690
3330691
3330692
3330693
3330694
3330695
3330696
3330697
3330698
3330699
3330700
3330701
3330702
3330703
3330704
3330705
3330706
3330707
3330708
3330709
3330710
3330711
3330712
3330713
3330714
3330715
3330716
3330717
3330718
3330719
3330720
3330721
3330722
3330723
3330724
3330725
3330726
3330727
3330728
3330729
3330730
3330731
3330732
3330733
3330734
3330735
3330736
3330737
3330738
3330739
3330740
3330741
3330742
3330743
3330744
3330745
3330746
3330747
3330748
3330749
3330750
3330751
3330752
3330753
3330754
3330755
3330756
3330757
3330758
3330759
3330760
3330761
3330762
3330763
3330764
3330765
3330766
3330767
3330768
3330769
3330770
3330771
3330772
3330773
3330774
3330775
3330776
3330777
3330778
3330779
3330780
3330781
3330782
3330783
3330784
3330785
3330786
3330787
3330788
3330789
3330790
3330791
3330792
3330793
3330794
3330795
3330796
3330797
3330798
3330799
3330800
3330801
3330802
3330803
3330804
3330805
3330806
3330807
3330808
3330809
3330810
3330811
3330812
3330813
3330814
3330815
3330816
3330817
3330818
3330819
3330820
3330821
3330822
3330823
3330824
3330825
3330826
3330827
3330828
3330829
3330830
3330831
3330832
3330833
3330834
3330835
3330836
3330837
3330838
3330839
3330840
3330841
3330842
3330843
3330844
3330845
3330846
3330847
3330848
3330849
3330850
3330851
3330852
3330853
3330854
3330855
3330856
3330857
3330858
3330859
3330860
3330861
3330862
3330863
3330864
3330865
3330866
3330867
3330868
3330869
3330870
3330871
3330872
3330873
3330874
3330875
3330876
3330877
3330878
3330879
3330880
3330881
3330882
3330883
3330884
3330885
3330886
3330887
3330888
3330889
3330890
3330891
3330892
3330893
3330894
3330895
3330896
3330897
3330898
3330899
3330900
3330901
3330902
3330903
3330904
3330905
3330906
3330907
3330908
3330909
3330910
3330911
3330912
3330913
3330914
3330915
3330916
3330917
3330918
3330919
3330920
3330921
3330922
3330923
3330924
3330925
3330926
3330927
3330928
3330929
3330930
3330931
3330932
3330933
3330934
3330935
3330936
3330937
3330938
3330939
3330940
3330941
3330942
3330943
3330944
3330945
3330946
3330947
3330948
3330949
3330950
3330951
3330952
3330953
3330954
3330955
3330956
3330957
3330958
3330959
3330960
3330961
3330962
3330963
3330964
3330965
3330966
3330967
3330968
3330969
3330970
3330971
3330972
3330973
3330974
3330975
3330976
3330977
3330978
3330979
3330980
3330981
3330982
3330983
3330984
3330985
3330986
3330987
3330988
3330989
3330990
3330991
3330992
3330993
3330994
3330995
3330996
3330997
3330998
3330999
3331000
3331001
3331002
3331003
3331004
3331005
3331006
3331007
3331008
3331009
3331010
3331011
3331012
3331013
3331014
3331015
3331016
3331017
3331018
3331019
3331020
3331021
3331022
3331023
3331024
3331025
3331026
3331027
3331028
3331029
3331030
3331031
3331032
3331033
3331034
3331035
3331036
3331037
3331038
3331039
3331040
3331041
3331042
3331043
3331044
3331045
3331046
3331047
3331048
3331049
3331050
3331051
3331052
3331053
3331054
3331055
3331056
3331057
3331058
3331059
3331060
3331061
3331062
3331063
3331064
3331065
3331066
3331067
3331068
3331069
3331070
3331071
3331072
3331073
3331074
3331075
3331076
3331077
3331078
3331079
3331080
3331081
3331082
3331083
3331084
3331085
3331086
3331087
3331088
3331089
3331090
3331091
3331092
3331093
3331094
3331095
3331096
3331097
3331098
3331099
3331100
3331101
3331102
3331103
3331104
3331105
3331106
3331107
3331108
3331109
3331110
3331111
3331112
3331113
3331114
3331115
3331116
3331117
3331118
3331119
3331120
3331121
3331122
3331123
3331124
3331125
3331126
3331127
3331128
3331129
3331130
3331131
3331132
3331133
3331134
3331135
3331136
3331137
3331138
3331139
3331140
3331141
3331142
3331143
3331144
3331145
3331146
3331147
3331148
3331149
3331150
3331151
3331152
3331153
3331154
3331155
3331156
3331157
3331158
3331159
3331160
3331161
3331162
3331163
3331164
3331165
3331166
3331167
3331168
3331169
3331170
3331171
3331172
3331173
3331174
3331175
3331176
3331177
3331178
3331179
3331180
3331181
3331182
3331183
3331184
3331185
3331186
3331187
3331188
3331189
3331190
3331191
3331192
3331193
3331194
3331195
3331196
3331197
3331198
3331199
3331200
3331201
3331202
3331203
3331204
3331205
3331206
3331207
3331208
3331209
3331210
3331211
3331212
3331213
3331214
3331215
3331216
3331217
3331218
3331219
3331220
3331221
3331222
3331223
3331224
3331225
3331226
3331227
3331228
3331229
3331230
3331231
3331232
3331233
3331234
3331235
3331236
3331237
3331238
3331239
3331240
3331241
3331242
3331243
3331244
3331245
3331246
3331247
3331248
3331249
3331250
3331251
3331252
3331253
3331254
3331255
3331256
3331257
3331258
3331259
3331260
3331261
3331262
3331263
3331264
3331265
3331266
3331267
3331268
3331269
3331270
3331271
3331272
3331273
3331274
3331275
3331276
3331277
3331278
3331279
3331280
3331281
3331282
3331283
3331284
3331285
3331286
3331287
3331288
3331289
3331290
3331291
3331292
3331293
3331294
3331295
3331296
3331297
3331298
3331299
3331300
3331301
3331302
3331303
3331304
3331305
3331306
3331307
3331308
3331309
3331310
3331311
3331312
3331313
3331314
3331315
3331316
3331317
3331318
3331319
3331320
3331321
3331322
3331323
3331324
3331325
3331326
3331327
3331328
3331329
3331330
3331331
3331332
3331333
3331334
3331335
3331336
3331337
3331338
3331339
3331340
3331341
3331342
3331343
3331344
3331345
3331346
3331347
3331348
3331349
3331350
3331351
3331352
3331353
3331354
3331355
3331356
3331357
3331358
3331359
3331360
3331361
3331362
3331363
3331364
3331365
3331366
3331367
3331368
3331369
3331370
3331371
3331372
3331373
3331374
3331375
3331376
3331377
3331378
3331379
3331380
3331381
3331382
3331383
3331384
3331385
3331386
3331387
3331388
3331389
3331390
3331391
3331392
3331393
3331394
3331395
3331396
3331397
3331398
3331399
3331400
3331401
3331402
3331403
3331404
3331405
3331406
3331407
3331408
3331409
3331410
3331411
3331412
3331413
3331414
3331415
3331416
3331417
3331418
3331419
3331420
3331421
3331422
3331423
3331424
3331425
3331426
3331427
3331428
3331429
3331430
3331431
3331432
3331433
3331434
3331435
3331436
3331437
3331438
3331439
3331440
3331441
3331442
3331443
3331444
3331445
3331446
3331447
3331448
3331449
3331450
3331451
3331452
3331453
3331454
3331455
3331456
3331457
3331458
3331459
3331460
3331461
3331462
3331463
3331464
3331465
3331466
3331467
3331468
3331469
3331470
3331471
3331472
3331473
3331474
3331475
3331476
3331477
3331478
3331479
3331480
3331481
3331482
3331483
3331484
3331485
3331486
3331487
3331488
3331489
3331490
3331491
3331492
3331493
3331494
3331495
3331496
3331497
3331498
3331499
3331500
3331501
3331502
3331503
3331504
3331505
3331506
3331507
3331508
3331509
3331510
3331511
3331512
3331513
3331514
3331515
3331516
3331517
3331518
3331519
3331520
3331521
3331522
3331523
3331524
3331525
3331526
3331527
3331528
3331529
3331530
3331531
3331532
3331533
3331534
3331535
3331536
3331537
3331538
3331539
3331540
3331541
3331542
3331543
3331544
3331545
3331546
3331547
3331548
3331549
3331550
3331551
3331552
3331553
3331554
3331555
3331556
3331557
3331558
3331559
3331560
3331561
3331562
3331563
3331564
3331565
3331566
3331567
3331568
3331569
3331570
3331571
3331572
3331573
3331574
3331575
3331576
3331577
3331578
3331579
3331580
3331581
3331582
3331583
3331584
3331585
3331586
3331587
3331588
3331589
3331590
3331591
3331592
3331593
3331594
3331595
3331596
3331597
3331598
3331599
3331600
3331601
3331602
3331603
3331604
3331605
3331606
3331607
3331608
3331609
3331610
3331611
3331612
3331613
3331614
3331615
3331616
3331617
3331618
3331619
3331620
3331621
3331622
3331623
3331624
3331625
3331626
3331627
3331628
3331629
3331630
3331631
3331632
3331633
3331634
3331635
3331636
3331637
3331638
3331639
3331640
3331641
3331642
3331643
3331644
3331645
3331646
3331647
3331648
3331649
3331650
3331651
3331652
3331653
3331654
3331655
3331656
3331657
3331658
3331659
3331660
3331661
3331662
3331663
3331664
3331665
3331666
3331667
3331668
3331669
3331670
3331671
3331672
3331673
3331674
3331675
3331676
3331677
3331678
3331679
3331680
3331681
3331682
3331683
3331684
3331685
3331686
3331687
3331688
3331689
3331690
3331691
3331692
3331693
3331694
3331695
3331696
3331697
3331698
3331699
3331700
3331701
3331702
3331703
3331704
3331705
3331706
3331707
3331708
3331709
3331710
3331711
3331712
3331713
3331714
3331715
3331716
3331717
3331718
3331719
3331720
3331721
3331722
3331723
3331724
3331725
3331726
3331727
3331728
3331729
3331730
3331731
3331732
3331733
3331734
3331735
3331736
3331737
3331738
3331739
3331740
3331741
3331742
3331743
3331744
3331745
3331746
3331747
3331748
3331749
3331750
3331751
3331752
3331753
3331754
3331755
3331756
3331757
3331758
3331759
3331760
3331761
3331762
3331763
3331764
3331765
3331766
3331767
3331768
3331769
3331770
3331771
3331772
3331773
3331774
3331775
3331776
3331777
3331778
3331779
3331780
3331781
3331782
3331783
3331784
3331785
3331786
3331787
3331788
3331789
3331790
3331791
3331792
3331793
3331794
3331795
3331796
3331797
3331798
3331799
3331800
3331801
3331802
3331803
3331804
3331805
3331806
3331807
3331808
3331809
3331810
3331811
3331812
3331813
3331814
3331815
3331816
3331817
3331818
3331819
3331820
3331821
3331822
3331823
3331824
3331825
3331826
3331827
3331828
3331829
3331830
3331831
3331832
3331833
3331834
3331835
3331836
3331837
3331838
3331839
3331840
3331841
3331842
3331843
3331844
3331845
3331846
3331847
3331848
3331849
3331850
3331851
3331852
3331853
3331854
3331855
3331856
3331857
3331858
3331859
3331860
3331861
3331862
3331863
3331864
3331865
3331866
3331867
3331868
3331869
3331870
3331871
3331872
3331873
3331874
3331875
3331876
3331877
3331878
3331879
3331880
3331881
3331882
3331883
3331884
3331885
3331886
3331887
3331888
3331889
3331890
3331891
3331892
3331893
3331894
3331895
3331896
3331897
3331898
3331899
3331900
3331901
3331902
3331903
3331904
3331905
3331906
3331907
3331908
3331909
3331910
3331911
3331912
3331913
3331914
3331915
3331916
3331917
3331918
3331919
3331920
3331921
3331922
3331923
3331924
3331925
3331926
3331927
3331928
3331929
3331930
3331931
3331932
3331933
3331934
3331935
3331936
3331937
3331938
3331939
3331940
3331941
3331942
3331943
3331944
3331945
3331946
3331947
3331948
3331949
3331950
3331951
3331952
3331953
3331954
3331955
3331956
3331957
3331958
3331959
3331960
3331961
3331962
3331963
3331964
3331965
3331966
3331967
3331968
3331969
3331970
3331971
3331972
3331973
3331974
3331975
3331976
3331977
3331978
3331979
3331980
3331981
3331982
3331983
3331984
3331985
3331986
3331987
3331988
3331989
3331990
3331991
3331992
3331993
3331994
3331995
3331996
3331997
3331998
3331999
3332000
3332001
3332002
3332003
3332004
3332005
3332006
3332007
3332008
3332009
3332010
3332011
3332012
3332013
3332014
3332015
3332016
3332017
3332018
3332019
3332020
3332021
3332022
3332023
3332024
3332025
3332026
3332027
3332028
3332029
3332030
3332031
3332032
3332033
3332034
3332035
3332036
3332037
3332038
3332039
3332040
3332041
3332042
3332043
3332044
3332045
3332046
3332047
3332048
3332049
3332050
3332051
3332052
3332053
3332054
3332055
3332056
3332057
3332058
3332059
3332060
3332061
3332062
3332063
3332064
3332065
3332066
3332067
3332068
3332069
3332070
3332071
3332072
3332073
3332074
3332075
3332076
3332077
3332078
3332079
3332080
3332081
3332082
3332083
3332084
3332085
3332086
3332087
3332088
3332089
3332090
3332091
3332092
3332093
3332094
3332095
3332096
3332097
3332098
3332099
3332100
3332101
3332102
3332103
3332104
3332105
3332106
3332107
3332108
3332109
3332110
3332111
3332112
3332113
3332114
3332115
3332116
3332117
3332118
3332119
3332120
3332121
3332122
3332123
3332124
3332125
3332126
3332127
3332128
3332129
3332130
3332131
3332132
3332133
3332134
3332135
3332136
3332137
3332138
3332139
3332140
3332141
3332142
3332143
3332144
3332145
3332146
3332147
3332148
3332149
3332150
3332151
3332152
3332153
3332154
3332155
3332156
3332157
3332158
3332159
3332160
3332161
3332162
3332163
3332164
3332165
3332166
3332167
3332168
3332169
3332170
3332171
3332172
3332173
3332174
3332175
3332176
3332177
3332178
3332179
3332180
3332181
3332182
3332183
3332184
3332185
3332186
3332187
3332188
3332189
3332190
3332191
3332192
3332193
3332194
3332195
3332196
3332197
3332198
3332199
3332200
3332201
3332202
3332203
3332204
3332205
3332206
3332207
3332208
3332209
3332210
3332211
3332212
3332213
3332214
3332215
3332216
3332217
3332218
3332219
3332220
3332221
3332222
3332223
3332224
3332225
3332226
3332227
3332228
3332229
3332230
3332231
3332232
3332233
3332234
3332235
3332236
3332237
3332238
3332239
3332240
3332241
3332242
3332243
3332244
3332245
3332246
3332247
3332248
3332249
3332250
3332251
3332252
3332253
3332254
3332255
3332256
3332257
3332258
3332259
3332260
3332261
3332262
3332263
3332264
3332265
3332266
3332267
3332268
3332269
3332270
3332271
3332272
3332273
3332274
3332275
3332276
3332277
3332278
3332279
3332280
3332281
3332282
3332283
3332284
3332285
3332286
3332287
3332288
3332289
3332290
3332291
3332292
3332293
3332294
3332295
3332296
3332297
3332298
3332299
3332300
3332301
3332302
3332303
3332304
3332305
3332306
3332307
3332308
3332309
3332310
3332311
3332312
3332313
3332314
3332315
3332316
3332317
3332318
3332319
3332320
3332321
3332322
3332323
3332324
3332325
3332326
3332327
3332328
3332329
3332330
3332331
3332332
3332333
3332334
3332335
3332336
3332337
3332338
3332339
3332340
3332341
3332342
3332343
3332344
3332345
3332346
3332347
3332348
3332349
3332350
3332351
3332352
3332353
3332354
3332355
3332356
3332357
3332358
3332359
3332360
3332361
3332362
3332363
3332364
3332365
3332366
3332367
3332368
3332369
3332370
3332371
3332372
3332373
3332374
3332375
3332376
3332377
3332378
3332379
3332380
3332381
3332382
3332383
3332384
3332385
3332386
3332387
3332388
3332389
3332390
3332391
3332392
3332393
3332394
3332395
3332396
3332397
3332398
3332399
3332400
3332401
3332402
3332403
3332404
3332405
3332406
3332407
3332408
3332409
3332410
3332411
3332412
3332413
3332414
3332415
3332416
3332417
3332418
3332419
3332420
3332421
3332422
3332423
3332424
3332425
3332426
3332427
3332428
3332429
3332430
3332431
3332432
3332433
3332434
3332435
3332436
3332437
3332438
3332439
3332440
3332441
3332442
3332443
3332444
3332445
3332446
3332447
3332448
3332449
3332450
3332451
3332452
3332453
3332454
3332455
3332456
3332457
3332458
3332459
3332460
3332461
3332462
3332463
3332464
3332465
3332466
3332467
3332468
3332469
3332470
3332471
3332472
3332473
3332474
3332475
3332476
3332477
3332478
3332479
3332480
3332481
3332482
3332483
3332484
3332485
3332486
3332487
3332488
3332489
3332490
3332491
3332492
3332493
3332494
3332495
3332496
3332497
3332498
3332499
3332500
3332501
3332502
3332503
3332504
3332505
3332506
3332507
3332508
3332509
3332510
3332511
3332512
3332513
3332514
3332515
3332516
3332517
3332518
3332519
3332520
3332521
3332522
3332523
3332524
3332525
3332526
3332527
3332528
3332529
3332530
3332531
3332532
3332533
3332534
3332535
3332536
3332537
3332538
3332539
3332540
3332541
3332542
3332543
3332544
3332545
3332546
3332547
3332548
3332549
3332550
3332551
3332552
3332553
3332554
3332555
3332556
3332557
3332558
3332559
3332560
3332561
3332562
3332563
3332564
3332565
3332566
3332567
3332568
3332569
3332570
3332571
3332572
3332573
3332574
3332575
3332576
3332577
3332578
3332579
3332580
3332581
3332582
3332583
3332584
3332585
3332586
3332587
3332588
3332589
3332590
3332591
3332592
3332593
3332594
3332595
3332596
3332597
3332598
3332599
3332600
3332601
3332602
3332603
3332604
3332605
3332606
3332607
3332608
3332609
3332610
3332611
3332612
3332613
3332614
3332615
3332616
3332617
3332618
3332619
3332620
3332621
3332622
3332623
3332624
3332625
3332626
3332627
3332628
3332629
3332630
3332631
3332632
3332633
3332634
3332635
3332636
3332637
3332638
3332639
3332640
3332641
3332642
3332643
3332644
3332645
3332646
3332647
3332648
3332649
3332650
3332651
3332652
3332653
3332654
3332655
3332656
3332657
3332658
3332659
3332660
3332661
3332662
3332663
3332664
3332665
3332666
3332667
3332668
3332669
3332670
3332671
3332672
3332673
3332674
3332675
3332676
3332677
3332678
3332679
3332680
3332681
3332682
3332683
3332684
3332685
3332686
3332687
3332688
3332689
3332690
3332691
3332692
3332693
3332694
3332695
3332696
3332697
3332698
3332699
3332700
3332701
3332702
3332703
3332704
3332705
3332706
3332707
3332708
3332709
3332710
3332711
3332712
3332713
3332714
3332715
3332716
3332717
3332718
3332719
3332720
3332721
3332722
3332723
3332724
3332725
3332726
3332727
3332728
3332729
3332730
3332731
3332732
3332733
3332734
3332735
3332736
3332737
3332738
3332739
3332740
3332741
3332742
3332743
3332744
3332745
3332746
3332747
3332748
3332749
3332750
3332751
3332752
3332753
3332754
3332755
3332756
3332757
3332758
3332759
3332760
3332761
3332762
3332763
3332764
3332765
3332766
3332767
3332768
3332769
3332770
3332771
3332772
3332773
3332774
3332775
3332776
3332777
3332778
3332779
3332780
3332781
3332782
3332783
3332784
3332785
3332786
3332787
3332788
3332789
3332790
3332791
3332792
3332793
3332794
3332795
3332796
3332797
3332798
3332799
3332800
3332801
3332802
3332803
3332804
3332805
3332806
3332807
3332808
3332809
3332810
3332811
3332812
3332813
3332814
3332815
3332816
3332817
3332818
3332819
3332820
3332821
3332822
3332823
3332824
3332825
3332826
3332827
3332828
3332829
3332830
3332831
3332832
3332833
3332834
3332835
3332836
3332837
3332838
3332839
3332840
3332841
3332842
3332843
3332844
3332845
3332846
3332847
3332848
3332849
3332850
3332851
3332852
3332853
3332854
3332855
3332856
3332857
3332858
3332859
3332860
3332861
3332862
3332863
3332864
3332865
3332866
3332867
3332868
3332869
3332870
3332871
3332872
3332873
3332874
3332875
3332876
3332877
3332878
3332879
3332880
3332881
3332882
3332883
3332884
3332885
3332886
3332887
3332888
3332889
3332890
3332891
3332892
3332893
3332894
3332895
3332896
3332897
3332898
3332899
3332900
3332901
3332902
3332903
3332904
3332905
3332906
3332907
3332908
3332909
3332910
3332911
3332912
3332913
3332914
3332915
3332916
3332917
3332918
3332919
3332920
3332921
3332922
3332923
3332924
3332925
3332926
3332927
3332928
3332929
3332930
3332931
3332932
3332933
3332934
3332935
3332936
3332937
3332938
3332939
3332940
3332941
3332942
3332943
3332944
3332945
3332946
3332947
3332948
3332949
3332950
3332951
3332952
3332953
3332954
3332955
3332956
3332957
3332958
3332959
3332960
3332961
3332962
3332963
3332964
3332965
3332966
3332967
3332968
3332969
3332970
3332971
3332972
3332973
3332974
3332975
3332976
3332977
3332978
3332979
3332980
3332981
3332982
3332983
3332984
3332985
3332986
3332987
3332988
3332989
3332990
3332991
3332992
3332993
3332994
3332995
3332996
3332997
3332998
3332999
3333000
3333001
3333002
3333003
3333004
3333005
3333006
3333007
3333008
3333009
3333010
3333011
3333012
3333013
3333014
3333015
3333016
3333017
3333018
3333019
3333020
3333021
3333022
3333023
3333024
3333025
3333026
3333027
3333028
3333029
3333030
3333031
3333032
3333033
3333034
3333035
3333036
3333037
3333038
3333039
3333040
3333041
3333042
3333043
3333044
3333045
3333046
3333047
3333048
3333049
3333050
3333051
3333052
3333053
3333054
3333055
3333056
3333057
3333058
3333059
3333060
3333061
3333062
3333063
3333064
3333065
3333066
3333067
3333068
3333069
3333070
3333071
3333072
3333073
3333074
3333075
3333076
3333077
3333078
3333079
3333080
3333081
3333082
3333083
3333084
3333085
3333086
3333087
3333088
3333089
3333090
3333091
3333092
3333093
3333094
3333095
3333096
3333097
3333098
3333099
3333100
3333101
3333102
3333103
3333104
3333105
3333106
3333107
3333108
3333109
3333110
3333111
3333112
3333113
3333114
3333115
3333116
3333117
3333118
3333119
3333120
3333121
3333122
3333123
3333124
3333125
3333126
3333127
3333128
3333129
3333130
3333131
3333132
3333133
3333134
3333135
3333136
3333137
3333138
3333139
3333140
3333141
3333142
3333143
3333144
3333145
3333146
3333147
3333148
3333149
3333150
3333151
3333152
3333153
3333154
3333155
3333156
3333157
3333158
3333159
3333160
3333161
3333162
3333163
3333164
3333165
3333166
3333167
3333168
3333169
3333170
3333171
3333172
3333173
3333174
3333175
3333176
3333177
3333178
3333179
3333180
3333181
3333182
3333183
3333184
3333185
3333186
3333187
3333188
3333189
3333190
3333191
3333192
3333193
3333194
3333195
3333196
3333197
3333198
3333199
3333200
3333201
3333202
3333203
3333204
3333205
3333206
3333207
3333208
3333209
3333210
3333211
3333212
3333213
3333214
3333215
3333216
3333217
3333218
3333219
3333220
3333221
3333222
3333223
3333224
3333225
3333226
3333227
3333228
3333229
3333230
3333231
3333232
3333233
3333234
3333235
3333236
3333237
3333238
3333239
3333240
3333241
3333242
3333243
3333244
3333245
3333246
3333247
3333248
3333249
3333250
3333251
3333252
3333253
3333254
3333255
3333256
3333257
3333258
3333259
3333260
3333261
3333262
3333263
3333264
3333265
3333266
3333267
3333268
3333269
3333270
3333271
3333272
3333273
3333274
3333275
3333276
3333277
3333278
3333279
3333280
3333281
3333282
3333283
3333284
3333285
3333286
3333287
3333288
3333289
3333290
3333291
3333292
3333293
3333294
3333295
3333296
3333297
3333298
3333299
3333300
3333301
3333302
3333303
3333304
3333305
3333306
3333307
3333308
3333309
3333310
3333311
3333312
3333313
3333314
3333315
3333316
3333317
3333318
3333319
3333320
3333321
3333322
3333323
3333324
3333325
3333326
3333327
3333328
3333329
3333330
3333331
3333332
3333333
3333334
3333335
3333336
3333337
3333338
3333339
3333340
3333341
3333342
3333343
3333344
3333345
3333346
3333347
3333348
3333349
3333350
3333351
3333352
3333353
3333354
3333355
3333356
3333357
3333358
3333359
3333360
3333361
3333362
3333363
3333364
3333365
3333366
3333367
3333368
3333369
3333370
3333371
3333372
3333373
3333374
3333375
3333376
3333377
3333378
3333379
3333380
3333381
3333382
3333383
3333384
3333385
3333386
3333387
3333388
3333389
3333390
3333391
3333392
3333393
3333394
3333395
3333396
3333397
3333398
3333399
3333400
3333401
3333402
3333403
3333404
3333405
3333406
3333407
3333408
3333409
3333410
3333411
3333412
3333413
3333414
3333415
3333416
3333417
3333418
3333419
3333420
3333421
3333422
3333423
3333424
3333425
3333426
3333427
3333428
3333429
3333430
3333431
3333432
3333433
3333434
3333435
3333436
3333437
3333438
3333439
3333440
3333441
3333442
3333443
3333444
3333445
3333446
3333447
3333448
3333449
3333450
3333451
3333452
3333453
3333454
3333455
3333456
3333457
3333458
3333459
3333460
3333461
3333462
3333463
3333464
3333465
3333466
3333467
3333468
3333469
3333470
3333471
3333472
3333473
3333474
3333475
3333476
3333477
3333478
3333479
3333480
3333481
3333482
3333483
3333484
3333485
3333486
3333487
3333488
3333489
3333490
3333491
3333492
3333493
3333494
3333495
3333496
3333497
3333498
3333499
3333500
3333501
3333502
3333503
3333504
3333505
3333506
3333507
3333508
3333509
3333510
3333511
3333512
3333513
3333514
3333515
3333516
3333517
3333518
3333519
3333520
3333521
3333522
3333523
3333524
3333525
3333526
3333527
3333528
3333529
3333530
3333531
3333532
3333533
3333534
3333535
3333536
3333537
3333538
3333539
3333540
3333541
3333542
3333543
3333544
3333545
3333546
3333547
3333548
3333549
3333550
3333551
3333552
3333553
3333554
3333555
3333556
3333557
3333558
3333559
3333560
3333561
3333562
3333563
3333564
3333565
3333566
3333567
3333568
3333569
3333570
3333571
3333572
3333573
3333574
3333575
3333576
3333577
3333578
3333579
3333580
3333581
3333582
3333583
3333584
3333585
3333586
3333587
3333588
3333589
3333590
3333591
3333592
3333593
3333594
3333595
3333596
3333597
3333598
3333599
3333600
3333601
3333602
3333603
3333604
3333605
3333606
3333607
3333608
3333609
3333610
3333611
3333612
3333613
3333614
3333615
3333616
3333617
3333618
3333619
3333620
3333621
3333622
3333623
3333624
3333625
3333626
3333627
3333628
3333629
3333630
3333631
3333632
3333633
3333634
3333635
3333636
3333637
3333638
3333639
3333640
3333641
3333642
3333643
3333644
3333645
3333646
3333647
3333648
3333649
3333650
3333651
3333652
3333653
3333654
3333655
3333656
3333657
3333658
3333659
3333660
3333661
3333662
3333663
3333664
3333665
3333666
3333667
3333668
3333669
3333670
3333671
3333672
3333673
3333674
3333675
3333676
3333677
3333678
3333679
3333680
3333681
3333682
3333683
3333684
3333685
3333686
3333687
3333688
3333689
3333690
3333691
3333692
3333693
3333694
3333695
3333696
3333697
3333698
3333699
3333700
3333701
3333702
3333703
3333704
3333705
3333706
3333707
3333708
3333709
3333710
3333711
3333712
3333713
3333714
3333715
3333716
3333717
3333718
3333719
3333720
3333721
3333722
3333723
3333724
3333725
3333726
3333727
3333728
3333729
3333730
3333731
3333732
3333733
3333734
3333735
3333736
3333737
3333738
3333739
3333740
3333741
3333742
3333743
3333744
3333745
3333746
3333747
3333748
3333749
3333750
3333751
3333752
3333753
3333754
3333755
3333756
3333757
3333758
3333759
3333760
3333761
3333762
3333763
3333764
3333765
3333766
3333767
3333768
3333769
3333770
3333771
3333772
3333773
3333774
3333775
3333776
3333777
3333778
3333779
3333780
3333781
3333782
3333783
3333784
3333785
3333786
3333787
3333788
3333789
3333790
3333791
3333792
3333793
3333794
3333795
3333796
3333797
3333798
3333799
3333800
3333801
3333802
3333803
3333804
3333805
3333806
3333807
3333808
3333809
3333810
3333811
3333812
3333813
3333814
3333815
3333816
3333817
3333818
3333819
3333820
3333821
3333822
3333823
3333824
3333825
3333826
3333827
3333828
3333829
3333830
3333831
3333832
3333833
3333834
3333835
3333836
3333837
3333838
3333839
3333840
3333841
3333842
3333843
3333844
3333845
3333846
3333847
3333848
3333849
3333850
3333851
3333852
3333853
3333854
3333855
3333856
3333857
3333858
3333859
3333860
3333861
3333862
3333863
3333864
3333865
3333866
3333867
3333868
3333869
3333870
3333871
3333872
3333873
3333874
3333875
3333876
3333877
3333878
3333879
3333880
3333881
3333882
3333883
3333884
3333885
3333886
3333887
3333888
3333889
3333890
3333891
3333892
3333893
3333894
3333895
3333896
3333897
3333898
3333899
3333900
3333901
3333902
3333903
3333904
3333905
3333906
3333907
3333908
3333909
3333910
3333911
3333912
3333913
3333914
3333915
3333916
3333917
3333918
3333919
3333920
3333921
3333922
3333923
3333924
3333925
3333926
3333927
3333928
3333929
3333930
3333931
3333932
3333933
3333934
3333935
3333936
3333937
3333938
3333939
3333940
3333941
3333942
3333943
3333944
3333945
3333946
3333947
3333948
3333949
3333950
3333951
3333952
3333953
3333954
3333955
3333956
3333957
3333958
3333959
3333960
3333961
3333962
3333963
3333964
3333965
3333966
3333967
3333968
3333969
3333970
3333971
3333972
3333973
3333974
3333975
3333976
3333977
3333978
3333979
3333980
3333981
3333982
3333983
3333984
3333985
3333986
3333987
3333988
3333989
3333990
3333991
3333992
3333993
3333994
3333995
3333996
3333997
3333998
3333999
3334000
3334001
3334002
3334003
3334004
3334005
3334006
3334007
3334008
3334009
3334010
3334011
3334012
3334013
3334014
3334015
3334016
3334017
3334018
3334019
3334020
3334021
3334022
3334023
3334024
3334025
3334026
3334027
3334028
3334029
3334030
3334031
3334032
3334033
3334034
3334035
3334036
3334037
3334038
3334039
3334040
3334041
3334042
3334043
3334044
3334045
3334046
3334047
3334048
3334049
3334050
3334051
3334052
3334053
3334054
3334055
3334056
3334057
3334058
3334059
3334060
3334061
3334062
3334063
3334064
3334065
3334066
3334067
3334068
3334069
3334070
3334071
3334072
3334073
3334074
3334075
3334076
3334077
3334078
3334079
3334080
3334081
3334082
3334083
3334084
3334085
3334086
3334087
3334088
3334089
3334090
3334091
3334092
3334093
3334094
3334095
3334096
3334097
3334098
3334099
3334100
3334101
3334102
3334103
3334104
3334105
3334106
3334107
3334108
3334109
3334110
3334111
3334112
3334113
3334114
3334115
3334116
3334117
3334118
3334119
3334120
3334121
3334122
3334123
3334124
3334125
3334126
3334127
3334128
3334129
3334130
3334131
3334132
3334133
3334134
3334135
3334136
3334137
3334138
3334139
3334140
3334141
3334142
3334143
3334144
3334145
3334146
3334147
3334148
3334149
3334150
3334151
3334152
3334153
3334154
3334155
3334156
3334157
3334158
3334159
3334160
3334161
3334162
3334163
3334164
3334165
3334166
3334167
3334168
3334169
3334170
3334171
3334172
3334173
3334174
3334175
3334176
3334177
3334178
3334179
3334180
3334181
3334182
3334183
3334184
3334185
3334186
3334187
3334188
3334189
3334190
3334191
3334192
3334193
3334194
3334195
3334196
3334197
3334198
3334199
3334200
3334201
3334202
3334203
3334204
3334205
3334206
3334207
3334208
3334209
3334210
3334211
3334212
3334213
3334214
3334215
3334216
3334217
3334218
3334219
3334220
3334221
3334222
3334223
3334224
3334225
3334226
3334227
3334228
3334229
3334230
3334231
3334232
3334233
3334234
3334235
3334236
3334237
3334238
3334239
3334240
3334241
3334242
3334243
3334244
3334245
3334246
3334247
3334248
3334249
3334250
3334251
3334252
3334253
3334254
3334255
3334256
3334257
3334258
3334259
3334260
3334261
3334262
3334263
3334264
3334265
3334266
3334267
3334268
3334269
3334270
3334271
3334272
3334273
3334274
3334275
3334276
3334277
3334278
3334279
3334280
3334281
3334282
3334283
3334284
3334285
3334286
3334287
3334288
3334289
3334290
3334291
3334292
3334293
3334294
3334295
3334296
3334297
3334298
3334299
3334300
3334301
3334302
3334303
3334304
3334305
3334306
3334307
3334308
3334309
3334310
3334311
3334312
3334313
3334314
3334315
3334316
3334317
3334318
3334319
3334320
3334321
3334322
3334323
3334324
3334325
3334326
3334327
3334328
3334329
3334330
3334331
3334332
3334333
3334334
3334335
3334336
3334337
3334338
3334339
3334340
3334341
3334342
3334343
3334344
3334345
3334346
3334347
3334348
3334349
3334350
3334351
3334352
3334353
3334354
3334355
3334356
3334357
3334358
3334359
3334360
3334361
3334362
3334363
3334364
3334365
3334366
3334367
3334368
3334369
3334370
3334371
3334372
3334373
3334374
3334375
3334376
3334377
3334378
3334379
3334380
3334381
3334382
3334383
3334384
3334385
3334386
3334387
3334388
3334389
3334390
3334391
3334392
3334393
3334394
3334395
3334396
3334397
3334398
3334399
3334400
3334401
3334402
3334403
3334404
3334405
3334406
3334407
3334408
3334409
3334410
3334411
3334412
3334413
3334414
3334415
3334416
3334417
3334418
3334419
3334420
3334421
3334422
3334423
3334424
3334425
3334426
3334427
3334428
3334429
3334430
3334431
3334432
3334433
3334434
3334435
3334436
3334437
3334438
3334439
3334440
3334441
3334442
3334443
3334444
3334445
3334446
3334447
3334448
3334449
3334450
3334451
3334452
3334453
3334454
3334455
3334456
3334457
3334458
3334459
3334460
3334461
3334462
3334463
3334464
3334465
3334466
3334467
3334468
3334469
3334470
3334471
3334472
3334473
3334474
3334475
3334476
3334477
3334478
3334479
3334480
3334481
3334482
3334483
3334484
3334485
3334486
3334487
3334488
3334489
3334490
3334491
3334492
3334493
3334494
3334495
3334496
3334497
3334498
3334499
3334500
3334501
3334502
3334503
3334504
3334505
3334506
3334507
3334508
3334509
3334510
3334511
3334512
3334513
3334514
3334515
3334516
3334517
3334518
3334519
3334520
3334521
3334522
3334523
3334524
3334525
3334526
3334527
3334528
3334529
3334530
3334531
3334532
3334533
3334534
3334535
3334536
3334537
3334538
3334539
3334540
3334541
3334542
3334543
3334544
3334545
3334546
3334547
3334548
3334549
3334550
3334551
3334552
3334553
3334554
3334555
3334556
3334557
3334558
3334559
3334560
3334561
3334562
3334563
3334564
3334565
3334566
3334567
3334568
3334569
3334570
3334571
3334572
3334573
3334574
3334575
3334576
3334577
3334578
3334579
3334580
3334581
3334582
3334583
3334584
3334585
3334586
3334587
3334588
3334589
3334590
3334591
3334592
3334593
3334594
3334595
3334596
3334597
3334598
3334599
3334600
3334601
3334602
3334603
3334604
3334605
3334606
3334607
3334608
3334609
3334610
3334611
3334612
3334613
3334614
3334615
3334616
3334617
3334618
3334619
3334620
3334621
3334622
3334623
3334624
3334625
3334626
3334627
3334628
3334629
3334630
3334631
3334632
3334633
3334634
3334635
3334636
3334637
3334638
3334639
3334640
3334641
3334642
3334643
3334644
3334645
3334646
3334647
3334648
3334649
3334650
3334651
3334652
3334653
3334654
3334655
3334656
3334657
3334658
3334659
3334660
3334661
3334662
3334663
3334664
3334665
3334666
3334667
3334668
3334669
3334670
3334671
3334672
3334673
3334674
3334675
3334676
3334677
3334678
3334679
3334680
3334681
3334682
3334683
3334684
3334685
3334686
3334687
3334688
3334689
3334690
3334691
3334692
3334693
3334694
3334695
3334696
3334697
3334698
3334699
3334700
3334701
3334702
3334703
3334704
3334705
3334706
3334707
3334708
3334709
3334710
3334711
3334712
3334713
3334714
3334715
3334716
3334717
3334718
3334719
3334720
3334721
3334722
3334723
3334724
3334725
3334726
3334727
3334728
3334729
3334730
3334731
3334732
3334733
3334734
3334735
3334736
3334737
3334738
3334739
3334740
3334741
3334742
3334743
3334744
3334745
3334746
3334747
3334748
3334749
3334750
3334751
3334752
3334753
3334754
3334755
3334756
3334757
3334758
3334759
3334760
3334761
3334762
3334763
3334764
3334765
3334766
3334767
3334768
3334769
3334770
3334771
3334772
3334773
3334774
3334775
3334776
3334777
3334778
3334779
3334780
3334781
3334782
3334783
3334784
3334785
3334786
3334787
3334788
3334789
3334790
3334791
3334792
3334793
3334794
3334795
3334796
3334797
3334798
3334799
3334800
3334801
3334802
3334803
3334804
3334805
3334806
3334807
3334808
3334809
3334810
3334811
3334812
3334813
3334814
3334815
3334816
3334817
3334818
3334819
3334820
3334821
3334822
3334823
3334824
3334825
3334826
3334827
3334828
3334829
3334830
3334831
3334832
3334833
3334834
3334835
3334836
3334837
3334838
3334839
3334840
3334841
3334842
3334843
3334844
3334845
3334846
3334847
3334848
3334849
3334850
3334851
3334852
3334853
3334854
3334855
3334856
3334857
3334858
3334859
3334860
3334861
3334862
3334863
3334864
3334865
3334866
3334867
3334868
3334869
3334870
3334871
3334872
3334873
3334874
3334875
3334876
3334877
3334878
3334879
3334880
3334881
3334882
3334883
3334884
3334885
3334886
3334887
3334888
3334889
3334890
3334891
3334892
3334893
3334894
3334895
3334896
3334897
3334898
3334899
3334900
3334901
3334902
3334903
3334904
3334905
3334906
3334907
3334908
3334909
3334910
3334911
3334912
3334913
3334914
3334915
3334916
3334917
3334918
3334919
3334920
3334921
3334922
3334923
3334924
3334925
3334926
3334927
3334928
3334929
3334930
3334931
3334932
3334933
3334934
3334935
3334936
3334937
3334938
3334939
3334940
3334941
3334942
3334943
3334944
3334945
3334946
3334947
3334948
3334949
3334950
3334951
3334952
3334953
3334954
3334955
3334956
3334957
3334958
3334959
3334960
3334961
3334962
3334963
3334964
3334965
3334966
3334967
3334968
3334969
3334970
3334971
3334972
3334973
3334974
3334975
3334976
3334977
3334978
3334979
3334980
3334981
3334982
3334983
3334984
3334985
3334986
3334987
3334988
3334989
3334990
3334991
3334992
3334993
3334994
3334995
3334996
3334997
3334998
3334999
3335000
3335001
3335002
3335003
3335004
3335005
3335006
3335007
3335008
3335009
3335010
3335011
3335012
3335013
3335014
3335015
3335016
3335017
3335018
3335019
3335020
3335021
3335022
3335023
3335024
3335025
3335026
3335027
3335028
3335029
3335030
3335031
3335032
3335033
3335034
3335035
3335036
3335037
3335038
3335039
3335040
3335041
3335042
3335043
3335044
3335045
3335046
3335047
3335048
3335049
3335050
3335051
3335052
3335053
3335054
3335055
3335056
3335057
3335058
3335059
3335060
3335061
3335062
3335063
3335064
3335065
3335066
3335067
3335068
3335069
3335070
3335071
3335072
3335073
3335074
3335075
3335076
3335077
3335078
3335079
3335080
3335081
3335082
3335083
3335084
3335085
3335086
3335087
3335088
3335089
3335090
3335091
3335092
3335093
3335094
3335095
3335096
3335097
3335098
3335099
3335100
3335101
3335102
3335103
3335104
3335105
3335106
3335107
3335108
3335109
3335110
3335111
3335112
3335113
3335114
3335115
3335116
3335117
3335118
3335119
3335120
3335121
3335122
3335123
3335124
3335125
3335126
3335127
3335128
3335129
3335130
3335131
3335132
3335133
3335134
3335135
3335136
3335137
3335138
3335139
3335140
3335141
3335142
3335143
3335144
3335145
3335146
3335147
3335148
3335149
3335150
3335151
3335152
3335153
3335154
3335155
3335156
3335157
3335158
3335159
3335160
3335161
3335162
3335163
3335164
3335165
3335166
3335167
3335168
3335169
3335170
3335171
3335172
3335173
3335174
3335175
3335176
3335177
3335178
3335179
3335180
3335181
3335182
3335183
3335184
3335185
3335186
3335187
3335188
3335189
3335190
3335191
3335192
3335193
3335194
3335195
3335196
3335197
3335198
3335199
3335200
3335201
3335202
3335203
3335204
3335205
3335206
3335207
3335208
3335209
3335210
3335211
3335212
3335213
3335214
3335215
3335216
3335217
3335218
3335219
3335220
3335221
3335222
3335223
3335224
3335225
3335226
3335227
3335228
3335229
3335230
3335231
3335232
3335233
3335234
3335235
3335236
3335237
3335238
3335239
3335240
3335241
3335242
3335243
3335244
3335245
3335246
3335247
3335248
3335249
3335250
3335251
3335252
3335253
3335254
3335255
3335256
3335257
3335258
3335259
3335260
3335261
3335262
3335263
3335264
3335265
3335266
3335267
3335268
3335269
3335270
3335271
3335272
3335273
3335274
3335275
3335276
3335277
3335278
3335279
3335280
3335281
3335282
3335283
3335284
3335285
3335286
3335287
3335288
3335289
3335290
3335291
3335292
3335293
3335294
3335295
3335296
3335297
3335298
3335299
3335300
3335301
3335302
3335303
3335304
3335305
3335306
3335307
3335308
3335309
3335310
3335311
3335312
3335313
3335314
3335315
3335316
3335317
3335318
3335319
3335320
3335321
3335322
3335323
3335324
3335325
3335326
3335327
3335328
3335329
3335330
3335331
3335332
3335333
3335334
3335335
3335336
3335337
3335338
3335339
3335340
3335341
3335342
3335343
3335344
3335345
3335346
3335347
3335348
3335349
3335350
3335351
3335352
3335353
3335354
3335355
3335356
3335357
3335358
3335359
3335360
3335361
3335362
3335363
3335364
3335365
3335366
3335367
3335368
3335369
3335370
3335371
3335372
3335373
3335374
3335375
3335376
3335377
3335378
3335379
3335380
3335381
3335382
3335383
3335384
3335385
3335386
3335387
3335388
3335389
3335390
3335391
3335392
3335393
3335394
3335395
3335396
3335397
3335398
3335399
3335400
3335401
3335402
3335403
3335404
3335405
3335406
3335407
3335408
3335409
3335410
3335411
3335412
3335413
3335414
3335415
3335416
3335417
3335418
3335419
3335420
3335421
3335422
3335423
3335424
3335425
3335426
3335427
3335428
3335429
3335430
3335431
3335432
3335433
3335434
3335435
3335436
3335437
3335438
3335439
3335440
3335441
3335442
3335443
3335444
3335445
3335446
3335447
3335448
3335449
3335450
3335451
3335452
3335453
3335454
3335455
3335456
3335457
3335458
3335459
3335460
3335461
3335462
3335463
3335464
3335465
3335466
3335467
3335468
3335469
3335470
3335471
3335472
3335473
3335474
3335475
3335476
3335477
3335478
3335479
3335480
3335481
3335482
3335483
3335484
3335485
3335486
3335487
3335488
3335489
3335490
3335491
3335492
3335493
3335494
3335495
3335496
3335497
3335498
3335499
3335500
3335501
3335502
3335503
3335504
3335505
3335506
3335507
3335508
3335509
3335510
3335511
3335512
3335513
3335514
3335515
3335516
3335517
3335518
3335519
3335520
3335521
3335522
3335523
3335524
3335525
3335526
3335527
3335528
3335529
3335530
3335531
3335532
3335533
3335534
3335535
3335536
3335537
3335538
3335539
3335540
3335541
3335542
3335543
3335544
3335545
3335546
3335547
3335548
3335549
3335550
3335551
3335552
3335553
3335554
3335555
3335556
3335557
3335558
3335559
3335560
3335561
3335562
3335563
3335564
3335565
3335566
3335567
3335568
3335569
3335570
3335571
3335572
3335573
3335574
3335575
3335576
3335577
3335578
3335579
3335580
3335581
3335582
3335583
3335584
3335585
3335586
3335587
3335588
3335589
3335590
3335591
3335592
3335593
3335594
3335595
3335596
3335597
3335598
3335599
3335600
3335601
3335602
3335603
3335604
3335605
3335606
3335607
3335608
3335609
3335610
3335611
3335612
3335613
3335614
3335615
3335616
3335617
3335618
3335619
3335620
3335621
3335622
3335623
3335624
3335625
3335626
3335627
3335628
3335629
3335630
3335631
3335632
3335633
3335634
3335635
3335636
3335637
3335638
3335639
3335640
3335641
3335642
3335643
3335644
3335645
3335646
3335647
3335648
3335649
3335650
3335651
3335652
3335653
3335654
3335655
3335656
3335657
3335658
3335659
3335660
3335661
3335662
3335663
3335664
3335665
3335666
3335667
3335668
3335669
3335670
3335671
3335672
3335673
3335674
3335675
3335676
3335677
3335678
3335679
3335680
3335681
3335682
3335683
3335684
3335685
3335686
3335687
3335688
3335689
3335690
3335691
3335692
3335693
3335694
3335695
3335696
3335697
3335698
3335699
3335700
3335701
3335702
3335703
3335704
3335705
3335706
3335707
3335708
3335709
3335710
3335711
3335712
3335713
3335714
3335715
3335716
3335717
3335718
3335719
3335720
3335721
3335722
3335723
3335724
3335725
3335726
3335727
3335728
3335729
3335730
3335731
3335732
3335733
3335734
3335735
3335736
3335737
3335738
3335739
3335740
3335741
3335742
3335743
3335744
3335745
3335746
3335747
3335748
3335749
3335750
3335751
3335752
3335753
3335754
3335755
3335756
3335757
3335758
3335759
3335760
3335761
3335762
3335763
3335764
3335765
3335766
3335767
3335768
3335769
3335770
3335771
3335772
3335773
3335774
3335775
3335776
3335777
3335778
3335779
3335780
3335781
3335782
3335783
3335784
3335785
3335786
3335787
3335788
3335789
3335790
3335791
3335792
3335793
3335794
3335795
3335796
3335797
3335798
3335799
3335800
3335801
3335802
3335803
3335804
3335805
3335806
3335807
3335808
3335809
3335810
3335811
3335812
3335813
3335814
3335815
3335816
3335817
3335818
3335819
3335820
3335821
3335822
3335823
3335824
3335825
3335826
3335827
3335828
3335829
3335830
3335831
3335832
3335833
3335834
3335835
3335836
3335837
3335838
3335839
3335840
3335841
3335842
3335843
3335844
3335845
3335846
3335847
3335848
3335849
3335850
3335851
3335852
3335853
3335854
3335855
3335856
3335857
3335858
3335859
3335860
3335861
3335862
3335863
3335864
3335865
3335866
3335867
3335868
3335869
3335870
3335871
3335872
3335873
3335874
3335875
3335876
3335877
3335878
3335879
3335880
3335881
3335882
3335883
3335884
3335885
3335886
3335887
3335888
3335889
3335890
3335891
3335892
3335893
3335894
3335895
3335896
3335897
3335898
3335899
3335900
3335901
3335902
3335903
3335904
3335905
3335906
3335907
3335908
3335909
3335910
3335911
3335912
3335913
3335914
3335915
3335916
3335917
3335918
3335919
3335920
3335921
3335922
3335923
3335924
3335925
3335926
3335927
3335928
3335929
3335930
3335931
3335932
3335933
3335934
3335935
3335936
3335937
3335938
3335939
3335940
3335941
3335942
3335943
3335944
3335945
3335946
3335947
3335948
3335949
3335950
3335951
3335952
3335953
3335954
3335955
3335956
3335957
3335958
3335959
3335960
3335961
3335962
3335963
3335964
3335965
3335966
3335967
3335968
3335969
3335970
3335971
3335972
3335973
3335974
3335975
3335976
3335977
3335978
3335979
3335980
3335981
3335982
3335983
3335984
3335985
3335986
3335987
3335988
3335989
3335990
3335991
3335992
3335993
3335994
3335995
3335996
3335997
3335998
3335999
3336000
3336001
3336002
3336003
3336004
3336005
3336006
3336007
3336008
3336009
3336010
3336011
3336012
3336013
3336014
3336015
3336016
3336017
3336018
3336019
3336020
3336021
3336022
3336023
3336024
3336025
3336026
3336027
3336028
3336029
3336030
3336031
3336032
3336033
3336034
3336035
3336036
3336037
3336038
3336039
3336040
3336041
3336042
3336043
3336044
3336045
3336046
3336047
3336048
3336049
3336050
3336051
3336052
3336053
3336054
3336055
3336056
3336057
3336058
3336059
3336060
3336061
3336062
3336063
3336064
3336065
3336066
3336067
3336068
3336069
3336070
3336071
3336072
3336073
3336074
3336075
3336076
3336077
3336078
3336079
3336080
3336081
3336082
3336083
3336084
3336085
3336086
3336087
3336088
3336089
3336090
3336091
3336092
3336093
3336094
3336095
3336096
3336097
3336098
3336099
3336100
3336101
3336102
3336103
3336104
3336105
3336106
3336107
3336108
3336109
3336110
3336111
3336112
3336113
3336114
3336115
3336116
3336117
3336118
3336119
3336120
3336121
3336122
3336123
3336124
3336125
3336126
3336127
3336128
3336129
3336130
3336131
3336132
3336133
3336134
3336135
3336136
3336137
3336138
3336139
3336140
3336141
3336142
3336143
3336144
3336145
3336146
3336147
3336148
3336149
3336150
3336151
3336152
3336153
3336154
3336155
3336156
3336157
3336158
3336159
3336160
3336161
3336162
3336163
3336164
3336165
3336166
3336167
3336168
3336169
3336170
3336171
3336172
3336173
3336174
3336175
3336176
3336177
3336178
3336179
3336180
3336181
3336182
3336183
3336184
3336185
3336186
3336187
3336188
3336189
3336190
3336191
3336192
3336193
3336194
3336195
3336196
3336197
3336198
3336199
3336200
3336201
3336202
3336203
3336204
3336205
3336206
3336207
3336208
3336209
3336210
3336211
3336212
3336213
3336214
3336215
3336216
3336217
3336218
3336219
3336220
3336221
3336222
3336223
3336224
3336225
3336226
3336227
3336228
3336229
3336230
3336231
3336232
3336233
3336234
3336235
3336236
3336237
3336238
3336239
3336240
3336241
3336242
3336243
3336244
3336245
3336246
3336247
3336248
3336249
3336250
3336251
3336252
3336253
3336254
3336255
3336256
3336257
3336258
3336259
3336260
3336261
3336262
3336263
3336264
3336265
3336266
3336267
3336268
3336269
3336270
3336271
3336272
3336273
3336274
3336275
3336276
3336277
3336278
3336279
3336280
3336281
3336282
3336283
3336284
3336285
3336286
3336287
3336288
3336289
3336290
3336291
3336292
3336293
3336294
3336295
3336296
3336297
3336298
3336299
3336300
3336301
3336302
3336303
3336304
3336305
3336306
3336307
3336308
3336309
3336310
3336311
3336312
3336313
3336314
3336315
3336316
3336317
3336318
3336319
3336320
3336321
3336322
3336323
3336324
3336325
3336326
3336327
3336328
3336329
3336330
3336331
3336332
3336333
3336334
3336335
3336336
3336337
3336338
3336339
3336340
3336341
3336342
3336343
3336344
3336345
3336346
3336347
3336348
3336349
3336350
3336351
3336352
3336353
3336354
3336355
3336356
3336357
3336358
3336359
3336360
3336361
3336362
3336363
3336364
3336365
3336366
3336367
3336368
3336369
3336370
3336371
3336372
3336373
3336374
3336375
3336376
3336377
3336378
3336379
3336380
3336381
3336382
3336383
3336384
3336385
3336386
3336387
3336388
3336389
3336390
3336391
3336392
3336393
3336394
3336395
3336396
3336397
3336398
3336399
3336400
3336401
3336402
3336403
3336404
3336405
3336406
3336407
3336408
3336409
3336410
3336411
3336412
3336413
3336414
3336415
3336416
3336417
3336418
3336419
3336420
3336421
3336422
3336423
3336424
3336425
3336426
3336427
3336428
3336429
3336430
3336431
3336432
3336433
3336434
3336435
3336436
3336437
3336438
3336439
3336440
3336441
3336442
3336443
3336444
3336445
3336446
3336447
3336448
3336449
3336450
3336451
3336452
3336453
3336454
3336455
3336456
3336457
3336458
3336459
3336460
3336461
3336462
3336463
3336464
3336465
3336466
3336467
3336468
3336469
3336470
3336471
3336472
3336473
3336474
3336475
3336476
3336477
3336478
3336479
3336480
3336481
3336482
3336483
3336484
3336485
3336486
3336487
3336488
3336489
3336490
3336491
3336492
3336493
3336494
3336495
3336496
3336497
3336498
3336499
3336500
3336501
3336502
3336503
3336504
3336505
3336506
3336507
3336508
3336509
3336510
3336511
3336512
3336513
3336514
3336515
3336516
3336517
3336518
3336519
3336520
3336521
3336522
3336523
3336524
3336525
3336526
3336527
3336528
3336529
3336530
3336531
3336532
3336533
3336534
3336535
3336536
3336537
3336538
3336539
3336540
3336541
3336542
3336543
3336544
3336545
3336546
3336547
3336548
3336549
3336550
3336551
3336552
3336553
3336554
3336555
3336556
3336557
3336558
3336559
3336560
3336561
3336562
3336563
3336564
3336565
3336566
3336567
3336568
3336569
3336570
3336571
3336572
3336573
3336574
3336575
3336576
3336577
3336578
3336579
3336580
3336581
3336582
3336583
3336584
3336585
3336586
3336587
3336588
3336589
3336590
3336591
3336592
3336593
3336594
3336595
3336596
3336597
3336598
3336599
3336600
3336601
3336602
3336603
3336604
3336605
3336606
3336607
3336608
3336609
3336610
3336611
3336612
3336613
3336614
3336615
3336616
3336617
3336618
3336619
3336620
3336621
3336622
3336623
3336624
3336625
3336626
3336627
3336628
3336629
3336630
3336631
3336632
3336633
3336634
3336635
3336636
3336637
3336638
3336639
3336640
3336641
3336642
3336643
3336644
3336645
3336646
3336647
3336648
3336649
3336650
3336651
3336652
3336653
3336654
3336655
3336656
3336657
3336658
3336659
3336660
3336661
3336662
3336663
3336664
3336665
3336666
3336667
3336668
3336669
3336670
3336671
3336672
3336673
3336674
3336675
3336676
3336677
3336678
3336679
3336680
3336681
3336682
3336683
3336684
3336685
3336686
3336687
3336688
3336689
3336690
3336691
3336692
3336693
3336694
3336695
3336696
3336697
3336698
3336699
3336700
3336701
3336702
3336703
3336704
3336705
3336706
3336707
3336708
3336709
3336710
3336711
3336712
3336713
3336714
3336715
3336716
3336717
3336718
3336719
3336720
3336721
3336722
3336723
3336724
3336725
3336726
3336727
3336728
3336729
3336730
3336731
3336732
3336733
3336734
3336735
3336736
3336737
3336738
3336739
3336740
3336741
3336742
3336743
3336744
3336745
3336746
3336747
3336748
3336749
3336750
3336751
3336752
3336753
3336754
3336755
3336756
3336757
3336758
3336759
3336760
3336761
3336762
3336763
3336764
3336765
3336766
3336767
3336768
3336769
3336770
3336771
3336772
3336773
3336774
3336775
3336776
3336777
3336778
3336779
3336780
3336781
3336782
3336783
3336784
3336785
3336786
3336787
3336788
3336789
3336790
3336791
3336792
3336793
3336794
3336795
3336796
3336797
3336798
3336799
3336800
3336801
3336802
3336803
3336804
3336805
3336806
3336807
3336808
3336809
3336810
3336811
3336812
3336813
3336814
3336815
3336816
3336817
3336818
3336819
3336820
3336821
3336822
3336823
3336824
3336825
3336826
3336827
3336828
3336829
3336830
3336831
3336832
3336833
3336834
3336835
3336836
3336837
3336838
3336839
3336840
3336841
3336842
3336843
3336844
3336845
3336846
3336847
3336848
3336849
3336850
3336851
3336852
3336853
3336854
3336855
3336856
3336857
3336858
3336859
3336860
3336861
3336862
3336863
3336864
3336865
3336866
3336867
3336868
3336869
3336870
3336871
3336872
3336873
3336874
3336875
3336876
3336877
3336878
3336879
3336880
3336881
3336882
3336883
3336884
3336885
3336886
3336887
3336888
3336889
3336890
3336891
3336892
3336893
3336894
3336895
3336896
3336897
3336898
3336899
3336900
3336901
3336902
3336903
3336904
3336905
3336906
3336907
3336908
3336909
3336910
3336911
3336912
3336913
3336914
3336915
3336916
3336917
3336918
3336919
3336920
3336921
3336922
3336923
3336924
3336925
3336926
3336927
3336928
3336929
3336930
3336931
3336932
3336933
3336934
3336935
3336936
3336937
3336938
3336939
3336940
3336941
3336942
3336943
3336944
3336945
3336946
3336947
3336948
3336949
3336950
3336951
3336952
3336953
3336954
3336955
3336956
3336957
3336958
3336959
3336960
3336961
3336962
3336963
3336964
3336965
3336966
3336967
3336968
3336969
3336970
3336971
3336972
3336973
3336974
3336975
3336976
3336977
3336978
3336979
3336980
3336981
3336982
3336983
3336984
3336985
3336986
3336987
3336988
3336989
3336990
3336991
3336992
3336993
3336994
3336995
3336996
3336997
3336998
3336999
3337000
3337001
3337002
3337003
3337004
3337005
3337006
3337007
3337008
3337009
3337010
3337011
3337012
3337013
3337014
3337015
3337016
3337017
3337018
3337019
3337020
3337021
3337022
3337023
3337024
3337025
3337026
3337027
3337028
3337029
3337030
3337031
3337032
3337033
3337034
3337035
3337036
3337037
3337038
3337039
3337040
3337041
3337042
3337043
3337044
3337045
3337046
3337047
3337048
3337049
3337050
3337051
3337052
3337053
3337054
3337055
3337056
3337057
3337058
3337059
3337060
3337061
3337062
3337063
3337064
3337065
3337066
3337067
3337068
3337069
3337070
3337071
3337072
3337073
3337074
3337075
3337076
3337077
3337078
3337079
3337080
3337081
3337082
3337083
3337084
3337085
3337086
3337087
3337088
3337089
3337090
3337091
3337092
3337093
3337094
3337095
3337096
3337097
3337098
3337099
3337100
3337101
3337102
3337103
3337104
3337105
3337106
3337107
3337108
3337109
3337110
3337111
3337112
3337113
3337114
3337115
3337116
3337117
3337118
3337119
3337120
3337121
3337122
3337123
3337124
3337125
3337126
3337127
3337128
3337129
3337130
3337131
3337132
3337133
3337134
3337135
3337136
3337137
3337138
3337139
3337140
3337141
3337142
3337143
3337144
3337145
3337146
3337147
3337148
3337149
3337150
3337151
3337152
3337153
3337154
3337155
3337156
3337157
3337158
3337159
3337160
3337161
3337162
3337163
3337164
3337165
3337166
3337167
3337168
3337169
3337170
3337171
3337172
3337173
3337174
3337175
3337176
3337177
3337178
3337179
3337180
3337181
3337182
3337183
3337184
3337185
3337186
3337187
3337188
3337189
3337190
3337191
3337192
3337193
3337194
3337195
3337196
3337197
3337198
3337199
3337200
3337201
3337202
3337203
3337204
3337205
3337206
3337207
3337208
3337209
3337210
3337211
3337212
3337213
3337214
3337215
3337216
3337217
3337218
3337219
3337220
3337221
3337222
3337223
3337224
3337225
3337226
3337227
3337228
3337229
3337230
3337231
3337232
3337233
3337234
3337235
3337236
3337237
3337238
3337239
3337240
3337241
3337242
3337243
3337244
3337245
3337246
3337247
3337248
3337249
3337250
3337251
3337252
3337253
3337254
3337255
3337256
3337257
3337258
3337259
3337260
3337261
3337262
3337263
3337264
3337265
3337266
3337267
3337268
3337269
3337270
3337271
3337272
3337273
3337274
3337275
3337276
3337277
3337278
3337279
3337280
3337281
3337282
3337283
3337284
3337285
3337286
3337287
3337288
3337289
3337290
3337291
3337292
3337293
3337294
3337295
3337296
3337297
3337298
3337299
3337300
3337301
3337302
3337303
3337304
3337305
3337306
3337307
3337308
3337309
3337310
3337311
3337312
3337313
3337314
3337315
3337316
3337317
3337318
3337319
3337320
3337321
3337322
3337323
3337324
3337325
3337326
3337327
3337328
3337329
3337330
3337331
3337332
3337333
3337334
3337335
3337336
3337337
3337338
3337339
3337340
3337341
3337342
3337343
3337344
3337345
3337346
3337347
3337348
3337349
3337350
3337351
3337352
3337353
3337354
3337355
3337356
3337357
3337358
3337359
3337360
3337361
3337362
3337363
3337364
3337365
3337366
3337367
3337368
3337369
3337370
3337371
3337372
3337373
3337374
3337375
3337376
3337377
3337378
3337379
3337380
3337381
3337382
3337383
3337384
3337385
3337386
3337387
3337388
3337389
3337390
3337391
3337392
3337393
3337394
3337395
3337396
3337397
3337398
3337399
3337400
3337401
3337402
3337403
3337404
3337405
3337406
3337407
3337408
3337409
3337410
3337411
3337412
3337413
3337414
3337415
3337416
3337417
3337418
3337419
3337420
3337421
3337422
3337423
3337424
3337425
3337426
3337427
3337428
3337429
3337430
3337431
3337432
3337433
3337434
3337435
3337436
3337437
3337438
3337439
3337440
3337441
3337442
3337443
3337444
3337445
3337446
3337447
3337448
3337449
3337450
3337451
3337452
3337453
3337454
3337455
3337456
3337457
3337458
3337459
3337460
3337461
3337462
3337463
3337464
3337465
3337466
3337467
3337468
3337469
3337470
3337471
3337472
3337473
3337474
3337475
3337476
3337477
3337478
3337479
3337480
3337481
3337482
3337483
3337484
3337485
3337486
3337487
3337488
3337489
3337490
3337491
3337492
3337493
3337494
3337495
3337496
3337497
3337498
3337499
3337500
3337501
3337502
3337503
3337504
3337505
3337506
3337507
3337508
3337509
3337510
3337511
3337512
3337513
3337514
3337515
3337516
3337517
3337518
3337519
3337520
3337521
3337522
3337523
3337524
3337525
3337526
3337527
3337528
3337529
3337530
3337531
3337532
3337533
3337534
3337535
3337536
3337537
3337538
3337539
3337540
3337541
3337542
3337543
3337544
3337545
3337546
3337547
3337548
3337549
3337550
3337551
3337552
3337553
3337554
3337555
3337556
3337557
3337558
3337559
3337560
3337561
3337562
3337563
3337564
3337565
3337566
3337567
3337568
3337569
3337570
3337571
3337572
3337573
3337574
3337575
3337576
3337577
3337578
3337579
3337580
3337581
3337582
3337583
3337584
3337585
3337586
3337587
3337588
3337589
3337590
3337591
3337592
3337593
3337594
3337595
3337596
3337597
3337598
3337599
3337600
3337601
3337602
3337603
3337604
3337605
3337606
3337607
3337608
3337609
3337610
3337611
3337612
3337613
3337614
3337615
3337616
3337617
3337618
3337619
3337620
3337621
3337622
3337623
3337624
3337625
3337626
3337627
3337628
3337629
3337630
3337631
3337632
3337633
3337634
3337635
3337636
3337637
3337638
3337639
3337640
3337641
3337642
3337643
3337644
3337645
3337646
3337647
3337648
3337649
3337650
3337651
3337652
3337653
3337654
3337655
3337656
3337657
3337658
3337659
3337660
3337661
3337662
3337663
3337664
3337665
3337666
3337667
3337668
3337669
3337670
3337671
3337672
3337673
3337674
3337675
3337676
3337677
3337678
3337679
3337680
3337681
3337682
3337683
3337684
3337685
3337686
3337687
3337688
3337689
3337690
3337691
3337692
3337693
3337694
3337695
3337696
3337697
3337698
3337699
3337700
3337701
3337702
3337703
3337704
3337705
3337706
3337707
3337708
3337709
3337710
3337711
3337712
3337713
3337714
3337715
3337716
3337717
3337718
3337719
3337720
3337721
3337722
3337723
3337724
3337725
3337726
3337727
3337728
3337729
3337730
3337731
3337732
3337733
3337734
3337735
3337736
3337737
3337738
3337739
3337740
3337741
3337742
3337743
3337744
3337745
3337746
3337747
3337748
3337749
3337750
3337751
3337752
3337753
3337754
3337755
3337756
3337757
3337758
3337759
3337760
3337761
3337762
3337763
3337764
3337765
3337766
3337767
3337768
3337769
3337770
3337771
3337772
3337773
3337774
3337775
3337776
3337777
3337778
3337779
3337780
3337781
3337782
3337783
3337784
3337785
3337786
3337787
3337788
3337789
3337790
3337791
3337792
3337793
3337794
3337795
3337796
3337797
3337798
3337799
3337800
3337801
3337802
3337803
3337804
3337805
3337806
3337807
3337808
3337809
3337810
3337811
3337812
3337813
3337814
3337815
3337816
3337817
3337818
3337819
3337820
3337821
3337822
3337823
3337824
3337825
3337826
3337827
3337828
3337829
3337830
3337831
3337832
3337833
3337834
3337835
3337836
3337837
3337838
3337839
3337840
3337841
3337842
3337843
3337844
3337845
3337846
3337847
3337848
3337849
3337850
3337851
3337852
3337853
3337854
3337855
3337856
3337857
3337858
3337859
3337860
3337861
3337862
3337863
3337864
3337865
3337866
3337867
3337868
3337869
3337870
3337871
3337872
3337873
3337874
3337875
3337876
3337877
3337878
3337879
3337880
3337881
3337882
3337883
3337884
3337885
3337886
3337887
3337888
3337889
3337890
3337891
3337892
3337893
3337894
3337895
3337896
3337897
3337898
3337899
3337900
3337901
3337902
3337903
3337904
3337905
3337906
3337907
3337908
3337909
3337910
3337911
3337912
3337913
3337914
3337915
3337916
3337917
3337918
3337919
3337920
3337921
3337922
3337923
3337924
3337925
3337926
3337927
3337928
3337929
3337930
3337931
3337932
3337933
3337934
3337935
3337936
3337937
3337938
3337939
3337940
3337941
3337942
3337943
3337944
3337945
3337946
3337947
3337948
3337949
3337950
3337951
3337952
3337953
3337954
3337955
3337956
3337957
3337958
3337959
3337960
3337961
3337962
3337963
3337964
3337965
3337966
3337967
3337968
3337969
3337970
3337971
3337972
3337973
3337974
3337975
3337976
3337977
3337978
3337979
3337980
3337981
3337982
3337983
3337984
3337985
3337986
3337987
3337988
3337989
3337990
3337991
3337992
3337993
3337994
3337995
3337996
3337997
3337998
3337999
3338000
3338001
3338002
3338003
3338004
3338005
3338006
3338007
3338008
3338009
3338010
3338011
3338012
3338013
3338014
3338015
3338016
3338017
3338018
3338019
3338020
3338021
3338022
3338023
3338024
3338025
3338026
3338027
3338028
3338029
3338030
3338031
3338032
3338033
3338034
3338035
3338036
3338037
3338038
3338039
3338040
3338041
3338042
3338043
3338044
3338045
3338046
3338047
3338048
3338049
3338050
3338051
3338052
3338053
3338054
3338055
3338056
3338057
3338058
3338059
3338060
3338061
3338062
3338063
3338064
3338065
3338066
3338067
3338068
3338069
3338070
3338071
3338072
3338073
3338074
3338075
3338076
3338077
3338078
3338079
3338080
3338081
3338082
3338083
3338084
3338085
3338086
3338087
3338088
3338089
3338090
3338091
3338092
3338093
3338094
3338095
3338096
3338097
3338098
3338099
3338100
3338101
3338102
3338103
3338104
3338105
3338106
3338107
3338108
3338109
3338110
3338111
3338112
3338113
3338114
3338115
3338116
3338117
3338118
3338119
3338120
3338121
3338122
3338123
3338124
3338125
3338126
3338127
3338128
3338129
3338130
3338131
3338132
3338133
3338134
3338135
3338136
3338137
3338138
3338139
3338140
3338141
3338142
3338143
3338144
3338145
3338146
3338147
3338148
3338149
3338150
3338151
3338152
3338153
3338154
3338155
3338156
3338157
3338158
3338159
3338160
3338161
3338162
3338163
3338164
3338165
3338166
3338167
3338168
3338169
3338170
3338171
3338172
3338173
3338174
3338175
3338176
3338177
3338178
3338179
3338180
3338181
3338182
3338183
3338184
3338185
3338186
3338187
3338188
3338189
3338190
3338191
3338192
3338193
3338194
3338195
3338196
3338197
3338198
3338199
3338200
3338201
3338202
3338203
3338204
3338205
3338206
3338207
3338208
3338209
3338210
3338211
3338212
3338213
3338214
3338215
3338216
3338217
3338218
3338219
3338220
3338221
3338222
3338223
3338224
3338225
3338226
3338227
3338228
3338229
3338230
3338231
3338232
3338233
3338234
3338235
3338236
3338237
3338238
3338239
3338240
3338241
3338242
3338243
3338244
3338245
3338246
3338247
3338248
3338249
3338250
3338251
3338252
3338253
3338254
3338255
3338256
3338257
3338258
3338259
3338260
3338261
3338262
3338263
3338264
3338265
3338266
3338267
3338268
3338269
3338270
3338271
3338272
3338273
3338274
3338275
3338276
3338277
3338278
3338279
3338280
3338281
3338282
3338283
3338284
3338285
3338286
3338287
3338288
3338289
3338290
3338291
3338292
3338293
3338294
3338295
3338296
3338297
3338298
3338299
3338300
3338301
3338302
3338303
3338304
3338305
3338306
3338307
3338308
3338309
3338310
3338311
3338312
3338313
3338314
3338315
3338316
3338317
3338318
3338319
3338320
3338321
3338322
3338323
3338324
3338325
3338326
3338327
3338328
3338329
3338330
3338331
3338332
3338333
3338334
3338335
3338336
3338337
3338338
3338339
3338340
3338341
3338342
3338343
3338344
3338345
3338346
3338347
3338348
3338349
3338350
3338351
3338352
3338353
3338354
3338355
3338356
3338357
3338358
3338359
3338360
3338361
3338362
3338363
3338364
3338365
3338366
3338367
3338368
3338369
3338370
3338371
3338372
3338373
3338374
3338375
3338376
3338377
3338378
3338379
3338380
3338381
3338382
3338383
3338384
3338385
3338386
3338387
3338388
3338389
3338390
3338391
3338392
3338393
3338394
3338395
3338396
3338397
3338398
3338399
3338400
3338401
3338402
3338403
3338404
3338405
3338406
3338407
3338408
3338409
3338410
3338411
3338412
3338413
3338414
3338415
3338416
3338417
3338418
3338419
3338420
3338421
3338422
3338423
3338424
3338425
3338426
3338427
3338428
3338429
3338430
3338431
3338432
3338433
3338434
3338435
3338436
3338437
3338438
3338439
3338440
3338441
3338442
3338443
3338444
3338445
3338446
3338447
3338448
3338449
3338450
3338451
3338452
3338453
3338454
3338455
3338456
3338457
3338458
3338459
3338460
3338461
3338462
3338463
3338464
3338465
3338466
3338467
3338468
3338469
3338470
3338471
3338472
3338473
3338474
3338475
3338476
3338477
3338478
3338479
3338480
3338481
3338482
3338483
3338484
3338485
3338486
3338487
3338488
3338489
3338490
3338491
3338492
3338493
3338494
3338495
3338496
3338497
3338498
3338499
3338500
3338501
3338502
3338503
3338504
3338505
3338506
3338507
3338508
3338509
3338510
3338511
3338512
3338513
3338514
3338515
3338516
3338517
3338518
3338519
3338520
3338521
3338522
3338523
3338524
3338525
3338526
3338527
3338528
3338529
3338530
3338531
3338532
3338533
3338534
3338535
3338536
3338537
3338538
3338539
3338540
3338541
3338542
3338543
3338544
3338545
3338546
3338547
3338548
3338549
3338550
3338551
3338552
3338553
3338554
3338555
3338556
3338557
3338558
3338559
3338560
3338561
3338562
3338563
3338564
3338565
3338566
3338567
3338568
3338569
3338570
3338571
3338572
3338573
3338574
3338575
3338576
3338577
3338578
3338579
3338580
3338581
3338582
3338583
3338584
3338585
3338586
3338587
3338588
3338589
3338590
3338591
3338592
3338593
3338594
3338595
3338596
3338597
3338598
3338599
3338600
3338601
3338602
3338603
3338604
3338605
3338606
3338607
3338608
3338609
3338610
3338611
3338612
3338613
3338614
3338615
3338616
3338617
3338618
3338619
3338620
3338621
3338622
3338623
3338624
3338625
3338626
3338627
3338628
3338629
3338630
3338631
3338632
3338633
3338634
3338635
3338636
3338637
3338638
3338639
3338640
3338641
3338642
3338643
3338644
3338645
3338646
3338647
3338648
3338649
3338650
3338651
3338652
3338653
3338654
3338655
3338656
3338657
3338658
3338659
3338660
3338661
3338662
3338663
3338664
3338665
3338666
3338667
3338668
3338669
3338670
3338671
3338672
3338673
3338674
3338675
3338676
3338677
3338678
3338679
3338680
3338681
3338682
3338683
3338684
3338685
3338686
3338687
3338688
3338689
3338690
3338691
3338692
3338693
3338694
3338695
3338696
3338697
3338698
3338699
3338700
3338701
3338702
3338703
3338704
3338705
3338706
3338707
3338708
3338709
3338710
3338711
3338712
3338713
3338714
3338715
3338716
3338717
3338718
3338719
3338720
3338721
3338722
3338723
3338724
3338725
3338726
3338727
3338728
3338729
3338730
3338731
3338732
3338733
3338734
3338735
3338736
3338737
3338738
3338739
3338740
3338741
3338742
3338743
3338744
3338745
3338746
3338747
3338748
3338749
3338750
3338751
3338752
3338753
3338754
3338755
3338756
3338757
3338758
3338759
3338760
3338761
3338762
3338763
3338764
3338765
3338766
3338767
3338768
3338769
3338770
3338771
3338772
3338773
3338774
3338775
3338776
3338777
3338778
3338779
3338780
3338781
3338782
3338783
3338784
3338785
3338786
3338787
3338788
3338789
3338790
3338791
3338792
3338793
3338794
3338795
3338796
3338797
3338798
3338799
3338800
3338801
3338802
3338803
3338804
3338805
3338806
3338807
3338808
3338809
3338810
3338811
3338812
3338813
3338814
3338815
3338816
3338817
3338818
3338819
3338820
3338821
3338822
3338823
3338824
3338825
3338826
3338827
3338828
3338829
3338830
3338831
3338832
3338833
3338834
3338835
3338836
3338837
3338838
3338839
3338840
3338841
3338842
3338843
3338844
3338845
3338846
3338847
3338848
3338849
3338850
3338851
3338852
3338853
3338854
3338855
3338856
3338857
3338858
3338859
3338860
3338861
3338862
3338863
3338864
3338865
3338866
3338867
3338868
3338869
3338870
3338871
3338872
3338873
3338874
3338875
3338876
3338877
3338878
3338879
3338880
3338881
3338882
3338883
3338884
3338885
3338886
3338887
3338888
3338889
3338890
3338891
3338892
3338893
3338894
3338895
3338896
3338897
3338898
3338899
3338900
3338901
3338902
3338903
3338904
3338905
3338906
3338907
3338908
3338909
3338910
3338911
3338912
3338913
3338914
3338915
3338916
3338917
3338918
3338919
3338920
3338921
3338922
3338923
3338924
3338925
3338926
3338927
3338928
3338929
3338930
3338931
3338932
3338933
3338934
3338935
3338936
3338937
3338938
3338939
3338940
3338941
3338942
3338943
3338944
3338945
3338946
3338947
3338948
3338949
3338950
3338951
3338952
3338953
3338954
3338955
3338956
3338957
3338958
3338959
3338960
3338961
3338962
3338963
3338964
3338965
3338966
3338967
3338968
3338969
3338970
3338971
3338972
3338973
3338974
3338975
3338976
3338977
3338978
3338979
3338980
3338981
3338982
3338983
3338984
3338985
3338986
3338987
3338988
3338989
3338990
3338991
3338992
3338993
3338994
3338995
3338996
3338997
3338998
3338999
3339000
3339001
3339002
3339003
3339004
3339005
3339006
3339007
3339008
3339009
3339010
3339011
3339012
3339013
3339014
3339015
3339016
3339017
3339018
3339019
3339020
3339021
3339022
3339023
3339024
3339025
3339026
3339027
3339028
3339029
3339030
3339031
3339032
3339033
3339034
3339035
3339036
3339037
3339038
3339039
3339040
3339041
3339042
3339043
3339044
3339045
3339046
3339047
3339048
3339049
3339050
3339051
3339052
3339053
3339054
3339055
3339056
3339057
3339058
3339059
3339060
3339061
3339062
3339063
3339064
3339065
3339066
3339067
3339068
3339069
3339070
3339071
3339072
3339073
3339074
3339075
3339076
3339077
3339078
3339079
3339080
3339081
3339082
3339083
3339084
3339085
3339086
3339087
3339088
3339089
3339090
3339091
3339092
3339093
3339094
3339095
3339096
3339097
3339098
3339099
3339100
3339101
3339102
3339103
3339104
3339105
3339106
3339107
3339108
3339109
3339110
3339111
3339112
3339113
3339114
3339115
3339116
3339117
3339118
3339119
3339120
3339121
3339122
3339123
3339124
3339125
3339126
3339127
3339128
3339129
3339130
3339131
3339132
3339133
3339134
3339135
3339136
3339137
3339138
3339139
3339140
3339141
3339142
3339143
3339144
3339145
3339146
3339147
3339148
3339149
3339150
3339151
3339152
3339153
3339154
3339155
3339156
3339157
3339158
3339159
3339160
3339161
3339162
3339163
3339164
3339165
3339166
3339167
3339168
3339169
3339170
3339171
3339172
3339173
3339174
3339175
3339176
3339177
3339178
3339179
3339180
3339181
3339182
3339183
3339184
3339185
3339186
3339187
3339188
3339189
3339190
3339191
3339192
3339193
3339194
3339195
3339196
3339197
3339198
3339199
3339200
3339201
3339202
3339203
3339204
3339205
3339206
3339207
3339208
3339209
3339210
3339211
3339212
3339213
3339214
3339215
3339216
3339217
3339218
3339219
3339220
3339221
3339222
3339223
3339224
3339225
3339226
3339227
3339228
3339229
3339230
3339231
3339232
3339233
3339234
3339235
3339236
3339237
3339238
3339239
3339240
3339241
3339242
3339243
3339244
3339245
3339246
3339247
3339248
3339249
3339250
3339251
3339252
3339253
3339254
3339255
3339256
3339257
3339258
3339259
3339260
3339261
3339262
3339263
3339264
3339265
3339266
3339267
3339268
3339269
3339270
3339271
3339272
3339273
3339274
3339275
3339276
3339277
3339278
3339279
3339280
3339281
3339282
3339283
3339284
3339285
3339286
3339287
3339288
3339289
3339290
3339291
3339292
3339293
3339294
3339295
3339296
3339297
3339298
3339299
3339300
3339301
3339302
3339303
3339304
3339305
3339306
3339307
3339308
3339309
3339310
3339311
3339312
3339313
3339314
3339315
3339316
3339317
3339318
3339319
3339320
3339321
3339322
3339323
3339324
3339325
3339326
3339327
3339328
3339329
3339330
3339331
3339332
3339333
3339334
3339335
3339336
3339337
3339338
3339339
3339340
3339341
3339342
3339343
3339344
3339345
3339346
3339347
3339348
3339349
3339350
3339351
3339352
3339353
3339354
3339355
3339356
3339357
3339358
3339359
3339360
3339361
3339362
3339363
3339364
3339365
3339366
3339367
3339368
3339369
3339370
3339371
3339372
3339373
3339374
3339375
3339376
3339377
3339378
3339379
3339380
3339381
3339382
3339383
3339384
3339385
3339386
3339387
3339388
3339389
3339390
3339391
3339392
3339393
3339394
3339395
3339396
3339397
3339398
3339399
3339400
3339401
3339402
3339403
3339404
3339405
3339406
3339407
3339408
3339409
3339410
3339411
3339412
3339413
3339414
3339415
3339416
3339417
3339418
3339419
3339420
3339421
3339422
3339423
3339424
3339425
3339426
3339427
3339428
3339429
3339430
3339431
3339432
3339433
3339434
3339435
3339436
3339437
3339438
3339439
3339440
3339441
3339442
3339443
3339444
3339445
3339446
3339447
3339448
3339449
3339450
3339451
3339452
3339453
3339454
3339455
3339456
3339457
3339458
3339459
3339460
3339461
3339462
3339463
3339464
3339465
3339466
3339467
3339468
3339469
3339470
3339471
3339472
3339473
3339474
3339475
3339476
3339477
3339478
3339479
3339480
3339481
3339482
3339483
3339484
3339485
3339486
3339487
3339488
3339489
3339490
3339491
3339492
3339493
3339494
3339495
3339496
3339497
3339498
3339499
3339500
3339501
3339502
3339503
3339504
3339505
3339506
3339507
3339508
3339509
3339510
3339511
3339512
3339513
3339514
3339515
3339516
3339517
3339518
3339519
3339520
3339521
3339522
3339523
3339524
3339525
3339526
3339527
3339528
3339529
3339530
3339531
3339532
3339533
3339534
3339535
3339536
3339537
3339538
3339539
3339540
3339541
3339542
3339543
3339544
3339545
3339546
3339547
3339548
3339549
3339550
3339551
3339552
3339553
3339554
3339555
3339556
3339557
3339558
3339559
3339560
3339561
3339562
3339563
3339564
3339565
3339566
3339567
3339568
3339569
3339570
3339571
3339572
3339573
3339574
3339575
3339576
3339577
3339578
3339579
3339580
3339581
3339582
3339583
3339584
3339585
3339586
3339587
3339588
3339589
3339590
3339591
3339592
3339593
3339594
3339595
3339596
3339597
3339598
3339599
3339600
3339601
3339602
3339603
3339604
3339605
3339606
3339607
3339608
3339609
3339610
3339611
3339612
3339613
3339614
3339615
3339616
3339617
3339618
3339619
3339620
3339621
3339622
3339623
3339624
3339625
3339626
3339627
3339628
3339629
3339630
3339631
3339632
3339633
3339634
3339635
3339636
3339637
3339638
3339639
3339640
3339641
3339642
3339643
3339644
3339645
3339646
3339647
3339648
3339649
3339650
3339651
3339652
3339653
3339654
3339655
3339656
3339657
3339658
3339659
3339660
3339661
3339662
3339663
3339664
3339665
3339666
3339667
3339668
3339669
3339670
3339671
3339672
3339673
3339674
3339675
3339676
3339677
3339678
3339679
3339680
3339681
3339682
3339683
3339684
3339685
3339686
3339687
3339688
3339689
3339690
3339691
3339692
3339693
3339694
3339695
3339696
3339697
3339698
3339699
3339700
3339701
3339702
3339703
3339704
3339705
3339706
3339707
3339708
3339709
3339710
3339711
3339712
3339713
3339714
3339715
3339716
3339717
3339718
3339719
3339720
3339721
3339722
3339723
3339724
3339725
3339726
3339727
3339728
3339729
3339730
3339731
3339732
3339733
3339734
3339735
3339736
3339737
3339738
3339739
3339740
3339741
3339742
3339743
3339744
3339745
3339746
3339747
3339748
3339749
3339750
3339751
3339752
3339753
3339754
3339755
3339756
3339757
3339758
3339759
3339760
3339761
3339762
3339763
3339764
3339765
3339766
3339767
3339768
3339769
3339770
3339771
3339772
3339773
3339774
3339775
3339776
3339777
3339778
3339779
3339780
3339781
3339782
3339783
3339784
3339785
3339786
3339787
3339788
3339789
3339790
3339791
3339792
3339793
3339794
3339795
3339796
3339797
3339798
3339799
3339800
3339801
3339802
3339803
3339804
3339805
3339806
3339807
3339808
3339809
3339810
3339811
3339812
3339813
3339814
3339815
3339816
3339817
3339818
3339819
3339820
3339821
3339822
3339823
3339824
3339825
3339826
3339827
3339828
3339829
3339830
3339831
3339832
3339833
3339834
3339835
3339836
3339837
3339838
3339839
3339840
3339841
3339842
3339843
3339844
3339845
3339846
3339847
3339848
3339849
3339850
3339851
3339852
3339853
3339854
3339855
3339856
3339857
3339858
3339859
3339860
3339861
3339862
3339863
3339864
3339865
3339866
3339867
3339868
3339869
3339870
3339871
3339872
3339873
3339874
3339875
3339876
3339877
3339878
3339879
3339880
3339881
3339882
3339883
3339884
3339885
3339886
3339887
3339888
3339889
3339890
3339891
3339892
3339893
3339894
3339895
3339896
3339897
3339898
3339899
3339900
3339901
3339902
3339903
3339904
3339905
3339906
3339907
3339908
3339909
3339910
3339911
3339912
3339913
3339914
3339915
3339916
3339917
3339918
3339919
3339920
3339921
3339922
3339923
3339924
3339925
3339926
3339927
3339928
3339929
3339930
3339931
3339932
3339933
3339934
3339935
3339936
3339937
3339938
3339939
3339940
3339941
3339942
3339943
3339944
3339945
3339946
3339947
3339948
3339949
3339950
3339951
3339952
3339953
3339954
3339955
3339956
3339957
3339958
3339959
3339960
3339961
3339962
3339963
3339964
3339965
3339966
3339967
3339968
3339969
3339970
3339971
3339972
3339973
3339974
3339975
3339976
3339977
3339978
3339979
3339980
3339981
3339982
3339983
3339984
3339985
3339986
3339987
3339988
3339989
3339990
3339991
3339992
3339993
3339994
3339995
3339996
3339997
3339998
3339999
3340000
