3490001
3490002
3490003
3490004
3490005
3490006
3490007
3490008
3490009
3490010
3490011
3490012
3490013
3490014
3490015
3490016
3490017
3490018
3490019
3490020
3490021
3490022
3490023
3490024
3490025
3490026
3490027
3490028
3490029
3490030
3490031
3490032
3490033
3490034
3490035
3490036
3490037
3490038
3490039
3490040
3490041
3490042
3490043
3490044
3490045
3490046
3490047
3490048
3490049
3490050
3490051
3490052
3490053
3490054
3490055
3490056
3490057
3490058
3490059
3490060
3490061
3490062
3490063
3490064
3490065
3490066
3490067
3490068
3490069
3490070
3490071
3490072
3490073
3490074
3490075
3490076
3490077
3490078
3490079
3490080
3490081
3490082
3490083
3490084
3490085
3490086
3490087
3490088
3490089
3490090
3490091
3490092
3490093
3490094
3490095
3490096
3490097
3490098
3490099
3490100
3490101
3490102
3490103
3490104
3490105
3490106
3490107
3490108
3490109
3490110
3490111
3490112
3490113
3490114
3490115
3490116
3490117
3490118
3490119
3490120
3490121
3490122
3490123
3490124
3490125
3490126
3490127
3490128
3490129
3490130
3490131
3490132
3490133
3490134
3490135
3490136
3490137
3490138
3490139
3490140
3490141
3490142
3490143
3490144
3490145
3490146
3490147
3490148
3490149
3490150
3490151
3490152
3490153
3490154
3490155
3490156
3490157
3490158
3490159
3490160
3490161
3490162
3490163
3490164
3490165
3490166
3490167
3490168
3490169
3490170
3490171
3490172
3490173
3490174
3490175
3490176
3490177
3490178
3490179
3490180
3490181
3490182
3490183
3490184
3490185
3490186
3490187
3490188
3490189
3490190
3490191
3490192
3490193
3490194
3490195
3490196
3490197
3490198
3490199
3490200
3490201
3490202
3490203
3490204
3490205
3490206
3490207
3490208
3490209
3490210
3490211
3490212
3490213
3490214
3490215
3490216
3490217
3490218
3490219
3490220
3490221
3490222
3490223
3490224
3490225
3490226
3490227
3490228
3490229
3490230
3490231
3490232
3490233
3490234
3490235
3490236
3490237
3490238
3490239
3490240
3490241
3490242
3490243
3490244
3490245
3490246
3490247
3490248
3490249
3490250
3490251
3490252
3490253
3490254
3490255
3490256
3490257
3490258
3490259
3490260
3490261
3490262
3490263
3490264
3490265
3490266
3490267
3490268
3490269
3490270
3490271
3490272
3490273
3490274
3490275
3490276
3490277
3490278
3490279
3490280
3490281
3490282
3490283
3490284
3490285
3490286
3490287
3490288
3490289
3490290
3490291
3490292
3490293
3490294
3490295
3490296
3490297
3490298
3490299
3490300
3490301
3490302
3490303
3490304
3490305
3490306
3490307
3490308
3490309
3490310
3490311
3490312
3490313
3490314
3490315
3490316
3490317
3490318
3490319
3490320
3490321
3490322
3490323
3490324
3490325
3490326
3490327
3490328
3490329
3490330
3490331
3490332
3490333
3490334
3490335
3490336
3490337
3490338
3490339
3490340
3490341
3490342
3490343
3490344
3490345
3490346
3490347
3490348
3490349
3490350
3490351
3490352
3490353
3490354
3490355
3490356
3490357
3490358
3490359
3490360
3490361
3490362
3490363
3490364
3490365
3490366
3490367
3490368
3490369
3490370
3490371
3490372
3490373
3490374
3490375
3490376
3490377
3490378
3490379
3490380
3490381
3490382
3490383
3490384
3490385
3490386
3490387
3490388
3490389
3490390
3490391
3490392
3490393
3490394
3490395
3490396
3490397
3490398
3490399
3490400
3490401
3490402
3490403
3490404
3490405
3490406
3490407
3490408
3490409
3490410
3490411
3490412
3490413
3490414
3490415
3490416
3490417
3490418
3490419
3490420
3490421
3490422
3490423
3490424
3490425
3490426
3490427
3490428
3490429
3490430
3490431
3490432
3490433
3490434
3490435
3490436
3490437
3490438
3490439
3490440
3490441
3490442
3490443
3490444
3490445
3490446
3490447
3490448
3490449
3490450
3490451
3490452
3490453
3490454
3490455
3490456
3490457
3490458
3490459
3490460
3490461
3490462
3490463
3490464
3490465
3490466
3490467
3490468
3490469
3490470
3490471
3490472
3490473
3490474
3490475
3490476
3490477
3490478
3490479
3490480
3490481
3490482
3490483
3490484
3490485
3490486
3490487
3490488
3490489
3490490
3490491
3490492
3490493
3490494
3490495
3490496
3490497
3490498
3490499
3490500
3490501
3490502
3490503
3490504
3490505
3490506
3490507
3490508
3490509
3490510
3490511
3490512
3490513
3490514
3490515
3490516
3490517
3490518
3490519
3490520
3490521
3490522
3490523
3490524
3490525
3490526
3490527
3490528
3490529
3490530
3490531
3490532
3490533
3490534
3490535
3490536
3490537
3490538
3490539
3490540
3490541
3490542
3490543
3490544
3490545
3490546
3490547
3490548
3490549
3490550
3490551
3490552
3490553
3490554
3490555
3490556
3490557
3490558
3490559
3490560
3490561
3490562
3490563
3490564
3490565
3490566
3490567
3490568
3490569
3490570
3490571
3490572
3490573
3490574
3490575
3490576
3490577
3490578
3490579
3490580
3490581
3490582
3490583
3490584
3490585
3490586
3490587
3490588
3490589
3490590
3490591
3490592
3490593
3490594
3490595
3490596
3490597
3490598
3490599
3490600
3490601
3490602
3490603
3490604
3490605
3490606
3490607
3490608
3490609
3490610
3490611
3490612
3490613
3490614
3490615
3490616
3490617
3490618
3490619
3490620
3490621
3490622
3490623
3490624
3490625
3490626
3490627
3490628
3490629
3490630
3490631
3490632
3490633
3490634
3490635
3490636
3490637
3490638
3490639
3490640
3490641
3490642
3490643
3490644
3490645
3490646
3490647
3490648
3490649
3490650
3490651
3490652
3490653
3490654
3490655
3490656
3490657
3490658
3490659
3490660
3490661
3490662
3490663
3490664
3490665
3490666
3490667
3490668
3490669
3490670
3490671
3490672
3490673
3490674
3490675
3490676
3490677
3490678
3490679
3490680
3490681
3490682
3490683
3490684
3490685
3490686
3490687
3490688
3490689
3490690
3490691
3490692
3490693
3490694
3490695
3490696
3490697
3490698
3490699
3490700
3490701
3490702
3490703
3490704
3490705
3490706
3490707
3490708
3490709
3490710
3490711
3490712
3490713
3490714
3490715
3490716
3490717
3490718
3490719
3490720
3490721
3490722
3490723
3490724
3490725
3490726
3490727
3490728
3490729
3490730
3490731
3490732
3490733
3490734
3490735
3490736
3490737
3490738
3490739
3490740
3490741
3490742
3490743
3490744
3490745
3490746
3490747
3490748
3490749
3490750
3490751
3490752
3490753
3490754
3490755
3490756
3490757
3490758
3490759
3490760
3490761
3490762
3490763
3490764
3490765
3490766
3490767
3490768
3490769
3490770
3490771
3490772
3490773
3490774
3490775
3490776
3490777
3490778
3490779
3490780
3490781
3490782
3490783
3490784
3490785
3490786
3490787
3490788
3490789
3490790
3490791
3490792
3490793
3490794
3490795
3490796
3490797
3490798
3490799
3490800
3490801
3490802
3490803
3490804
3490805
3490806
3490807
3490808
3490809
3490810
3490811
3490812
3490813
3490814
3490815
3490816
3490817
3490818
3490819
3490820
3490821
3490822
3490823
3490824
3490825
3490826
3490827
3490828
3490829
3490830
3490831
3490832
3490833
3490834
3490835
3490836
3490837
3490838
3490839
3490840
3490841
3490842
3490843
3490844
3490845
3490846
3490847
3490848
3490849
3490850
3490851
3490852
3490853
3490854
3490855
3490856
3490857
3490858
3490859
3490860
3490861
3490862
3490863
3490864
3490865
3490866
3490867
3490868
3490869
3490870
3490871
3490872
3490873
3490874
3490875
3490876
3490877
3490878
3490879
3490880
3490881
3490882
3490883
3490884
3490885
3490886
3490887
3490888
3490889
3490890
3490891
3490892
3490893
3490894
3490895
3490896
3490897
3490898
3490899
3490900
3490901
3490902
3490903
3490904
3490905
3490906
3490907
3490908
3490909
3490910
3490911
3490912
3490913
3490914
3490915
3490916
3490917
3490918
3490919
3490920
3490921
3490922
3490923
3490924
3490925
3490926
3490927
3490928
3490929
3490930
3490931
3490932
3490933
3490934
3490935
3490936
3490937
3490938
3490939
3490940
3490941
3490942
3490943
3490944
3490945
3490946
3490947
3490948
3490949
3490950
3490951
3490952
3490953
3490954
3490955
3490956
3490957
3490958
3490959
3490960
3490961
3490962
3490963
3490964
3490965
3490966
3490967
3490968
3490969
3490970
3490971
3490972
3490973
3490974
3490975
3490976
3490977
3490978
3490979
3490980
3490981
3490982
3490983
3490984
3490985
3490986
3490987
3490988
3490989
3490990
3490991
3490992
3490993
3490994
3490995
3490996
3490997
3490998
3490999
3491000
3491001
3491002
3491003
3491004
3491005
3491006
3491007
3491008
3491009
3491010
3491011
3491012
3491013
3491014
3491015
3491016
3491017
3491018
3491019
3491020
3491021
3491022
3491023
3491024
3491025
3491026
3491027
3491028
3491029
3491030
3491031
3491032
3491033
3491034
3491035
3491036
3491037
3491038
3491039
3491040
3491041
3491042
3491043
3491044
3491045
3491046
3491047
3491048
3491049
3491050
3491051
3491052
3491053
3491054
3491055
3491056
3491057
3491058
3491059
3491060
3491061
3491062
3491063
3491064
3491065
3491066
3491067
3491068
3491069
3491070
3491071
3491072
3491073
3491074
3491075
3491076
3491077
3491078
3491079
3491080
3491081
3491082
3491083
3491084
3491085
3491086
3491087
3491088
3491089
3491090
3491091
3491092
3491093
3491094
3491095
3491096
3491097
3491098
3491099
3491100
3491101
3491102
3491103
3491104
3491105
3491106
3491107
3491108
3491109
3491110
3491111
3491112
3491113
3491114
3491115
3491116
3491117
3491118
3491119
3491120
3491121
3491122
3491123
3491124
3491125
3491126
3491127
3491128
3491129
3491130
3491131
3491132
3491133
3491134
3491135
3491136
3491137
3491138
3491139
3491140
3491141
3491142
3491143
3491144
3491145
3491146
3491147
3491148
3491149
3491150
3491151
3491152
3491153
3491154
3491155
3491156
3491157
3491158
3491159
3491160
3491161
3491162
3491163
3491164
3491165
3491166
3491167
3491168
3491169
3491170
3491171
3491172
3491173
3491174
3491175
3491176
3491177
3491178
3491179
3491180
3491181
3491182
3491183
3491184
3491185
3491186
3491187
3491188
3491189
3491190
3491191
3491192
3491193
3491194
3491195
3491196
3491197
3491198
3491199
3491200
3491201
3491202
3491203
3491204
3491205
3491206
3491207
3491208
3491209
3491210
3491211
3491212
3491213
3491214
3491215
3491216
3491217
3491218
3491219
3491220
3491221
3491222
3491223
3491224
3491225
3491226
3491227
3491228
3491229
3491230
3491231
3491232
3491233
3491234
3491235
3491236
3491237
3491238
3491239
3491240
3491241
3491242
3491243
3491244
3491245
3491246
3491247
3491248
3491249
3491250
3491251
3491252
3491253
3491254
3491255
3491256
3491257
3491258
3491259
3491260
3491261
3491262
3491263
3491264
3491265
3491266
3491267
3491268
3491269
3491270
3491271
3491272
3491273
3491274
3491275
3491276
3491277
3491278
3491279
3491280
3491281
3491282
3491283
3491284
3491285
3491286
3491287
3491288
3491289
3491290
3491291
3491292
3491293
3491294
3491295
3491296
3491297
3491298
3491299
3491300
3491301
3491302
3491303
3491304
3491305
3491306
3491307
3491308
3491309
3491310
3491311
3491312
3491313
3491314
3491315
3491316
3491317
3491318
3491319
3491320
3491321
3491322
3491323
3491324
3491325
3491326
3491327
3491328
3491329
3491330
3491331
3491332
3491333
3491334
3491335
3491336
3491337
3491338
3491339
3491340
3491341
3491342
3491343
3491344
3491345
3491346
3491347
3491348
3491349
3491350
3491351
3491352
3491353
3491354
3491355
3491356
3491357
3491358
3491359
3491360
3491361
3491362
3491363
3491364
3491365
3491366
3491367
3491368
3491369
3491370
3491371
3491372
3491373
3491374
3491375
3491376
3491377
3491378
3491379
3491380
3491381
3491382
3491383
3491384
3491385
3491386
3491387
3491388
3491389
3491390
3491391
3491392
3491393
3491394
3491395
3491396
3491397
3491398
3491399
3491400
3491401
3491402
3491403
3491404
3491405
3491406
3491407
3491408
3491409
3491410
3491411
3491412
3491413
3491414
3491415
3491416
3491417
3491418
3491419
3491420
3491421
3491422
3491423
3491424
3491425
3491426
3491427
3491428
3491429
3491430
3491431
3491432
3491433
3491434
3491435
3491436
3491437
3491438
3491439
3491440
3491441
3491442
3491443
3491444
3491445
3491446
3491447
3491448
3491449
3491450
3491451
3491452
3491453
3491454
3491455
3491456
3491457
3491458
3491459
3491460
3491461
3491462
3491463
3491464
3491465
3491466
3491467
3491468
3491469
3491470
3491471
3491472
3491473
3491474
3491475
3491476
3491477
3491478
3491479
3491480
3491481
3491482
3491483
3491484
3491485
3491486
3491487
3491488
3491489
3491490
3491491
3491492
3491493
3491494
3491495
3491496
3491497
3491498
3491499
3491500
3491501
3491502
3491503
3491504
3491505
3491506
3491507
3491508
3491509
3491510
3491511
3491512
3491513
3491514
3491515
3491516
3491517
3491518
3491519
3491520
3491521
3491522
3491523
3491524
3491525
3491526
3491527
3491528
3491529
3491530
3491531
3491532
3491533
3491534
3491535
3491536
3491537
3491538
3491539
3491540
3491541
3491542
3491543
3491544
3491545
3491546
3491547
3491548
3491549
3491550
3491551
3491552
3491553
3491554
3491555
3491556
3491557
3491558
3491559
3491560
3491561
3491562
3491563
3491564
3491565
3491566
3491567
3491568
3491569
3491570
3491571
3491572
3491573
3491574
3491575
3491576
3491577
3491578
3491579
3491580
3491581
3491582
3491583
3491584
3491585
3491586
3491587
3491588
3491589
3491590
3491591
3491592
3491593
3491594
3491595
3491596
3491597
3491598
3491599
3491600
3491601
3491602
3491603
3491604
3491605
3491606
3491607
3491608
3491609
3491610
3491611
3491612
3491613
3491614
3491615
3491616
3491617
3491618
3491619
3491620
3491621
3491622
3491623
3491624
3491625
3491626
3491627
3491628
3491629
3491630
3491631
3491632
3491633
3491634
3491635
3491636
3491637
3491638
3491639
3491640
3491641
3491642
3491643
3491644
3491645
3491646
3491647
3491648
3491649
3491650
3491651
3491652
3491653
3491654
3491655
3491656
3491657
3491658
3491659
3491660
3491661
3491662
3491663
3491664
3491665
3491666
3491667
3491668
3491669
3491670
3491671
3491672
3491673
3491674
3491675
3491676
3491677
3491678
3491679
3491680
3491681
3491682
3491683
3491684
3491685
3491686
3491687
3491688
3491689
3491690
3491691
3491692
3491693
3491694
3491695
3491696
3491697
3491698
3491699
3491700
3491701
3491702
3491703
3491704
3491705
3491706
3491707
3491708
3491709
3491710
3491711
3491712
3491713
3491714
3491715
3491716
3491717
3491718
3491719
3491720
3491721
3491722
3491723
3491724
3491725
3491726
3491727
3491728
3491729
3491730
3491731
3491732
3491733
3491734
3491735
3491736
3491737
3491738
3491739
3491740
3491741
3491742
3491743
3491744
3491745
3491746
3491747
3491748
3491749
3491750
3491751
3491752
3491753
3491754
3491755
3491756
3491757
3491758
3491759
3491760
3491761
3491762
3491763
3491764
3491765
3491766
3491767
3491768
3491769
3491770
3491771
3491772
3491773
3491774
3491775
3491776
3491777
3491778
3491779
3491780
3491781
3491782
3491783
3491784
3491785
3491786
3491787
3491788
3491789
3491790
3491791
3491792
3491793
3491794
3491795
3491796
3491797
3491798
3491799
3491800
3491801
3491802
3491803
3491804
3491805
3491806
3491807
3491808
3491809
3491810
3491811
3491812
3491813
3491814
3491815
3491816
3491817
3491818
3491819
3491820
3491821
3491822
3491823
3491824
3491825
3491826
3491827
3491828
3491829
3491830
3491831
3491832
3491833
3491834
3491835
3491836
3491837
3491838
3491839
3491840
3491841
3491842
3491843
3491844
3491845
3491846
3491847
3491848
3491849
3491850
3491851
3491852
3491853
3491854
3491855
3491856
3491857
3491858
3491859
3491860
3491861
3491862
3491863
3491864
3491865
3491866
3491867
3491868
3491869
3491870
3491871
3491872
3491873
3491874
3491875
3491876
3491877
3491878
3491879
3491880
3491881
3491882
3491883
3491884
3491885
3491886
3491887
3491888
3491889
3491890
3491891
3491892
3491893
3491894
3491895
3491896
3491897
3491898
3491899
3491900
3491901
3491902
3491903
3491904
3491905
3491906
3491907
3491908
3491909
3491910
3491911
3491912
3491913
3491914
3491915
3491916
3491917
3491918
3491919
3491920
3491921
3491922
3491923
3491924
3491925
3491926
3491927
3491928
3491929
3491930
3491931
3491932
3491933
3491934
3491935
3491936
3491937
3491938
3491939
3491940
3491941
3491942
3491943
3491944
3491945
3491946
3491947
3491948
3491949
3491950
3491951
3491952
3491953
3491954
3491955
3491956
3491957
3491958
3491959
3491960
3491961
3491962
3491963
3491964
3491965
3491966
3491967
3491968
3491969
3491970
3491971
3491972
3491973
3491974
3491975
3491976
3491977
3491978
3491979
3491980
3491981
3491982
3491983
3491984
3491985
3491986
3491987
3491988
3491989
3491990
3491991
3491992
3491993
3491994
3491995
3491996
3491997
3491998
3491999
3492000
3492001
3492002
3492003
3492004
3492005
3492006
3492007
3492008
3492009
3492010
3492011
3492012
3492013
3492014
3492015
3492016
3492017
3492018
3492019
3492020
3492021
3492022
3492023
3492024
3492025
3492026
3492027
3492028
3492029
3492030
3492031
3492032
3492033
3492034
3492035
3492036
3492037
3492038
3492039
3492040
3492041
3492042
3492043
3492044
3492045
3492046
3492047
3492048
3492049
3492050
3492051
3492052
3492053
3492054
3492055
3492056
3492057
3492058
3492059
3492060
3492061
3492062
3492063
3492064
3492065
3492066
3492067
3492068
3492069
3492070
3492071
3492072
3492073
3492074
3492075
3492076
3492077
3492078
3492079
3492080
3492081
3492082
3492083
3492084
3492085
3492086
3492087
3492088
3492089
3492090
3492091
3492092
3492093
3492094
3492095
3492096
3492097
3492098
3492099
3492100
3492101
3492102
3492103
3492104
3492105
3492106
3492107
3492108
3492109
3492110
3492111
3492112
3492113
3492114
3492115
3492116
3492117
3492118
3492119
3492120
3492121
3492122
3492123
3492124
3492125
3492126
3492127
3492128
3492129
3492130
3492131
3492132
3492133
3492134
3492135
3492136
3492137
3492138
3492139
3492140
3492141
3492142
3492143
3492144
3492145
3492146
3492147
3492148
3492149
3492150
3492151
3492152
3492153
3492154
3492155
3492156
3492157
3492158
3492159
3492160
3492161
3492162
3492163
3492164
3492165
3492166
3492167
3492168
3492169
3492170
3492171
3492172
3492173
3492174
3492175
3492176
3492177
3492178
3492179
3492180
3492181
3492182
3492183
3492184
3492185
3492186
3492187
3492188
3492189
3492190
3492191
3492192
3492193
3492194
3492195
3492196
3492197
3492198
3492199
3492200
3492201
3492202
3492203
3492204
3492205
3492206
3492207
3492208
3492209
3492210
3492211
3492212
3492213
3492214
3492215
3492216
3492217
3492218
3492219
3492220
3492221
3492222
3492223
3492224
3492225
3492226
3492227
3492228
3492229
3492230
3492231
3492232
3492233
3492234
3492235
3492236
3492237
3492238
3492239
3492240
3492241
3492242
3492243
3492244
3492245
3492246
3492247
3492248
3492249
3492250
3492251
3492252
3492253
3492254
3492255
3492256
3492257
3492258
3492259
3492260
3492261
3492262
3492263
3492264
3492265
3492266
3492267
3492268
3492269
3492270
3492271
3492272
3492273
3492274
3492275
3492276
3492277
3492278
3492279
3492280
3492281
3492282
3492283
3492284
3492285
3492286
3492287
3492288
3492289
3492290
3492291
3492292
3492293
3492294
3492295
3492296
3492297
3492298
3492299
3492300
3492301
3492302
3492303
3492304
3492305
3492306
3492307
3492308
3492309
3492310
3492311
3492312
3492313
3492314
3492315
3492316
3492317
3492318
3492319
3492320
3492321
3492322
3492323
3492324
3492325
3492326
3492327
3492328
3492329
3492330
3492331
3492332
3492333
3492334
3492335
3492336
3492337
3492338
3492339
3492340
3492341
3492342
3492343
3492344
3492345
3492346
3492347
3492348
3492349
3492350
3492351
3492352
3492353
3492354
3492355
3492356
3492357
3492358
3492359
3492360
3492361
3492362
3492363
3492364
3492365
3492366
3492367
3492368
3492369
3492370
3492371
3492372
3492373
3492374
3492375
3492376
3492377
3492378
3492379
3492380
3492381
3492382
3492383
3492384
3492385
3492386
3492387
3492388
3492389
3492390
3492391
3492392
3492393
3492394
3492395
3492396
3492397
3492398
3492399
3492400
3492401
3492402
3492403
3492404
3492405
3492406
3492407
3492408
3492409
3492410
3492411
3492412
3492413
3492414
3492415
3492416
3492417
3492418
3492419
3492420
3492421
3492422
3492423
3492424
3492425
3492426
3492427
3492428
3492429
3492430
3492431
3492432
3492433
3492434
3492435
3492436
3492437
3492438
3492439
3492440
3492441
3492442
3492443
3492444
3492445
3492446
3492447
3492448
3492449
3492450
3492451
3492452
3492453
3492454
3492455
3492456
3492457
3492458
3492459
3492460
3492461
3492462
3492463
3492464
3492465
3492466
3492467
3492468
3492469
3492470
3492471
3492472
3492473
3492474
3492475
3492476
3492477
3492478
3492479
3492480
3492481
3492482
3492483
3492484
3492485
3492486
3492487
3492488
3492489
3492490
3492491
3492492
3492493
3492494
3492495
3492496
3492497
3492498
3492499
3492500
3492501
3492502
3492503
3492504
3492505
3492506
3492507
3492508
3492509
3492510
3492511
3492512
3492513
3492514
3492515
3492516
3492517
3492518
3492519
3492520
3492521
3492522
3492523
3492524
3492525
3492526
3492527
3492528
3492529
3492530
3492531
3492532
3492533
3492534
3492535
3492536
3492537
3492538
3492539
3492540
3492541
3492542
3492543
3492544
3492545
3492546
3492547
3492548
3492549
3492550
3492551
3492552
3492553
3492554
3492555
3492556
3492557
3492558
3492559
3492560
3492561
3492562
3492563
3492564
3492565
3492566
3492567
3492568
3492569
3492570
3492571
3492572
3492573
3492574
3492575
3492576
3492577
3492578
3492579
3492580
3492581
3492582
3492583
3492584
3492585
3492586
3492587
3492588
3492589
3492590
3492591
3492592
3492593
3492594
3492595
3492596
3492597
3492598
3492599
3492600
3492601
3492602
3492603
3492604
3492605
3492606
3492607
3492608
3492609
3492610
3492611
3492612
3492613
3492614
3492615
3492616
3492617
3492618
3492619
3492620
3492621
3492622
3492623
3492624
3492625
3492626
3492627
3492628
3492629
3492630
3492631
3492632
3492633
3492634
3492635
3492636
3492637
3492638
3492639
3492640
3492641
3492642
3492643
3492644
3492645
3492646
3492647
3492648
3492649
3492650
3492651
3492652
3492653
3492654
3492655
3492656
3492657
3492658
3492659
3492660
3492661
3492662
3492663
3492664
3492665
3492666
3492667
3492668
3492669
3492670
3492671
3492672
3492673
3492674
3492675
3492676
3492677
3492678
3492679
3492680
3492681
3492682
3492683
3492684
3492685
3492686
3492687
3492688
3492689
3492690
3492691
3492692
3492693
3492694
3492695
3492696
3492697
3492698
3492699
3492700
3492701
3492702
3492703
3492704
3492705
3492706
3492707
3492708
3492709
3492710
3492711
3492712
3492713
3492714
3492715
3492716
3492717
3492718
3492719
3492720
3492721
3492722
3492723
3492724
3492725
3492726
3492727
3492728
3492729
3492730
3492731
3492732
3492733
3492734
3492735
3492736
3492737
3492738
3492739
3492740
3492741
3492742
3492743
3492744
3492745
3492746
3492747
3492748
3492749
3492750
3492751
3492752
3492753
3492754
3492755
3492756
3492757
3492758
3492759
3492760
3492761
3492762
3492763
3492764
3492765
3492766
3492767
3492768
3492769
3492770
3492771
3492772
3492773
3492774
3492775
3492776
3492777
3492778
3492779
3492780
3492781
3492782
3492783
3492784
3492785
3492786
3492787
3492788
3492789
3492790
3492791
3492792
3492793
3492794
3492795
3492796
3492797
3492798
3492799
3492800
3492801
3492802
3492803
3492804
3492805
3492806
3492807
3492808
3492809
3492810
3492811
3492812
3492813
3492814
3492815
3492816
3492817
3492818
3492819
3492820
3492821
3492822
3492823
3492824
3492825
3492826
3492827
3492828
3492829
3492830
3492831
3492832
3492833
3492834
3492835
3492836
3492837
3492838
3492839
3492840
3492841
3492842
3492843
3492844
3492845
3492846
3492847
3492848
3492849
3492850
3492851
3492852
3492853
3492854
3492855
3492856
3492857
3492858
3492859
3492860
3492861
3492862
3492863
3492864
3492865
3492866
3492867
3492868
3492869
3492870
3492871
3492872
3492873
3492874
3492875
3492876
3492877
3492878
3492879
3492880
3492881
3492882
3492883
3492884
3492885
3492886
3492887
3492888
3492889
3492890
3492891
3492892
3492893
3492894
3492895
3492896
3492897
3492898
3492899
3492900
3492901
3492902
3492903
3492904
3492905
3492906
3492907
3492908
3492909
3492910
3492911
3492912
3492913
3492914
3492915
3492916
3492917
3492918
3492919
3492920
3492921
3492922
3492923
3492924
3492925
3492926
3492927
3492928
3492929
3492930
3492931
3492932
3492933
3492934
3492935
3492936
3492937
3492938
3492939
3492940
3492941
3492942
3492943
3492944
3492945
3492946
3492947
3492948
3492949
3492950
3492951
3492952
3492953
3492954
3492955
3492956
3492957
3492958
3492959
3492960
3492961
3492962
3492963
3492964
3492965
3492966
3492967
3492968
3492969
3492970
3492971
3492972
3492973
3492974
3492975
3492976
3492977
3492978
3492979
3492980
3492981
3492982
3492983
3492984
3492985
3492986
3492987
3492988
3492989
3492990
3492991
3492992
3492993
3492994
3492995
3492996
3492997
3492998
3492999
3493000
3493001
3493002
3493003
3493004
3493005
3493006
3493007
3493008
3493009
3493010
3493011
3493012
3493013
3493014
3493015
3493016
3493017
3493018
3493019
3493020
3493021
3493022
3493023
3493024
3493025
3493026
3493027
3493028
3493029
3493030
3493031
3493032
3493033
3493034
3493035
3493036
3493037
3493038
3493039
3493040
3493041
3493042
3493043
3493044
3493045
3493046
3493047
3493048
3493049
3493050
3493051
3493052
3493053
3493054
3493055
3493056
3493057
3493058
3493059
3493060
3493061
3493062
3493063
3493064
3493065
3493066
3493067
3493068
3493069
3493070
3493071
3493072
3493073
3493074
3493075
3493076
3493077
3493078
3493079
3493080
3493081
3493082
3493083
3493084
3493085
3493086
3493087
3493088
3493089
3493090
3493091
3493092
3493093
3493094
3493095
3493096
3493097
3493098
3493099
3493100
3493101
3493102
3493103
3493104
3493105
3493106
3493107
3493108
3493109
3493110
3493111
3493112
3493113
3493114
3493115
3493116
3493117
3493118
3493119
3493120
3493121
3493122
3493123
3493124
3493125
3493126
3493127
3493128
3493129
3493130
3493131
3493132
3493133
3493134
3493135
3493136
3493137
3493138
3493139
3493140
3493141
3493142
3493143
3493144
3493145
3493146
3493147
3493148
3493149
3493150
3493151
3493152
3493153
3493154
3493155
3493156
3493157
3493158
3493159
3493160
3493161
3493162
3493163
3493164
3493165
3493166
3493167
3493168
3493169
3493170
3493171
3493172
3493173
3493174
3493175
3493176
3493177
3493178
3493179
3493180
3493181
3493182
3493183
3493184
3493185
3493186
3493187
3493188
3493189
3493190
3493191
3493192
3493193
3493194
3493195
3493196
3493197
3493198
3493199
3493200
3493201
3493202
3493203
3493204
3493205
3493206
3493207
3493208
3493209
3493210
3493211
3493212
3493213
3493214
3493215
3493216
3493217
3493218
3493219
3493220
3493221
3493222
3493223
3493224
3493225
3493226
3493227
3493228
3493229
3493230
3493231
3493232
3493233
3493234
3493235
3493236
3493237
3493238
3493239
3493240
3493241
3493242
3493243
3493244
3493245
3493246
3493247
3493248
3493249
3493250
3493251
3493252
3493253
3493254
3493255
3493256
3493257
3493258
3493259
3493260
3493261
3493262
3493263
3493264
3493265
3493266
3493267
3493268
3493269
3493270
3493271
3493272
3493273
3493274
3493275
3493276
3493277
3493278
3493279
3493280
3493281
3493282
3493283
3493284
3493285
3493286
3493287
3493288
3493289
3493290
3493291
3493292
3493293
3493294
3493295
3493296
3493297
3493298
3493299
3493300
3493301
3493302
3493303
3493304
3493305
3493306
3493307
3493308
3493309
3493310
3493311
3493312
3493313
3493314
3493315
3493316
3493317
3493318
3493319
3493320
3493321
3493322
3493323
3493324
3493325
3493326
3493327
3493328
3493329
3493330
3493331
3493332
3493333
3493334
3493335
3493336
3493337
3493338
3493339
3493340
3493341
3493342
3493343
3493344
3493345
3493346
3493347
3493348
3493349
3493350
3493351
3493352
3493353
3493354
3493355
3493356
3493357
3493358
3493359
3493360
3493361
3493362
3493363
3493364
3493365
3493366
3493367
3493368
3493369
3493370
3493371
3493372
3493373
3493374
3493375
3493376
3493377
3493378
3493379
3493380
3493381
3493382
3493383
3493384
3493385
3493386
3493387
3493388
3493389
3493390
3493391
3493392
3493393
3493394
3493395
3493396
3493397
3493398
3493399
3493400
3493401
3493402
3493403
3493404
3493405
3493406
3493407
3493408
3493409
3493410
3493411
3493412
3493413
3493414
3493415
3493416
3493417
3493418
3493419
3493420
3493421
3493422
3493423
3493424
3493425
3493426
3493427
3493428
3493429
3493430
3493431
3493432
3493433
3493434
3493435
3493436
3493437
3493438
3493439
3493440
3493441
3493442
3493443
3493444
3493445
3493446
3493447
3493448
3493449
3493450
3493451
3493452
3493453
3493454
3493455
3493456
3493457
3493458
3493459
3493460
3493461
3493462
3493463
3493464
3493465
3493466
3493467
3493468
3493469
3493470
3493471
3493472
3493473
3493474
3493475
3493476
3493477
3493478
3493479
3493480
3493481
3493482
3493483
3493484
3493485
3493486
3493487
3493488
3493489
3493490
3493491
3493492
3493493
3493494
3493495
3493496
3493497
3493498
3493499
3493500
3493501
3493502
3493503
3493504
3493505
3493506
3493507
3493508
3493509
3493510
3493511
3493512
3493513
3493514
3493515
3493516
3493517
3493518
3493519
3493520
3493521
3493522
3493523
3493524
3493525
3493526
3493527
3493528
3493529
3493530
3493531
3493532
3493533
3493534
3493535
3493536
3493537
3493538
3493539
3493540
3493541
3493542
3493543
3493544
3493545
3493546
3493547
3493548
3493549
3493550
3493551
3493552
3493553
3493554
3493555
3493556
3493557
3493558
3493559
3493560
3493561
3493562
3493563
3493564
3493565
3493566
3493567
3493568
3493569
3493570
3493571
3493572
3493573
3493574
3493575
3493576
3493577
3493578
3493579
3493580
3493581
3493582
3493583
3493584
3493585
3493586
3493587
3493588
3493589
3493590
3493591
3493592
3493593
3493594
3493595
3493596
3493597
3493598
3493599
3493600
3493601
3493602
3493603
3493604
3493605
3493606
3493607
3493608
3493609
3493610
3493611
3493612
3493613
3493614
3493615
3493616
3493617
3493618
3493619
3493620
3493621
3493622
3493623
3493624
3493625
3493626
3493627
3493628
3493629
3493630
3493631
3493632
3493633
3493634
3493635
3493636
3493637
3493638
3493639
3493640
3493641
3493642
3493643
3493644
3493645
3493646
3493647
3493648
3493649
3493650
3493651
3493652
3493653
3493654
3493655
3493656
3493657
3493658
3493659
3493660
3493661
3493662
3493663
3493664
3493665
3493666
3493667
3493668
3493669
3493670
3493671
3493672
3493673
3493674
3493675
3493676
3493677
3493678
3493679
3493680
3493681
3493682
3493683
3493684
3493685
3493686
3493687
3493688
3493689
3493690
3493691
3493692
3493693
3493694
3493695
3493696
3493697
3493698
3493699
3493700
3493701
3493702
3493703
3493704
3493705
3493706
3493707
3493708
3493709
3493710
3493711
3493712
3493713
3493714
3493715
3493716
3493717
3493718
3493719
3493720
3493721
3493722
3493723
3493724
3493725
3493726
3493727
3493728
3493729
3493730
3493731
3493732
3493733
3493734
3493735
3493736
3493737
3493738
3493739
3493740
3493741
3493742
3493743
3493744
3493745
3493746
3493747
3493748
3493749
3493750
3493751
3493752
3493753
3493754
3493755
3493756
3493757
3493758
3493759
3493760
3493761
3493762
3493763
3493764
3493765
3493766
3493767
3493768
3493769
3493770
3493771
3493772
3493773
3493774
3493775
3493776
3493777
3493778
3493779
3493780
3493781
3493782
3493783
3493784
3493785
3493786
3493787
3493788
3493789
3493790
3493791
3493792
3493793
3493794
3493795
3493796
3493797
3493798
3493799
3493800
3493801
3493802
3493803
3493804
3493805
3493806
3493807
3493808
3493809
3493810
3493811
3493812
3493813
3493814
3493815
3493816
3493817
3493818
3493819
3493820
3493821
3493822
3493823
3493824
3493825
3493826
3493827
3493828
3493829
3493830
3493831
3493832
3493833
3493834
3493835
3493836
3493837
3493838
3493839
3493840
3493841
3493842
3493843
3493844
3493845
3493846
3493847
3493848
3493849
3493850
3493851
3493852
3493853
3493854
3493855
3493856
3493857
3493858
3493859
3493860
3493861
3493862
3493863
3493864
3493865
3493866
3493867
3493868
3493869
3493870
3493871
3493872
3493873
3493874
3493875
3493876
3493877
3493878
3493879
3493880
3493881
3493882
3493883
3493884
3493885
3493886
3493887
3493888
3493889
3493890
3493891
3493892
3493893
3493894
3493895
3493896
3493897
3493898
3493899
3493900
3493901
3493902
3493903
3493904
3493905
3493906
3493907
3493908
3493909
3493910
3493911
3493912
3493913
3493914
3493915
3493916
3493917
3493918
3493919
3493920
3493921
3493922
3493923
3493924
3493925
3493926
3493927
3493928
3493929
3493930
3493931
3493932
3493933
3493934
3493935
3493936
3493937
3493938
3493939
3493940
3493941
3493942
3493943
3493944
3493945
3493946
3493947
3493948
3493949
3493950
3493951
3493952
3493953
3493954
3493955
3493956
3493957
3493958
3493959
3493960
3493961
3493962
3493963
3493964
3493965
3493966
3493967
3493968
3493969
3493970
3493971
3493972
3493973
3493974
3493975
3493976
3493977
3493978
3493979
3493980
3493981
3493982
3493983
3493984
3493985
3493986
3493987
3493988
3493989
3493990
3493991
3493992
3493993
3493994
3493995
3493996
3493997
3493998
3493999
3494000
3494001
3494002
3494003
3494004
3494005
3494006
3494007
3494008
3494009
3494010
3494011
3494012
3494013
3494014
3494015
3494016
3494017
3494018
3494019
3494020
3494021
3494022
3494023
3494024
3494025
3494026
3494027
3494028
3494029
3494030
3494031
3494032
3494033
3494034
3494035
3494036
3494037
3494038
3494039
3494040
3494041
3494042
3494043
3494044
3494045
3494046
3494047
3494048
3494049
3494050
3494051
3494052
3494053
3494054
3494055
3494056
3494057
3494058
3494059
3494060
3494061
3494062
3494063
3494064
3494065
3494066
3494067
3494068
3494069
3494070
3494071
3494072
3494073
3494074
3494075
3494076
3494077
3494078
3494079
3494080
3494081
3494082
3494083
3494084
3494085
3494086
3494087
3494088
3494089
3494090
3494091
3494092
3494093
3494094
3494095
3494096
3494097
3494098
3494099
3494100
3494101
3494102
3494103
3494104
3494105
3494106
3494107
3494108
3494109
3494110
3494111
3494112
3494113
3494114
3494115
3494116
3494117
3494118
3494119
3494120
3494121
3494122
3494123
3494124
3494125
3494126
3494127
3494128
3494129
3494130
3494131
3494132
3494133
3494134
3494135
3494136
3494137
3494138
3494139
3494140
3494141
3494142
3494143
3494144
3494145
3494146
3494147
3494148
3494149
3494150
3494151
3494152
3494153
3494154
3494155
3494156
3494157
3494158
3494159
3494160
3494161
3494162
3494163
3494164
3494165
3494166
3494167
3494168
3494169
3494170
3494171
3494172
3494173
3494174
3494175
3494176
3494177
3494178
3494179
3494180
3494181
3494182
3494183
3494184
3494185
3494186
3494187
3494188
3494189
3494190
3494191
3494192
3494193
3494194
3494195
3494196
3494197
3494198
3494199
3494200
3494201
3494202
3494203
3494204
3494205
3494206
3494207
3494208
3494209
3494210
3494211
3494212
3494213
3494214
3494215
3494216
3494217
3494218
3494219
3494220
3494221
3494222
3494223
3494224
3494225
3494226
3494227
3494228
3494229
3494230
3494231
3494232
3494233
3494234
3494235
3494236
3494237
3494238
3494239
3494240
3494241
3494242
3494243
3494244
3494245
3494246
3494247
3494248
3494249
3494250
3494251
3494252
3494253
3494254
3494255
3494256
3494257
3494258
3494259
3494260
3494261
3494262
3494263
3494264
3494265
3494266
3494267
3494268
3494269
3494270
3494271
3494272
3494273
3494274
3494275
3494276
3494277
3494278
3494279
3494280
3494281
3494282
3494283
3494284
3494285
3494286
3494287
3494288
3494289
3494290
3494291
3494292
3494293
3494294
3494295
3494296
3494297
3494298
3494299
3494300
3494301
3494302
3494303
3494304
3494305
3494306
3494307
3494308
3494309
3494310
3494311
3494312
3494313
3494314
3494315
3494316
3494317
3494318
3494319
3494320
3494321
3494322
3494323
3494324
3494325
3494326
3494327
3494328
3494329
3494330
3494331
3494332
3494333
3494334
3494335
3494336
3494337
3494338
3494339
3494340
3494341
3494342
3494343
3494344
3494345
3494346
3494347
3494348
3494349
3494350
3494351
3494352
3494353
3494354
3494355
3494356
3494357
3494358
3494359
3494360
3494361
3494362
3494363
3494364
3494365
3494366
3494367
3494368
3494369
3494370
3494371
3494372
3494373
3494374
3494375
3494376
3494377
3494378
3494379
3494380
3494381
3494382
3494383
3494384
3494385
3494386
3494387
3494388
3494389
3494390
3494391
3494392
3494393
3494394
3494395
3494396
3494397
3494398
3494399
3494400
3494401
3494402
3494403
3494404
3494405
3494406
3494407
3494408
3494409
3494410
3494411
3494412
3494413
3494414
3494415
3494416
3494417
3494418
3494419
3494420
3494421
3494422
3494423
3494424
3494425
3494426
3494427
3494428
3494429
3494430
3494431
3494432
3494433
3494434
3494435
3494436
3494437
3494438
3494439
3494440
3494441
3494442
3494443
3494444
3494445
3494446
3494447
3494448
3494449
3494450
3494451
3494452
3494453
3494454
3494455
3494456
3494457
3494458
3494459
3494460
3494461
3494462
3494463
3494464
3494465
3494466
3494467
3494468
3494469
3494470
3494471
3494472
3494473
3494474
3494475
3494476
3494477
3494478
3494479
3494480
3494481
3494482
3494483
3494484
3494485
3494486
3494487
3494488
3494489
3494490
3494491
3494492
3494493
3494494
3494495
3494496
3494497
3494498
3494499
3494500
3494501
3494502
3494503
3494504
3494505
3494506
3494507
3494508
3494509
3494510
3494511
3494512
3494513
3494514
3494515
3494516
3494517
3494518
3494519
3494520
3494521
3494522
3494523
3494524
3494525
3494526
3494527
3494528
3494529
3494530
3494531
3494532
3494533
3494534
3494535
3494536
3494537
3494538
3494539
3494540
3494541
3494542
3494543
3494544
3494545
3494546
3494547
3494548
3494549
3494550
3494551
3494552
3494553
3494554
3494555
3494556
3494557
3494558
3494559
3494560
3494561
3494562
3494563
3494564
3494565
3494566
3494567
3494568
3494569
3494570
3494571
3494572
3494573
3494574
3494575
3494576
3494577
3494578
3494579
3494580
3494581
3494582
3494583
3494584
3494585
3494586
3494587
3494588
3494589
3494590
3494591
3494592
3494593
3494594
3494595
3494596
3494597
3494598
3494599
3494600
3494601
3494602
3494603
3494604
3494605
3494606
3494607
3494608
3494609
3494610
3494611
3494612
3494613
3494614
3494615
3494616
3494617
3494618
3494619
3494620
3494621
3494622
3494623
3494624
3494625
3494626
3494627
3494628
3494629
3494630
3494631
3494632
3494633
3494634
3494635
3494636
3494637
3494638
3494639
3494640
3494641
3494642
3494643
3494644
3494645
3494646
3494647
3494648
3494649
3494650
3494651
3494652
3494653
3494654
3494655
3494656
3494657
3494658
3494659
3494660
3494661
3494662
3494663
3494664
3494665
3494666
3494667
3494668
3494669
3494670
3494671
3494672
3494673
3494674
3494675
3494676
3494677
3494678
3494679
3494680
3494681
3494682
3494683
3494684
3494685
3494686
3494687
3494688
3494689
3494690
3494691
3494692
3494693
3494694
3494695
3494696
3494697
3494698
3494699
3494700
3494701
3494702
3494703
3494704
3494705
3494706
3494707
3494708
3494709
3494710
3494711
3494712
3494713
3494714
3494715
3494716
3494717
3494718
3494719
3494720
3494721
3494722
3494723
3494724
3494725
3494726
3494727
3494728
3494729
3494730
3494731
3494732
3494733
3494734
3494735
3494736
3494737
3494738
3494739
3494740
3494741
3494742
3494743
3494744
3494745
3494746
3494747
3494748
3494749
3494750
3494751
3494752
3494753
3494754
3494755
3494756
3494757
3494758
3494759
3494760
3494761
3494762
3494763
3494764
3494765
3494766
3494767
3494768
3494769
3494770
3494771
3494772
3494773
3494774
3494775
3494776
3494777
3494778
3494779
3494780
3494781
3494782
3494783
3494784
3494785
3494786
3494787
3494788
3494789
3494790
3494791
3494792
3494793
3494794
3494795
3494796
3494797
3494798
3494799
3494800
3494801
3494802
3494803
3494804
3494805
3494806
3494807
3494808
3494809
3494810
3494811
3494812
3494813
3494814
3494815
3494816
3494817
3494818
3494819
3494820
3494821
3494822
3494823
3494824
3494825
3494826
3494827
3494828
3494829
3494830
3494831
3494832
3494833
3494834
3494835
3494836
3494837
3494838
3494839
3494840
3494841
3494842
3494843
3494844
3494845
3494846
3494847
3494848
3494849
3494850
3494851
3494852
3494853
3494854
3494855
3494856
3494857
3494858
3494859
3494860
3494861
3494862
3494863
3494864
3494865
3494866
3494867
3494868
3494869
3494870
3494871
3494872
3494873
3494874
3494875
3494876
3494877
3494878
3494879
3494880
3494881
3494882
3494883
3494884
3494885
3494886
3494887
3494888
3494889
3494890
3494891
3494892
3494893
3494894
3494895
3494896
3494897
3494898
3494899
3494900
3494901
3494902
3494903
3494904
3494905
3494906
3494907
3494908
3494909
3494910
3494911
3494912
3494913
3494914
3494915
3494916
3494917
3494918
3494919
3494920
3494921
3494922
3494923
3494924
3494925
3494926
3494927
3494928
3494929
3494930
3494931
3494932
3494933
3494934
3494935
3494936
3494937
3494938
3494939
3494940
3494941
3494942
3494943
3494944
3494945
3494946
3494947
3494948
3494949
3494950
3494951
3494952
3494953
3494954
3494955
3494956
3494957
3494958
3494959
3494960
3494961
3494962
3494963
3494964
3494965
3494966
3494967
3494968
3494969
3494970
3494971
3494972
3494973
3494974
3494975
3494976
3494977
3494978
3494979
3494980
3494981
3494982
3494983
3494984
3494985
3494986
3494987
3494988
3494989
3494990
3494991
3494992
3494993
3494994
3494995
3494996
3494997
3494998
3494999
3495000
3495001
3495002
3495003
3495004
3495005
3495006
3495007
3495008
3495009
3495010
3495011
3495012
3495013
3495014
3495015
3495016
3495017
3495018
3495019
3495020
3495021
3495022
3495023
3495024
3495025
3495026
3495027
3495028
3495029
3495030
3495031
3495032
3495033
3495034
3495035
3495036
3495037
3495038
3495039
3495040
3495041
3495042
3495043
3495044
3495045
3495046
3495047
3495048
3495049
3495050
3495051
3495052
3495053
3495054
3495055
3495056
3495057
3495058
3495059
3495060
3495061
3495062
3495063
3495064
3495065
3495066
3495067
3495068
3495069
3495070
3495071
3495072
3495073
3495074
3495075
3495076
3495077
3495078
3495079
3495080
3495081
3495082
3495083
3495084
3495085
3495086
3495087
3495088
3495089
3495090
3495091
3495092
3495093
3495094
3495095
3495096
3495097
3495098
3495099
3495100
3495101
3495102
3495103
3495104
3495105
3495106
3495107
3495108
3495109
3495110
3495111
3495112
3495113
3495114
3495115
3495116
3495117
3495118
3495119
3495120
3495121
3495122
3495123
3495124
3495125
3495126
3495127
3495128
3495129
3495130
3495131
3495132
3495133
3495134
3495135
3495136
3495137
3495138
3495139
3495140
3495141
3495142
3495143
3495144
3495145
3495146
3495147
3495148
3495149
3495150
3495151
3495152
3495153
3495154
3495155
3495156
3495157
3495158
3495159
3495160
3495161
3495162
3495163
3495164
3495165
3495166
3495167
3495168
3495169
3495170
3495171
3495172
3495173
3495174
3495175
3495176
3495177
3495178
3495179
3495180
3495181
3495182
3495183
3495184
3495185
3495186
3495187
3495188
3495189
3495190
3495191
3495192
3495193
3495194
3495195
3495196
3495197
3495198
3495199
3495200
3495201
3495202
3495203
3495204
3495205
3495206
3495207
3495208
3495209
3495210
3495211
3495212
3495213
3495214
3495215
3495216
3495217
3495218
3495219
3495220
3495221
3495222
3495223
3495224
3495225
3495226
3495227
3495228
3495229
3495230
3495231
3495232
3495233
3495234
3495235
3495236
3495237
3495238
3495239
3495240
3495241
3495242
3495243
3495244
3495245
3495246
3495247
3495248
3495249
3495250
3495251
3495252
3495253
3495254
3495255
3495256
3495257
3495258
3495259
3495260
3495261
3495262
3495263
3495264
3495265
3495266
3495267
3495268
3495269
3495270
3495271
3495272
3495273
3495274
3495275
3495276
3495277
3495278
3495279
3495280
3495281
3495282
3495283
3495284
3495285
3495286
3495287
3495288
3495289
3495290
3495291
3495292
3495293
3495294
3495295
3495296
3495297
3495298
3495299
3495300
3495301
3495302
3495303
3495304
3495305
3495306
3495307
3495308
3495309
3495310
3495311
3495312
3495313
3495314
3495315
3495316
3495317
3495318
3495319
3495320
3495321
3495322
3495323
3495324
3495325
3495326
3495327
3495328
3495329
3495330
3495331
3495332
3495333
3495334
3495335
3495336
3495337
3495338
3495339
3495340
3495341
3495342
3495343
3495344
3495345
3495346
3495347
3495348
3495349
3495350
3495351
3495352
3495353
3495354
3495355
3495356
3495357
3495358
3495359
3495360
3495361
3495362
3495363
3495364
3495365
3495366
3495367
3495368
3495369
3495370
3495371
3495372
3495373
3495374
3495375
3495376
3495377
3495378
3495379
3495380
3495381
3495382
3495383
3495384
3495385
3495386
3495387
3495388
3495389
3495390
3495391
3495392
3495393
3495394
3495395
3495396
3495397
3495398
3495399
3495400
3495401
3495402
3495403
3495404
3495405
3495406
3495407
3495408
3495409
3495410
3495411
3495412
3495413
3495414
3495415
3495416
3495417
3495418
3495419
3495420
3495421
3495422
3495423
3495424
3495425
3495426
3495427
3495428
3495429
3495430
3495431
3495432
3495433
3495434
3495435
3495436
3495437
3495438
3495439
3495440
3495441
3495442
3495443
3495444
3495445
3495446
3495447
3495448
3495449
3495450
3495451
3495452
3495453
3495454
3495455
3495456
3495457
3495458
3495459
3495460
3495461
3495462
3495463
3495464
3495465
3495466
3495467
3495468
3495469
3495470
3495471
3495472
3495473
3495474
3495475
3495476
3495477
3495478
3495479
3495480
3495481
3495482
3495483
3495484
3495485
3495486
3495487
3495488
3495489
3495490
3495491
3495492
3495493
3495494
3495495
3495496
3495497
3495498
3495499
3495500
3495501
3495502
3495503
3495504
3495505
3495506
3495507
3495508
3495509
3495510
3495511
3495512
3495513
3495514
3495515
3495516
3495517
3495518
3495519
3495520
3495521
3495522
3495523
3495524
3495525
3495526
3495527
3495528
3495529
3495530
3495531
3495532
3495533
3495534
3495535
3495536
3495537
3495538
3495539
3495540
3495541
3495542
3495543
3495544
3495545
3495546
3495547
3495548
3495549
3495550
3495551
3495552
3495553
3495554
3495555
3495556
3495557
3495558
3495559
3495560
3495561
3495562
3495563
3495564
3495565
3495566
3495567
3495568
3495569
3495570
3495571
3495572
3495573
3495574
3495575
3495576
3495577
3495578
3495579
3495580
3495581
3495582
3495583
3495584
3495585
3495586
3495587
3495588
3495589
3495590
3495591
3495592
3495593
3495594
3495595
3495596
3495597
3495598
3495599
3495600
3495601
3495602
3495603
3495604
3495605
3495606
3495607
3495608
3495609
3495610
3495611
3495612
3495613
3495614
3495615
3495616
3495617
3495618
3495619
3495620
3495621
3495622
3495623
3495624
3495625
3495626
3495627
3495628
3495629
3495630
3495631
3495632
3495633
3495634
3495635
3495636
3495637
3495638
3495639
3495640
3495641
3495642
3495643
3495644
3495645
3495646
3495647
3495648
3495649
3495650
3495651
3495652
3495653
3495654
3495655
3495656
3495657
3495658
3495659
3495660
3495661
3495662
3495663
3495664
3495665
3495666
3495667
3495668
3495669
3495670
3495671
3495672
3495673
3495674
3495675
3495676
3495677
3495678
3495679
3495680
3495681
3495682
3495683
3495684
3495685
3495686
3495687
3495688
3495689
3495690
3495691
3495692
3495693
3495694
3495695
3495696
3495697
3495698
3495699
3495700
3495701
3495702
3495703
3495704
3495705
3495706
3495707
3495708
3495709
3495710
3495711
3495712
3495713
3495714
3495715
3495716
3495717
3495718
3495719
3495720
3495721
3495722
3495723
3495724
3495725
3495726
3495727
3495728
3495729
3495730
3495731
3495732
3495733
3495734
3495735
3495736
3495737
3495738
3495739
3495740
3495741
3495742
3495743
3495744
3495745
3495746
3495747
3495748
3495749
3495750
3495751
3495752
3495753
3495754
3495755
3495756
3495757
3495758
3495759
3495760
3495761
3495762
3495763
3495764
3495765
3495766
3495767
3495768
3495769
3495770
3495771
3495772
3495773
3495774
3495775
3495776
3495777
3495778
3495779
3495780
3495781
3495782
3495783
3495784
3495785
3495786
3495787
3495788
3495789
3495790
3495791
3495792
3495793
3495794
3495795
3495796
3495797
3495798
3495799
3495800
3495801
3495802
3495803
3495804
3495805
3495806
3495807
3495808
3495809
3495810
3495811
3495812
3495813
3495814
3495815
3495816
3495817
3495818
3495819
3495820
3495821
3495822
3495823
3495824
3495825
3495826
3495827
3495828
3495829
3495830
3495831
3495832
3495833
3495834
3495835
3495836
3495837
3495838
3495839
3495840
3495841
3495842
3495843
3495844
3495845
3495846
3495847
3495848
3495849
3495850
3495851
3495852
3495853
3495854
3495855
3495856
3495857
3495858
3495859
3495860
3495861
3495862
3495863
3495864
3495865
3495866
3495867
3495868
3495869
3495870
3495871
3495872
3495873
3495874
3495875
3495876
3495877
3495878
3495879
3495880
3495881
3495882
3495883
3495884
3495885
3495886
3495887
3495888
3495889
3495890
3495891
3495892
3495893
3495894
3495895
3495896
3495897
3495898
3495899
3495900
3495901
3495902
3495903
3495904
3495905
3495906
3495907
3495908
3495909
3495910
3495911
3495912
3495913
3495914
3495915
3495916
3495917
3495918
3495919
3495920
3495921
3495922
3495923
3495924
3495925
3495926
3495927
3495928
3495929
3495930
3495931
3495932
3495933
3495934
3495935
3495936
3495937
3495938
3495939
3495940
3495941
3495942
3495943
3495944
3495945
3495946
3495947
3495948
3495949
3495950
3495951
3495952
3495953
3495954
3495955
3495956
3495957
3495958
3495959
3495960
3495961
3495962
3495963
3495964
3495965
3495966
3495967
3495968
3495969
3495970
3495971
3495972
3495973
3495974
3495975
3495976
3495977
3495978
3495979
3495980
3495981
3495982
3495983
3495984
3495985
3495986
3495987
3495988
3495989
3495990
3495991
3495992
3495993
3495994
3495995
3495996
3495997
3495998
3495999
3496000
3496001
3496002
3496003
3496004
3496005
3496006
3496007
3496008
3496009
3496010
3496011
3496012
3496013
3496014
3496015
3496016
3496017
3496018
3496019
3496020
3496021
3496022
3496023
3496024
3496025
3496026
3496027
3496028
3496029
3496030
3496031
3496032
3496033
3496034
3496035
3496036
3496037
3496038
3496039
3496040
3496041
3496042
3496043
3496044
3496045
3496046
3496047
3496048
3496049
3496050
3496051
3496052
3496053
3496054
3496055
3496056
3496057
3496058
3496059
3496060
3496061
3496062
3496063
3496064
3496065
3496066
3496067
3496068
3496069
3496070
3496071
3496072
3496073
3496074
3496075
3496076
3496077
3496078
3496079
3496080
3496081
3496082
3496083
3496084
3496085
3496086
3496087
3496088
3496089
3496090
3496091
3496092
3496093
3496094
3496095
3496096
3496097
3496098
3496099
3496100
3496101
3496102
3496103
3496104
3496105
3496106
3496107
3496108
3496109
3496110
3496111
3496112
3496113
3496114
3496115
3496116
3496117
3496118
3496119
3496120
3496121
3496122
3496123
3496124
3496125
3496126
3496127
3496128
3496129
3496130
3496131
3496132
3496133
3496134
3496135
3496136
3496137
3496138
3496139
3496140
3496141
3496142
3496143
3496144
3496145
3496146
3496147
3496148
3496149
3496150
3496151
3496152
3496153
3496154
3496155
3496156
3496157
3496158
3496159
3496160
3496161
3496162
3496163
3496164
3496165
3496166
3496167
3496168
3496169
3496170
3496171
3496172
3496173
3496174
3496175
3496176
3496177
3496178
3496179
3496180
3496181
3496182
3496183
3496184
3496185
3496186
3496187
3496188
3496189
3496190
3496191
3496192
3496193
3496194
3496195
3496196
3496197
3496198
3496199
3496200
3496201
3496202
3496203
3496204
3496205
3496206
3496207
3496208
3496209
3496210
3496211
3496212
3496213
3496214
3496215
3496216
3496217
3496218
3496219
3496220
3496221
3496222
3496223
3496224
3496225
3496226
3496227
3496228
3496229
3496230
3496231
3496232
3496233
3496234
3496235
3496236
3496237
3496238
3496239
3496240
3496241
3496242
3496243
3496244
3496245
3496246
3496247
3496248
3496249
3496250
3496251
3496252
3496253
3496254
3496255
3496256
3496257
3496258
3496259
3496260
3496261
3496262
3496263
3496264
3496265
3496266
3496267
3496268
3496269
3496270
3496271
3496272
3496273
3496274
3496275
3496276
3496277
3496278
3496279
3496280
3496281
3496282
3496283
3496284
3496285
3496286
3496287
3496288
3496289
3496290
3496291
3496292
3496293
3496294
3496295
3496296
3496297
3496298
3496299
3496300
3496301
3496302
3496303
3496304
3496305
3496306
3496307
3496308
3496309
3496310
3496311
3496312
3496313
3496314
3496315
3496316
3496317
3496318
3496319
3496320
3496321
3496322
3496323
3496324
3496325
3496326
3496327
3496328
3496329
3496330
3496331
3496332
3496333
3496334
3496335
3496336
3496337
3496338
3496339
3496340
3496341
3496342
3496343
3496344
3496345
3496346
3496347
3496348
3496349
3496350
3496351
3496352
3496353
3496354
3496355
3496356
3496357
3496358
3496359
3496360
3496361
3496362
3496363
3496364
3496365
3496366
3496367
3496368
3496369
3496370
3496371
3496372
3496373
3496374
3496375
3496376
3496377
3496378
3496379
3496380
3496381
3496382
3496383
3496384
3496385
3496386
3496387
3496388
3496389
3496390
3496391
3496392
3496393
3496394
3496395
3496396
3496397
3496398
3496399
3496400
3496401
3496402
3496403
3496404
3496405
3496406
3496407
3496408
3496409
3496410
3496411
3496412
3496413
3496414
3496415
3496416
3496417
3496418
3496419
3496420
3496421
3496422
3496423
3496424
3496425
3496426
3496427
3496428
3496429
3496430
3496431
3496432
3496433
3496434
3496435
3496436
3496437
3496438
3496439
3496440
3496441
3496442
3496443
3496444
3496445
3496446
3496447
3496448
3496449
3496450
3496451
3496452
3496453
3496454
3496455
3496456
3496457
3496458
3496459
3496460
3496461
3496462
3496463
3496464
3496465
3496466
3496467
3496468
3496469
3496470
3496471
3496472
3496473
3496474
3496475
3496476
3496477
3496478
3496479
3496480
3496481
3496482
3496483
3496484
3496485
3496486
3496487
3496488
3496489
3496490
3496491
3496492
3496493
3496494
3496495
3496496
3496497
3496498
3496499
3496500
3496501
3496502
3496503
3496504
3496505
3496506
3496507
3496508
3496509
3496510
3496511
3496512
3496513
3496514
3496515
3496516
3496517
3496518
3496519
3496520
3496521
3496522
3496523
3496524
3496525
3496526
3496527
3496528
3496529
3496530
3496531
3496532
3496533
3496534
3496535
3496536
3496537
3496538
3496539
3496540
3496541
3496542
3496543
3496544
3496545
3496546
3496547
3496548
3496549
3496550
3496551
3496552
3496553
3496554
3496555
3496556
3496557
3496558
3496559
3496560
3496561
3496562
3496563
3496564
3496565
3496566
3496567
3496568
3496569
3496570
3496571
3496572
3496573
3496574
3496575
3496576
3496577
3496578
3496579
3496580
3496581
3496582
3496583
3496584
3496585
3496586
3496587
3496588
3496589
3496590
3496591
3496592
3496593
3496594
3496595
3496596
3496597
3496598
3496599
3496600
3496601
3496602
3496603
3496604
3496605
3496606
3496607
3496608
3496609
3496610
3496611
3496612
3496613
3496614
3496615
3496616
3496617
3496618
3496619
3496620
3496621
3496622
3496623
3496624
3496625
3496626
3496627
3496628
3496629
3496630
3496631
3496632
3496633
3496634
3496635
3496636
3496637
3496638
3496639
3496640
3496641
3496642
3496643
3496644
3496645
3496646
3496647
3496648
3496649
3496650
3496651
3496652
3496653
3496654
3496655
3496656
3496657
3496658
3496659
3496660
3496661
3496662
3496663
3496664
3496665
3496666
3496667
3496668
3496669
3496670
3496671
3496672
3496673
3496674
3496675
3496676
3496677
3496678
3496679
3496680
3496681
3496682
3496683
3496684
3496685
3496686
3496687
3496688
3496689
3496690
3496691
3496692
3496693
3496694
3496695
3496696
3496697
3496698
3496699
3496700
3496701
3496702
3496703
3496704
3496705
3496706
3496707
3496708
3496709
3496710
3496711
3496712
3496713
3496714
3496715
3496716
3496717
3496718
3496719
3496720
3496721
3496722
3496723
3496724
3496725
3496726
3496727
3496728
3496729
3496730
3496731
3496732
3496733
3496734
3496735
3496736
3496737
3496738
3496739
3496740
3496741
3496742
3496743
3496744
3496745
3496746
3496747
3496748
3496749
3496750
3496751
3496752
3496753
3496754
3496755
3496756
3496757
3496758
3496759
3496760
3496761
3496762
3496763
3496764
3496765
3496766
3496767
3496768
3496769
3496770
3496771
3496772
3496773
3496774
3496775
3496776
3496777
3496778
3496779
3496780
3496781
3496782
3496783
3496784
3496785
3496786
3496787
3496788
3496789
3496790
3496791
3496792
3496793
3496794
3496795
3496796
3496797
3496798
3496799
3496800
3496801
3496802
3496803
3496804
3496805
3496806
3496807
3496808
3496809
3496810
3496811
3496812
3496813
3496814
3496815
3496816
3496817
3496818
3496819
3496820
3496821
3496822
3496823
3496824
3496825
3496826
3496827
3496828
3496829
3496830
3496831
3496832
3496833
3496834
3496835
3496836
3496837
3496838
3496839
3496840
3496841
3496842
3496843
3496844
3496845
3496846
3496847
3496848
3496849
3496850
3496851
3496852
3496853
3496854
3496855
3496856
3496857
3496858
3496859
3496860
3496861
3496862
3496863
3496864
3496865
3496866
3496867
3496868
3496869
3496870
3496871
3496872
3496873
3496874
3496875
3496876
3496877
3496878
3496879
3496880
3496881
3496882
3496883
3496884
3496885
3496886
3496887
3496888
3496889
3496890
3496891
3496892
3496893
3496894
3496895
3496896
3496897
3496898
3496899
3496900
3496901
3496902
3496903
3496904
3496905
3496906
3496907
3496908
3496909
3496910
3496911
3496912
3496913
3496914
3496915
3496916
3496917
3496918
3496919
3496920
3496921
3496922
3496923
3496924
3496925
3496926
3496927
3496928
3496929
3496930
3496931
3496932
3496933
3496934
3496935
3496936
3496937
3496938
3496939
3496940
3496941
3496942
3496943
3496944
3496945
3496946
3496947
3496948
3496949
3496950
3496951
3496952
3496953
3496954
3496955
3496956
3496957
3496958
3496959
3496960
3496961
3496962
3496963
3496964
3496965
3496966
3496967
3496968
3496969
3496970
3496971
3496972
3496973
3496974
3496975
3496976
3496977
3496978
3496979
3496980
3496981
3496982
3496983
3496984
3496985
3496986
3496987
3496988
3496989
3496990
3496991
3496992
3496993
3496994
3496995
3496996
3496997
3496998
3496999
3497000
3497001
3497002
3497003
3497004
3497005
3497006
3497007
3497008
3497009
3497010
3497011
3497012
3497013
3497014
3497015
3497016
3497017
3497018
3497019
3497020
3497021
3497022
3497023
3497024
3497025
3497026
3497027
3497028
3497029
3497030
3497031
3497032
3497033
3497034
3497035
3497036
3497037
3497038
3497039
3497040
3497041
3497042
3497043
3497044
3497045
3497046
3497047
3497048
3497049
3497050
3497051
3497052
3497053
3497054
3497055
3497056
3497057
3497058
3497059
3497060
3497061
3497062
3497063
3497064
3497065
3497066
3497067
3497068
3497069
3497070
3497071
3497072
3497073
3497074
3497075
3497076
3497077
3497078
3497079
3497080
3497081
3497082
3497083
3497084
3497085
3497086
3497087
3497088
3497089
3497090
3497091
3497092
3497093
3497094
3497095
3497096
3497097
3497098
3497099
3497100
3497101
3497102
3497103
3497104
3497105
3497106
3497107
3497108
3497109
3497110
3497111
3497112
3497113
3497114
3497115
3497116
3497117
3497118
3497119
3497120
3497121
3497122
3497123
3497124
3497125
3497126
3497127
3497128
3497129
3497130
3497131
3497132
3497133
3497134
3497135
3497136
3497137
3497138
3497139
3497140
3497141
3497142
3497143
3497144
3497145
3497146
3497147
3497148
3497149
3497150
3497151
3497152
3497153
3497154
3497155
3497156
3497157
3497158
3497159
3497160
3497161
3497162
3497163
3497164
3497165
3497166
3497167
3497168
3497169
3497170
3497171
3497172
3497173
3497174
3497175
3497176
3497177
3497178
3497179
3497180
3497181
3497182
3497183
3497184
3497185
3497186
3497187
3497188
3497189
3497190
3497191
3497192
3497193
3497194
3497195
3497196
3497197
3497198
3497199
3497200
3497201
3497202
3497203
3497204
3497205
3497206
3497207
3497208
3497209
3497210
3497211
3497212
3497213
3497214
3497215
3497216
3497217
3497218
3497219
3497220
3497221
3497222
3497223
3497224
3497225
3497226
3497227
3497228
3497229
3497230
3497231
3497232
3497233
3497234
3497235
3497236
3497237
3497238
3497239
3497240
3497241
3497242
3497243
3497244
3497245
3497246
3497247
3497248
3497249
3497250
3497251
3497252
3497253
3497254
3497255
3497256
3497257
3497258
3497259
3497260
3497261
3497262
3497263
3497264
3497265
3497266
3497267
3497268
3497269
3497270
3497271
3497272
3497273
3497274
3497275
3497276
3497277
3497278
3497279
3497280
3497281
3497282
3497283
3497284
3497285
3497286
3497287
3497288
3497289
3497290
3497291
3497292
3497293
3497294
3497295
3497296
3497297
3497298
3497299
3497300
3497301
3497302
3497303
3497304
3497305
3497306
3497307
3497308
3497309
3497310
3497311
3497312
3497313
3497314
3497315
3497316
3497317
3497318
3497319
3497320
3497321
3497322
3497323
3497324
3497325
3497326
3497327
3497328
3497329
3497330
3497331
3497332
3497333
3497334
3497335
3497336
3497337
3497338
3497339
3497340
3497341
3497342
3497343
3497344
3497345
3497346
3497347
3497348
3497349
3497350
3497351
3497352
3497353
3497354
3497355
3497356
3497357
3497358
3497359
3497360
3497361
3497362
3497363
3497364
3497365
3497366
3497367
3497368
3497369
3497370
3497371
3497372
3497373
3497374
3497375
3497376
3497377
3497378
3497379
3497380
3497381
3497382
3497383
3497384
3497385
3497386
3497387
3497388
3497389
3497390
3497391
3497392
3497393
3497394
3497395
3497396
3497397
3497398
3497399
3497400
3497401
3497402
3497403
3497404
3497405
3497406
3497407
3497408
3497409
3497410
3497411
3497412
3497413
3497414
3497415
3497416
3497417
3497418
3497419
3497420
3497421
3497422
3497423
3497424
3497425
3497426
3497427
3497428
3497429
3497430
3497431
3497432
3497433
3497434
3497435
3497436
3497437
3497438
3497439
3497440
3497441
3497442
3497443
3497444
3497445
3497446
3497447
3497448
3497449
3497450
3497451
3497452
3497453
3497454
3497455
3497456
3497457
3497458
3497459
3497460
3497461
3497462
3497463
3497464
3497465
3497466
3497467
3497468
3497469
3497470
3497471
3497472
3497473
3497474
3497475
3497476
3497477
3497478
3497479
3497480
3497481
3497482
3497483
3497484
3497485
3497486
3497487
3497488
3497489
3497490
3497491
3497492
3497493
3497494
3497495
3497496
3497497
3497498
3497499
3497500
3497501
3497502
3497503
3497504
3497505
3497506
3497507
3497508
3497509
3497510
3497511
3497512
3497513
3497514
3497515
3497516
3497517
3497518
3497519
3497520
3497521
3497522
3497523
3497524
3497525
3497526
3497527
3497528
3497529
3497530
3497531
3497532
3497533
3497534
3497535
3497536
3497537
3497538
3497539
3497540
3497541
3497542
3497543
3497544
3497545
3497546
3497547
3497548
3497549
3497550
3497551
3497552
3497553
3497554
3497555
3497556
3497557
3497558
3497559
3497560
3497561
3497562
3497563
3497564
3497565
3497566
3497567
3497568
3497569
3497570
3497571
3497572
3497573
3497574
3497575
3497576
3497577
3497578
3497579
3497580
3497581
3497582
3497583
3497584
3497585
3497586
3497587
3497588
3497589
3497590
3497591
3497592
3497593
3497594
3497595
3497596
3497597
3497598
3497599
3497600
3497601
3497602
3497603
3497604
3497605
3497606
3497607
3497608
3497609
3497610
3497611
3497612
3497613
3497614
3497615
3497616
3497617
3497618
3497619
3497620
3497621
3497622
3497623
3497624
3497625
3497626
3497627
3497628
3497629
3497630
3497631
3497632
3497633
3497634
3497635
3497636
3497637
3497638
3497639
3497640
3497641
3497642
3497643
3497644
3497645
3497646
3497647
3497648
3497649
3497650
3497651
3497652
3497653
3497654
3497655
3497656
3497657
3497658
3497659
3497660
3497661
3497662
3497663
3497664
3497665
3497666
3497667
3497668
3497669
3497670
3497671
3497672
3497673
3497674
3497675
3497676
3497677
3497678
3497679
3497680
3497681
3497682
3497683
3497684
3497685
3497686
3497687
3497688
3497689
3497690
3497691
3497692
3497693
3497694
3497695
3497696
3497697
3497698
3497699
3497700
3497701
3497702
3497703
3497704
3497705
3497706
3497707
3497708
3497709
3497710
3497711
3497712
3497713
3497714
3497715
3497716
3497717
3497718
3497719
3497720
3497721
3497722
3497723
3497724
3497725
3497726
3497727
3497728
3497729
3497730
3497731
3497732
3497733
3497734
3497735
3497736
3497737
3497738
3497739
3497740
3497741
3497742
3497743
3497744
3497745
3497746
3497747
3497748
3497749
3497750
3497751
3497752
3497753
3497754
3497755
3497756
3497757
3497758
3497759
3497760
3497761
3497762
3497763
3497764
3497765
3497766
3497767
3497768
3497769
3497770
3497771
3497772
3497773
3497774
3497775
3497776
3497777
3497778
3497779
3497780
3497781
3497782
3497783
3497784
3497785
3497786
3497787
3497788
3497789
3497790
3497791
3497792
3497793
3497794
3497795
3497796
3497797
3497798
3497799
3497800
3497801
3497802
3497803
3497804
3497805
3497806
3497807
3497808
3497809
3497810
3497811
3497812
3497813
3497814
3497815
3497816
3497817
3497818
3497819
3497820
3497821
3497822
3497823
3497824
3497825
3497826
3497827
3497828
3497829
3497830
3497831
3497832
3497833
3497834
3497835
3497836
3497837
3497838
3497839
3497840
3497841
3497842
3497843
3497844
3497845
3497846
3497847
3497848
3497849
3497850
3497851
3497852
3497853
3497854
3497855
3497856
3497857
3497858
3497859
3497860
3497861
3497862
3497863
3497864
3497865
3497866
3497867
3497868
3497869
3497870
3497871
3497872
3497873
3497874
3497875
3497876
3497877
3497878
3497879
3497880
3497881
3497882
3497883
3497884
3497885
3497886
3497887
3497888
3497889
3497890
3497891
3497892
3497893
3497894
3497895
3497896
3497897
3497898
3497899
3497900
3497901
3497902
3497903
3497904
3497905
3497906
3497907
3497908
3497909
3497910
3497911
3497912
3497913
3497914
3497915
3497916
3497917
3497918
3497919
3497920
3497921
3497922
3497923
3497924
3497925
3497926
3497927
3497928
3497929
3497930
3497931
3497932
3497933
3497934
3497935
3497936
3497937
3497938
3497939
3497940
3497941
3497942
3497943
3497944
3497945
3497946
3497947
3497948
3497949
3497950
3497951
3497952
3497953
3497954
3497955
3497956
3497957
3497958
3497959
3497960
3497961
3497962
3497963
3497964
3497965
3497966
3497967
3497968
3497969
3497970
3497971
3497972
3497973
3497974
3497975
3497976
3497977
3497978
3497979
3497980
3497981
3497982
3497983
3497984
3497985
3497986
3497987
3497988
3497989
3497990
3497991
3497992
3497993
3497994
3497995
3497996
3497997
3497998
3497999
3498000
3498001
3498002
3498003
3498004
3498005
3498006
3498007
3498008
3498009
3498010
3498011
3498012
3498013
3498014
3498015
3498016
3498017
3498018
3498019
3498020
3498021
3498022
3498023
3498024
3498025
3498026
3498027
3498028
3498029
3498030
3498031
3498032
3498033
3498034
3498035
3498036
3498037
3498038
3498039
3498040
3498041
3498042
3498043
3498044
3498045
3498046
3498047
3498048
3498049
3498050
3498051
3498052
3498053
3498054
3498055
3498056
3498057
3498058
3498059
3498060
3498061
3498062
3498063
3498064
3498065
3498066
3498067
3498068
3498069
3498070
3498071
3498072
3498073
3498074
3498075
3498076
3498077
3498078
3498079
3498080
3498081
3498082
3498083
3498084
3498085
3498086
3498087
3498088
3498089
3498090
3498091
3498092
3498093
3498094
3498095
3498096
3498097
3498098
3498099
3498100
3498101
3498102
3498103
3498104
3498105
3498106
3498107
3498108
3498109
3498110
3498111
3498112
3498113
3498114
3498115
3498116
3498117
3498118
3498119
3498120
3498121
3498122
3498123
3498124
3498125
3498126
3498127
3498128
3498129
3498130
3498131
3498132
3498133
3498134
3498135
3498136
3498137
3498138
3498139
3498140
3498141
3498142
3498143
3498144
3498145
3498146
3498147
3498148
3498149
3498150
3498151
3498152
3498153
3498154
3498155
3498156
3498157
3498158
3498159
3498160
3498161
3498162
3498163
3498164
3498165
3498166
3498167
3498168
3498169
3498170
3498171
3498172
3498173
3498174
3498175
3498176
3498177
3498178
3498179
3498180
3498181
3498182
3498183
3498184
3498185
3498186
3498187
3498188
3498189
3498190
3498191
3498192
3498193
3498194
3498195
3498196
3498197
3498198
3498199
3498200
3498201
3498202
3498203
3498204
3498205
3498206
3498207
3498208
3498209
3498210
3498211
3498212
3498213
3498214
3498215
3498216
3498217
3498218
3498219
3498220
3498221
3498222
3498223
3498224
3498225
3498226
3498227
3498228
3498229
3498230
3498231
3498232
3498233
3498234
3498235
3498236
3498237
3498238
3498239
3498240
3498241
3498242
3498243
3498244
3498245
3498246
3498247
3498248
3498249
3498250
3498251
3498252
3498253
3498254
3498255
3498256
3498257
3498258
3498259
3498260
3498261
3498262
3498263
3498264
3498265
3498266
3498267
3498268
3498269
3498270
3498271
3498272
3498273
3498274
3498275
3498276
3498277
3498278
3498279
3498280
3498281
3498282
3498283
3498284
3498285
3498286
3498287
3498288
3498289
3498290
3498291
3498292
3498293
3498294
3498295
3498296
3498297
3498298
3498299
3498300
3498301
3498302
3498303
3498304
3498305
3498306
3498307
3498308
3498309
3498310
3498311
3498312
3498313
3498314
3498315
3498316
3498317
3498318
3498319
3498320
3498321
3498322
3498323
3498324
3498325
3498326
3498327
3498328
3498329
3498330
3498331
3498332
3498333
3498334
3498335
3498336
3498337
3498338
3498339
3498340
3498341
3498342
3498343
3498344
3498345
3498346
3498347
3498348
3498349
3498350
3498351
3498352
3498353
3498354
3498355
3498356
3498357
3498358
3498359
3498360
3498361
3498362
3498363
3498364
3498365
3498366
3498367
3498368
3498369
3498370
3498371
3498372
3498373
3498374
3498375
3498376
3498377
3498378
3498379
3498380
3498381
3498382
3498383
3498384
3498385
3498386
3498387
3498388
3498389
3498390
3498391
3498392
3498393
3498394
3498395
3498396
3498397
3498398
3498399
3498400
3498401
3498402
3498403
3498404
3498405
3498406
3498407
3498408
3498409
3498410
3498411
3498412
3498413
3498414
3498415
3498416
3498417
3498418
3498419
3498420
3498421
3498422
3498423
3498424
3498425
3498426
3498427
3498428
3498429
3498430
3498431
3498432
3498433
3498434
3498435
3498436
3498437
3498438
3498439
3498440
3498441
3498442
3498443
3498444
3498445
3498446
3498447
3498448
3498449
3498450
3498451
3498452
3498453
3498454
3498455
3498456
3498457
3498458
3498459
3498460
3498461
3498462
3498463
3498464
3498465
3498466
3498467
3498468
3498469
3498470
3498471
3498472
3498473
3498474
3498475
3498476
3498477
3498478
3498479
3498480
3498481
3498482
3498483
3498484
3498485
3498486
3498487
3498488
3498489
3498490
3498491
3498492
3498493
3498494
3498495
3498496
3498497
3498498
3498499
3498500
3498501
3498502
3498503
3498504
3498505
3498506
3498507
3498508
3498509
3498510
3498511
3498512
3498513
3498514
3498515
3498516
3498517
3498518
3498519
3498520
3498521
3498522
3498523
3498524
3498525
3498526
3498527
3498528
3498529
3498530
3498531
3498532
3498533
3498534
3498535
3498536
3498537
3498538
3498539
3498540
3498541
3498542
3498543
3498544
3498545
3498546
3498547
3498548
3498549
3498550
3498551
3498552
3498553
3498554
3498555
3498556
3498557
3498558
3498559
3498560
3498561
3498562
3498563
3498564
3498565
3498566
3498567
3498568
3498569
3498570
3498571
3498572
3498573
3498574
3498575
3498576
3498577
3498578
3498579
3498580
3498581
3498582
3498583
3498584
3498585
3498586
3498587
3498588
3498589
3498590
3498591
3498592
3498593
3498594
3498595
3498596
3498597
3498598
3498599
3498600
3498601
3498602
3498603
3498604
3498605
3498606
3498607
3498608
3498609
3498610
3498611
3498612
3498613
3498614
3498615
3498616
3498617
3498618
3498619
3498620
3498621
3498622
3498623
3498624
3498625
3498626
3498627
3498628
3498629
3498630
3498631
3498632
3498633
3498634
3498635
3498636
3498637
3498638
3498639
3498640
3498641
3498642
3498643
3498644
3498645
3498646
3498647
3498648
3498649
3498650
3498651
3498652
3498653
3498654
3498655
3498656
3498657
3498658
3498659
3498660
3498661
3498662
3498663
3498664
3498665
3498666
3498667
3498668
3498669
3498670
3498671
3498672
3498673
3498674
3498675
3498676
3498677
3498678
3498679
3498680
3498681
3498682
3498683
3498684
3498685
3498686
3498687
3498688
3498689
3498690
3498691
3498692
3498693
3498694
3498695
3498696
3498697
3498698
3498699
3498700
3498701
3498702
3498703
3498704
3498705
3498706
3498707
3498708
3498709
3498710
3498711
3498712
3498713
3498714
3498715
3498716
3498717
3498718
3498719
3498720
3498721
3498722
3498723
3498724
3498725
3498726
3498727
3498728
3498729
3498730
3498731
3498732
3498733
3498734
3498735
3498736
3498737
3498738
3498739
3498740
3498741
3498742
3498743
3498744
3498745
3498746
3498747
3498748
3498749
3498750
3498751
3498752
3498753
3498754
3498755
3498756
3498757
3498758
3498759
3498760
3498761
3498762
3498763
3498764
3498765
3498766
3498767
3498768
3498769
3498770
3498771
3498772
3498773
3498774
3498775
3498776
3498777
3498778
3498779
3498780
3498781
3498782
3498783
3498784
3498785
3498786
3498787
3498788
3498789
3498790
3498791
3498792
3498793
3498794
3498795
3498796
3498797
3498798
3498799
3498800
3498801
3498802
3498803
3498804
3498805
3498806
3498807
3498808
3498809
3498810
3498811
3498812
3498813
3498814
3498815
3498816
3498817
3498818
3498819
3498820
3498821
3498822
3498823
3498824
3498825
3498826
3498827
3498828
3498829
3498830
3498831
3498832
3498833
3498834
3498835
3498836
3498837
3498838
3498839
3498840
3498841
3498842
3498843
3498844
3498845
3498846
3498847
3498848
3498849
3498850
3498851
3498852
3498853
3498854
3498855
3498856
3498857
3498858
3498859
3498860
3498861
3498862
3498863
3498864
3498865
3498866
3498867
3498868
3498869
3498870
3498871
3498872
3498873
3498874
3498875
3498876
3498877
3498878
3498879
3498880
3498881
3498882
3498883
3498884
3498885
3498886
3498887
3498888
3498889
3498890
3498891
3498892
3498893
3498894
3498895
3498896
3498897
3498898
3498899
3498900
3498901
3498902
3498903
3498904
3498905
3498906
3498907
3498908
3498909
3498910
3498911
3498912
3498913
3498914
3498915
3498916
3498917
3498918
3498919
3498920
3498921
3498922
3498923
3498924
3498925
3498926
3498927
3498928
3498929
3498930
3498931
3498932
3498933
3498934
3498935
3498936
3498937
3498938
3498939
3498940
3498941
3498942
3498943
3498944
3498945
3498946
3498947
3498948
3498949
3498950
3498951
3498952
3498953
3498954
3498955
3498956
3498957
3498958
3498959
3498960
3498961
3498962
3498963
3498964
3498965
3498966
3498967
3498968
3498969
3498970
3498971
3498972
3498973
3498974
3498975
3498976
3498977
3498978
3498979
3498980
3498981
3498982
3498983
3498984
3498985
3498986
3498987
3498988
3498989
3498990
3498991
3498992
3498993
3498994
3498995
3498996
3498997
3498998
3498999
3499000
3499001
3499002
3499003
3499004
3499005
3499006
3499007
3499008
3499009
3499010
3499011
3499012
3499013
3499014
3499015
3499016
3499017
3499018
3499019
3499020
3499021
3499022
3499023
3499024
3499025
3499026
3499027
3499028
3499029
3499030
3499031
3499032
3499033
3499034
3499035
3499036
3499037
3499038
3499039
3499040
3499041
3499042
3499043
3499044
3499045
3499046
3499047
3499048
3499049
3499050
3499051
3499052
3499053
3499054
3499055
3499056
3499057
3499058
3499059
3499060
3499061
3499062
3499063
3499064
3499065
3499066
3499067
3499068
3499069
3499070
3499071
3499072
3499073
3499074
3499075
3499076
3499077
3499078
3499079
3499080
3499081
3499082
3499083
3499084
3499085
3499086
3499087
3499088
3499089
3499090
3499091
3499092
3499093
3499094
3499095
3499096
3499097
3499098
3499099
3499100
3499101
3499102
3499103
3499104
3499105
3499106
3499107
3499108
3499109
3499110
3499111
3499112
3499113
3499114
3499115
3499116
3499117
3499118
3499119
3499120
3499121
3499122
3499123
3499124
3499125
3499126
3499127
3499128
3499129
3499130
3499131
3499132
3499133
3499134
3499135
3499136
3499137
3499138
3499139
3499140
3499141
3499142
3499143
3499144
3499145
3499146
3499147
3499148
3499149
3499150
3499151
3499152
3499153
3499154
3499155
3499156
3499157
3499158
3499159
3499160
3499161
3499162
3499163
3499164
3499165
3499166
3499167
3499168
3499169
3499170
3499171
3499172
3499173
3499174
3499175
3499176
3499177
3499178
3499179
3499180
3499181
3499182
3499183
3499184
3499185
3499186
3499187
3499188
3499189
3499190
3499191
3499192
3499193
3499194
3499195
3499196
3499197
3499198
3499199
3499200
3499201
3499202
3499203
3499204
3499205
3499206
3499207
3499208
3499209
3499210
3499211
3499212
3499213
3499214
3499215
3499216
3499217
3499218
3499219
3499220
3499221
3499222
3499223
3499224
3499225
3499226
3499227
3499228
3499229
3499230
3499231
3499232
3499233
3499234
3499235
3499236
3499237
3499238
3499239
3499240
3499241
3499242
3499243
3499244
3499245
3499246
3499247
3499248
3499249
3499250
3499251
3499252
3499253
3499254
3499255
3499256
3499257
3499258
3499259
3499260
3499261
3499262
3499263
3499264
3499265
3499266
3499267
3499268
3499269
3499270
3499271
3499272
3499273
3499274
3499275
3499276
3499277
3499278
3499279
3499280
3499281
3499282
3499283
3499284
3499285
3499286
3499287
3499288
3499289
3499290
3499291
3499292
3499293
3499294
3499295
3499296
3499297
3499298
3499299
3499300
3499301
3499302
3499303
3499304
3499305
3499306
3499307
3499308
3499309
3499310
3499311
3499312
3499313
3499314
3499315
3499316
3499317
3499318
3499319
3499320
3499321
3499322
3499323
3499324
3499325
3499326
3499327
3499328
3499329
3499330
3499331
3499332
3499333
3499334
3499335
3499336
3499337
3499338
3499339
3499340
3499341
3499342
3499343
3499344
3499345
3499346
3499347
3499348
3499349
3499350
3499351
3499352
3499353
3499354
3499355
3499356
3499357
3499358
3499359
3499360
3499361
3499362
3499363
3499364
3499365
3499366
3499367
3499368
3499369
3499370
3499371
3499372
3499373
3499374
3499375
3499376
3499377
3499378
3499379
3499380
3499381
3499382
3499383
3499384
3499385
3499386
3499387
3499388
3499389
3499390
3499391
3499392
3499393
3499394
3499395
3499396
3499397
3499398
3499399
3499400
3499401
3499402
3499403
3499404
3499405
3499406
3499407
3499408
3499409
3499410
3499411
3499412
3499413
3499414
3499415
3499416
3499417
3499418
3499419
3499420
3499421
3499422
3499423
3499424
3499425
3499426
3499427
3499428
3499429
3499430
3499431
3499432
3499433
3499434
3499435
3499436
3499437
3499438
3499439
3499440
3499441
3499442
3499443
3499444
3499445
3499446
3499447
3499448
3499449
3499450
3499451
3499452
3499453
3499454
3499455
3499456
3499457
3499458
3499459
3499460
3499461
3499462
3499463
3499464
3499465
3499466
3499467
3499468
3499469
3499470
3499471
3499472
3499473
3499474
3499475
3499476
3499477
3499478
3499479
3499480
3499481
3499482
3499483
3499484
3499485
3499486
3499487
3499488
3499489
3499490
3499491
3499492
3499493
3499494
3499495
3499496
3499497
3499498
3499499
3499500
3499501
3499502
3499503
3499504
3499505
3499506
3499507
3499508
3499509
3499510
3499511
3499512
3499513
3499514
3499515
3499516
3499517
3499518
3499519
3499520
3499521
3499522
3499523
3499524
3499525
3499526
3499527
3499528
3499529
3499530
3499531
3499532
3499533
3499534
3499535
3499536
3499537
3499538
3499539
3499540
3499541
3499542
3499543
3499544
3499545
3499546
3499547
3499548
3499549
3499550
3499551
3499552
3499553
3499554
3499555
3499556
3499557
3499558
3499559
3499560
3499561
3499562
3499563
3499564
3499565
3499566
3499567
3499568
3499569
3499570
3499571
3499572
3499573
3499574
3499575
3499576
3499577
3499578
3499579
3499580
3499581
3499582
3499583
3499584
3499585
3499586
3499587
3499588
3499589
3499590
3499591
3499592
3499593
3499594
3499595
3499596
3499597
3499598
3499599
3499600
3499601
3499602
3499603
3499604
3499605
3499606
3499607
3499608
3499609
3499610
3499611
3499612
3499613
3499614
3499615
3499616
3499617
3499618
3499619
3499620
3499621
3499622
3499623
3499624
3499625
3499626
3499627
3499628
3499629
3499630
3499631
3499632
3499633
3499634
3499635
3499636
3499637
3499638
3499639
3499640
3499641
3499642
3499643
3499644
3499645
3499646
3499647
3499648
3499649
3499650
3499651
3499652
3499653
3499654
3499655
3499656
3499657
3499658
3499659
3499660
3499661
3499662
3499663
3499664
3499665
3499666
3499667
3499668
3499669
3499670
3499671
3499672
3499673
3499674
3499675
3499676
3499677
3499678
3499679
3499680
3499681
3499682
3499683
3499684
3499685
3499686
3499687
3499688
3499689
3499690
3499691
3499692
3499693
3499694
3499695
3499696
3499697
3499698
3499699
3499700
3499701
3499702
3499703
3499704
3499705
3499706
3499707
3499708
3499709
3499710
3499711
3499712
3499713
3499714
3499715
3499716
3499717
3499718
3499719
3499720
3499721
3499722
3499723
3499724
3499725
3499726
3499727
3499728
3499729
3499730
3499731
3499732
3499733
3499734
3499735
3499736
3499737
3499738
3499739
3499740
3499741
3499742
3499743
3499744
3499745
3499746
3499747
3499748
3499749
3499750
3499751
3499752
3499753
3499754
3499755
3499756
3499757
3499758
3499759
3499760
3499761
3499762
3499763
3499764
3499765
3499766
3499767
3499768
3499769
3499770
3499771
3499772
3499773
3499774
3499775
3499776
3499777
3499778
3499779
3499780
3499781
3499782
3499783
3499784
3499785
3499786
3499787
3499788
3499789
3499790
3499791
3499792
3499793
3499794
3499795
3499796
3499797
3499798
3499799
3499800
3499801
3499802
3499803
3499804
3499805
3499806
3499807
3499808
3499809
3499810
3499811
3499812
3499813
3499814
3499815
3499816
3499817
3499818
3499819
3499820
3499821
3499822
3499823
3499824
3499825
3499826
3499827
3499828
3499829
3499830
3499831
3499832
3499833
3499834
3499835
3499836
3499837
3499838
3499839
3499840
3499841
3499842
3499843
3499844
3499845
3499846
3499847
3499848
3499849
3499850
3499851
3499852
3499853
3499854
3499855
3499856
3499857
3499858
3499859
3499860
3499861
3499862
3499863
3499864
3499865
3499866
3499867
3499868
3499869
3499870
3499871
3499872
3499873
3499874
3499875
3499876
3499877
3499878
3499879
3499880
3499881
3499882
3499883
3499884
3499885
3499886
3499887
3499888
3499889
3499890
3499891
3499892
3499893
3499894
3499895
3499896
3499897
3499898
3499899
3499900
3499901
3499902
3499903
3499904
3499905
3499906
3499907
3499908
3499909
3499910
3499911
3499912
3499913
3499914
3499915
3499916
3499917
3499918
3499919
3499920
3499921
3499922
3499923
3499924
3499925
3499926
3499927
3499928
3499929
3499930
3499931
3499932
3499933
3499934
3499935
3499936
3499937
3499938
3499939
3499940
3499941
3499942
3499943
3499944
3499945
3499946
3499947
3499948
3499949
3499950
3499951
3499952
3499953
3499954
3499955
3499956
3499957
3499958
3499959
3499960
3499961
3499962
3499963
3499964
3499965
3499966
3499967
3499968
3499969
3499970
3499971
3499972
3499973
3499974
3499975
3499976
3499977
3499978
3499979
3499980
3499981
3499982
3499983
3499984
3499985
3499986
3499987
3499988
3499989
3499990
3499991
3499992
3499993
3499994
3499995
3499996
3499997
3499998
3499999
3500000
