3580001
3580002
3580003
3580004
3580005
3580006
3580007
3580008
3580009
3580010
3580011
3580012
3580013
3580014
3580015
3580016
3580017
3580018
3580019
3580020
3580021
3580022
3580023
3580024
3580025
3580026
3580027
3580028
3580029
3580030
3580031
3580032
3580033
3580034
3580035
3580036
3580037
3580038
3580039
3580040
3580041
3580042
3580043
3580044
3580045
3580046
3580047
3580048
3580049
3580050
3580051
3580052
3580053
3580054
3580055
3580056
3580057
3580058
3580059
3580060
3580061
3580062
3580063
3580064
3580065
3580066
3580067
3580068
3580069
3580070
3580071
3580072
3580073
3580074
3580075
3580076
3580077
3580078
3580079
3580080
3580081
3580082
3580083
3580084
3580085
3580086
3580087
3580088
3580089
3580090
3580091
3580092
3580093
3580094
3580095
3580096
3580097
3580098
3580099
3580100
3580101
3580102
3580103
3580104
3580105
3580106
3580107
3580108
3580109
3580110
3580111
3580112
3580113
3580114
3580115
3580116
3580117
3580118
3580119
3580120
3580121
3580122
3580123
3580124
3580125
3580126
3580127
3580128
3580129
3580130
3580131
3580132
3580133
3580134
3580135
3580136
3580137
3580138
3580139
3580140
3580141
3580142
3580143
3580144
3580145
3580146
3580147
3580148
3580149
3580150
3580151
3580152
3580153
3580154
3580155
3580156
3580157
3580158
3580159
3580160
3580161
3580162
3580163
3580164
3580165
3580166
3580167
3580168
3580169
3580170
3580171
3580172
3580173
3580174
3580175
3580176
3580177
3580178
3580179
3580180
3580181
3580182
3580183
3580184
3580185
3580186
3580187
3580188
3580189
3580190
3580191
3580192
3580193
3580194
3580195
3580196
3580197
3580198
3580199
3580200
3580201
3580202
3580203
3580204
3580205
3580206
3580207
3580208
3580209
3580210
3580211
3580212
3580213
3580214
3580215
3580216
3580217
3580218
3580219
3580220
3580221
3580222
3580223
3580224
3580225
3580226
3580227
3580228
3580229
3580230
3580231
3580232
3580233
3580234
3580235
3580236
3580237
3580238
3580239
3580240
3580241
3580242
3580243
3580244
3580245
3580246
3580247
3580248
3580249
3580250
3580251
3580252
3580253
3580254
3580255
3580256
3580257
3580258
3580259
3580260
3580261
3580262
3580263
3580264
3580265
3580266
3580267
3580268
3580269
3580270
3580271
3580272
3580273
3580274
3580275
3580276
3580277
3580278
3580279
3580280
3580281
3580282
3580283
3580284
3580285
3580286
3580287
3580288
3580289
3580290
3580291
3580292
3580293
3580294
3580295
3580296
3580297
3580298
3580299
3580300
3580301
3580302
3580303
3580304
3580305
3580306
3580307
3580308
3580309
3580310
3580311
3580312
3580313
3580314
3580315
3580316
3580317
3580318
3580319
3580320
3580321
3580322
3580323
3580324
3580325
3580326
3580327
3580328
3580329
3580330
3580331
3580332
3580333
3580334
3580335
3580336
3580337
3580338
3580339
3580340
3580341
3580342
3580343
3580344
3580345
3580346
3580347
3580348
3580349
3580350
3580351
3580352
3580353
3580354
3580355
3580356
3580357
3580358
3580359
3580360
3580361
3580362
3580363
3580364
3580365
3580366
3580367
3580368
3580369
3580370
3580371
3580372
3580373
3580374
3580375
3580376
3580377
3580378
3580379
3580380
3580381
3580382
3580383
3580384
3580385
3580386
3580387
3580388
3580389
3580390
3580391
3580392
3580393
3580394
3580395
3580396
3580397
3580398
3580399
3580400
3580401
3580402
3580403
3580404
3580405
3580406
3580407
3580408
3580409
3580410
3580411
3580412
3580413
3580414
3580415
3580416
3580417
3580418
3580419
3580420
3580421
3580422
3580423
3580424
3580425
3580426
3580427
3580428
3580429
3580430
3580431
3580432
3580433
3580434
3580435
3580436
3580437
3580438
3580439
3580440
3580441
3580442
3580443
3580444
3580445
3580446
3580447
3580448
3580449
3580450
3580451
3580452
3580453
3580454
3580455
3580456
3580457
3580458
3580459
3580460
3580461
3580462
3580463
3580464
3580465
3580466
3580467
3580468
3580469
3580470
3580471
3580472
3580473
3580474
3580475
3580476
3580477
3580478
3580479
3580480
3580481
3580482
3580483
3580484
3580485
3580486
3580487
3580488
3580489
3580490
3580491
3580492
3580493
3580494
3580495
3580496
3580497
3580498
3580499
3580500
3580501
3580502
3580503
3580504
3580505
3580506
3580507
3580508
3580509
3580510
3580511
3580512
3580513
3580514
3580515
3580516
3580517
3580518
3580519
3580520
3580521
3580522
3580523
3580524
3580525
3580526
3580527
3580528
3580529
3580530
3580531
3580532
3580533
3580534
3580535
3580536
3580537
3580538
3580539
3580540
3580541
3580542
3580543
3580544
3580545
3580546
3580547
3580548
3580549
3580550
3580551
3580552
3580553
3580554
3580555
3580556
3580557
3580558
3580559
3580560
3580561
3580562
3580563
3580564
3580565
3580566
3580567
3580568
3580569
3580570
3580571
3580572
3580573
3580574
3580575
3580576
3580577
3580578
3580579
3580580
3580581
3580582
3580583
3580584
3580585
3580586
3580587
3580588
3580589
3580590
3580591
3580592
3580593
3580594
3580595
3580596
3580597
3580598
3580599
3580600
3580601
3580602
3580603
3580604
3580605
3580606
3580607
3580608
3580609
3580610
3580611
3580612
3580613
3580614
3580615
3580616
3580617
3580618
3580619
3580620
3580621
3580622
3580623
3580624
3580625
3580626
3580627
3580628
3580629
3580630
3580631
3580632
3580633
3580634
3580635
3580636
3580637
3580638
3580639
3580640
3580641
3580642
3580643
3580644
3580645
3580646
3580647
3580648
3580649
3580650
3580651
3580652
3580653
3580654
3580655
3580656
3580657
3580658
3580659
3580660
3580661
3580662
3580663
3580664
3580665
3580666
3580667
3580668
3580669
3580670
3580671
3580672
3580673
3580674
3580675
3580676
3580677
3580678
3580679
3580680
3580681
3580682
3580683
3580684
3580685
3580686
3580687
3580688
3580689
3580690
3580691
3580692
3580693
3580694
3580695
3580696
3580697
3580698
3580699
3580700
3580701
3580702
3580703
3580704
3580705
3580706
3580707
3580708
3580709
3580710
3580711
3580712
3580713
3580714
3580715
3580716
3580717
3580718
3580719
3580720
3580721
3580722
3580723
3580724
3580725
3580726
3580727
3580728
3580729
3580730
3580731
3580732
3580733
3580734
3580735
3580736
3580737
3580738
3580739
3580740
3580741
3580742
3580743
3580744
3580745
3580746
3580747
3580748
3580749
3580750
3580751
3580752
3580753
3580754
3580755
3580756
3580757
3580758
3580759
3580760
3580761
3580762
3580763
3580764
3580765
3580766
3580767
3580768
3580769
3580770
3580771
3580772
3580773
3580774
3580775
3580776
3580777
3580778
3580779
3580780
3580781
3580782
3580783
3580784
3580785
3580786
3580787
3580788
3580789
3580790
3580791
3580792
3580793
3580794
3580795
3580796
3580797
3580798
3580799
3580800
3580801
3580802
3580803
3580804
3580805
3580806
3580807
3580808
3580809
3580810
3580811
3580812
3580813
3580814
3580815
3580816
3580817
3580818
3580819
3580820
3580821
3580822
3580823
3580824
3580825
3580826
3580827
3580828
3580829
3580830
3580831
3580832
3580833
3580834
3580835
3580836
3580837
3580838
3580839
3580840
3580841
3580842
3580843
3580844
3580845
3580846
3580847
3580848
3580849
3580850
3580851
3580852
3580853
3580854
3580855
3580856
3580857
3580858
3580859
3580860
3580861
3580862
3580863
3580864
3580865
3580866
3580867
3580868
3580869
3580870
3580871
3580872
3580873
3580874
3580875
3580876
3580877
3580878
3580879
3580880
3580881
3580882
3580883
3580884
3580885
3580886
3580887
3580888
3580889
3580890
3580891
3580892
3580893
3580894
3580895
3580896
3580897
3580898
3580899
3580900
3580901
3580902
3580903
3580904
3580905
3580906
3580907
3580908
3580909
3580910
3580911
3580912
3580913
3580914
3580915
3580916
3580917
3580918
3580919
3580920
3580921
3580922
3580923
3580924
3580925
3580926
3580927
3580928
3580929
3580930
3580931
3580932
3580933
3580934
3580935
3580936
3580937
3580938
3580939
3580940
3580941
3580942
3580943
3580944
3580945
3580946
3580947
3580948
3580949
3580950
3580951
3580952
3580953
3580954
3580955
3580956
3580957
3580958
3580959
3580960
3580961
3580962
3580963
3580964
3580965
3580966
3580967
3580968
3580969
3580970
3580971
3580972
3580973
3580974
3580975
3580976
3580977
3580978
3580979
3580980
3580981
3580982
3580983
3580984
3580985
3580986
3580987
3580988
3580989
3580990
3580991
3580992
3580993
3580994
3580995
3580996
3580997
3580998
3580999
3581000
3581001
3581002
3581003
3581004
3581005
3581006
3581007
3581008
3581009
3581010
3581011
3581012
3581013
3581014
3581015
3581016
3581017
3581018
3581019
3581020
3581021
3581022
3581023
3581024
3581025
3581026
3581027
3581028
3581029
3581030
3581031
3581032
3581033
3581034
3581035
3581036
3581037
3581038
3581039
3581040
3581041
3581042
3581043
3581044
3581045
3581046
3581047
3581048
3581049
3581050
3581051
3581052
3581053
3581054
3581055
3581056
3581057
3581058
3581059
3581060
3581061
3581062
3581063
3581064
3581065
3581066
3581067
3581068
3581069
3581070
3581071
3581072
3581073
3581074
3581075
3581076
3581077
3581078
3581079
3581080
3581081
3581082
3581083
3581084
3581085
3581086
3581087
3581088
3581089
3581090
3581091
3581092
3581093
3581094
3581095
3581096
3581097
3581098
3581099
3581100
3581101
3581102
3581103
3581104
3581105
3581106
3581107
3581108
3581109
3581110
3581111
3581112
3581113
3581114
3581115
3581116
3581117
3581118
3581119
3581120
3581121
3581122
3581123
3581124
3581125
3581126
3581127
3581128
3581129
3581130
3581131
3581132
3581133
3581134
3581135
3581136
3581137
3581138
3581139
3581140
3581141
3581142
3581143
3581144
3581145
3581146
3581147
3581148
3581149
3581150
3581151
3581152
3581153
3581154
3581155
3581156
3581157
3581158
3581159
3581160
3581161
3581162
3581163
3581164
3581165
3581166
3581167
3581168
3581169
3581170
3581171
3581172
3581173
3581174
3581175
3581176
3581177
3581178
3581179
3581180
3581181
3581182
3581183
3581184
3581185
3581186
3581187
3581188
3581189
3581190
3581191
3581192
3581193
3581194
3581195
3581196
3581197
3581198
3581199
3581200
3581201
3581202
3581203
3581204
3581205
3581206
3581207
3581208
3581209
3581210
3581211
3581212
3581213
3581214
3581215
3581216
3581217
3581218
3581219
3581220
3581221
3581222
3581223
3581224
3581225
3581226
3581227
3581228
3581229
3581230
3581231
3581232
3581233
3581234
3581235
3581236
3581237
3581238
3581239
3581240
3581241
3581242
3581243
3581244
3581245
3581246
3581247
3581248
3581249
3581250
3581251
3581252
3581253
3581254
3581255
3581256
3581257
3581258
3581259
3581260
3581261
3581262
3581263
3581264
3581265
3581266
3581267
3581268
3581269
3581270
3581271
3581272
3581273
3581274
3581275
3581276
3581277
3581278
3581279
3581280
3581281
3581282
3581283
3581284
3581285
3581286
3581287
3581288
3581289
3581290
3581291
3581292
3581293
3581294
3581295
3581296
3581297
3581298
3581299
3581300
3581301
3581302
3581303
3581304
3581305
3581306
3581307
3581308
3581309
3581310
3581311
3581312
3581313
3581314
3581315
3581316
3581317
3581318
3581319
3581320
3581321
3581322
3581323
3581324
3581325
3581326
3581327
3581328
3581329
3581330
3581331
3581332
3581333
3581334
3581335
3581336
3581337
3581338
3581339
3581340
3581341
3581342
3581343
3581344
3581345
3581346
3581347
3581348
3581349
3581350
3581351
3581352
3581353
3581354
3581355
3581356
3581357
3581358
3581359
3581360
3581361
3581362
3581363
3581364
3581365
3581366
3581367
3581368
3581369
3581370
3581371
3581372
3581373
3581374
3581375
3581376
3581377
3581378
3581379
3581380
3581381
3581382
3581383
3581384
3581385
3581386
3581387
3581388
3581389
3581390
3581391
3581392
3581393
3581394
3581395
3581396
3581397
3581398
3581399
3581400
3581401
3581402
3581403
3581404
3581405
3581406
3581407
3581408
3581409
3581410
3581411
3581412
3581413
3581414
3581415
3581416
3581417
3581418
3581419
3581420
3581421
3581422
3581423
3581424
3581425
3581426
3581427
3581428
3581429
3581430
3581431
3581432
3581433
3581434
3581435
3581436
3581437
3581438
3581439
3581440
3581441
3581442
3581443
3581444
3581445
3581446
3581447
3581448
3581449
3581450
3581451
3581452
3581453
3581454
3581455
3581456
3581457
3581458
3581459
3581460
3581461
3581462
3581463
3581464
3581465
3581466
3581467
3581468
3581469
3581470
3581471
3581472
3581473
3581474
3581475
3581476
3581477
3581478
3581479
3581480
3581481
3581482
3581483
3581484
3581485
3581486
3581487
3581488
3581489
3581490
3581491
3581492
3581493
3581494
3581495
3581496
3581497
3581498
3581499
3581500
3581501
3581502
3581503
3581504
3581505
3581506
3581507
3581508
3581509
3581510
3581511
3581512
3581513
3581514
3581515
3581516
3581517
3581518
3581519
3581520
3581521
3581522
3581523
3581524
3581525
3581526
3581527
3581528
3581529
3581530
3581531
3581532
3581533
3581534
3581535
3581536
3581537
3581538
3581539
3581540
3581541
3581542
3581543
3581544
3581545
3581546
3581547
3581548
3581549
3581550
3581551
3581552
3581553
3581554
3581555
3581556
3581557
3581558
3581559
3581560
3581561
3581562
3581563
3581564
3581565
3581566
3581567
3581568
3581569
3581570
3581571
3581572
3581573
3581574
3581575
3581576
3581577
3581578
3581579
3581580
3581581
3581582
3581583
3581584
3581585
3581586
3581587
3581588
3581589
3581590
3581591
3581592
3581593
3581594
3581595
3581596
3581597
3581598
3581599
3581600
3581601
3581602
3581603
3581604
3581605
3581606
3581607
3581608
3581609
3581610
3581611
3581612
3581613
3581614
3581615
3581616
3581617
3581618
3581619
3581620
3581621
3581622
3581623
3581624
3581625
3581626
3581627
3581628
3581629
3581630
3581631
3581632
3581633
3581634
3581635
3581636
3581637
3581638
3581639
3581640
3581641
3581642
3581643
3581644
3581645
3581646
3581647
3581648
3581649
3581650
3581651
3581652
3581653
3581654
3581655
3581656
3581657
3581658
3581659
3581660
3581661
3581662
3581663
3581664
3581665
3581666
3581667
3581668
3581669
3581670
3581671
3581672
3581673
3581674
3581675
3581676
3581677
3581678
3581679
3581680
3581681
3581682
3581683
3581684
3581685
3581686
3581687
3581688
3581689
3581690
3581691
3581692
3581693
3581694
3581695
3581696
3581697
3581698
3581699
3581700
3581701
3581702
3581703
3581704
3581705
3581706
3581707
3581708
3581709
3581710
3581711
3581712
3581713
3581714
3581715
3581716
3581717
3581718
3581719
3581720
3581721
3581722
3581723
3581724
3581725
3581726
3581727
3581728
3581729
3581730
3581731
3581732
3581733
3581734
3581735
3581736
3581737
3581738
3581739
3581740
3581741
3581742
3581743
3581744
3581745
3581746
3581747
3581748
3581749
3581750
3581751
3581752
3581753
3581754
3581755
3581756
3581757
3581758
3581759
3581760
3581761
3581762
3581763
3581764
3581765
3581766
3581767
3581768
3581769
3581770
3581771
3581772
3581773
3581774
3581775
3581776
3581777
3581778
3581779
3581780
3581781
3581782
3581783
3581784
3581785
3581786
3581787
3581788
3581789
3581790
3581791
3581792
3581793
3581794
3581795
3581796
3581797
3581798
3581799
3581800
3581801
3581802
3581803
3581804
3581805
3581806
3581807
3581808
3581809
3581810
3581811
3581812
3581813
3581814
3581815
3581816
3581817
3581818
3581819
3581820
3581821
3581822
3581823
3581824
3581825
3581826
3581827
3581828
3581829
3581830
3581831
3581832
3581833
3581834
3581835
3581836
3581837
3581838
3581839
3581840
3581841
3581842
3581843
3581844
3581845
3581846
3581847
3581848
3581849
3581850
3581851
3581852
3581853
3581854
3581855
3581856
3581857
3581858
3581859
3581860
3581861
3581862
3581863
3581864
3581865
3581866
3581867
3581868
3581869
3581870
3581871
3581872
3581873
3581874
3581875
3581876
3581877
3581878
3581879
3581880
3581881
3581882
3581883
3581884
3581885
3581886
3581887
3581888
3581889
3581890
3581891
3581892
3581893
3581894
3581895
3581896
3581897
3581898
3581899
3581900
3581901
3581902
3581903
3581904
3581905
3581906
3581907
3581908
3581909
3581910
3581911
3581912
3581913
3581914
3581915
3581916
3581917
3581918
3581919
3581920
3581921
3581922
3581923
3581924
3581925
3581926
3581927
3581928
3581929
3581930
3581931
3581932
3581933
3581934
3581935
3581936
3581937
3581938
3581939
3581940
3581941
3581942
3581943
3581944
3581945
3581946
3581947
3581948
3581949
3581950
3581951
3581952
3581953
3581954
3581955
3581956
3581957
3581958
3581959
3581960
3581961
3581962
3581963
3581964
3581965
3581966
3581967
3581968
3581969
3581970
3581971
3581972
3581973
3581974
3581975
3581976
3581977
3581978
3581979
3581980
3581981
3581982
3581983
3581984
3581985
3581986
3581987
3581988
3581989
3581990
3581991
3581992
3581993
3581994
3581995
3581996
3581997
3581998
3581999
3582000
3582001
3582002
3582003
3582004
3582005
3582006
3582007
3582008
3582009
3582010
3582011
3582012
3582013
3582014
3582015
3582016
3582017
3582018
3582019
3582020
3582021
3582022
3582023
3582024
3582025
3582026
3582027
3582028
3582029
3582030
3582031
3582032
3582033
3582034
3582035
3582036
3582037
3582038
3582039
3582040
3582041
3582042
3582043
3582044
3582045
3582046
3582047
3582048
3582049
3582050
3582051
3582052
3582053
3582054
3582055
3582056
3582057
3582058
3582059
3582060
3582061
3582062
3582063
3582064
3582065
3582066
3582067
3582068
3582069
3582070
3582071
3582072
3582073
3582074
3582075
3582076
3582077
3582078
3582079
3582080
3582081
3582082
3582083
3582084
3582085
3582086
3582087
3582088
3582089
3582090
3582091
3582092
3582093
3582094
3582095
3582096
3582097
3582098
3582099
3582100
3582101
3582102
3582103
3582104
3582105
3582106
3582107
3582108
3582109
3582110
3582111
3582112
3582113
3582114
3582115
3582116
3582117
3582118
3582119
3582120
3582121
3582122
3582123
3582124
3582125
3582126
3582127
3582128
3582129
3582130
3582131
3582132
3582133
3582134
3582135
3582136
3582137
3582138
3582139
3582140
3582141
3582142
3582143
3582144
3582145
3582146
3582147
3582148
3582149
3582150
3582151
3582152
3582153
3582154
3582155
3582156
3582157
3582158
3582159
3582160
3582161
3582162
3582163
3582164
3582165
3582166
3582167
3582168
3582169
3582170
3582171
3582172
3582173
3582174
3582175
3582176
3582177
3582178
3582179
3582180
3582181
3582182
3582183
3582184
3582185
3582186
3582187
3582188
3582189
3582190
3582191
3582192
3582193
3582194
3582195
3582196
3582197
3582198
3582199
3582200
3582201
3582202
3582203
3582204
3582205
3582206
3582207
3582208
3582209
3582210
3582211
3582212
3582213
3582214
3582215
3582216
3582217
3582218
3582219
3582220
3582221
3582222
3582223
3582224
3582225
3582226
3582227
3582228
3582229
3582230
3582231
3582232
3582233
3582234
3582235
3582236
3582237
3582238
3582239
3582240
3582241
3582242
3582243
3582244
3582245
3582246
3582247
3582248
3582249
3582250
3582251
3582252
3582253
3582254
3582255
3582256
3582257
3582258
3582259
3582260
3582261
3582262
3582263
3582264
3582265
3582266
3582267
3582268
3582269
3582270
3582271
3582272
3582273
3582274
3582275
3582276
3582277
3582278
3582279
3582280
3582281
3582282
3582283
3582284
3582285
3582286
3582287
3582288
3582289
3582290
3582291
3582292
3582293
3582294
3582295
3582296
3582297
3582298
3582299
3582300
3582301
3582302
3582303
3582304
3582305
3582306
3582307
3582308
3582309
3582310
3582311
3582312
3582313
3582314
3582315
3582316
3582317
3582318
3582319
3582320
3582321
3582322
3582323
3582324
3582325
3582326
3582327
3582328
3582329
3582330
3582331
3582332
3582333
3582334
3582335
3582336
3582337
3582338
3582339
3582340
3582341
3582342
3582343
3582344
3582345
3582346
3582347
3582348
3582349
3582350
3582351
3582352
3582353
3582354
3582355
3582356
3582357
3582358
3582359
3582360
3582361
3582362
3582363
3582364
3582365
3582366
3582367
3582368
3582369
3582370
3582371
3582372
3582373
3582374
3582375
3582376
3582377
3582378
3582379
3582380
3582381
3582382
3582383
3582384
3582385
3582386
3582387
3582388
3582389
3582390
3582391
3582392
3582393
3582394
3582395
3582396
3582397
3582398
3582399
3582400
3582401
3582402
3582403
3582404
3582405
3582406
3582407
3582408
3582409
3582410
3582411
3582412
3582413
3582414
3582415
3582416
3582417
3582418
3582419
3582420
3582421
3582422
3582423
3582424
3582425
3582426
3582427
3582428
3582429
3582430
3582431
3582432
3582433
3582434
3582435
3582436
3582437
3582438
3582439
3582440
3582441
3582442
3582443
3582444
3582445
3582446
3582447
3582448
3582449
3582450
3582451
3582452
3582453
3582454
3582455
3582456
3582457
3582458
3582459
3582460
3582461
3582462
3582463
3582464
3582465
3582466
3582467
3582468
3582469
3582470
3582471
3582472
3582473
3582474
3582475
3582476
3582477
3582478
3582479
3582480
3582481
3582482
3582483
3582484
3582485
3582486
3582487
3582488
3582489
3582490
3582491
3582492
3582493
3582494
3582495
3582496
3582497
3582498
3582499
3582500
3582501
3582502
3582503
3582504
3582505
3582506
3582507
3582508
3582509
3582510
3582511
3582512
3582513
3582514
3582515
3582516
3582517
3582518
3582519
3582520
3582521
3582522
3582523
3582524
3582525
3582526
3582527
3582528
3582529
3582530
3582531
3582532
3582533
3582534
3582535
3582536
3582537
3582538
3582539
3582540
3582541
3582542
3582543
3582544
3582545
3582546
3582547
3582548
3582549
3582550
3582551
3582552
3582553
3582554
3582555
3582556
3582557
3582558
3582559
3582560
3582561
3582562
3582563
3582564
3582565
3582566
3582567
3582568
3582569
3582570
3582571
3582572
3582573
3582574
3582575
3582576
3582577
3582578
3582579
3582580
3582581
3582582
3582583
3582584
3582585
3582586
3582587
3582588
3582589
3582590
3582591
3582592
3582593
3582594
3582595
3582596
3582597
3582598
3582599
3582600
3582601
3582602
3582603
3582604
3582605
3582606
3582607
3582608
3582609
3582610
3582611
3582612
3582613
3582614
3582615
3582616
3582617
3582618
3582619
3582620
3582621
3582622
3582623
3582624
3582625
3582626
3582627
3582628
3582629
3582630
3582631
3582632
3582633
3582634
3582635
3582636
3582637
3582638
3582639
3582640
3582641
3582642
3582643
3582644
3582645
3582646
3582647
3582648
3582649
3582650
3582651
3582652
3582653
3582654
3582655
3582656
3582657
3582658
3582659
3582660
3582661
3582662
3582663
3582664
3582665
3582666
3582667
3582668
3582669
3582670
3582671
3582672
3582673
3582674
3582675
3582676
3582677
3582678
3582679
3582680
3582681
3582682
3582683
3582684
3582685
3582686
3582687
3582688
3582689
3582690
3582691
3582692
3582693
3582694
3582695
3582696
3582697
3582698
3582699
3582700
3582701
3582702
3582703
3582704
3582705
3582706
3582707
3582708
3582709
3582710
3582711
3582712
3582713
3582714
3582715
3582716
3582717
3582718
3582719
3582720
3582721
3582722
3582723
3582724
3582725
3582726
3582727
3582728
3582729
3582730
3582731
3582732
3582733
3582734
3582735
3582736
3582737
3582738
3582739
3582740
3582741
3582742
3582743
3582744
3582745
3582746
3582747
3582748
3582749
3582750
3582751
3582752
3582753
3582754
3582755
3582756
3582757
3582758
3582759
3582760
3582761
3582762
3582763
3582764
3582765
3582766
3582767
3582768
3582769
3582770
3582771
3582772
3582773
3582774
3582775
3582776
3582777
3582778
3582779
3582780
3582781
3582782
3582783
3582784
3582785
3582786
3582787
3582788
3582789
3582790
3582791
3582792
3582793
3582794
3582795
3582796
3582797
3582798
3582799
3582800
3582801
3582802
3582803
3582804
3582805
3582806
3582807
3582808
3582809
3582810
3582811
3582812
3582813
3582814
3582815
3582816
3582817
3582818
3582819
3582820
3582821
3582822
3582823
3582824
3582825
3582826
3582827
3582828
3582829
3582830
3582831
3582832
3582833
3582834
3582835
3582836
3582837
3582838
3582839
3582840
3582841
3582842
3582843
3582844
3582845
3582846
3582847
3582848
3582849
3582850
3582851
3582852
3582853
3582854
3582855
3582856
3582857
3582858
3582859
3582860
3582861
3582862
3582863
3582864
3582865
3582866
3582867
3582868
3582869
3582870
3582871
3582872
3582873
3582874
3582875
3582876
3582877
3582878
3582879
3582880
3582881
3582882
3582883
3582884
3582885
3582886
3582887
3582888
3582889
3582890
3582891
3582892
3582893
3582894
3582895
3582896
3582897
3582898
3582899
3582900
3582901
3582902
3582903
3582904
3582905
3582906
3582907
3582908
3582909
3582910
3582911
3582912
3582913
3582914
3582915
3582916
3582917
3582918
3582919
3582920
3582921
3582922
3582923
3582924
3582925
3582926
3582927
3582928
3582929
3582930
3582931
3582932
3582933
3582934
3582935
3582936
3582937
3582938
3582939
3582940
3582941
3582942
3582943
3582944
3582945
3582946
3582947
3582948
3582949
3582950
3582951
3582952
3582953
3582954
3582955
3582956
3582957
3582958
3582959
3582960
3582961
3582962
3582963
3582964
3582965
3582966
3582967
3582968
3582969
3582970
3582971
3582972
3582973
3582974
3582975
3582976
3582977
3582978
3582979
3582980
3582981
3582982
3582983
3582984
3582985
3582986
3582987
3582988
3582989
3582990
3582991
3582992
3582993
3582994
3582995
3582996
3582997
3582998
3582999
3583000
3583001
3583002
3583003
3583004
3583005
3583006
3583007
3583008
3583009
3583010
3583011
3583012
3583013
3583014
3583015
3583016
3583017
3583018
3583019
3583020
3583021
3583022
3583023
3583024
3583025
3583026
3583027
3583028
3583029
3583030
3583031
3583032
3583033
3583034
3583035
3583036
3583037
3583038
3583039
3583040
3583041
3583042
3583043
3583044
3583045
3583046
3583047
3583048
3583049
3583050
3583051
3583052
3583053
3583054
3583055
3583056
3583057
3583058
3583059
3583060
3583061
3583062
3583063
3583064
3583065
3583066
3583067
3583068
3583069
3583070
3583071
3583072
3583073
3583074
3583075
3583076
3583077
3583078
3583079
3583080
3583081
3583082
3583083
3583084
3583085
3583086
3583087
3583088
3583089
3583090
3583091
3583092
3583093
3583094
3583095
3583096
3583097
3583098
3583099
3583100
3583101
3583102
3583103
3583104
3583105
3583106
3583107
3583108
3583109
3583110
3583111
3583112
3583113
3583114
3583115
3583116
3583117
3583118
3583119
3583120
3583121
3583122
3583123
3583124
3583125
3583126
3583127
3583128
3583129
3583130
3583131
3583132
3583133
3583134
3583135
3583136
3583137
3583138
3583139
3583140
3583141
3583142
3583143
3583144
3583145
3583146
3583147
3583148
3583149
3583150
3583151
3583152
3583153
3583154
3583155
3583156
3583157
3583158
3583159
3583160
3583161
3583162
3583163
3583164
3583165
3583166
3583167
3583168
3583169
3583170
3583171
3583172
3583173
3583174
3583175
3583176
3583177
3583178
3583179
3583180
3583181
3583182
3583183
3583184
3583185
3583186
3583187
3583188
3583189
3583190
3583191
3583192
3583193
3583194
3583195
3583196
3583197
3583198
3583199
3583200
3583201
3583202
3583203
3583204
3583205
3583206
3583207
3583208
3583209
3583210
3583211
3583212
3583213
3583214
3583215
3583216
3583217
3583218
3583219
3583220
3583221
3583222
3583223
3583224
3583225
3583226
3583227
3583228
3583229
3583230
3583231
3583232
3583233
3583234
3583235
3583236
3583237
3583238
3583239
3583240
3583241
3583242
3583243
3583244
3583245
3583246
3583247
3583248
3583249
3583250
3583251
3583252
3583253
3583254
3583255
3583256
3583257
3583258
3583259
3583260
3583261
3583262
3583263
3583264
3583265
3583266
3583267
3583268
3583269
3583270
3583271
3583272
3583273
3583274
3583275
3583276
3583277
3583278
3583279
3583280
3583281
3583282
3583283
3583284
3583285
3583286
3583287
3583288
3583289
3583290
3583291
3583292
3583293
3583294
3583295
3583296
3583297
3583298
3583299
3583300
3583301
3583302
3583303
3583304
3583305
3583306
3583307
3583308
3583309
3583310
3583311
3583312
3583313
3583314
3583315
3583316
3583317
3583318
3583319
3583320
3583321
3583322
3583323
3583324
3583325
3583326
3583327
3583328
3583329
3583330
3583331
3583332
3583333
3583334
3583335
3583336
3583337
3583338
3583339
3583340
3583341
3583342
3583343
3583344
3583345
3583346
3583347
3583348
3583349
3583350
3583351
3583352
3583353
3583354
3583355
3583356
3583357
3583358
3583359
3583360
3583361
3583362
3583363
3583364
3583365
3583366
3583367
3583368
3583369
3583370
3583371
3583372
3583373
3583374
3583375
3583376
3583377
3583378
3583379
3583380
3583381
3583382
3583383
3583384
3583385
3583386
3583387
3583388
3583389
3583390
3583391
3583392
3583393
3583394
3583395
3583396
3583397
3583398
3583399
3583400
3583401
3583402
3583403
3583404
3583405
3583406
3583407
3583408
3583409
3583410
3583411
3583412
3583413
3583414
3583415
3583416
3583417
3583418
3583419
3583420
3583421
3583422
3583423
3583424
3583425
3583426
3583427
3583428
3583429
3583430
3583431
3583432
3583433
3583434
3583435
3583436
3583437
3583438
3583439
3583440
3583441
3583442
3583443
3583444
3583445
3583446
3583447
3583448
3583449
3583450
3583451
3583452
3583453
3583454
3583455
3583456
3583457
3583458
3583459
3583460
3583461
3583462
3583463
3583464
3583465
3583466
3583467
3583468
3583469
3583470
3583471
3583472
3583473
3583474
3583475
3583476
3583477
3583478
3583479
3583480
3583481
3583482
3583483
3583484
3583485
3583486
3583487
3583488
3583489
3583490
3583491
3583492
3583493
3583494
3583495
3583496
3583497
3583498
3583499
3583500
3583501
3583502
3583503
3583504
3583505
3583506
3583507
3583508
3583509
3583510
3583511
3583512
3583513
3583514
3583515
3583516
3583517
3583518
3583519
3583520
3583521
3583522
3583523
3583524
3583525
3583526
3583527
3583528
3583529
3583530
3583531
3583532
3583533
3583534
3583535
3583536
3583537
3583538
3583539
3583540
3583541
3583542
3583543
3583544
3583545
3583546
3583547
3583548
3583549
3583550
3583551
3583552
3583553
3583554
3583555
3583556
3583557
3583558
3583559
3583560
3583561
3583562
3583563
3583564
3583565
3583566
3583567
3583568
3583569
3583570
3583571
3583572
3583573
3583574
3583575
3583576
3583577
3583578
3583579
3583580
3583581
3583582
3583583
3583584
3583585
3583586
3583587
3583588
3583589
3583590
3583591
3583592
3583593
3583594
3583595
3583596
3583597
3583598
3583599
3583600
3583601
3583602
3583603
3583604
3583605
3583606
3583607
3583608
3583609
3583610
3583611
3583612
3583613
3583614
3583615
3583616
3583617
3583618
3583619
3583620
3583621
3583622
3583623
3583624
3583625
3583626
3583627
3583628
3583629
3583630
3583631
3583632
3583633
3583634
3583635
3583636
3583637
3583638
3583639
3583640
3583641
3583642
3583643
3583644
3583645
3583646
3583647
3583648
3583649
3583650
3583651
3583652
3583653
3583654
3583655
3583656
3583657
3583658
3583659
3583660
3583661
3583662
3583663
3583664
3583665
3583666
3583667
3583668
3583669
3583670
3583671
3583672
3583673
3583674
3583675
3583676
3583677
3583678
3583679
3583680
3583681
3583682
3583683
3583684
3583685
3583686
3583687
3583688
3583689
3583690
3583691
3583692
3583693
3583694
3583695
3583696
3583697
3583698
3583699
3583700
3583701
3583702
3583703
3583704
3583705
3583706
3583707
3583708
3583709
3583710
3583711
3583712
3583713
3583714
3583715
3583716
3583717
3583718
3583719
3583720
3583721
3583722
3583723
3583724
3583725
3583726
3583727
3583728
3583729
3583730
3583731
3583732
3583733
3583734
3583735
3583736
3583737
3583738
3583739
3583740
3583741
3583742
3583743
3583744
3583745
3583746
3583747
3583748
3583749
3583750
3583751
3583752
3583753
3583754
3583755
3583756
3583757
3583758
3583759
3583760
3583761
3583762
3583763
3583764
3583765
3583766
3583767
3583768
3583769
3583770
3583771
3583772
3583773
3583774
3583775
3583776
3583777
3583778
3583779
3583780
3583781
3583782
3583783
3583784
3583785
3583786
3583787
3583788
3583789
3583790
3583791
3583792
3583793
3583794
3583795
3583796
3583797
3583798
3583799
3583800
3583801
3583802
3583803
3583804
3583805
3583806
3583807
3583808
3583809
3583810
3583811
3583812
3583813
3583814
3583815
3583816
3583817
3583818
3583819
3583820
3583821
3583822
3583823
3583824
3583825
3583826
3583827
3583828
3583829
3583830
3583831
3583832
3583833
3583834
3583835
3583836
3583837
3583838
3583839
3583840
3583841
3583842
3583843
3583844
3583845
3583846
3583847
3583848
3583849
3583850
3583851
3583852
3583853
3583854
3583855
3583856
3583857
3583858
3583859
3583860
3583861
3583862
3583863
3583864
3583865
3583866
3583867
3583868
3583869
3583870
3583871
3583872
3583873
3583874
3583875
3583876
3583877
3583878
3583879
3583880
3583881
3583882
3583883
3583884
3583885
3583886
3583887
3583888
3583889
3583890
3583891
3583892
3583893
3583894
3583895
3583896
3583897
3583898
3583899
3583900
3583901
3583902
3583903
3583904
3583905
3583906
3583907
3583908
3583909
3583910
3583911
3583912
3583913
3583914
3583915
3583916
3583917
3583918
3583919
3583920
3583921
3583922
3583923
3583924
3583925
3583926
3583927
3583928
3583929
3583930
3583931
3583932
3583933
3583934
3583935
3583936
3583937
3583938
3583939
3583940
3583941
3583942
3583943
3583944
3583945
3583946
3583947
3583948
3583949
3583950
3583951
3583952
3583953
3583954
3583955
3583956
3583957
3583958
3583959
3583960
3583961
3583962
3583963
3583964
3583965
3583966
3583967
3583968
3583969
3583970
3583971
3583972
3583973
3583974
3583975
3583976
3583977
3583978
3583979
3583980
3583981
3583982
3583983
3583984
3583985
3583986
3583987
3583988
3583989
3583990
3583991
3583992
3583993
3583994
3583995
3583996
3583997
3583998
3583999
3584000
3584001
3584002
3584003
3584004
3584005
3584006
3584007
3584008
3584009
3584010
3584011
3584012
3584013
3584014
3584015
3584016
3584017
3584018
3584019
3584020
3584021
3584022
3584023
3584024
3584025
3584026
3584027
3584028
3584029
3584030
3584031
3584032
3584033
3584034
3584035
3584036
3584037
3584038
3584039
3584040
3584041
3584042
3584043
3584044
3584045
3584046
3584047
3584048
3584049
3584050
3584051
3584052
3584053
3584054
3584055
3584056
3584057
3584058
3584059
3584060
3584061
3584062
3584063
3584064
3584065
3584066
3584067
3584068
3584069
3584070
3584071
3584072
3584073
3584074
3584075
3584076
3584077
3584078
3584079
3584080
3584081
3584082
3584083
3584084
3584085
3584086
3584087
3584088
3584089
3584090
3584091
3584092
3584093
3584094
3584095
3584096
3584097
3584098
3584099
3584100
3584101
3584102
3584103
3584104
3584105
3584106
3584107
3584108
3584109
3584110
3584111
3584112
3584113
3584114
3584115
3584116
3584117
3584118
3584119
3584120
3584121
3584122
3584123
3584124
3584125
3584126
3584127
3584128
3584129
3584130
3584131
3584132
3584133
3584134
3584135
3584136
3584137
3584138
3584139
3584140
3584141
3584142
3584143
3584144
3584145
3584146
3584147
3584148
3584149
3584150
3584151
3584152
3584153
3584154
3584155
3584156
3584157
3584158
3584159
3584160
3584161
3584162
3584163
3584164
3584165
3584166
3584167
3584168
3584169
3584170
3584171
3584172
3584173
3584174
3584175
3584176
3584177
3584178
3584179
3584180
3584181
3584182
3584183
3584184
3584185
3584186
3584187
3584188
3584189
3584190
3584191
3584192
3584193
3584194
3584195
3584196
3584197
3584198
3584199
3584200
3584201
3584202
3584203
3584204
3584205
3584206
3584207
3584208
3584209
3584210
3584211
3584212
3584213
3584214
3584215
3584216
3584217
3584218
3584219
3584220
3584221
3584222
3584223
3584224
3584225
3584226
3584227
3584228
3584229
3584230
3584231
3584232
3584233
3584234
3584235
3584236
3584237
3584238
3584239
3584240
3584241
3584242
3584243
3584244
3584245
3584246
3584247
3584248
3584249
3584250
3584251
3584252
3584253
3584254
3584255
3584256
3584257
3584258
3584259
3584260
3584261
3584262
3584263
3584264
3584265
3584266
3584267
3584268
3584269
3584270
3584271
3584272
3584273
3584274
3584275
3584276
3584277
3584278
3584279
3584280
3584281
3584282
3584283
3584284
3584285
3584286
3584287
3584288
3584289
3584290
3584291
3584292
3584293
3584294
3584295
3584296
3584297
3584298
3584299
3584300
3584301
3584302
3584303
3584304
3584305
3584306
3584307
3584308
3584309
3584310
3584311
3584312
3584313
3584314
3584315
3584316
3584317
3584318
3584319
3584320
3584321
3584322
3584323
3584324
3584325
3584326
3584327
3584328
3584329
3584330
3584331
3584332
3584333
3584334
3584335
3584336
3584337
3584338
3584339
3584340
3584341
3584342
3584343
3584344
3584345
3584346
3584347
3584348
3584349
3584350
3584351
3584352
3584353
3584354
3584355
3584356
3584357
3584358
3584359
3584360
3584361
3584362
3584363
3584364
3584365
3584366
3584367
3584368
3584369
3584370
3584371
3584372
3584373
3584374
3584375
3584376
3584377
3584378
3584379
3584380
3584381
3584382
3584383
3584384
3584385
3584386
3584387
3584388
3584389
3584390
3584391
3584392
3584393
3584394
3584395
3584396
3584397
3584398
3584399
3584400
3584401
3584402
3584403
3584404
3584405
3584406
3584407
3584408
3584409
3584410
3584411
3584412
3584413
3584414
3584415
3584416
3584417
3584418
3584419
3584420
3584421
3584422
3584423
3584424
3584425
3584426
3584427
3584428
3584429
3584430
3584431
3584432
3584433
3584434
3584435
3584436
3584437
3584438
3584439
3584440
3584441
3584442
3584443
3584444
3584445
3584446
3584447
3584448
3584449
3584450
3584451
3584452
3584453
3584454
3584455
3584456
3584457
3584458
3584459
3584460
3584461
3584462
3584463
3584464
3584465
3584466
3584467
3584468
3584469
3584470
3584471
3584472
3584473
3584474
3584475
3584476
3584477
3584478
3584479
3584480
3584481
3584482
3584483
3584484
3584485
3584486
3584487
3584488
3584489
3584490
3584491
3584492
3584493
3584494
3584495
3584496
3584497
3584498
3584499
3584500
3584501
3584502
3584503
3584504
3584505
3584506
3584507
3584508
3584509
3584510
3584511
3584512
3584513
3584514
3584515
3584516
3584517
3584518
3584519
3584520
3584521
3584522
3584523
3584524
3584525
3584526
3584527
3584528
3584529
3584530
3584531
3584532
3584533
3584534
3584535
3584536
3584537
3584538
3584539
3584540
3584541
3584542
3584543
3584544
3584545
3584546
3584547
3584548
3584549
3584550
3584551
3584552
3584553
3584554
3584555
3584556
3584557
3584558
3584559
3584560
3584561
3584562
3584563
3584564
3584565
3584566
3584567
3584568
3584569
3584570
3584571
3584572
3584573
3584574
3584575
3584576
3584577
3584578
3584579
3584580
3584581
3584582
3584583
3584584
3584585
3584586
3584587
3584588
3584589
3584590
3584591
3584592
3584593
3584594
3584595
3584596
3584597
3584598
3584599
3584600
3584601
3584602
3584603
3584604
3584605
3584606
3584607
3584608
3584609
3584610
3584611
3584612
3584613
3584614
3584615
3584616
3584617
3584618
3584619
3584620
3584621
3584622
3584623
3584624
3584625
3584626
3584627
3584628
3584629
3584630
3584631
3584632
3584633
3584634
3584635
3584636
3584637
3584638
3584639
3584640
3584641
3584642
3584643
3584644
3584645
3584646
3584647
3584648
3584649
3584650
3584651
3584652
3584653
3584654
3584655
3584656
3584657
3584658
3584659
3584660
3584661
3584662
3584663
3584664
3584665
3584666
3584667
3584668
3584669
3584670
3584671
3584672
3584673
3584674
3584675
3584676
3584677
3584678
3584679
3584680
3584681
3584682
3584683
3584684
3584685
3584686
3584687
3584688
3584689
3584690
3584691
3584692
3584693
3584694
3584695
3584696
3584697
3584698
3584699
3584700
3584701
3584702
3584703
3584704
3584705
3584706
3584707
3584708
3584709
3584710
3584711
3584712
3584713
3584714
3584715
3584716
3584717
3584718
3584719
3584720
3584721
3584722
3584723
3584724
3584725
3584726
3584727
3584728
3584729
3584730
3584731
3584732
3584733
3584734
3584735
3584736
3584737
3584738
3584739
3584740
3584741
3584742
3584743
3584744
3584745
3584746
3584747
3584748
3584749
3584750
3584751
3584752
3584753
3584754
3584755
3584756
3584757
3584758
3584759
3584760
3584761
3584762
3584763
3584764
3584765
3584766
3584767
3584768
3584769
3584770
3584771
3584772
3584773
3584774
3584775
3584776
3584777
3584778
3584779
3584780
3584781
3584782
3584783
3584784
3584785
3584786
3584787
3584788
3584789
3584790
3584791
3584792
3584793
3584794
3584795
3584796
3584797
3584798
3584799
3584800
3584801
3584802
3584803
3584804
3584805
3584806
3584807
3584808
3584809
3584810
3584811
3584812
3584813
3584814
3584815
3584816
3584817
3584818
3584819
3584820
3584821
3584822
3584823
3584824
3584825
3584826
3584827
3584828
3584829
3584830
3584831
3584832
3584833
3584834
3584835
3584836
3584837
3584838
3584839
3584840
3584841
3584842
3584843
3584844
3584845
3584846
3584847
3584848
3584849
3584850
3584851
3584852
3584853
3584854
3584855
3584856
3584857
3584858
3584859
3584860
3584861
3584862
3584863
3584864
3584865
3584866
3584867
3584868
3584869
3584870
3584871
3584872
3584873
3584874
3584875
3584876
3584877
3584878
3584879
3584880
3584881
3584882
3584883
3584884
3584885
3584886
3584887
3584888
3584889
3584890
3584891
3584892
3584893
3584894
3584895
3584896
3584897
3584898
3584899
3584900
3584901
3584902
3584903
3584904
3584905
3584906
3584907
3584908
3584909
3584910
3584911
3584912
3584913
3584914
3584915
3584916
3584917
3584918
3584919
3584920
3584921
3584922
3584923
3584924
3584925
3584926
3584927
3584928
3584929
3584930
3584931
3584932
3584933
3584934
3584935
3584936
3584937
3584938
3584939
3584940
3584941
3584942
3584943
3584944
3584945
3584946
3584947
3584948
3584949
3584950
3584951
3584952
3584953
3584954
3584955
3584956
3584957
3584958
3584959
3584960
3584961
3584962
3584963
3584964
3584965
3584966
3584967
3584968
3584969
3584970
3584971
3584972
3584973
3584974
3584975
3584976
3584977
3584978
3584979
3584980
3584981
3584982
3584983
3584984
3584985
3584986
3584987
3584988
3584989
3584990
3584991
3584992
3584993
3584994
3584995
3584996
3584997
3584998
3584999
3585000
3585001
3585002
3585003
3585004
3585005
3585006
3585007
3585008
3585009
3585010
3585011
3585012
3585013
3585014
3585015
3585016
3585017
3585018
3585019
3585020
3585021
3585022
3585023
3585024
3585025
3585026
3585027
3585028
3585029
3585030
3585031
3585032
3585033
3585034
3585035
3585036
3585037
3585038
3585039
3585040
3585041
3585042
3585043
3585044
3585045
3585046
3585047
3585048
3585049
3585050
3585051
3585052
3585053
3585054
3585055
3585056
3585057
3585058
3585059
3585060
3585061
3585062
3585063
3585064
3585065
3585066
3585067
3585068
3585069
3585070
3585071
3585072
3585073
3585074
3585075
3585076
3585077
3585078
3585079
3585080
3585081
3585082
3585083
3585084
3585085
3585086
3585087
3585088
3585089
3585090
3585091
3585092
3585093
3585094
3585095
3585096
3585097
3585098
3585099
3585100
3585101
3585102
3585103
3585104
3585105
3585106
3585107
3585108
3585109
3585110
3585111
3585112
3585113
3585114
3585115
3585116
3585117
3585118
3585119
3585120
3585121
3585122
3585123
3585124
3585125
3585126
3585127
3585128
3585129
3585130
3585131
3585132
3585133
3585134
3585135
3585136
3585137
3585138
3585139
3585140
3585141
3585142
3585143
3585144
3585145
3585146
3585147
3585148
3585149
3585150
3585151
3585152
3585153
3585154
3585155
3585156
3585157
3585158
3585159
3585160
3585161
3585162
3585163
3585164
3585165
3585166
3585167
3585168
3585169
3585170
3585171
3585172
3585173
3585174
3585175
3585176
3585177
3585178
3585179
3585180
3585181
3585182
3585183
3585184
3585185
3585186
3585187
3585188
3585189
3585190
3585191
3585192
3585193
3585194
3585195
3585196
3585197
3585198
3585199
3585200
3585201
3585202
3585203
3585204
3585205
3585206
3585207
3585208
3585209
3585210
3585211
3585212
3585213
3585214
3585215
3585216
3585217
3585218
3585219
3585220
3585221
3585222
3585223
3585224
3585225
3585226
3585227
3585228
3585229
3585230
3585231
3585232
3585233
3585234
3585235
3585236
3585237
3585238
3585239
3585240
3585241
3585242
3585243
3585244
3585245
3585246
3585247
3585248
3585249
3585250
3585251
3585252
3585253
3585254
3585255
3585256
3585257
3585258
3585259
3585260
3585261
3585262
3585263
3585264
3585265
3585266
3585267
3585268
3585269
3585270
3585271
3585272
3585273
3585274
3585275
3585276
3585277
3585278
3585279
3585280
3585281
3585282
3585283
3585284
3585285
3585286
3585287
3585288
3585289
3585290
3585291
3585292
3585293
3585294
3585295
3585296
3585297
3585298
3585299
3585300
3585301
3585302
3585303
3585304
3585305
3585306
3585307
3585308
3585309
3585310
3585311
3585312
3585313
3585314
3585315
3585316
3585317
3585318
3585319
3585320
3585321
3585322
3585323
3585324
3585325
3585326
3585327
3585328
3585329
3585330
3585331
3585332
3585333
3585334
3585335
3585336
3585337
3585338
3585339
3585340
3585341
3585342
3585343
3585344
3585345
3585346
3585347
3585348
3585349
3585350
3585351
3585352
3585353
3585354
3585355
3585356
3585357
3585358
3585359
3585360
3585361
3585362
3585363
3585364
3585365
3585366
3585367
3585368
3585369
3585370
3585371
3585372
3585373
3585374
3585375
3585376
3585377
3585378
3585379
3585380
3585381
3585382
3585383
3585384
3585385
3585386
3585387
3585388
3585389
3585390
3585391
3585392
3585393
3585394
3585395
3585396
3585397
3585398
3585399
3585400
3585401
3585402
3585403
3585404
3585405
3585406
3585407
3585408
3585409
3585410
3585411
3585412
3585413
3585414
3585415
3585416
3585417
3585418
3585419
3585420
3585421
3585422
3585423
3585424
3585425
3585426
3585427
3585428
3585429
3585430
3585431
3585432
3585433
3585434
3585435
3585436
3585437
3585438
3585439
3585440
3585441
3585442
3585443
3585444
3585445
3585446
3585447
3585448
3585449
3585450
3585451
3585452
3585453
3585454
3585455
3585456
3585457
3585458
3585459
3585460
3585461
3585462
3585463
3585464
3585465
3585466
3585467
3585468
3585469
3585470
3585471
3585472
3585473
3585474
3585475
3585476
3585477
3585478
3585479
3585480
3585481
3585482
3585483
3585484
3585485
3585486
3585487
3585488
3585489
3585490
3585491
3585492
3585493
3585494
3585495
3585496
3585497
3585498
3585499
3585500
3585501
3585502
3585503
3585504
3585505
3585506
3585507
3585508
3585509
3585510
3585511
3585512
3585513
3585514
3585515
3585516
3585517
3585518
3585519
3585520
3585521
3585522
3585523
3585524
3585525
3585526
3585527
3585528
3585529
3585530
3585531
3585532
3585533
3585534
3585535
3585536
3585537
3585538
3585539
3585540
3585541
3585542
3585543
3585544
3585545
3585546
3585547
3585548
3585549
3585550
3585551
3585552
3585553
3585554
3585555
3585556
3585557
3585558
3585559
3585560
3585561
3585562
3585563
3585564
3585565
3585566
3585567
3585568
3585569
3585570
3585571
3585572
3585573
3585574
3585575
3585576
3585577
3585578
3585579
3585580
3585581
3585582
3585583
3585584
3585585
3585586
3585587
3585588
3585589
3585590
3585591
3585592
3585593
3585594
3585595
3585596
3585597
3585598
3585599
3585600
3585601
3585602
3585603
3585604
3585605
3585606
3585607
3585608
3585609
3585610
3585611
3585612
3585613
3585614
3585615
3585616
3585617
3585618
3585619
3585620
3585621
3585622
3585623
3585624
3585625
3585626
3585627
3585628
3585629
3585630
3585631
3585632
3585633
3585634
3585635
3585636
3585637
3585638
3585639
3585640
3585641
3585642
3585643
3585644
3585645
3585646
3585647
3585648
3585649
3585650
3585651
3585652
3585653
3585654
3585655
3585656
3585657
3585658
3585659
3585660
3585661
3585662
3585663
3585664
3585665
3585666
3585667
3585668
3585669
3585670
3585671
3585672
3585673
3585674
3585675
3585676
3585677
3585678
3585679
3585680
3585681
3585682
3585683
3585684
3585685
3585686
3585687
3585688
3585689
3585690
3585691
3585692
3585693
3585694
3585695
3585696
3585697
3585698
3585699
3585700
3585701
3585702
3585703
3585704
3585705
3585706
3585707
3585708
3585709
3585710
3585711
3585712
3585713
3585714
3585715
3585716
3585717
3585718
3585719
3585720
3585721
3585722
3585723
3585724
3585725
3585726
3585727
3585728
3585729
3585730
3585731
3585732
3585733
3585734
3585735
3585736
3585737
3585738
3585739
3585740
3585741
3585742
3585743
3585744
3585745
3585746
3585747
3585748
3585749
3585750
3585751
3585752
3585753
3585754
3585755
3585756
3585757
3585758
3585759
3585760
3585761
3585762
3585763
3585764
3585765
3585766
3585767
3585768
3585769
3585770
3585771
3585772
3585773
3585774
3585775
3585776
3585777
3585778
3585779
3585780
3585781
3585782
3585783
3585784
3585785
3585786
3585787
3585788
3585789
3585790
3585791
3585792
3585793
3585794
3585795
3585796
3585797
3585798
3585799
3585800
3585801
3585802
3585803
3585804
3585805
3585806
3585807
3585808
3585809
3585810
3585811
3585812
3585813
3585814
3585815
3585816
3585817
3585818
3585819
3585820
3585821
3585822
3585823
3585824
3585825
3585826
3585827
3585828
3585829
3585830
3585831
3585832
3585833
3585834
3585835
3585836
3585837
3585838
3585839
3585840
3585841
3585842
3585843
3585844
3585845
3585846
3585847
3585848
3585849
3585850
3585851
3585852
3585853
3585854
3585855
3585856
3585857
3585858
3585859
3585860
3585861
3585862
3585863
3585864
3585865
3585866
3585867
3585868
3585869
3585870
3585871
3585872
3585873
3585874
3585875
3585876
3585877
3585878
3585879
3585880
3585881
3585882
3585883
3585884
3585885
3585886
3585887
3585888
3585889
3585890
3585891
3585892
3585893
3585894
3585895
3585896
3585897
3585898
3585899
3585900
3585901
3585902
3585903
3585904
3585905
3585906
3585907
3585908
3585909
3585910
3585911
3585912
3585913
3585914
3585915
3585916
3585917
3585918
3585919
3585920
3585921
3585922
3585923
3585924
3585925
3585926
3585927
3585928
3585929
3585930
3585931
3585932
3585933
3585934
3585935
3585936
3585937
3585938
3585939
3585940
3585941
3585942
3585943
3585944
3585945
3585946
3585947
3585948
3585949
3585950
3585951
3585952
3585953
3585954
3585955
3585956
3585957
3585958
3585959
3585960
3585961
3585962
3585963
3585964
3585965
3585966
3585967
3585968
3585969
3585970
3585971
3585972
3585973
3585974
3585975
3585976
3585977
3585978
3585979
3585980
3585981
3585982
3585983
3585984
3585985
3585986
3585987
3585988
3585989
3585990
3585991
3585992
3585993
3585994
3585995
3585996
3585997
3585998
3585999
3586000
3586001
3586002
3586003
3586004
3586005
3586006
3586007
3586008
3586009
3586010
3586011
3586012
3586013
3586014
3586015
3586016
3586017
3586018
3586019
3586020
3586021
3586022
3586023
3586024
3586025
3586026
3586027
3586028
3586029
3586030
3586031
3586032
3586033
3586034
3586035
3586036
3586037
3586038
3586039
3586040
3586041
3586042
3586043
3586044
3586045
3586046
3586047
3586048
3586049
3586050
3586051
3586052
3586053
3586054
3586055
3586056
3586057
3586058
3586059
3586060
3586061
3586062
3586063
3586064
3586065
3586066
3586067
3586068
3586069
3586070
3586071
3586072
3586073
3586074
3586075
3586076
3586077
3586078
3586079
3586080
3586081
3586082
3586083
3586084
3586085
3586086
3586087
3586088
3586089
3586090
3586091
3586092
3586093
3586094
3586095
3586096
3586097
3586098
3586099
3586100
3586101
3586102
3586103
3586104
3586105
3586106
3586107
3586108
3586109
3586110
3586111
3586112
3586113
3586114
3586115
3586116
3586117
3586118
3586119
3586120
3586121
3586122
3586123
3586124
3586125
3586126
3586127
3586128
3586129
3586130
3586131
3586132
3586133
3586134
3586135
3586136
3586137
3586138
3586139
3586140
3586141
3586142
3586143
3586144
3586145
3586146
3586147
3586148
3586149
3586150
3586151
3586152
3586153
3586154
3586155
3586156
3586157
3586158
3586159
3586160
3586161
3586162
3586163
3586164
3586165
3586166
3586167
3586168
3586169
3586170
3586171
3586172
3586173
3586174
3586175
3586176
3586177
3586178
3586179
3586180
3586181
3586182
3586183
3586184
3586185
3586186
3586187
3586188
3586189
3586190
3586191
3586192
3586193
3586194
3586195
3586196
3586197
3586198
3586199
3586200
3586201
3586202
3586203
3586204
3586205
3586206
3586207
3586208
3586209
3586210
3586211
3586212
3586213
3586214
3586215
3586216
3586217
3586218
3586219
3586220
3586221
3586222
3586223
3586224
3586225
3586226
3586227
3586228
3586229
3586230
3586231
3586232
3586233
3586234
3586235
3586236
3586237
3586238
3586239
3586240
3586241
3586242
3586243
3586244
3586245
3586246
3586247
3586248
3586249
3586250
3586251
3586252
3586253
3586254
3586255
3586256
3586257
3586258
3586259
3586260
3586261
3586262
3586263
3586264
3586265
3586266
3586267
3586268
3586269
3586270
3586271
3586272
3586273
3586274
3586275
3586276
3586277
3586278
3586279
3586280
3586281
3586282
3586283
3586284
3586285
3586286
3586287
3586288
3586289
3586290
3586291
3586292
3586293
3586294
3586295
3586296
3586297
3586298
3586299
3586300
3586301
3586302
3586303
3586304
3586305
3586306
3586307
3586308
3586309
3586310
3586311
3586312
3586313
3586314
3586315
3586316
3586317
3586318
3586319
3586320
3586321
3586322
3586323
3586324
3586325
3586326
3586327
3586328
3586329
3586330
3586331
3586332
3586333
3586334
3586335
3586336
3586337
3586338
3586339
3586340
3586341
3586342
3586343
3586344
3586345
3586346
3586347
3586348
3586349
3586350
3586351
3586352
3586353
3586354
3586355
3586356
3586357
3586358
3586359
3586360
3586361
3586362
3586363
3586364
3586365
3586366
3586367
3586368
3586369
3586370
3586371
3586372
3586373
3586374
3586375
3586376
3586377
3586378
3586379
3586380
3586381
3586382
3586383
3586384
3586385
3586386
3586387
3586388
3586389
3586390
3586391
3586392
3586393
3586394
3586395
3586396
3586397
3586398
3586399
3586400
3586401
3586402
3586403
3586404
3586405
3586406
3586407
3586408
3586409
3586410
3586411
3586412
3586413
3586414
3586415
3586416
3586417
3586418
3586419
3586420
3586421
3586422
3586423
3586424
3586425
3586426
3586427
3586428
3586429
3586430
3586431
3586432
3586433
3586434
3586435
3586436
3586437
3586438
3586439
3586440
3586441
3586442
3586443
3586444
3586445
3586446
3586447
3586448
3586449
3586450
3586451
3586452
3586453
3586454
3586455
3586456
3586457
3586458
3586459
3586460
3586461
3586462
3586463
3586464
3586465
3586466
3586467
3586468
3586469
3586470
3586471
3586472
3586473
3586474
3586475
3586476
3586477
3586478
3586479
3586480
3586481
3586482
3586483
3586484
3586485
3586486
3586487
3586488
3586489
3586490
3586491
3586492
3586493
3586494
3586495
3586496
3586497
3586498
3586499
3586500
3586501
3586502
3586503
3586504
3586505
3586506
3586507
3586508
3586509
3586510
3586511
3586512
3586513
3586514
3586515
3586516
3586517
3586518
3586519
3586520
3586521
3586522
3586523
3586524
3586525
3586526
3586527
3586528
3586529
3586530
3586531
3586532
3586533
3586534
3586535
3586536
3586537
3586538
3586539
3586540
3586541
3586542
3586543
3586544
3586545
3586546
3586547
3586548
3586549
3586550
3586551
3586552
3586553
3586554
3586555
3586556
3586557
3586558
3586559
3586560
3586561
3586562
3586563
3586564
3586565
3586566
3586567
3586568
3586569
3586570
3586571
3586572
3586573
3586574
3586575
3586576
3586577
3586578
3586579
3586580
3586581
3586582
3586583
3586584
3586585
3586586
3586587
3586588
3586589
3586590
3586591
3586592
3586593
3586594
3586595
3586596
3586597
3586598
3586599
3586600
3586601
3586602
3586603
3586604
3586605
3586606
3586607
3586608
3586609
3586610
3586611
3586612
3586613
3586614
3586615
3586616
3586617
3586618
3586619
3586620
3586621
3586622
3586623
3586624
3586625
3586626
3586627
3586628
3586629
3586630
3586631
3586632
3586633
3586634
3586635
3586636
3586637
3586638
3586639
3586640
3586641
3586642
3586643
3586644
3586645
3586646
3586647
3586648
3586649
3586650
3586651
3586652
3586653
3586654
3586655
3586656
3586657
3586658
3586659
3586660
3586661
3586662
3586663
3586664
3586665
3586666
3586667
3586668
3586669
3586670
3586671
3586672
3586673
3586674
3586675
3586676
3586677
3586678
3586679
3586680
3586681
3586682
3586683
3586684
3586685
3586686
3586687
3586688
3586689
3586690
3586691
3586692
3586693
3586694
3586695
3586696
3586697
3586698
3586699
3586700
3586701
3586702
3586703
3586704
3586705
3586706
3586707
3586708
3586709
3586710
3586711
3586712
3586713
3586714
3586715
3586716
3586717
3586718
3586719
3586720
3586721
3586722
3586723
3586724
3586725
3586726
3586727
3586728
3586729
3586730
3586731
3586732
3586733
3586734
3586735
3586736
3586737
3586738
3586739
3586740
3586741
3586742
3586743
3586744
3586745
3586746
3586747
3586748
3586749
3586750
3586751
3586752
3586753
3586754
3586755
3586756
3586757
3586758
3586759
3586760
3586761
3586762
3586763
3586764
3586765
3586766
3586767
3586768
3586769
3586770
3586771
3586772
3586773
3586774
3586775
3586776
3586777
3586778
3586779
3586780
3586781
3586782
3586783
3586784
3586785
3586786
3586787
3586788
3586789
3586790
3586791
3586792
3586793
3586794
3586795
3586796
3586797
3586798
3586799
3586800
3586801
3586802
3586803
3586804
3586805
3586806
3586807
3586808
3586809
3586810
3586811
3586812
3586813
3586814
3586815
3586816
3586817
3586818
3586819
3586820
3586821
3586822
3586823
3586824
3586825
3586826
3586827
3586828
3586829
3586830
3586831
3586832
3586833
3586834
3586835
3586836
3586837
3586838
3586839
3586840
3586841
3586842
3586843
3586844
3586845
3586846
3586847
3586848
3586849
3586850
3586851
3586852
3586853
3586854
3586855
3586856
3586857
3586858
3586859
3586860
3586861
3586862
3586863
3586864
3586865
3586866
3586867
3586868
3586869
3586870
3586871
3586872
3586873
3586874
3586875
3586876
3586877
3586878
3586879
3586880
3586881
3586882
3586883
3586884
3586885
3586886
3586887
3586888
3586889
3586890
3586891
3586892
3586893
3586894
3586895
3586896
3586897
3586898
3586899
3586900
3586901
3586902
3586903
3586904
3586905
3586906
3586907
3586908
3586909
3586910
3586911
3586912
3586913
3586914
3586915
3586916
3586917
3586918
3586919
3586920
3586921
3586922
3586923
3586924
3586925
3586926
3586927
3586928
3586929
3586930
3586931
3586932
3586933
3586934
3586935
3586936
3586937
3586938
3586939
3586940
3586941
3586942
3586943
3586944
3586945
3586946
3586947
3586948
3586949
3586950
3586951
3586952
3586953
3586954
3586955
3586956
3586957
3586958
3586959
3586960
3586961
3586962
3586963
3586964
3586965
3586966
3586967
3586968
3586969
3586970
3586971
3586972
3586973
3586974
3586975
3586976
3586977
3586978
3586979
3586980
3586981
3586982
3586983
3586984
3586985
3586986
3586987
3586988
3586989
3586990
3586991
3586992
3586993
3586994
3586995
3586996
3586997
3586998
3586999
3587000
3587001
3587002
3587003
3587004
3587005
3587006
3587007
3587008
3587009
3587010
3587011
3587012
3587013
3587014
3587015
3587016
3587017
3587018
3587019
3587020
3587021
3587022
3587023
3587024
3587025
3587026
3587027
3587028
3587029
3587030
3587031
3587032
3587033
3587034
3587035
3587036
3587037
3587038
3587039
3587040
3587041
3587042
3587043
3587044
3587045
3587046
3587047
3587048
3587049
3587050
3587051
3587052
3587053
3587054
3587055
3587056
3587057
3587058
3587059
3587060
3587061
3587062
3587063
3587064
3587065
3587066
3587067
3587068
3587069
3587070
3587071
3587072
3587073
3587074
3587075
3587076
3587077
3587078
3587079
3587080
3587081
3587082
3587083
3587084
3587085
3587086
3587087
3587088
3587089
3587090
3587091
3587092
3587093
3587094
3587095
3587096
3587097
3587098
3587099
3587100
3587101
3587102
3587103
3587104
3587105
3587106
3587107
3587108
3587109
3587110
3587111
3587112
3587113
3587114
3587115
3587116
3587117
3587118
3587119
3587120
3587121
3587122
3587123
3587124
3587125
3587126
3587127
3587128
3587129
3587130
3587131
3587132
3587133
3587134
3587135
3587136
3587137
3587138
3587139
3587140
3587141
3587142
3587143
3587144
3587145
3587146
3587147
3587148
3587149
3587150
3587151
3587152
3587153
3587154
3587155
3587156
3587157
3587158
3587159
3587160
3587161
3587162
3587163
3587164
3587165
3587166
3587167
3587168
3587169
3587170
3587171
3587172
3587173
3587174
3587175
3587176
3587177
3587178
3587179
3587180
3587181
3587182
3587183
3587184
3587185
3587186
3587187
3587188
3587189
3587190
3587191
3587192
3587193
3587194
3587195
3587196
3587197
3587198
3587199
3587200
3587201
3587202
3587203
3587204
3587205
3587206
3587207
3587208
3587209
3587210
3587211
3587212
3587213
3587214
3587215
3587216
3587217
3587218
3587219
3587220
3587221
3587222
3587223
3587224
3587225
3587226
3587227
3587228
3587229
3587230
3587231
3587232
3587233
3587234
3587235
3587236
3587237
3587238
3587239
3587240
3587241
3587242
3587243
3587244
3587245
3587246
3587247
3587248
3587249
3587250
3587251
3587252
3587253
3587254
3587255
3587256
3587257
3587258
3587259
3587260
3587261
3587262
3587263
3587264
3587265
3587266
3587267
3587268
3587269
3587270
3587271
3587272
3587273
3587274
3587275
3587276
3587277
3587278
3587279
3587280
3587281
3587282
3587283
3587284
3587285
3587286
3587287
3587288
3587289
3587290
3587291
3587292
3587293
3587294
3587295
3587296
3587297
3587298
3587299
3587300
3587301
3587302
3587303
3587304
3587305
3587306
3587307
3587308
3587309
3587310
3587311
3587312
3587313
3587314
3587315
3587316
3587317
3587318
3587319
3587320
3587321
3587322
3587323
3587324
3587325
3587326
3587327
3587328
3587329
3587330
3587331
3587332
3587333
3587334
3587335
3587336
3587337
3587338
3587339
3587340
3587341
3587342
3587343
3587344
3587345
3587346
3587347
3587348
3587349
3587350
3587351
3587352
3587353
3587354
3587355
3587356
3587357
3587358
3587359
3587360
3587361
3587362
3587363
3587364
3587365
3587366
3587367
3587368
3587369
3587370
3587371
3587372
3587373
3587374
3587375
3587376
3587377
3587378
3587379
3587380
3587381
3587382
3587383
3587384
3587385
3587386
3587387
3587388
3587389
3587390
3587391
3587392
3587393
3587394
3587395
3587396
3587397
3587398
3587399
3587400
3587401
3587402
3587403
3587404
3587405
3587406
3587407
3587408
3587409
3587410
3587411
3587412
3587413
3587414
3587415
3587416
3587417
3587418
3587419
3587420
3587421
3587422
3587423
3587424
3587425
3587426
3587427
3587428
3587429
3587430
3587431
3587432
3587433
3587434
3587435
3587436
3587437
3587438
3587439
3587440
3587441
3587442
3587443
3587444
3587445
3587446
3587447
3587448
3587449
3587450
3587451
3587452
3587453
3587454
3587455
3587456
3587457
3587458
3587459
3587460
3587461
3587462
3587463
3587464
3587465
3587466
3587467
3587468
3587469
3587470
3587471
3587472
3587473
3587474
3587475
3587476
3587477
3587478
3587479
3587480
3587481
3587482
3587483
3587484
3587485
3587486
3587487
3587488
3587489
3587490
3587491
3587492
3587493
3587494
3587495
3587496
3587497
3587498
3587499
3587500
3587501
3587502
3587503
3587504
3587505
3587506
3587507
3587508
3587509
3587510
3587511
3587512
3587513
3587514
3587515
3587516
3587517
3587518
3587519
3587520
3587521
3587522
3587523
3587524
3587525
3587526
3587527
3587528
3587529
3587530
3587531
3587532
3587533
3587534
3587535
3587536
3587537
3587538
3587539
3587540
3587541
3587542
3587543
3587544
3587545
3587546
3587547
3587548
3587549
3587550
3587551
3587552
3587553
3587554
3587555
3587556
3587557
3587558
3587559
3587560
3587561
3587562
3587563
3587564
3587565
3587566
3587567
3587568
3587569
3587570
3587571
3587572
3587573
3587574
3587575
3587576
3587577
3587578
3587579
3587580
3587581
3587582
3587583
3587584
3587585
3587586
3587587
3587588
3587589
3587590
3587591
3587592
3587593
3587594
3587595
3587596
3587597
3587598
3587599
3587600
3587601
3587602
3587603
3587604
3587605
3587606
3587607
3587608
3587609
3587610
3587611
3587612
3587613
3587614
3587615
3587616
3587617
3587618
3587619
3587620
3587621
3587622
3587623
3587624
3587625
3587626
3587627
3587628
3587629
3587630
3587631
3587632
3587633
3587634
3587635
3587636
3587637
3587638
3587639
3587640
3587641
3587642
3587643
3587644
3587645
3587646
3587647
3587648
3587649
3587650
3587651
3587652
3587653
3587654
3587655
3587656
3587657
3587658
3587659
3587660
3587661
3587662
3587663
3587664
3587665
3587666
3587667
3587668
3587669
3587670
3587671
3587672
3587673
3587674
3587675
3587676
3587677
3587678
3587679
3587680
3587681
3587682
3587683
3587684
3587685
3587686
3587687
3587688
3587689
3587690
3587691
3587692
3587693
3587694
3587695
3587696
3587697
3587698
3587699
3587700
3587701
3587702
3587703
3587704
3587705
3587706
3587707
3587708
3587709
3587710
3587711
3587712
3587713
3587714
3587715
3587716
3587717
3587718
3587719
3587720
3587721
3587722
3587723
3587724
3587725
3587726
3587727
3587728
3587729
3587730
3587731
3587732
3587733
3587734
3587735
3587736
3587737
3587738
3587739
3587740
3587741
3587742
3587743
3587744
3587745
3587746
3587747
3587748
3587749
3587750
3587751
3587752
3587753
3587754
3587755
3587756
3587757
3587758
3587759
3587760
3587761
3587762
3587763
3587764
3587765
3587766
3587767
3587768
3587769
3587770
3587771
3587772
3587773
3587774
3587775
3587776
3587777
3587778
3587779
3587780
3587781
3587782
3587783
3587784
3587785
3587786
3587787
3587788
3587789
3587790
3587791
3587792
3587793
3587794
3587795
3587796
3587797
3587798
3587799
3587800
3587801
3587802
3587803
3587804
3587805
3587806
3587807
3587808
3587809
3587810
3587811
3587812
3587813
3587814
3587815
3587816
3587817
3587818
3587819
3587820
3587821
3587822
3587823
3587824
3587825
3587826
3587827
3587828
3587829
3587830
3587831
3587832
3587833
3587834
3587835
3587836
3587837
3587838
3587839
3587840
3587841
3587842
3587843
3587844
3587845
3587846
3587847
3587848
3587849
3587850
3587851
3587852
3587853
3587854
3587855
3587856
3587857
3587858
3587859
3587860
3587861
3587862
3587863
3587864
3587865
3587866
3587867
3587868
3587869
3587870
3587871
3587872
3587873
3587874
3587875
3587876
3587877
3587878
3587879
3587880
3587881
3587882
3587883
3587884
3587885
3587886
3587887
3587888
3587889
3587890
3587891
3587892
3587893
3587894
3587895
3587896
3587897
3587898
3587899
3587900
3587901
3587902
3587903
3587904
3587905
3587906
3587907
3587908
3587909
3587910
3587911
3587912
3587913
3587914
3587915
3587916
3587917
3587918
3587919
3587920
3587921
3587922
3587923
3587924
3587925
3587926
3587927
3587928
3587929
3587930
3587931
3587932
3587933
3587934
3587935
3587936
3587937
3587938
3587939
3587940
3587941
3587942
3587943
3587944
3587945
3587946
3587947
3587948
3587949
3587950
3587951
3587952
3587953
3587954
3587955
3587956
3587957
3587958
3587959
3587960
3587961
3587962
3587963
3587964
3587965
3587966
3587967
3587968
3587969
3587970
3587971
3587972
3587973
3587974
3587975
3587976
3587977
3587978
3587979
3587980
3587981
3587982
3587983
3587984
3587985
3587986
3587987
3587988
3587989
3587990
3587991
3587992
3587993
3587994
3587995
3587996
3587997
3587998
3587999
3588000
3588001
3588002
3588003
3588004
3588005
3588006
3588007
3588008
3588009
3588010
3588011
3588012
3588013
3588014
3588015
3588016
3588017
3588018
3588019
3588020
3588021
3588022
3588023
3588024
3588025
3588026
3588027
3588028
3588029
3588030
3588031
3588032
3588033
3588034
3588035
3588036
3588037
3588038
3588039
3588040
3588041
3588042
3588043
3588044
3588045
3588046
3588047
3588048
3588049
3588050
3588051
3588052
3588053
3588054
3588055
3588056
3588057
3588058
3588059
3588060
3588061
3588062
3588063
3588064
3588065
3588066
3588067
3588068
3588069
3588070
3588071
3588072
3588073
3588074
3588075
3588076
3588077
3588078
3588079
3588080
3588081
3588082
3588083
3588084
3588085
3588086
3588087
3588088
3588089
3588090
3588091
3588092
3588093
3588094
3588095
3588096
3588097
3588098
3588099
3588100
3588101
3588102
3588103
3588104
3588105
3588106
3588107
3588108
3588109
3588110
3588111
3588112
3588113
3588114
3588115
3588116
3588117
3588118
3588119
3588120
3588121
3588122
3588123
3588124
3588125
3588126
3588127
3588128
3588129
3588130
3588131
3588132
3588133
3588134
3588135
3588136
3588137
3588138
3588139
3588140
3588141
3588142
3588143
3588144
3588145
3588146
3588147
3588148
3588149
3588150
3588151
3588152
3588153
3588154
3588155
3588156
3588157
3588158
3588159
3588160
3588161
3588162
3588163
3588164
3588165
3588166
3588167
3588168
3588169
3588170
3588171
3588172
3588173
3588174
3588175
3588176
3588177
3588178
3588179
3588180
3588181
3588182
3588183
3588184
3588185
3588186
3588187
3588188
3588189
3588190
3588191
3588192
3588193
3588194
3588195
3588196
3588197
3588198
3588199
3588200
3588201
3588202
3588203
3588204
3588205
3588206
3588207
3588208
3588209
3588210
3588211
3588212
3588213
3588214
3588215
3588216
3588217
3588218
3588219
3588220
3588221
3588222
3588223
3588224
3588225
3588226
3588227
3588228
3588229
3588230
3588231
3588232
3588233
3588234
3588235
3588236
3588237
3588238
3588239
3588240
3588241
3588242
3588243
3588244
3588245
3588246
3588247
3588248
3588249
3588250
3588251
3588252
3588253
3588254
3588255
3588256
3588257
3588258
3588259
3588260
3588261
3588262
3588263
3588264
3588265
3588266
3588267
3588268
3588269
3588270
3588271
3588272
3588273
3588274
3588275
3588276
3588277
3588278
3588279
3588280
3588281
3588282
3588283
3588284
3588285
3588286
3588287
3588288
3588289
3588290
3588291
3588292
3588293
3588294
3588295
3588296
3588297
3588298
3588299
3588300
3588301
3588302
3588303
3588304
3588305
3588306
3588307
3588308
3588309
3588310
3588311
3588312
3588313
3588314
3588315
3588316
3588317
3588318
3588319
3588320
3588321
3588322
3588323
3588324
3588325
3588326
3588327
3588328
3588329
3588330
3588331
3588332
3588333
3588334
3588335
3588336
3588337
3588338
3588339
3588340
3588341
3588342
3588343
3588344
3588345
3588346
3588347
3588348
3588349
3588350
3588351
3588352
3588353
3588354
3588355
3588356
3588357
3588358
3588359
3588360
3588361
3588362
3588363
3588364
3588365
3588366
3588367
3588368
3588369
3588370
3588371
3588372
3588373
3588374
3588375
3588376
3588377
3588378
3588379
3588380
3588381
3588382
3588383
3588384
3588385
3588386
3588387
3588388
3588389
3588390
3588391
3588392
3588393
3588394
3588395
3588396
3588397
3588398
3588399
3588400
3588401
3588402
3588403
3588404
3588405
3588406
3588407
3588408
3588409
3588410
3588411
3588412
3588413
3588414
3588415
3588416
3588417
3588418
3588419
3588420
3588421
3588422
3588423
3588424
3588425
3588426
3588427
3588428
3588429
3588430
3588431
3588432
3588433
3588434
3588435
3588436
3588437
3588438
3588439
3588440
3588441
3588442
3588443
3588444
3588445
3588446
3588447
3588448
3588449
3588450
3588451
3588452
3588453
3588454
3588455
3588456
3588457
3588458
3588459
3588460
3588461
3588462
3588463
3588464
3588465
3588466
3588467
3588468
3588469
3588470
3588471
3588472
3588473
3588474
3588475
3588476
3588477
3588478
3588479
3588480
3588481
3588482
3588483
3588484
3588485
3588486
3588487
3588488
3588489
3588490
3588491
3588492
3588493
3588494
3588495
3588496
3588497
3588498
3588499
3588500
3588501
3588502
3588503
3588504
3588505
3588506
3588507
3588508
3588509
3588510
3588511
3588512
3588513
3588514
3588515
3588516
3588517
3588518
3588519
3588520
3588521
3588522
3588523
3588524
3588525
3588526
3588527
3588528
3588529
3588530
3588531
3588532
3588533
3588534
3588535
3588536
3588537
3588538
3588539
3588540
3588541
3588542
3588543
3588544
3588545
3588546
3588547
3588548
3588549
3588550
3588551
3588552
3588553
3588554
3588555
3588556
3588557
3588558
3588559
3588560
3588561
3588562
3588563
3588564
3588565
3588566
3588567
3588568
3588569
3588570
3588571
3588572
3588573
3588574
3588575
3588576
3588577
3588578
3588579
3588580
3588581
3588582
3588583
3588584
3588585
3588586
3588587
3588588
3588589
3588590
3588591
3588592
3588593
3588594
3588595
3588596
3588597
3588598
3588599
3588600
3588601
3588602
3588603
3588604
3588605
3588606
3588607
3588608
3588609
3588610
3588611
3588612
3588613
3588614
3588615
3588616
3588617
3588618
3588619
3588620
3588621
3588622
3588623
3588624
3588625
3588626
3588627
3588628
3588629
3588630
3588631
3588632
3588633
3588634
3588635
3588636
3588637
3588638
3588639
3588640
3588641
3588642
3588643
3588644
3588645
3588646
3588647
3588648
3588649
3588650
3588651
3588652
3588653
3588654
3588655
3588656
3588657
3588658
3588659
3588660
3588661
3588662
3588663
3588664
3588665
3588666
3588667
3588668
3588669
3588670
3588671
3588672
3588673
3588674
3588675
3588676
3588677
3588678
3588679
3588680
3588681
3588682
3588683
3588684
3588685
3588686
3588687
3588688
3588689
3588690
3588691
3588692
3588693
3588694
3588695
3588696
3588697
3588698
3588699
3588700
3588701
3588702
3588703
3588704
3588705
3588706
3588707
3588708
3588709
3588710
3588711
3588712
3588713
3588714
3588715
3588716
3588717
3588718
3588719
3588720
3588721
3588722
3588723
3588724
3588725
3588726
3588727
3588728
3588729
3588730
3588731
3588732
3588733
3588734
3588735
3588736
3588737
3588738
3588739
3588740
3588741
3588742
3588743
3588744
3588745
3588746
3588747
3588748
3588749
3588750
3588751
3588752
3588753
3588754
3588755
3588756
3588757
3588758
3588759
3588760
3588761
3588762
3588763
3588764
3588765
3588766
3588767
3588768
3588769
3588770
3588771
3588772
3588773
3588774
3588775
3588776
3588777
3588778
3588779
3588780
3588781
3588782
3588783
3588784
3588785
3588786
3588787
3588788
3588789
3588790
3588791
3588792
3588793
3588794
3588795
3588796
3588797
3588798
3588799
3588800
3588801
3588802
3588803
3588804
3588805
3588806
3588807
3588808
3588809
3588810
3588811
3588812
3588813
3588814
3588815
3588816
3588817
3588818
3588819
3588820
3588821
3588822
3588823
3588824
3588825
3588826
3588827
3588828
3588829
3588830
3588831
3588832
3588833
3588834
3588835
3588836
3588837
3588838
3588839
3588840
3588841
3588842
3588843
3588844
3588845
3588846
3588847
3588848
3588849
3588850
3588851
3588852
3588853
3588854
3588855
3588856
3588857
3588858
3588859
3588860
3588861
3588862
3588863
3588864
3588865
3588866
3588867
3588868
3588869
3588870
3588871
3588872
3588873
3588874
3588875
3588876
3588877
3588878
3588879
3588880
3588881
3588882
3588883
3588884
3588885
3588886
3588887
3588888
3588889
3588890
3588891
3588892
3588893
3588894
3588895
3588896
3588897
3588898
3588899
3588900
3588901
3588902
3588903
3588904
3588905
3588906
3588907
3588908
3588909
3588910
3588911
3588912
3588913
3588914
3588915
3588916
3588917
3588918
3588919
3588920
3588921
3588922
3588923
3588924
3588925
3588926
3588927
3588928
3588929
3588930
3588931
3588932
3588933
3588934
3588935
3588936
3588937
3588938
3588939
3588940
3588941
3588942
3588943
3588944
3588945
3588946
3588947
3588948
3588949
3588950
3588951
3588952
3588953
3588954
3588955
3588956
3588957
3588958
3588959
3588960
3588961
3588962
3588963
3588964
3588965
3588966
3588967
3588968
3588969
3588970
3588971
3588972
3588973
3588974
3588975
3588976
3588977
3588978
3588979
3588980
3588981
3588982
3588983
3588984
3588985
3588986
3588987
3588988
3588989
3588990
3588991
3588992
3588993
3588994
3588995
3588996
3588997
3588998
3588999
3589000
3589001
3589002
3589003
3589004
3589005
3589006
3589007
3589008
3589009
3589010
3589011
3589012
3589013
3589014
3589015
3589016
3589017
3589018
3589019
3589020
3589021
3589022
3589023
3589024
3589025
3589026
3589027
3589028
3589029
3589030
3589031
3589032
3589033
3589034
3589035
3589036
3589037
3589038
3589039
3589040
3589041
3589042
3589043
3589044
3589045
3589046
3589047
3589048
3589049
3589050
3589051
3589052
3589053
3589054
3589055
3589056
3589057
3589058
3589059
3589060
3589061
3589062
3589063
3589064
3589065
3589066
3589067
3589068
3589069
3589070
3589071
3589072
3589073
3589074
3589075
3589076
3589077
3589078
3589079
3589080
3589081
3589082
3589083
3589084
3589085
3589086
3589087
3589088
3589089
3589090
3589091
3589092
3589093
3589094
3589095
3589096
3589097
3589098
3589099
3589100
3589101
3589102
3589103
3589104
3589105
3589106
3589107
3589108
3589109
3589110
3589111
3589112
3589113
3589114
3589115
3589116
3589117
3589118
3589119
3589120
3589121
3589122
3589123
3589124
3589125
3589126
3589127
3589128
3589129
3589130
3589131
3589132
3589133
3589134
3589135
3589136
3589137
3589138
3589139
3589140
3589141
3589142
3589143
3589144
3589145
3589146
3589147
3589148
3589149
3589150
3589151
3589152
3589153
3589154
3589155
3589156
3589157
3589158
3589159
3589160
3589161
3589162
3589163
3589164
3589165
3589166
3589167
3589168
3589169
3589170
3589171
3589172
3589173
3589174
3589175
3589176
3589177
3589178
3589179
3589180
3589181
3589182
3589183
3589184
3589185
3589186
3589187
3589188
3589189
3589190
3589191
3589192
3589193
3589194
3589195
3589196
3589197
3589198
3589199
3589200
3589201
3589202
3589203
3589204
3589205
3589206
3589207
3589208
3589209
3589210
3589211
3589212
3589213
3589214
3589215
3589216
3589217
3589218
3589219
3589220
3589221
3589222
3589223
3589224
3589225
3589226
3589227
3589228
3589229
3589230
3589231
3589232
3589233
3589234
3589235
3589236
3589237
3589238
3589239
3589240
3589241
3589242
3589243
3589244
3589245
3589246
3589247
3589248
3589249
3589250
3589251
3589252
3589253
3589254
3589255
3589256
3589257
3589258
3589259
3589260
3589261
3589262
3589263
3589264
3589265
3589266
3589267
3589268
3589269
3589270
3589271
3589272
3589273
3589274
3589275
3589276
3589277
3589278
3589279
3589280
3589281
3589282
3589283
3589284
3589285
3589286
3589287
3589288
3589289
3589290
3589291
3589292
3589293
3589294
3589295
3589296
3589297
3589298
3589299
3589300
3589301
3589302
3589303
3589304
3589305
3589306
3589307
3589308
3589309
3589310
3589311
3589312
3589313
3589314
3589315
3589316
3589317
3589318
3589319
3589320
3589321
3589322
3589323
3589324
3589325
3589326
3589327
3589328
3589329
3589330
3589331
3589332
3589333
3589334
3589335
3589336
3589337
3589338
3589339
3589340
3589341
3589342
3589343
3589344
3589345
3589346
3589347
3589348
3589349
3589350
3589351
3589352
3589353
3589354
3589355
3589356
3589357
3589358
3589359
3589360
3589361
3589362
3589363
3589364
3589365
3589366
3589367
3589368
3589369
3589370
3589371
3589372
3589373
3589374
3589375
3589376
3589377
3589378
3589379
3589380
3589381
3589382
3589383
3589384
3589385
3589386
3589387
3589388
3589389
3589390
3589391
3589392
3589393
3589394
3589395
3589396
3589397
3589398
3589399
3589400
3589401
3589402
3589403
3589404
3589405
3589406
3589407
3589408
3589409
3589410
3589411
3589412
3589413
3589414
3589415
3589416
3589417
3589418
3589419
3589420
3589421
3589422
3589423
3589424
3589425
3589426
3589427
3589428
3589429
3589430
3589431
3589432
3589433
3589434
3589435
3589436
3589437
3589438
3589439
3589440
3589441
3589442
3589443
3589444
3589445
3589446
3589447
3589448
3589449
3589450
3589451
3589452
3589453
3589454
3589455
3589456
3589457
3589458
3589459
3589460
3589461
3589462
3589463
3589464
3589465
3589466
3589467
3589468
3589469
3589470
3589471
3589472
3589473
3589474
3589475
3589476
3589477
3589478
3589479
3589480
3589481
3589482
3589483
3589484
3589485
3589486
3589487
3589488
3589489
3589490
3589491
3589492
3589493
3589494
3589495
3589496
3589497
3589498
3589499
3589500
3589501
3589502
3589503
3589504
3589505
3589506
3589507
3589508
3589509
3589510
3589511
3589512
3589513
3589514
3589515
3589516
3589517
3589518
3589519
3589520
3589521
3589522
3589523
3589524
3589525
3589526
3589527
3589528
3589529
3589530
3589531
3589532
3589533
3589534
3589535
3589536
3589537
3589538
3589539
3589540
3589541
3589542
3589543
3589544
3589545
3589546
3589547
3589548
3589549
3589550
3589551
3589552
3589553
3589554
3589555
3589556
3589557
3589558
3589559
3589560
3589561
3589562
3589563
3589564
3589565
3589566
3589567
3589568
3589569
3589570
3589571
3589572
3589573
3589574
3589575
3589576
3589577
3589578
3589579
3589580
3589581
3589582
3589583
3589584
3589585
3589586
3589587
3589588
3589589
3589590
3589591
3589592
3589593
3589594
3589595
3589596
3589597
3589598
3589599
3589600
3589601
3589602
3589603
3589604
3589605
3589606
3589607
3589608
3589609
3589610
3589611
3589612
3589613
3589614
3589615
3589616
3589617
3589618
3589619
3589620
3589621
3589622
3589623
3589624
3589625
3589626
3589627
3589628
3589629
3589630
3589631
3589632
3589633
3589634
3589635
3589636
3589637
3589638
3589639
3589640
3589641
3589642
3589643
3589644
3589645
3589646
3589647
3589648
3589649
3589650
3589651
3589652
3589653
3589654
3589655
3589656
3589657
3589658
3589659
3589660
3589661
3589662
3589663
3589664
3589665
3589666
3589667
3589668
3589669
3589670
3589671
3589672
3589673
3589674
3589675
3589676
3589677
3589678
3589679
3589680
3589681
3589682
3589683
3589684
3589685
3589686
3589687
3589688
3589689
3589690
3589691
3589692
3589693
3589694
3589695
3589696
3589697
3589698
3589699
3589700
3589701
3589702
3589703
3589704
3589705
3589706
3589707
3589708
3589709
3589710
3589711
3589712
3589713
3589714
3589715
3589716
3589717
3589718
3589719
3589720
3589721
3589722
3589723
3589724
3589725
3589726
3589727
3589728
3589729
3589730
3589731
3589732
3589733
3589734
3589735
3589736
3589737
3589738
3589739
3589740
3589741
3589742
3589743
3589744
3589745
3589746
3589747
3589748
3589749
3589750
3589751
3589752
3589753
3589754
3589755
3589756
3589757
3589758
3589759
3589760
3589761
3589762
3589763
3589764
3589765
3589766
3589767
3589768
3589769
3589770
3589771
3589772
3589773
3589774
3589775
3589776
3589777
3589778
3589779
3589780
3589781
3589782
3589783
3589784
3589785
3589786
3589787
3589788
3589789
3589790
3589791
3589792
3589793
3589794
3589795
3589796
3589797
3589798
3589799
3589800
3589801
3589802
3589803
3589804
3589805
3589806
3589807
3589808
3589809
3589810
3589811
3589812
3589813
3589814
3589815
3589816
3589817
3589818
3589819
3589820
3589821
3589822
3589823
3589824
3589825
3589826
3589827
3589828
3589829
3589830
3589831
3589832
3589833
3589834
3589835
3589836
3589837
3589838
3589839
3589840
3589841
3589842
3589843
3589844
3589845
3589846
3589847
3589848
3589849
3589850
3589851
3589852
3589853
3589854
3589855
3589856
3589857
3589858
3589859
3589860
3589861
3589862
3589863
3589864
3589865
3589866
3589867
3589868
3589869
3589870
3589871
3589872
3589873
3589874
3589875
3589876
3589877
3589878
3589879
3589880
3589881
3589882
3589883
3589884
3589885
3589886
3589887
3589888
3589889
3589890
3589891
3589892
3589893
3589894
3589895
3589896
3589897
3589898
3589899
3589900
3589901
3589902
3589903
3589904
3589905
3589906
3589907
3589908
3589909
3589910
3589911
3589912
3589913
3589914
3589915
3589916
3589917
3589918
3589919
3589920
3589921
3589922
3589923
3589924
3589925
3589926
3589927
3589928
3589929
3589930
3589931
3589932
3589933
3589934
3589935
3589936
3589937
3589938
3589939
3589940
3589941
3589942
3589943
3589944
3589945
3589946
3589947
3589948
3589949
3589950
3589951
3589952
3589953
3589954
3589955
3589956
3589957
3589958
3589959
3589960
3589961
3589962
3589963
3589964
3589965
3589966
3589967
3589968
3589969
3589970
3589971
3589972
3589973
3589974
3589975
3589976
3589977
3589978
3589979
3589980
3589981
3589982
3589983
3589984
3589985
3589986
3589987
3589988
3589989
3589990
3589991
3589992
3589993
3589994
3589995
3589996
3589997
3589998
3589999
3590000
