3500001
3500002
3500003
3500004
3500005
3500006
3500007
3500008
3500009
3500010
3500011
3500012
3500013
3500014
3500015
3500016
3500017
3500018
3500019
3500020
3500021
3500022
3500023
3500024
3500025
3500026
3500027
3500028
3500029
3500030
3500031
3500032
3500033
3500034
3500035
3500036
3500037
3500038
3500039
3500040
3500041
3500042
3500043
3500044
3500045
3500046
3500047
3500048
3500049
3500050
3500051
3500052
3500053
3500054
3500055
3500056
3500057
3500058
3500059
3500060
3500061
3500062
3500063
3500064
3500065
3500066
3500067
3500068
3500069
3500070
3500071
3500072
3500073
3500074
3500075
3500076
3500077
3500078
3500079
3500080
3500081
3500082
3500083
3500084
3500085
3500086
3500087
3500088
3500089
3500090
3500091
3500092
3500093
3500094
3500095
3500096
3500097
3500098
3500099
3500100
3500101
3500102
3500103
3500104
3500105
3500106
3500107
3500108
3500109
3500110
3500111
3500112
3500113
3500114
3500115
3500116
3500117
3500118
3500119
3500120
3500121
3500122
3500123
3500124
3500125
3500126
3500127
3500128
3500129
3500130
3500131
3500132
3500133
3500134
3500135
3500136
3500137
3500138
3500139
3500140
3500141
3500142
3500143
3500144
3500145
3500146
3500147
3500148
3500149
3500150
3500151
3500152
3500153
3500154
3500155
3500156
3500157
3500158
3500159
3500160
3500161
3500162
3500163
3500164
3500165
3500166
3500167
3500168
3500169
3500170
3500171
3500172
3500173
3500174
3500175
3500176
3500177
3500178
3500179
3500180
3500181
3500182
3500183
3500184
3500185
3500186
3500187
3500188
3500189
3500190
3500191
3500192
3500193
3500194
3500195
3500196
3500197
3500198
3500199
3500200
3500201
3500202
3500203
3500204
3500205
3500206
3500207
3500208
3500209
3500210
3500211
3500212
3500213
3500214
3500215
3500216
3500217
3500218
3500219
3500220
3500221
3500222
3500223
3500224
3500225
3500226
3500227
3500228
3500229
3500230
3500231
3500232
3500233
3500234
3500235
3500236
3500237
3500238
3500239
3500240
3500241
3500242
3500243
3500244
3500245
3500246
3500247
3500248
3500249
3500250
3500251
3500252
3500253
3500254
3500255
3500256
3500257
3500258
3500259
3500260
3500261
3500262
3500263
3500264
3500265
3500266
3500267
3500268
3500269
3500270
3500271
3500272
3500273
3500274
3500275
3500276
3500277
3500278
3500279
3500280
3500281
3500282
3500283
3500284
3500285
3500286
3500287
3500288
3500289
3500290
3500291
3500292
3500293
3500294
3500295
3500296
3500297
3500298
3500299
3500300
3500301
3500302
3500303
3500304
3500305
3500306
3500307
3500308
3500309
3500310
3500311
3500312
3500313
3500314
3500315
3500316
3500317
3500318
3500319
3500320
3500321
3500322
3500323
3500324
3500325
3500326
3500327
3500328
3500329
3500330
3500331
3500332
3500333
3500334
3500335
3500336
3500337
3500338
3500339
3500340
3500341
3500342
3500343
3500344
3500345
3500346
3500347
3500348
3500349
3500350
3500351
3500352
3500353
3500354
3500355
3500356
3500357
3500358
3500359
3500360
3500361
3500362
3500363
3500364
3500365
3500366
3500367
3500368
3500369
3500370
3500371
3500372
3500373
3500374
3500375
3500376
3500377
3500378
3500379
3500380
3500381
3500382
3500383
3500384
3500385
3500386
3500387
3500388
3500389
3500390
3500391
3500392
3500393
3500394
3500395
3500396
3500397
3500398
3500399
3500400
3500401
3500402
3500403
3500404
3500405
3500406
3500407
3500408
3500409
3500410
3500411
3500412
3500413
3500414
3500415
3500416
3500417
3500418
3500419
3500420
3500421
3500422
3500423
3500424
3500425
3500426
3500427
3500428
3500429
3500430
3500431
3500432
3500433
3500434
3500435
3500436
3500437
3500438
3500439
3500440
3500441
3500442
3500443
3500444
3500445
3500446
3500447
3500448
3500449
3500450
3500451
3500452
3500453
3500454
3500455
3500456
3500457
3500458
3500459
3500460
3500461
3500462
3500463
3500464
3500465
3500466
3500467
3500468
3500469
3500470
3500471
3500472
3500473
3500474
3500475
3500476
3500477
3500478
3500479
3500480
3500481
3500482
3500483
3500484
3500485
3500486
3500487
3500488
3500489
3500490
3500491
3500492
3500493
3500494
3500495
3500496
3500497
3500498
3500499
3500500
3500501
3500502
3500503
3500504
3500505
3500506
3500507
3500508
3500509
3500510
3500511
3500512
3500513
3500514
3500515
3500516
3500517
3500518
3500519
3500520
3500521
3500522
3500523
3500524
3500525
3500526
3500527
3500528
3500529
3500530
3500531
3500532
3500533
3500534
3500535
3500536
3500537
3500538
3500539
3500540
3500541
3500542
3500543
3500544
3500545
3500546
3500547
3500548
3500549
3500550
3500551
3500552
3500553
3500554
3500555
3500556
3500557
3500558
3500559
3500560
3500561
3500562
3500563
3500564
3500565
3500566
3500567
3500568
3500569
3500570
3500571
3500572
3500573
3500574
3500575
3500576
3500577
3500578
3500579
3500580
3500581
3500582
3500583
3500584
3500585
3500586
3500587
3500588
3500589
3500590
3500591
3500592
3500593
3500594
3500595
3500596
3500597
3500598
3500599
3500600
3500601
3500602
3500603
3500604
3500605
3500606
3500607
3500608
3500609
3500610
3500611
3500612
3500613
3500614
3500615
3500616
3500617
3500618
3500619
3500620
3500621
3500622
3500623
3500624
3500625
3500626
3500627
3500628
3500629
3500630
3500631
3500632
3500633
3500634
3500635
3500636
3500637
3500638
3500639
3500640
3500641
3500642
3500643
3500644
3500645
3500646
3500647
3500648
3500649
3500650
3500651
3500652
3500653
3500654
3500655
3500656
3500657
3500658
3500659
3500660
3500661
3500662
3500663
3500664
3500665
3500666
3500667
3500668
3500669
3500670
3500671
3500672
3500673
3500674
3500675
3500676
3500677
3500678
3500679
3500680
3500681
3500682
3500683
3500684
3500685
3500686
3500687
3500688
3500689
3500690
3500691
3500692
3500693
3500694
3500695
3500696
3500697
3500698
3500699
3500700
3500701
3500702
3500703
3500704
3500705
3500706
3500707
3500708
3500709
3500710
3500711
3500712
3500713
3500714
3500715
3500716
3500717
3500718
3500719
3500720
3500721
3500722
3500723
3500724
3500725
3500726
3500727
3500728
3500729
3500730
3500731
3500732
3500733
3500734
3500735
3500736
3500737
3500738
3500739
3500740
3500741
3500742
3500743
3500744
3500745
3500746
3500747
3500748
3500749
3500750
3500751
3500752
3500753
3500754
3500755
3500756
3500757
3500758
3500759
3500760
3500761
3500762
3500763
3500764
3500765
3500766
3500767
3500768
3500769
3500770
3500771
3500772
3500773
3500774
3500775
3500776
3500777
3500778
3500779
3500780
3500781
3500782
3500783
3500784
3500785
3500786
3500787
3500788
3500789
3500790
3500791
3500792
3500793
3500794
3500795
3500796
3500797
3500798
3500799
3500800
3500801
3500802
3500803
3500804
3500805
3500806
3500807
3500808
3500809
3500810
3500811
3500812
3500813
3500814
3500815
3500816
3500817
3500818
3500819
3500820
3500821
3500822
3500823
3500824
3500825
3500826
3500827
3500828
3500829
3500830
3500831
3500832
3500833
3500834
3500835
3500836
3500837
3500838
3500839
3500840
3500841
3500842
3500843
3500844
3500845
3500846
3500847
3500848
3500849
3500850
3500851
3500852
3500853
3500854
3500855
3500856
3500857
3500858
3500859
3500860
3500861
3500862
3500863
3500864
3500865
3500866
3500867
3500868
3500869
3500870
3500871
3500872
3500873
3500874
3500875
3500876
3500877
3500878
3500879
3500880
3500881
3500882
3500883
3500884
3500885
3500886
3500887
3500888
3500889
3500890
3500891
3500892
3500893
3500894
3500895
3500896
3500897
3500898
3500899
3500900
3500901
3500902
3500903
3500904
3500905
3500906
3500907
3500908
3500909
3500910
3500911
3500912
3500913
3500914
3500915
3500916
3500917
3500918
3500919
3500920
3500921
3500922
3500923
3500924
3500925
3500926
3500927
3500928
3500929
3500930
3500931
3500932
3500933
3500934
3500935
3500936
3500937
3500938
3500939
3500940
3500941
3500942
3500943
3500944
3500945
3500946
3500947
3500948
3500949
3500950
3500951
3500952
3500953
3500954
3500955
3500956
3500957
3500958
3500959
3500960
3500961
3500962
3500963
3500964
3500965
3500966
3500967
3500968
3500969
3500970
3500971
3500972
3500973
3500974
3500975
3500976
3500977
3500978
3500979
3500980
3500981
3500982
3500983
3500984
3500985
3500986
3500987
3500988
3500989
3500990
3500991
3500992
3500993
3500994
3500995
3500996
3500997
3500998
3500999
3501000
3501001
3501002
3501003
3501004
3501005
3501006
3501007
3501008
3501009
3501010
3501011
3501012
3501013
3501014
3501015
3501016
3501017
3501018
3501019
3501020
3501021
3501022
3501023
3501024
3501025
3501026
3501027
3501028
3501029
3501030
3501031
3501032
3501033
3501034
3501035
3501036
3501037
3501038
3501039
3501040
3501041
3501042
3501043
3501044
3501045
3501046
3501047
3501048
3501049
3501050
3501051
3501052
3501053
3501054
3501055
3501056
3501057
3501058
3501059
3501060
3501061
3501062
3501063
3501064
3501065
3501066
3501067
3501068
3501069
3501070
3501071
3501072
3501073
3501074
3501075
3501076
3501077
3501078
3501079
3501080
3501081
3501082
3501083
3501084
3501085
3501086
3501087
3501088
3501089
3501090
3501091
3501092
3501093
3501094
3501095
3501096
3501097
3501098
3501099
3501100
3501101
3501102
3501103
3501104
3501105
3501106
3501107
3501108
3501109
3501110
3501111
3501112
3501113
3501114
3501115
3501116
3501117
3501118
3501119
3501120
3501121
3501122
3501123
3501124
3501125
3501126
3501127
3501128
3501129
3501130
3501131
3501132
3501133
3501134
3501135
3501136
3501137
3501138
3501139
3501140
3501141
3501142
3501143
3501144
3501145
3501146
3501147
3501148
3501149
3501150
3501151
3501152
3501153
3501154
3501155
3501156
3501157
3501158
3501159
3501160
3501161
3501162
3501163
3501164
3501165
3501166
3501167
3501168
3501169
3501170
3501171
3501172
3501173
3501174
3501175
3501176
3501177
3501178
3501179
3501180
3501181
3501182
3501183
3501184
3501185
3501186
3501187
3501188
3501189
3501190
3501191
3501192
3501193
3501194
3501195
3501196
3501197
3501198
3501199
3501200
3501201
3501202
3501203
3501204
3501205
3501206
3501207
3501208
3501209
3501210
3501211
3501212
3501213
3501214
3501215
3501216
3501217
3501218
3501219
3501220
3501221
3501222
3501223
3501224
3501225
3501226
3501227
3501228
3501229
3501230
3501231
3501232
3501233
3501234
3501235
3501236
3501237
3501238
3501239
3501240
3501241
3501242
3501243
3501244
3501245
3501246
3501247
3501248
3501249
3501250
3501251
3501252
3501253
3501254
3501255
3501256
3501257
3501258
3501259
3501260
3501261
3501262
3501263
3501264
3501265
3501266
3501267
3501268
3501269
3501270
3501271
3501272
3501273
3501274
3501275
3501276
3501277
3501278
3501279
3501280
3501281
3501282
3501283
3501284
3501285
3501286
3501287
3501288
3501289
3501290
3501291
3501292
3501293
3501294
3501295
3501296
3501297
3501298
3501299
3501300
3501301
3501302
3501303
3501304
3501305
3501306
3501307
3501308
3501309
3501310
3501311
3501312
3501313
3501314
3501315
3501316
3501317
3501318
3501319
3501320
3501321
3501322
3501323
3501324
3501325
3501326
3501327
3501328
3501329
3501330
3501331
3501332
3501333
3501334
3501335
3501336
3501337
3501338
3501339
3501340
3501341
3501342
3501343
3501344
3501345
3501346
3501347
3501348
3501349
3501350
3501351
3501352
3501353
3501354
3501355
3501356
3501357
3501358
3501359
3501360
3501361
3501362
3501363
3501364
3501365
3501366
3501367
3501368
3501369
3501370
3501371
3501372
3501373
3501374
3501375
3501376
3501377
3501378
3501379
3501380
3501381
3501382
3501383
3501384
3501385
3501386
3501387
3501388
3501389
3501390
3501391
3501392
3501393
3501394
3501395
3501396
3501397
3501398
3501399
3501400
3501401
3501402
3501403
3501404
3501405
3501406
3501407
3501408
3501409
3501410
3501411
3501412
3501413
3501414
3501415
3501416
3501417
3501418
3501419
3501420
3501421
3501422
3501423
3501424
3501425
3501426
3501427
3501428
3501429
3501430
3501431
3501432
3501433
3501434
3501435
3501436
3501437
3501438
3501439
3501440
3501441
3501442
3501443
3501444
3501445
3501446
3501447
3501448
3501449
3501450
3501451
3501452
3501453
3501454
3501455
3501456
3501457
3501458
3501459
3501460
3501461
3501462
3501463
3501464
3501465
3501466
3501467
3501468
3501469
3501470
3501471
3501472
3501473
3501474
3501475
3501476
3501477
3501478
3501479
3501480
3501481
3501482
3501483
3501484
3501485
3501486
3501487
3501488
3501489
3501490
3501491
3501492
3501493
3501494
3501495
3501496
3501497
3501498
3501499
3501500
3501501
3501502
3501503
3501504
3501505
3501506
3501507
3501508
3501509
3501510
3501511
3501512
3501513
3501514
3501515
3501516
3501517
3501518
3501519
3501520
3501521
3501522
3501523
3501524
3501525
3501526
3501527
3501528
3501529
3501530
3501531
3501532
3501533
3501534
3501535
3501536
3501537
3501538
3501539
3501540
3501541
3501542
3501543
3501544
3501545
3501546
3501547
3501548
3501549
3501550
3501551
3501552
3501553
3501554
3501555
3501556
3501557
3501558
3501559
3501560
3501561
3501562
3501563
3501564
3501565
3501566
3501567
3501568
3501569
3501570
3501571
3501572
3501573
3501574
3501575
3501576
3501577
3501578
3501579
3501580
3501581
3501582
3501583
3501584
3501585
3501586
3501587
3501588
3501589
3501590
3501591
3501592
3501593
3501594
3501595
3501596
3501597
3501598
3501599
3501600
3501601
3501602
3501603
3501604
3501605
3501606
3501607
3501608
3501609
3501610
3501611
3501612
3501613
3501614
3501615
3501616
3501617
3501618
3501619
3501620
3501621
3501622
3501623
3501624
3501625
3501626
3501627
3501628
3501629
3501630
3501631
3501632
3501633
3501634
3501635
3501636
3501637
3501638
3501639
3501640
3501641
3501642
3501643
3501644
3501645
3501646
3501647
3501648
3501649
3501650
3501651
3501652
3501653
3501654
3501655
3501656
3501657
3501658
3501659
3501660
3501661
3501662
3501663
3501664
3501665
3501666
3501667
3501668
3501669
3501670
3501671
3501672
3501673
3501674
3501675
3501676
3501677
3501678
3501679
3501680
3501681
3501682
3501683
3501684
3501685
3501686
3501687
3501688
3501689
3501690
3501691
3501692
3501693
3501694
3501695
3501696
3501697
3501698
3501699
3501700
3501701
3501702
3501703
3501704
3501705
3501706
3501707
3501708
3501709
3501710
3501711
3501712
3501713
3501714
3501715
3501716
3501717
3501718
3501719
3501720
3501721
3501722
3501723
3501724
3501725
3501726
3501727
3501728
3501729
3501730
3501731
3501732
3501733
3501734
3501735
3501736
3501737
3501738
3501739
3501740
3501741
3501742
3501743
3501744
3501745
3501746
3501747
3501748
3501749
3501750
3501751
3501752
3501753
3501754
3501755
3501756
3501757
3501758
3501759
3501760
3501761
3501762
3501763
3501764
3501765
3501766
3501767
3501768
3501769
3501770
3501771
3501772
3501773
3501774
3501775
3501776
3501777
3501778
3501779
3501780
3501781
3501782
3501783
3501784
3501785
3501786
3501787
3501788
3501789
3501790
3501791
3501792
3501793
3501794
3501795
3501796
3501797
3501798
3501799
3501800
3501801
3501802
3501803
3501804
3501805
3501806
3501807
3501808
3501809
3501810
3501811
3501812
3501813
3501814
3501815
3501816
3501817
3501818
3501819
3501820
3501821
3501822
3501823
3501824
3501825
3501826
3501827
3501828
3501829
3501830
3501831
3501832
3501833
3501834
3501835
3501836
3501837
3501838
3501839
3501840
3501841
3501842
3501843
3501844
3501845
3501846
3501847
3501848
3501849
3501850
3501851
3501852
3501853
3501854
3501855
3501856
3501857
3501858
3501859
3501860
3501861
3501862
3501863
3501864
3501865
3501866
3501867
3501868
3501869
3501870
3501871
3501872
3501873
3501874
3501875
3501876
3501877
3501878
3501879
3501880
3501881
3501882
3501883
3501884
3501885
3501886
3501887
3501888
3501889
3501890
3501891
3501892
3501893
3501894
3501895
3501896
3501897
3501898
3501899
3501900
3501901
3501902
3501903
3501904
3501905
3501906
3501907
3501908
3501909
3501910
3501911
3501912
3501913
3501914
3501915
3501916
3501917
3501918
3501919
3501920
3501921
3501922
3501923
3501924
3501925
3501926
3501927
3501928
3501929
3501930
3501931
3501932
3501933
3501934
3501935
3501936
3501937
3501938
3501939
3501940
3501941
3501942
3501943
3501944
3501945
3501946
3501947
3501948
3501949
3501950
3501951
3501952
3501953
3501954
3501955
3501956
3501957
3501958
3501959
3501960
3501961
3501962
3501963
3501964
3501965
3501966
3501967
3501968
3501969
3501970
3501971
3501972
3501973
3501974
3501975
3501976
3501977
3501978
3501979
3501980
3501981
3501982
3501983
3501984
3501985
3501986
3501987
3501988
3501989
3501990
3501991
3501992
3501993
3501994
3501995
3501996
3501997
3501998
3501999
3502000
3502001
3502002
3502003
3502004
3502005
3502006
3502007
3502008
3502009
3502010
3502011
3502012
3502013
3502014
3502015
3502016
3502017
3502018
3502019
3502020
3502021
3502022
3502023
3502024
3502025
3502026
3502027
3502028
3502029
3502030
3502031
3502032
3502033
3502034
3502035
3502036
3502037
3502038
3502039
3502040
3502041
3502042
3502043
3502044
3502045
3502046
3502047
3502048
3502049
3502050
3502051
3502052
3502053
3502054
3502055
3502056
3502057
3502058
3502059
3502060
3502061
3502062
3502063
3502064
3502065
3502066
3502067
3502068
3502069
3502070
3502071
3502072
3502073
3502074
3502075
3502076
3502077
3502078
3502079
3502080
3502081
3502082
3502083
3502084
3502085
3502086
3502087
3502088
3502089
3502090
3502091
3502092
3502093
3502094
3502095
3502096
3502097
3502098
3502099
3502100
3502101
3502102
3502103
3502104
3502105
3502106
3502107
3502108
3502109
3502110
3502111
3502112
3502113
3502114
3502115
3502116
3502117
3502118
3502119
3502120
3502121
3502122
3502123
3502124
3502125
3502126
3502127
3502128
3502129
3502130
3502131
3502132
3502133
3502134
3502135
3502136
3502137
3502138
3502139
3502140
3502141
3502142
3502143
3502144
3502145
3502146
3502147
3502148
3502149
3502150
3502151
3502152
3502153
3502154
3502155
3502156
3502157
3502158
3502159
3502160
3502161
3502162
3502163
3502164
3502165
3502166
3502167
3502168
3502169
3502170
3502171
3502172
3502173
3502174
3502175
3502176
3502177
3502178
3502179
3502180
3502181
3502182
3502183
3502184
3502185
3502186
3502187
3502188
3502189
3502190
3502191
3502192
3502193
3502194
3502195
3502196
3502197
3502198
3502199
3502200
3502201
3502202
3502203
3502204
3502205
3502206
3502207
3502208
3502209
3502210
3502211
3502212
3502213
3502214
3502215
3502216
3502217
3502218
3502219
3502220
3502221
3502222
3502223
3502224
3502225
3502226
3502227
3502228
3502229
3502230
3502231
3502232
3502233
3502234
3502235
3502236
3502237
3502238
3502239
3502240
3502241
3502242
3502243
3502244
3502245
3502246
3502247
3502248
3502249
3502250
3502251
3502252
3502253
3502254
3502255
3502256
3502257
3502258
3502259
3502260
3502261
3502262
3502263
3502264
3502265
3502266
3502267
3502268
3502269
3502270
3502271
3502272
3502273
3502274
3502275
3502276
3502277
3502278
3502279
3502280
3502281
3502282
3502283
3502284
3502285
3502286
3502287
3502288
3502289
3502290
3502291
3502292
3502293
3502294
3502295
3502296
3502297
3502298
3502299
3502300
3502301
3502302
3502303
3502304
3502305
3502306
3502307
3502308
3502309
3502310
3502311
3502312
3502313
3502314
3502315
3502316
3502317
3502318
3502319
3502320
3502321
3502322
3502323
3502324
3502325
3502326
3502327
3502328
3502329
3502330
3502331
3502332
3502333
3502334
3502335
3502336
3502337
3502338
3502339
3502340
3502341
3502342
3502343
3502344
3502345
3502346
3502347
3502348
3502349
3502350
3502351
3502352
3502353
3502354
3502355
3502356
3502357
3502358
3502359
3502360
3502361
3502362
3502363
3502364
3502365
3502366
3502367
3502368
3502369
3502370
3502371
3502372
3502373
3502374
3502375
3502376
3502377
3502378
3502379
3502380
3502381
3502382
3502383
3502384
3502385
3502386
3502387
3502388
3502389
3502390
3502391
3502392
3502393
3502394
3502395
3502396
3502397
3502398
3502399
3502400
3502401
3502402
3502403
3502404
3502405
3502406
3502407
3502408
3502409
3502410
3502411
3502412
3502413
3502414
3502415
3502416
3502417
3502418
3502419
3502420
3502421
3502422
3502423
3502424
3502425
3502426
3502427
3502428
3502429
3502430
3502431
3502432
3502433
3502434
3502435
3502436
3502437
3502438
3502439
3502440
3502441
3502442
3502443
3502444
3502445
3502446
3502447
3502448
3502449
3502450
3502451
3502452
3502453
3502454
3502455
3502456
3502457
3502458
3502459
3502460
3502461
3502462
3502463
3502464
3502465
3502466
3502467
3502468
3502469
3502470
3502471
3502472
3502473
3502474
3502475
3502476
3502477
3502478
3502479
3502480
3502481
3502482
3502483
3502484
3502485
3502486
3502487
3502488
3502489
3502490
3502491
3502492
3502493
3502494
3502495
3502496
3502497
3502498
3502499
3502500
3502501
3502502
3502503
3502504
3502505
3502506
3502507
3502508
3502509
3502510
3502511
3502512
3502513
3502514
3502515
3502516
3502517
3502518
3502519
3502520
3502521
3502522
3502523
3502524
3502525
3502526
3502527
3502528
3502529
3502530
3502531
3502532
3502533
3502534
3502535
3502536
3502537
3502538
3502539
3502540
3502541
3502542
3502543
3502544
3502545
3502546
3502547
3502548
3502549
3502550
3502551
3502552
3502553
3502554
3502555
3502556
3502557
3502558
3502559
3502560
3502561
3502562
3502563
3502564
3502565
3502566
3502567
3502568
3502569
3502570
3502571
3502572
3502573
3502574
3502575
3502576
3502577
3502578
3502579
3502580
3502581
3502582
3502583
3502584
3502585
3502586
3502587
3502588
3502589
3502590
3502591
3502592
3502593
3502594
3502595
3502596
3502597
3502598
3502599
3502600
3502601
3502602
3502603
3502604
3502605
3502606
3502607
3502608
3502609
3502610
3502611
3502612
3502613
3502614
3502615
3502616
3502617
3502618
3502619
3502620
3502621
3502622
3502623
3502624
3502625
3502626
3502627
3502628
3502629
3502630
3502631
3502632
3502633
3502634
3502635
3502636
3502637
3502638
3502639
3502640
3502641
3502642
3502643
3502644
3502645
3502646
3502647
3502648
3502649
3502650
3502651
3502652
3502653
3502654
3502655
3502656
3502657
3502658
3502659
3502660
3502661
3502662
3502663
3502664
3502665
3502666
3502667
3502668
3502669
3502670
3502671
3502672
3502673
3502674
3502675
3502676
3502677
3502678
3502679
3502680
3502681
3502682
3502683
3502684
3502685
3502686
3502687
3502688
3502689
3502690
3502691
3502692
3502693
3502694
3502695
3502696
3502697
3502698
3502699
3502700
3502701
3502702
3502703
3502704
3502705
3502706
3502707
3502708
3502709
3502710
3502711
3502712
3502713
3502714
3502715
3502716
3502717
3502718
3502719
3502720
3502721
3502722
3502723
3502724
3502725
3502726
3502727
3502728
3502729
3502730
3502731
3502732
3502733
3502734
3502735
3502736
3502737
3502738
3502739
3502740
3502741
3502742
3502743
3502744
3502745
3502746
3502747
3502748
3502749
3502750
3502751
3502752
3502753
3502754
3502755
3502756
3502757
3502758
3502759
3502760
3502761
3502762
3502763
3502764
3502765
3502766
3502767
3502768
3502769
3502770
3502771
3502772
3502773
3502774
3502775
3502776
3502777
3502778
3502779
3502780
3502781
3502782
3502783
3502784
3502785
3502786
3502787
3502788
3502789
3502790
3502791
3502792
3502793
3502794
3502795
3502796
3502797
3502798
3502799
3502800
3502801
3502802
3502803
3502804
3502805
3502806
3502807
3502808
3502809
3502810
3502811
3502812
3502813
3502814
3502815
3502816
3502817
3502818
3502819
3502820
3502821
3502822
3502823
3502824
3502825
3502826
3502827
3502828
3502829
3502830
3502831
3502832
3502833
3502834
3502835
3502836
3502837
3502838
3502839
3502840
3502841
3502842
3502843
3502844
3502845
3502846
3502847
3502848
3502849
3502850
3502851
3502852
3502853
3502854
3502855
3502856
3502857
3502858
3502859
3502860
3502861
3502862
3502863
3502864
3502865
3502866
3502867
3502868
3502869
3502870
3502871
3502872
3502873
3502874
3502875
3502876
3502877
3502878
3502879
3502880
3502881
3502882
3502883
3502884
3502885
3502886
3502887
3502888
3502889
3502890
3502891
3502892
3502893
3502894
3502895
3502896
3502897
3502898
3502899
3502900
3502901
3502902
3502903
3502904
3502905
3502906
3502907
3502908
3502909
3502910
3502911
3502912
3502913
3502914
3502915
3502916
3502917
3502918
3502919
3502920
3502921
3502922
3502923
3502924
3502925
3502926
3502927
3502928
3502929
3502930
3502931
3502932
3502933
3502934
3502935
3502936
3502937
3502938
3502939
3502940
3502941
3502942
3502943
3502944
3502945
3502946
3502947
3502948
3502949
3502950
3502951
3502952
3502953
3502954
3502955
3502956
3502957
3502958
3502959
3502960
3502961
3502962
3502963
3502964
3502965
3502966
3502967
3502968
3502969
3502970
3502971
3502972
3502973
3502974
3502975
3502976
3502977
3502978
3502979
3502980
3502981
3502982
3502983
3502984
3502985
3502986
3502987
3502988
3502989
3502990
3502991
3502992
3502993
3502994
3502995
3502996
3502997
3502998
3502999
3503000
3503001
3503002
3503003
3503004
3503005
3503006
3503007
3503008
3503009
3503010
3503011
3503012
3503013
3503014
3503015
3503016
3503017
3503018
3503019
3503020
3503021
3503022
3503023
3503024
3503025
3503026
3503027
3503028
3503029
3503030
3503031
3503032
3503033
3503034
3503035
3503036
3503037
3503038
3503039
3503040
3503041
3503042
3503043
3503044
3503045
3503046
3503047
3503048
3503049
3503050
3503051
3503052
3503053
3503054
3503055
3503056
3503057
3503058
3503059
3503060
3503061
3503062
3503063
3503064
3503065
3503066
3503067
3503068
3503069
3503070
3503071
3503072
3503073
3503074
3503075
3503076
3503077
3503078
3503079
3503080
3503081
3503082
3503083
3503084
3503085
3503086
3503087
3503088
3503089
3503090
3503091
3503092
3503093
3503094
3503095
3503096
3503097
3503098
3503099
3503100
3503101
3503102
3503103
3503104
3503105
3503106
3503107
3503108
3503109
3503110
3503111
3503112
3503113
3503114
3503115
3503116
3503117
3503118
3503119
3503120
3503121
3503122
3503123
3503124
3503125
3503126
3503127
3503128
3503129
3503130
3503131
3503132
3503133
3503134
3503135
3503136
3503137
3503138
3503139
3503140
3503141
3503142
3503143
3503144
3503145
3503146
3503147
3503148
3503149
3503150
3503151
3503152
3503153
3503154
3503155
3503156
3503157
3503158
3503159
3503160
3503161
3503162
3503163
3503164
3503165
3503166
3503167
3503168
3503169
3503170
3503171
3503172
3503173
3503174
3503175
3503176
3503177
3503178
3503179
3503180
3503181
3503182
3503183
3503184
3503185
3503186
3503187
3503188
3503189
3503190
3503191
3503192
3503193
3503194
3503195
3503196
3503197
3503198
3503199
3503200
3503201
3503202
3503203
3503204
3503205
3503206
3503207
3503208
3503209
3503210
3503211
3503212
3503213
3503214
3503215
3503216
3503217
3503218
3503219
3503220
3503221
3503222
3503223
3503224
3503225
3503226
3503227
3503228
3503229
3503230
3503231
3503232
3503233
3503234
3503235
3503236
3503237
3503238
3503239
3503240
3503241
3503242
3503243
3503244
3503245
3503246
3503247
3503248
3503249
3503250
3503251
3503252
3503253
3503254
3503255
3503256
3503257
3503258
3503259
3503260
3503261
3503262
3503263
3503264
3503265
3503266
3503267
3503268
3503269
3503270
3503271
3503272
3503273
3503274
3503275
3503276
3503277
3503278
3503279
3503280
3503281
3503282
3503283
3503284
3503285
3503286
3503287
3503288
3503289
3503290
3503291
3503292
3503293
3503294
3503295
3503296
3503297
3503298
3503299
3503300
3503301
3503302
3503303
3503304
3503305
3503306
3503307
3503308
3503309
3503310
3503311
3503312
3503313
3503314
3503315
3503316
3503317
3503318
3503319
3503320
3503321
3503322
3503323
3503324
3503325
3503326
3503327
3503328
3503329
3503330
3503331
3503332
3503333
3503334
3503335
3503336
3503337
3503338
3503339
3503340
3503341
3503342
3503343
3503344
3503345
3503346
3503347
3503348
3503349
3503350
3503351
3503352
3503353
3503354
3503355
3503356
3503357
3503358
3503359
3503360
3503361
3503362
3503363
3503364
3503365
3503366
3503367
3503368
3503369
3503370
3503371
3503372
3503373
3503374
3503375
3503376
3503377
3503378
3503379
3503380
3503381
3503382
3503383
3503384
3503385
3503386
3503387
3503388
3503389
3503390
3503391
3503392
3503393
3503394
3503395
3503396
3503397
3503398
3503399
3503400
3503401
3503402
3503403
3503404
3503405
3503406
3503407
3503408
3503409
3503410
3503411
3503412
3503413
3503414
3503415
3503416
3503417
3503418
3503419
3503420
3503421
3503422
3503423
3503424
3503425
3503426
3503427
3503428
3503429
3503430
3503431
3503432
3503433
3503434
3503435
3503436
3503437
3503438
3503439
3503440
3503441
3503442
3503443
3503444
3503445
3503446
3503447
3503448
3503449
3503450
3503451
3503452
3503453
3503454
3503455
3503456
3503457
3503458
3503459
3503460
3503461
3503462
3503463
3503464
3503465
3503466
3503467
3503468
3503469
3503470
3503471
3503472
3503473
3503474
3503475
3503476
3503477
3503478
3503479
3503480
3503481
3503482
3503483
3503484
3503485
3503486
3503487
3503488
3503489
3503490
3503491
3503492
3503493
3503494
3503495
3503496
3503497
3503498
3503499
3503500
3503501
3503502
3503503
3503504
3503505
3503506
3503507
3503508
3503509
3503510
3503511
3503512
3503513
3503514
3503515
3503516
3503517
3503518
3503519
3503520
3503521
3503522
3503523
3503524
3503525
3503526
3503527
3503528
3503529
3503530
3503531
3503532
3503533
3503534
3503535
3503536
3503537
3503538
3503539
3503540
3503541
3503542
3503543
3503544
3503545
3503546
3503547
3503548
3503549
3503550
3503551
3503552
3503553
3503554
3503555
3503556
3503557
3503558
3503559
3503560
3503561
3503562
3503563
3503564
3503565
3503566
3503567
3503568
3503569
3503570
3503571
3503572
3503573
3503574
3503575
3503576
3503577
3503578
3503579
3503580
3503581
3503582
3503583
3503584
3503585
3503586
3503587
3503588
3503589
3503590
3503591
3503592
3503593
3503594
3503595
3503596
3503597
3503598
3503599
3503600
3503601
3503602
3503603
3503604
3503605
3503606
3503607
3503608
3503609
3503610
3503611
3503612
3503613
3503614
3503615
3503616
3503617
3503618
3503619
3503620
3503621
3503622
3503623
3503624
3503625
3503626
3503627
3503628
3503629
3503630
3503631
3503632
3503633
3503634
3503635
3503636
3503637
3503638
3503639
3503640
3503641
3503642
3503643
3503644
3503645
3503646
3503647
3503648
3503649
3503650
3503651
3503652
3503653
3503654
3503655
3503656
3503657
3503658
3503659
3503660
3503661
3503662
3503663
3503664
3503665
3503666
3503667
3503668
3503669
3503670
3503671
3503672
3503673
3503674
3503675
3503676
3503677
3503678
3503679
3503680
3503681
3503682
3503683
3503684
3503685
3503686
3503687
3503688
3503689
3503690
3503691
3503692
3503693
3503694
3503695
3503696
3503697
3503698
3503699
3503700
3503701
3503702
3503703
3503704
3503705
3503706
3503707
3503708
3503709
3503710
3503711
3503712
3503713
3503714
3503715
3503716
3503717
3503718
3503719
3503720
3503721
3503722
3503723
3503724
3503725
3503726
3503727
3503728
3503729
3503730
3503731
3503732
3503733
3503734
3503735
3503736
3503737
3503738
3503739
3503740
3503741
3503742
3503743
3503744
3503745
3503746
3503747
3503748
3503749
3503750
3503751
3503752
3503753
3503754
3503755
3503756
3503757
3503758
3503759
3503760
3503761
3503762
3503763
3503764
3503765
3503766
3503767
3503768
3503769
3503770
3503771
3503772
3503773
3503774
3503775
3503776
3503777
3503778
3503779
3503780
3503781
3503782
3503783
3503784
3503785
3503786
3503787
3503788
3503789
3503790
3503791
3503792
3503793
3503794
3503795
3503796
3503797
3503798
3503799
3503800
3503801
3503802
3503803
3503804
3503805
3503806
3503807
3503808
3503809
3503810
3503811
3503812
3503813
3503814
3503815
3503816
3503817
3503818
3503819
3503820
3503821
3503822
3503823
3503824
3503825
3503826
3503827
3503828
3503829
3503830
3503831
3503832
3503833
3503834
3503835
3503836
3503837
3503838
3503839
3503840
3503841
3503842
3503843
3503844
3503845
3503846
3503847
3503848
3503849
3503850
3503851
3503852
3503853
3503854
3503855
3503856
3503857
3503858
3503859
3503860
3503861
3503862
3503863
3503864
3503865
3503866
3503867
3503868
3503869
3503870
3503871
3503872
3503873
3503874
3503875
3503876
3503877
3503878
3503879
3503880
3503881
3503882
3503883
3503884
3503885
3503886
3503887
3503888
3503889
3503890
3503891
3503892
3503893
3503894
3503895
3503896
3503897
3503898
3503899
3503900
3503901
3503902
3503903
3503904
3503905
3503906
3503907
3503908
3503909
3503910
3503911
3503912
3503913
3503914
3503915
3503916
3503917
3503918
3503919
3503920
3503921
3503922
3503923
3503924
3503925
3503926
3503927
3503928
3503929
3503930
3503931
3503932
3503933
3503934
3503935
3503936
3503937
3503938
3503939
3503940
3503941
3503942
3503943
3503944
3503945
3503946
3503947
3503948
3503949
3503950
3503951
3503952
3503953
3503954
3503955
3503956
3503957
3503958
3503959
3503960
3503961
3503962
3503963
3503964
3503965
3503966
3503967
3503968
3503969
3503970
3503971
3503972
3503973
3503974
3503975
3503976
3503977
3503978
3503979
3503980
3503981
3503982
3503983
3503984
3503985
3503986
3503987
3503988
3503989
3503990
3503991
3503992
3503993
3503994
3503995
3503996
3503997
3503998
3503999
3504000
3504001
3504002
3504003
3504004
3504005
3504006
3504007
3504008
3504009
3504010
3504011
3504012
3504013
3504014
3504015
3504016
3504017
3504018
3504019
3504020
3504021
3504022
3504023
3504024
3504025
3504026
3504027
3504028
3504029
3504030
3504031
3504032
3504033
3504034
3504035
3504036
3504037
3504038
3504039
3504040
3504041
3504042
3504043
3504044
3504045
3504046
3504047
3504048
3504049
3504050
3504051
3504052
3504053
3504054
3504055
3504056
3504057
3504058
3504059
3504060
3504061
3504062
3504063
3504064
3504065
3504066
3504067
3504068
3504069
3504070
3504071
3504072
3504073
3504074
3504075
3504076
3504077
3504078
3504079
3504080
3504081
3504082
3504083
3504084
3504085
3504086
3504087
3504088
3504089
3504090
3504091
3504092
3504093
3504094
3504095
3504096
3504097
3504098
3504099
3504100
3504101
3504102
3504103
3504104
3504105
3504106
3504107
3504108
3504109
3504110
3504111
3504112
3504113
3504114
3504115
3504116
3504117
3504118
3504119
3504120
3504121
3504122
3504123
3504124
3504125
3504126
3504127
3504128
3504129
3504130
3504131
3504132
3504133
3504134
3504135
3504136
3504137
3504138
3504139
3504140
3504141
3504142
3504143
3504144
3504145
3504146
3504147
3504148
3504149
3504150
3504151
3504152
3504153
3504154
3504155
3504156
3504157
3504158
3504159
3504160
3504161
3504162
3504163
3504164
3504165
3504166
3504167
3504168
3504169
3504170
3504171
3504172
3504173
3504174
3504175
3504176
3504177
3504178
3504179
3504180
3504181
3504182
3504183
3504184
3504185
3504186
3504187
3504188
3504189
3504190
3504191
3504192
3504193
3504194
3504195
3504196
3504197
3504198
3504199
3504200
3504201
3504202
3504203
3504204
3504205
3504206
3504207
3504208
3504209
3504210
3504211
3504212
3504213
3504214
3504215
3504216
3504217
3504218
3504219
3504220
3504221
3504222
3504223
3504224
3504225
3504226
3504227
3504228
3504229
3504230
3504231
3504232
3504233
3504234
3504235
3504236
3504237
3504238
3504239
3504240
3504241
3504242
3504243
3504244
3504245
3504246
3504247
3504248
3504249
3504250
3504251
3504252
3504253
3504254
3504255
3504256
3504257
3504258
3504259
3504260
3504261
3504262
3504263
3504264
3504265
3504266
3504267
3504268
3504269
3504270
3504271
3504272
3504273
3504274
3504275
3504276
3504277
3504278
3504279
3504280
3504281
3504282
3504283
3504284
3504285
3504286
3504287
3504288
3504289
3504290
3504291
3504292
3504293
3504294
3504295
3504296
3504297
3504298
3504299
3504300
3504301
3504302
3504303
3504304
3504305
3504306
3504307
3504308
3504309
3504310
3504311
3504312
3504313
3504314
3504315
3504316
3504317
3504318
3504319
3504320
3504321
3504322
3504323
3504324
3504325
3504326
3504327
3504328
3504329
3504330
3504331
3504332
3504333
3504334
3504335
3504336
3504337
3504338
3504339
3504340
3504341
3504342
3504343
3504344
3504345
3504346
3504347
3504348
3504349
3504350
3504351
3504352
3504353
3504354
3504355
3504356
3504357
3504358
3504359
3504360
3504361
3504362
3504363
3504364
3504365
3504366
3504367
3504368
3504369
3504370
3504371
3504372
3504373
3504374
3504375
3504376
3504377
3504378
3504379
3504380
3504381
3504382
3504383
3504384
3504385
3504386
3504387
3504388
3504389
3504390
3504391
3504392
3504393
3504394
3504395
3504396
3504397
3504398
3504399
3504400
3504401
3504402
3504403
3504404
3504405
3504406
3504407
3504408
3504409
3504410
3504411
3504412
3504413
3504414
3504415
3504416
3504417
3504418
3504419
3504420
3504421
3504422
3504423
3504424
3504425
3504426
3504427
3504428
3504429
3504430
3504431
3504432
3504433
3504434
3504435
3504436
3504437
3504438
3504439
3504440
3504441
3504442
3504443
3504444
3504445
3504446
3504447
3504448
3504449
3504450
3504451
3504452
3504453
3504454
3504455
3504456
3504457
3504458
3504459
3504460
3504461
3504462
3504463
3504464
3504465
3504466
3504467
3504468
3504469
3504470
3504471
3504472
3504473
3504474
3504475
3504476
3504477
3504478
3504479
3504480
3504481
3504482
3504483
3504484
3504485
3504486
3504487
3504488
3504489
3504490
3504491
3504492
3504493
3504494
3504495
3504496
3504497
3504498
3504499
3504500
3504501
3504502
3504503
3504504
3504505
3504506
3504507
3504508
3504509
3504510
3504511
3504512
3504513
3504514
3504515
3504516
3504517
3504518
3504519
3504520
3504521
3504522
3504523
3504524
3504525
3504526
3504527
3504528
3504529
3504530
3504531
3504532
3504533
3504534
3504535
3504536
3504537
3504538
3504539
3504540
3504541
3504542
3504543
3504544
3504545
3504546
3504547
3504548
3504549
3504550
3504551
3504552
3504553
3504554
3504555
3504556
3504557
3504558
3504559
3504560
3504561
3504562
3504563
3504564
3504565
3504566
3504567
3504568
3504569
3504570
3504571
3504572
3504573
3504574
3504575
3504576
3504577
3504578
3504579
3504580
3504581
3504582
3504583
3504584
3504585
3504586
3504587
3504588
3504589
3504590
3504591
3504592
3504593
3504594
3504595
3504596
3504597
3504598
3504599
3504600
3504601
3504602
3504603
3504604
3504605
3504606
3504607
3504608
3504609
3504610
3504611
3504612
3504613
3504614
3504615
3504616
3504617
3504618
3504619
3504620
3504621
3504622
3504623
3504624
3504625
3504626
3504627
3504628
3504629
3504630
3504631
3504632
3504633
3504634
3504635
3504636
3504637
3504638
3504639
3504640
3504641
3504642
3504643
3504644
3504645
3504646
3504647
3504648
3504649
3504650
3504651
3504652
3504653
3504654
3504655
3504656
3504657
3504658
3504659
3504660
3504661
3504662
3504663
3504664
3504665
3504666
3504667
3504668
3504669
3504670
3504671
3504672
3504673
3504674
3504675
3504676
3504677
3504678
3504679
3504680
3504681
3504682
3504683
3504684
3504685
3504686
3504687
3504688
3504689
3504690
3504691
3504692
3504693
3504694
3504695
3504696
3504697
3504698
3504699
3504700
3504701
3504702
3504703
3504704
3504705
3504706
3504707
3504708
3504709
3504710
3504711
3504712
3504713
3504714
3504715
3504716
3504717
3504718
3504719
3504720
3504721
3504722
3504723
3504724
3504725
3504726
3504727
3504728
3504729
3504730
3504731
3504732
3504733
3504734
3504735
3504736
3504737
3504738
3504739
3504740
3504741
3504742
3504743
3504744
3504745
3504746
3504747
3504748
3504749
3504750
3504751
3504752
3504753
3504754
3504755
3504756
3504757
3504758
3504759
3504760
3504761
3504762
3504763
3504764
3504765
3504766
3504767
3504768
3504769
3504770
3504771
3504772
3504773
3504774
3504775
3504776
3504777
3504778
3504779
3504780
3504781
3504782
3504783
3504784
3504785
3504786
3504787
3504788
3504789
3504790
3504791
3504792
3504793
3504794
3504795
3504796
3504797
3504798
3504799
3504800
3504801
3504802
3504803
3504804
3504805
3504806
3504807
3504808
3504809
3504810
3504811
3504812
3504813
3504814
3504815
3504816
3504817
3504818
3504819
3504820
3504821
3504822
3504823
3504824
3504825
3504826
3504827
3504828
3504829
3504830
3504831
3504832
3504833
3504834
3504835
3504836
3504837
3504838
3504839
3504840
3504841
3504842
3504843
3504844
3504845
3504846
3504847
3504848
3504849
3504850
3504851
3504852
3504853
3504854
3504855
3504856
3504857
3504858
3504859
3504860
3504861
3504862
3504863
3504864
3504865
3504866
3504867
3504868
3504869
3504870
3504871
3504872
3504873
3504874
3504875
3504876
3504877
3504878
3504879
3504880
3504881
3504882
3504883
3504884
3504885
3504886
3504887
3504888
3504889
3504890
3504891
3504892
3504893
3504894
3504895
3504896
3504897
3504898
3504899
3504900
3504901
3504902
3504903
3504904
3504905
3504906
3504907
3504908
3504909
3504910
3504911
3504912
3504913
3504914
3504915
3504916
3504917
3504918
3504919
3504920
3504921
3504922
3504923
3504924
3504925
3504926
3504927
3504928
3504929
3504930
3504931
3504932
3504933
3504934
3504935
3504936
3504937
3504938
3504939
3504940
3504941
3504942
3504943
3504944
3504945
3504946
3504947
3504948
3504949
3504950
3504951
3504952
3504953
3504954
3504955
3504956
3504957
3504958
3504959
3504960
3504961
3504962
3504963
3504964
3504965
3504966
3504967
3504968
3504969
3504970
3504971
3504972
3504973
3504974
3504975
3504976
3504977
3504978
3504979
3504980
3504981
3504982
3504983
3504984
3504985
3504986
3504987
3504988
3504989
3504990
3504991
3504992
3504993
3504994
3504995
3504996
3504997
3504998
3504999
3505000
3505001
3505002
3505003
3505004
3505005
3505006
3505007
3505008
3505009
3505010
3505011
3505012
3505013
3505014
3505015
3505016
3505017
3505018
3505019
3505020
3505021
3505022
3505023
3505024
3505025
3505026
3505027
3505028
3505029
3505030
3505031
3505032
3505033
3505034
3505035
3505036
3505037
3505038
3505039
3505040
3505041
3505042
3505043
3505044
3505045
3505046
3505047
3505048
3505049
3505050
3505051
3505052
3505053
3505054
3505055
3505056
3505057
3505058
3505059
3505060
3505061
3505062
3505063
3505064
3505065
3505066
3505067
3505068
3505069
3505070
3505071
3505072
3505073
3505074
3505075
3505076
3505077
3505078
3505079
3505080
3505081
3505082
3505083
3505084
3505085
3505086
3505087
3505088
3505089
3505090
3505091
3505092
3505093
3505094
3505095
3505096
3505097
3505098
3505099
3505100
3505101
3505102
3505103
3505104
3505105
3505106
3505107
3505108
3505109
3505110
3505111
3505112
3505113
3505114
3505115
3505116
3505117
3505118
3505119
3505120
3505121
3505122
3505123
3505124
3505125
3505126
3505127
3505128
3505129
3505130
3505131
3505132
3505133
3505134
3505135
3505136
3505137
3505138
3505139
3505140
3505141
3505142
3505143
3505144
3505145
3505146
3505147
3505148
3505149
3505150
3505151
3505152
3505153
3505154
3505155
3505156
3505157
3505158
3505159
3505160
3505161
3505162
3505163
3505164
3505165
3505166
3505167
3505168
3505169
3505170
3505171
3505172
3505173
3505174
3505175
3505176
3505177
3505178
3505179
3505180
3505181
3505182
3505183
3505184
3505185
3505186
3505187
3505188
3505189
3505190
3505191
3505192
3505193
3505194
3505195
3505196
3505197
3505198
3505199
3505200
3505201
3505202
3505203
3505204
3505205
3505206
3505207
3505208
3505209
3505210
3505211
3505212
3505213
3505214
3505215
3505216
3505217
3505218
3505219
3505220
3505221
3505222
3505223
3505224
3505225
3505226
3505227
3505228
3505229
3505230
3505231
3505232
3505233
3505234
3505235
3505236
3505237
3505238
3505239
3505240
3505241
3505242
3505243
3505244
3505245
3505246
3505247
3505248
3505249
3505250
3505251
3505252
3505253
3505254
3505255
3505256
3505257
3505258
3505259
3505260
3505261
3505262
3505263
3505264
3505265
3505266
3505267
3505268
3505269
3505270
3505271
3505272
3505273
3505274
3505275
3505276
3505277
3505278
3505279
3505280
3505281
3505282
3505283
3505284
3505285
3505286
3505287
3505288
3505289
3505290
3505291
3505292
3505293
3505294
3505295
3505296
3505297
3505298
3505299
3505300
3505301
3505302
3505303
3505304
3505305
3505306
3505307
3505308
3505309
3505310
3505311
3505312
3505313
3505314
3505315
3505316
3505317
3505318
3505319
3505320
3505321
3505322
3505323
3505324
3505325
3505326
3505327
3505328
3505329
3505330
3505331
3505332
3505333
3505334
3505335
3505336
3505337
3505338
3505339
3505340
3505341
3505342
3505343
3505344
3505345
3505346
3505347
3505348
3505349
3505350
3505351
3505352
3505353
3505354
3505355
3505356
3505357
3505358
3505359
3505360
3505361
3505362
3505363
3505364
3505365
3505366
3505367
3505368
3505369
3505370
3505371
3505372
3505373
3505374
3505375
3505376
3505377
3505378
3505379
3505380
3505381
3505382
3505383
3505384
3505385
3505386
3505387
3505388
3505389
3505390
3505391
3505392
3505393
3505394
3505395
3505396
3505397
3505398
3505399
3505400
3505401
3505402
3505403
3505404
3505405
3505406
3505407
3505408
3505409
3505410
3505411
3505412
3505413
3505414
3505415
3505416
3505417
3505418
3505419
3505420
3505421
3505422
3505423
3505424
3505425
3505426
3505427
3505428
3505429
3505430
3505431
3505432
3505433
3505434
3505435
3505436
3505437
3505438
3505439
3505440
3505441
3505442
3505443
3505444
3505445
3505446
3505447
3505448
3505449
3505450
3505451
3505452
3505453
3505454
3505455
3505456
3505457
3505458
3505459
3505460
3505461
3505462
3505463
3505464
3505465
3505466
3505467
3505468
3505469
3505470
3505471
3505472
3505473
3505474
3505475
3505476
3505477
3505478
3505479
3505480
3505481
3505482
3505483
3505484
3505485
3505486
3505487
3505488
3505489
3505490
3505491
3505492
3505493
3505494
3505495
3505496
3505497
3505498
3505499
3505500
3505501
3505502
3505503
3505504
3505505
3505506
3505507
3505508
3505509
3505510
3505511
3505512
3505513
3505514
3505515
3505516
3505517
3505518
3505519
3505520
3505521
3505522
3505523
3505524
3505525
3505526
3505527
3505528
3505529
3505530
3505531
3505532
3505533
3505534
3505535
3505536
3505537
3505538
3505539
3505540
3505541
3505542
3505543
3505544
3505545
3505546
3505547
3505548
3505549
3505550
3505551
3505552
3505553
3505554
3505555
3505556
3505557
3505558
3505559
3505560
3505561
3505562
3505563
3505564
3505565
3505566
3505567
3505568
3505569
3505570
3505571
3505572
3505573
3505574
3505575
3505576
3505577
3505578
3505579
3505580
3505581
3505582
3505583
3505584
3505585
3505586
3505587
3505588
3505589
3505590
3505591
3505592
3505593
3505594
3505595
3505596
3505597
3505598
3505599
3505600
3505601
3505602
3505603
3505604
3505605
3505606
3505607
3505608
3505609
3505610
3505611
3505612
3505613
3505614
3505615
3505616
3505617
3505618
3505619
3505620
3505621
3505622
3505623
3505624
3505625
3505626
3505627
3505628
3505629
3505630
3505631
3505632
3505633
3505634
3505635
3505636
3505637
3505638
3505639
3505640
3505641
3505642
3505643
3505644
3505645
3505646
3505647
3505648
3505649
3505650
3505651
3505652
3505653
3505654
3505655
3505656
3505657
3505658
3505659
3505660
3505661
3505662
3505663
3505664
3505665
3505666
3505667
3505668
3505669
3505670
3505671
3505672
3505673
3505674
3505675
3505676
3505677
3505678
3505679
3505680
3505681
3505682
3505683
3505684
3505685
3505686
3505687
3505688
3505689
3505690
3505691
3505692
3505693
3505694
3505695
3505696
3505697
3505698
3505699
3505700
3505701
3505702
3505703
3505704
3505705
3505706
3505707
3505708
3505709
3505710
3505711
3505712
3505713
3505714
3505715
3505716
3505717
3505718
3505719
3505720
3505721
3505722
3505723
3505724
3505725
3505726
3505727
3505728
3505729
3505730
3505731
3505732
3505733
3505734
3505735
3505736
3505737
3505738
3505739
3505740
3505741
3505742
3505743
3505744
3505745
3505746
3505747
3505748
3505749
3505750
3505751
3505752
3505753
3505754
3505755
3505756
3505757
3505758
3505759
3505760
3505761
3505762
3505763
3505764
3505765
3505766
3505767
3505768
3505769
3505770
3505771
3505772
3505773
3505774
3505775
3505776
3505777
3505778
3505779
3505780
3505781
3505782
3505783
3505784
3505785
3505786
3505787
3505788
3505789
3505790
3505791
3505792
3505793
3505794
3505795
3505796
3505797
3505798
3505799
3505800
3505801
3505802
3505803
3505804
3505805
3505806
3505807
3505808
3505809
3505810
3505811
3505812
3505813
3505814
3505815
3505816
3505817
3505818
3505819
3505820
3505821
3505822
3505823
3505824
3505825
3505826
3505827
3505828
3505829
3505830
3505831
3505832
3505833
3505834
3505835
3505836
3505837
3505838
3505839
3505840
3505841
3505842
3505843
3505844
3505845
3505846
3505847
3505848
3505849
3505850
3505851
3505852
3505853
3505854
3505855
3505856
3505857
3505858
3505859
3505860
3505861
3505862
3505863
3505864
3505865
3505866
3505867
3505868
3505869
3505870
3505871
3505872
3505873
3505874
3505875
3505876
3505877
3505878
3505879
3505880
3505881
3505882
3505883
3505884
3505885
3505886
3505887
3505888
3505889
3505890
3505891
3505892
3505893
3505894
3505895
3505896
3505897
3505898
3505899
3505900
3505901
3505902
3505903
3505904
3505905
3505906
3505907
3505908
3505909
3505910
3505911
3505912
3505913
3505914
3505915
3505916
3505917
3505918
3505919
3505920
3505921
3505922
3505923
3505924
3505925
3505926
3505927
3505928
3505929
3505930
3505931
3505932
3505933
3505934
3505935
3505936
3505937
3505938
3505939
3505940
3505941
3505942
3505943
3505944
3505945
3505946
3505947
3505948
3505949
3505950
3505951
3505952
3505953
3505954
3505955
3505956
3505957
3505958
3505959
3505960
3505961
3505962
3505963
3505964
3505965
3505966
3505967
3505968
3505969
3505970
3505971
3505972
3505973
3505974
3505975
3505976
3505977
3505978
3505979
3505980
3505981
3505982
3505983
3505984
3505985
3505986
3505987
3505988
3505989
3505990
3505991
3505992
3505993
3505994
3505995
3505996
3505997
3505998
3505999
3506000
3506001
3506002
3506003
3506004
3506005
3506006
3506007
3506008
3506009
3506010
3506011
3506012
3506013
3506014
3506015
3506016
3506017
3506018
3506019
3506020
3506021
3506022
3506023
3506024
3506025
3506026
3506027
3506028
3506029
3506030
3506031
3506032
3506033
3506034
3506035
3506036
3506037
3506038
3506039
3506040
3506041
3506042
3506043
3506044
3506045
3506046
3506047
3506048
3506049
3506050
3506051
3506052
3506053
3506054
3506055
3506056
3506057
3506058
3506059
3506060
3506061
3506062
3506063
3506064
3506065
3506066
3506067
3506068
3506069
3506070
3506071
3506072
3506073
3506074
3506075
3506076
3506077
3506078
3506079
3506080
3506081
3506082
3506083
3506084
3506085
3506086
3506087
3506088
3506089
3506090
3506091
3506092
3506093
3506094
3506095
3506096
3506097
3506098
3506099
3506100
3506101
3506102
3506103
3506104
3506105
3506106
3506107
3506108
3506109
3506110
3506111
3506112
3506113
3506114
3506115
3506116
3506117
3506118
3506119
3506120
3506121
3506122
3506123
3506124
3506125
3506126
3506127
3506128
3506129
3506130
3506131
3506132
3506133
3506134
3506135
3506136
3506137
3506138
3506139
3506140
3506141
3506142
3506143
3506144
3506145
3506146
3506147
3506148
3506149
3506150
3506151
3506152
3506153
3506154
3506155
3506156
3506157
3506158
3506159
3506160
3506161
3506162
3506163
3506164
3506165
3506166
3506167
3506168
3506169
3506170
3506171
3506172
3506173
3506174
3506175
3506176
3506177
3506178
3506179
3506180
3506181
3506182
3506183
3506184
3506185
3506186
3506187
3506188
3506189
3506190
3506191
3506192
3506193
3506194
3506195
3506196
3506197
3506198
3506199
3506200
3506201
3506202
3506203
3506204
3506205
3506206
3506207
3506208
3506209
3506210
3506211
3506212
3506213
3506214
3506215
3506216
3506217
3506218
3506219
3506220
3506221
3506222
3506223
3506224
3506225
3506226
3506227
3506228
3506229
3506230
3506231
3506232
3506233
3506234
3506235
3506236
3506237
3506238
3506239
3506240
3506241
3506242
3506243
3506244
3506245
3506246
3506247
3506248
3506249
3506250
3506251
3506252
3506253
3506254
3506255
3506256
3506257
3506258
3506259
3506260
3506261
3506262
3506263
3506264
3506265
3506266
3506267
3506268
3506269
3506270
3506271
3506272
3506273
3506274
3506275
3506276
3506277
3506278
3506279
3506280
3506281
3506282
3506283
3506284
3506285
3506286
3506287
3506288
3506289
3506290
3506291
3506292
3506293
3506294
3506295
3506296
3506297
3506298
3506299
3506300
3506301
3506302
3506303
3506304
3506305
3506306
3506307
3506308
3506309
3506310
3506311
3506312
3506313
3506314
3506315
3506316
3506317
3506318
3506319
3506320
3506321
3506322
3506323
3506324
3506325
3506326
3506327
3506328
3506329
3506330
3506331
3506332
3506333
3506334
3506335
3506336
3506337
3506338
3506339
3506340
3506341
3506342
3506343
3506344
3506345
3506346
3506347
3506348
3506349
3506350
3506351
3506352
3506353
3506354
3506355
3506356
3506357
3506358
3506359
3506360
3506361
3506362
3506363
3506364
3506365
3506366
3506367
3506368
3506369
3506370
3506371
3506372
3506373
3506374
3506375
3506376
3506377
3506378
3506379
3506380
3506381
3506382
3506383
3506384
3506385
3506386
3506387
3506388
3506389
3506390
3506391
3506392
3506393
3506394
3506395
3506396
3506397
3506398
3506399
3506400
3506401
3506402
3506403
3506404
3506405
3506406
3506407
3506408
3506409
3506410
3506411
3506412
3506413
3506414
3506415
3506416
3506417
3506418
3506419
3506420
3506421
3506422
3506423
3506424
3506425
3506426
3506427
3506428
3506429
3506430
3506431
3506432
3506433
3506434
3506435
3506436
3506437
3506438
3506439
3506440
3506441
3506442
3506443
3506444
3506445
3506446
3506447
3506448
3506449
3506450
3506451
3506452
3506453
3506454
3506455
3506456
3506457
3506458
3506459
3506460
3506461
3506462
3506463
3506464
3506465
3506466
3506467
3506468
3506469
3506470
3506471
3506472
3506473
3506474
3506475
3506476
3506477
3506478
3506479
3506480
3506481
3506482
3506483
3506484
3506485
3506486
3506487
3506488
3506489
3506490
3506491
3506492
3506493
3506494
3506495
3506496
3506497
3506498
3506499
3506500
3506501
3506502
3506503
3506504
3506505
3506506
3506507
3506508
3506509
3506510
3506511
3506512
3506513
3506514
3506515
3506516
3506517
3506518
3506519
3506520
3506521
3506522
3506523
3506524
3506525
3506526
3506527
3506528
3506529
3506530
3506531
3506532
3506533
3506534
3506535
3506536
3506537
3506538
3506539
3506540
3506541
3506542
3506543
3506544
3506545
3506546
3506547
3506548
3506549
3506550
3506551
3506552
3506553
3506554
3506555
3506556
3506557
3506558
3506559
3506560
3506561
3506562
3506563
3506564
3506565
3506566
3506567
3506568
3506569
3506570
3506571
3506572
3506573
3506574
3506575
3506576
3506577
3506578
3506579
3506580
3506581
3506582
3506583
3506584
3506585
3506586
3506587
3506588
3506589
3506590
3506591
3506592
3506593
3506594
3506595
3506596
3506597
3506598
3506599
3506600
3506601
3506602
3506603
3506604
3506605
3506606
3506607
3506608
3506609
3506610
3506611
3506612
3506613
3506614
3506615
3506616
3506617
3506618
3506619
3506620
3506621
3506622
3506623
3506624
3506625
3506626
3506627
3506628
3506629
3506630
3506631
3506632
3506633
3506634
3506635
3506636
3506637
3506638
3506639
3506640
3506641
3506642
3506643
3506644
3506645
3506646
3506647
3506648
3506649
3506650
3506651
3506652
3506653
3506654
3506655
3506656
3506657
3506658
3506659
3506660
3506661
3506662
3506663
3506664
3506665
3506666
3506667
3506668
3506669
3506670
3506671
3506672
3506673
3506674
3506675
3506676
3506677
3506678
3506679
3506680
3506681
3506682
3506683
3506684
3506685
3506686
3506687
3506688
3506689
3506690
3506691
3506692
3506693
3506694
3506695
3506696
3506697
3506698
3506699
3506700
3506701
3506702
3506703
3506704
3506705
3506706
3506707
3506708
3506709
3506710
3506711
3506712
3506713
3506714
3506715
3506716
3506717
3506718
3506719
3506720
3506721
3506722
3506723
3506724
3506725
3506726
3506727
3506728
3506729
3506730
3506731
3506732
3506733
3506734
3506735
3506736
3506737
3506738
3506739
3506740
3506741
3506742
3506743
3506744
3506745
3506746
3506747
3506748
3506749
3506750
3506751
3506752
3506753
3506754
3506755
3506756
3506757
3506758
3506759
3506760
3506761
3506762
3506763
3506764
3506765
3506766
3506767
3506768
3506769
3506770
3506771
3506772
3506773
3506774
3506775
3506776
3506777
3506778
3506779
3506780
3506781
3506782
3506783
3506784
3506785
3506786
3506787
3506788
3506789
3506790
3506791
3506792
3506793
3506794
3506795
3506796
3506797
3506798
3506799
3506800
3506801
3506802
3506803
3506804
3506805
3506806
3506807
3506808
3506809
3506810
3506811
3506812
3506813
3506814
3506815
3506816
3506817
3506818
3506819
3506820
3506821
3506822
3506823
3506824
3506825
3506826
3506827
3506828
3506829
3506830
3506831
3506832
3506833
3506834
3506835
3506836
3506837
3506838
3506839
3506840
3506841
3506842
3506843
3506844
3506845
3506846
3506847
3506848
3506849
3506850
3506851
3506852
3506853
3506854
3506855
3506856
3506857
3506858
3506859
3506860
3506861
3506862
3506863
3506864
3506865
3506866
3506867
3506868
3506869
3506870
3506871
3506872
3506873
3506874
3506875
3506876
3506877
3506878
3506879
3506880
3506881
3506882
3506883
3506884
3506885
3506886
3506887
3506888
3506889
3506890
3506891
3506892
3506893
3506894
3506895
3506896
3506897
3506898
3506899
3506900
3506901
3506902
3506903
3506904
3506905
3506906
3506907
3506908
3506909
3506910
3506911
3506912
3506913
3506914
3506915
3506916
3506917
3506918
3506919
3506920
3506921
3506922
3506923
3506924
3506925
3506926
3506927
3506928
3506929
3506930
3506931
3506932
3506933
3506934
3506935
3506936
3506937
3506938
3506939
3506940
3506941
3506942
3506943
3506944
3506945
3506946
3506947
3506948
3506949
3506950
3506951
3506952
3506953
3506954
3506955
3506956
3506957
3506958
3506959
3506960
3506961
3506962
3506963
3506964
3506965
3506966
3506967
3506968
3506969
3506970
3506971
3506972
3506973
3506974
3506975
3506976
3506977
3506978
3506979
3506980
3506981
3506982
3506983
3506984
3506985
3506986
3506987
3506988
3506989
3506990
3506991
3506992
3506993
3506994
3506995
3506996
3506997
3506998
3506999
3507000
3507001
3507002
3507003
3507004
3507005
3507006
3507007
3507008
3507009
3507010
3507011
3507012
3507013
3507014
3507015
3507016
3507017
3507018
3507019
3507020
3507021
3507022
3507023
3507024
3507025
3507026
3507027
3507028
3507029
3507030
3507031
3507032
3507033
3507034
3507035
3507036
3507037
3507038
3507039
3507040
3507041
3507042
3507043
3507044
3507045
3507046
3507047
3507048
3507049
3507050
3507051
3507052
3507053
3507054
3507055
3507056
3507057
3507058
3507059
3507060
3507061
3507062
3507063
3507064
3507065
3507066
3507067
3507068
3507069
3507070
3507071
3507072
3507073
3507074
3507075
3507076
3507077
3507078
3507079
3507080
3507081
3507082
3507083
3507084
3507085
3507086
3507087
3507088
3507089
3507090
3507091
3507092
3507093
3507094
3507095
3507096
3507097
3507098
3507099
3507100
3507101
3507102
3507103
3507104
3507105
3507106
3507107
3507108
3507109
3507110
3507111
3507112
3507113
3507114
3507115
3507116
3507117
3507118
3507119
3507120
3507121
3507122
3507123
3507124
3507125
3507126
3507127
3507128
3507129
3507130
3507131
3507132
3507133
3507134
3507135
3507136
3507137
3507138
3507139
3507140
3507141
3507142
3507143
3507144
3507145
3507146
3507147
3507148
3507149
3507150
3507151
3507152
3507153
3507154
3507155
3507156
3507157
3507158
3507159
3507160
3507161
3507162
3507163
3507164
3507165
3507166
3507167
3507168
3507169
3507170
3507171
3507172
3507173
3507174
3507175
3507176
3507177
3507178
3507179
3507180
3507181
3507182
3507183
3507184
3507185
3507186
3507187
3507188
3507189
3507190
3507191
3507192
3507193
3507194
3507195
3507196
3507197
3507198
3507199
3507200
3507201
3507202
3507203
3507204
3507205
3507206
3507207
3507208
3507209
3507210
3507211
3507212
3507213
3507214
3507215
3507216
3507217
3507218
3507219
3507220
3507221
3507222
3507223
3507224
3507225
3507226
3507227
3507228
3507229
3507230
3507231
3507232
3507233
3507234
3507235
3507236
3507237
3507238
3507239
3507240
3507241
3507242
3507243
3507244
3507245
3507246
3507247
3507248
3507249
3507250
3507251
3507252
3507253
3507254
3507255
3507256
3507257
3507258
3507259
3507260
3507261
3507262
3507263
3507264
3507265
3507266
3507267
3507268
3507269
3507270
3507271
3507272
3507273
3507274
3507275
3507276
3507277
3507278
3507279
3507280
3507281
3507282
3507283
3507284
3507285
3507286
3507287
3507288
3507289
3507290
3507291
3507292
3507293
3507294
3507295
3507296
3507297
3507298
3507299
3507300
3507301
3507302
3507303
3507304
3507305
3507306
3507307
3507308
3507309
3507310
3507311
3507312
3507313
3507314
3507315
3507316
3507317
3507318
3507319
3507320
3507321
3507322
3507323
3507324
3507325
3507326
3507327
3507328
3507329
3507330
3507331
3507332
3507333
3507334
3507335
3507336
3507337
3507338
3507339
3507340
3507341
3507342
3507343
3507344
3507345
3507346
3507347
3507348
3507349
3507350
3507351
3507352
3507353
3507354
3507355
3507356
3507357
3507358
3507359
3507360
3507361
3507362
3507363
3507364
3507365
3507366
3507367
3507368
3507369
3507370
3507371
3507372
3507373
3507374
3507375
3507376
3507377
3507378
3507379
3507380
3507381
3507382
3507383
3507384
3507385
3507386
3507387
3507388
3507389
3507390
3507391
3507392
3507393
3507394
3507395
3507396
3507397
3507398
3507399
3507400
3507401
3507402
3507403
3507404
3507405
3507406
3507407
3507408
3507409
3507410
3507411
3507412
3507413
3507414
3507415
3507416
3507417
3507418
3507419
3507420
3507421
3507422
3507423
3507424
3507425
3507426
3507427
3507428
3507429
3507430
3507431
3507432
3507433
3507434
3507435
3507436
3507437
3507438
3507439
3507440
3507441
3507442
3507443
3507444
3507445
3507446
3507447
3507448
3507449
3507450
3507451
3507452
3507453
3507454
3507455
3507456
3507457
3507458
3507459
3507460
3507461
3507462
3507463
3507464
3507465
3507466
3507467
3507468
3507469
3507470
3507471
3507472
3507473
3507474
3507475
3507476
3507477
3507478
3507479
3507480
3507481
3507482
3507483
3507484
3507485
3507486
3507487
3507488
3507489
3507490
3507491
3507492
3507493
3507494
3507495
3507496
3507497
3507498
3507499
3507500
3507501
3507502
3507503
3507504
3507505
3507506
3507507
3507508
3507509
3507510
3507511
3507512
3507513
3507514
3507515
3507516
3507517
3507518
3507519
3507520
3507521
3507522
3507523
3507524
3507525
3507526
3507527
3507528
3507529
3507530
3507531
3507532
3507533
3507534
3507535
3507536
3507537
3507538
3507539
3507540
3507541
3507542
3507543
3507544
3507545
3507546
3507547
3507548
3507549
3507550
3507551
3507552
3507553
3507554
3507555
3507556
3507557
3507558
3507559
3507560
3507561
3507562
3507563
3507564
3507565
3507566
3507567
3507568
3507569
3507570
3507571
3507572
3507573
3507574
3507575
3507576
3507577
3507578
3507579
3507580
3507581
3507582
3507583
3507584
3507585
3507586
3507587
3507588
3507589
3507590
3507591
3507592
3507593
3507594
3507595
3507596
3507597
3507598
3507599
3507600
3507601
3507602
3507603
3507604
3507605
3507606
3507607
3507608
3507609
3507610
3507611
3507612
3507613
3507614
3507615
3507616
3507617
3507618
3507619
3507620
3507621
3507622
3507623
3507624
3507625
3507626
3507627
3507628
3507629
3507630
3507631
3507632
3507633
3507634
3507635
3507636
3507637
3507638
3507639
3507640
3507641
3507642
3507643
3507644
3507645
3507646
3507647
3507648
3507649
3507650
3507651
3507652
3507653
3507654
3507655
3507656
3507657
3507658
3507659
3507660
3507661
3507662
3507663
3507664
3507665
3507666
3507667
3507668
3507669
3507670
3507671
3507672
3507673
3507674
3507675
3507676
3507677
3507678
3507679
3507680
3507681
3507682
3507683
3507684
3507685
3507686
3507687
3507688
3507689
3507690
3507691
3507692
3507693
3507694
3507695
3507696
3507697
3507698
3507699
3507700
3507701
3507702
3507703
3507704
3507705
3507706
3507707
3507708
3507709
3507710
3507711
3507712
3507713
3507714
3507715
3507716
3507717
3507718
3507719
3507720
3507721
3507722
3507723
3507724
3507725
3507726
3507727
3507728
3507729
3507730
3507731
3507732
3507733
3507734
3507735
3507736
3507737
3507738
3507739
3507740
3507741
3507742
3507743
3507744
3507745
3507746
3507747
3507748
3507749
3507750
3507751
3507752
3507753
3507754
3507755
3507756
3507757
3507758
3507759
3507760
3507761
3507762
3507763
3507764
3507765
3507766
3507767
3507768
3507769
3507770
3507771
3507772
3507773
3507774
3507775
3507776
3507777
3507778
3507779
3507780
3507781
3507782
3507783
3507784
3507785
3507786
3507787
3507788
3507789
3507790
3507791
3507792
3507793
3507794
3507795
3507796
3507797
3507798
3507799
3507800
3507801
3507802
3507803
3507804
3507805
3507806
3507807
3507808
3507809
3507810
3507811
3507812
3507813
3507814
3507815
3507816
3507817
3507818
3507819
3507820
3507821
3507822
3507823
3507824
3507825
3507826
3507827
3507828
3507829
3507830
3507831
3507832
3507833
3507834
3507835
3507836
3507837
3507838
3507839
3507840
3507841
3507842
3507843
3507844
3507845
3507846
3507847
3507848
3507849
3507850
3507851
3507852
3507853
3507854
3507855
3507856
3507857
3507858
3507859
3507860
3507861
3507862
3507863
3507864
3507865
3507866
3507867
3507868
3507869
3507870
3507871
3507872
3507873
3507874
3507875
3507876
3507877
3507878
3507879
3507880
3507881
3507882
3507883
3507884
3507885
3507886
3507887
3507888
3507889
3507890
3507891
3507892
3507893
3507894
3507895
3507896
3507897
3507898
3507899
3507900
3507901
3507902
3507903
3507904
3507905
3507906
3507907
3507908
3507909
3507910
3507911
3507912
3507913
3507914
3507915
3507916
3507917
3507918
3507919
3507920
3507921
3507922
3507923
3507924
3507925
3507926
3507927
3507928
3507929
3507930
3507931
3507932
3507933
3507934
3507935
3507936
3507937
3507938
3507939
3507940
3507941
3507942
3507943
3507944
3507945
3507946
3507947
3507948
3507949
3507950
3507951
3507952
3507953
3507954
3507955
3507956
3507957
3507958
3507959
3507960
3507961
3507962
3507963
3507964
3507965
3507966
3507967
3507968
3507969
3507970
3507971
3507972
3507973
3507974
3507975
3507976
3507977
3507978
3507979
3507980
3507981
3507982
3507983
3507984
3507985
3507986
3507987
3507988
3507989
3507990
3507991
3507992
3507993
3507994
3507995
3507996
3507997
3507998
3507999
3508000
3508001
3508002
3508003
3508004
3508005
3508006
3508007
3508008
3508009
3508010
3508011
3508012
3508013
3508014
3508015
3508016
3508017
3508018
3508019
3508020
3508021
3508022
3508023
3508024
3508025
3508026
3508027
3508028
3508029
3508030
3508031
3508032
3508033
3508034
3508035
3508036
3508037
3508038
3508039
3508040
3508041
3508042
3508043
3508044
3508045
3508046
3508047
3508048
3508049
3508050
3508051
3508052
3508053
3508054
3508055
3508056
3508057
3508058
3508059
3508060
3508061
3508062
3508063
3508064
3508065
3508066
3508067
3508068
3508069
3508070
3508071
3508072
3508073
3508074
3508075
3508076
3508077
3508078
3508079
3508080
3508081
3508082
3508083
3508084
3508085
3508086
3508087
3508088
3508089
3508090
3508091
3508092
3508093
3508094
3508095
3508096
3508097
3508098
3508099
3508100
3508101
3508102
3508103
3508104
3508105
3508106
3508107
3508108
3508109
3508110
3508111
3508112
3508113
3508114
3508115
3508116
3508117
3508118
3508119
3508120
3508121
3508122
3508123
3508124
3508125
3508126
3508127
3508128
3508129
3508130
3508131
3508132
3508133
3508134
3508135
3508136
3508137
3508138
3508139
3508140
3508141
3508142
3508143
3508144
3508145
3508146
3508147
3508148
3508149
3508150
3508151
3508152
3508153
3508154
3508155
3508156
3508157
3508158
3508159
3508160
3508161
3508162
3508163
3508164
3508165
3508166
3508167
3508168
3508169
3508170
3508171
3508172
3508173
3508174
3508175
3508176
3508177
3508178
3508179
3508180
3508181
3508182
3508183
3508184
3508185
3508186
3508187
3508188
3508189
3508190
3508191
3508192
3508193
3508194
3508195
3508196
3508197
3508198
3508199
3508200
3508201
3508202
3508203
3508204
3508205
3508206
3508207
3508208
3508209
3508210
3508211
3508212
3508213
3508214
3508215
3508216
3508217
3508218
3508219
3508220
3508221
3508222
3508223
3508224
3508225
3508226
3508227
3508228
3508229
3508230
3508231
3508232
3508233
3508234
3508235
3508236
3508237
3508238
3508239
3508240
3508241
3508242
3508243
3508244
3508245
3508246
3508247
3508248
3508249
3508250
3508251
3508252
3508253
3508254
3508255
3508256
3508257
3508258
3508259
3508260
3508261
3508262
3508263
3508264
3508265
3508266
3508267
3508268
3508269
3508270
3508271
3508272
3508273
3508274
3508275
3508276
3508277
3508278
3508279
3508280
3508281
3508282
3508283
3508284
3508285
3508286
3508287
3508288
3508289
3508290
3508291
3508292
3508293
3508294
3508295
3508296
3508297
3508298
3508299
3508300
3508301
3508302
3508303
3508304
3508305
3508306
3508307
3508308
3508309
3508310
3508311
3508312
3508313
3508314
3508315
3508316
3508317
3508318
3508319
3508320
3508321
3508322
3508323
3508324
3508325
3508326
3508327
3508328
3508329
3508330
3508331
3508332
3508333
3508334
3508335
3508336
3508337
3508338
3508339
3508340
3508341
3508342
3508343
3508344
3508345
3508346
3508347
3508348
3508349
3508350
3508351
3508352
3508353
3508354
3508355
3508356
3508357
3508358
3508359
3508360
3508361
3508362
3508363
3508364
3508365
3508366
3508367
3508368
3508369
3508370
3508371
3508372
3508373
3508374
3508375
3508376
3508377
3508378
3508379
3508380
3508381
3508382
3508383
3508384
3508385
3508386
3508387
3508388
3508389
3508390
3508391
3508392
3508393
3508394
3508395
3508396
3508397
3508398
3508399
3508400
3508401
3508402
3508403
3508404
3508405
3508406
3508407
3508408
3508409
3508410
3508411
3508412
3508413
3508414
3508415
3508416
3508417
3508418
3508419
3508420
3508421
3508422
3508423
3508424
3508425
3508426
3508427
3508428
3508429
3508430
3508431
3508432
3508433
3508434
3508435
3508436
3508437
3508438
3508439
3508440
3508441
3508442
3508443
3508444
3508445
3508446
3508447
3508448
3508449
3508450
3508451
3508452
3508453
3508454
3508455
3508456
3508457
3508458
3508459
3508460
3508461
3508462
3508463
3508464
3508465
3508466
3508467
3508468
3508469
3508470
3508471
3508472
3508473
3508474
3508475
3508476
3508477
3508478
3508479
3508480
3508481
3508482
3508483
3508484
3508485
3508486
3508487
3508488
3508489
3508490
3508491
3508492
3508493
3508494
3508495
3508496
3508497
3508498
3508499
3508500
3508501
3508502
3508503
3508504
3508505
3508506
3508507
3508508
3508509
3508510
3508511
3508512
3508513
3508514
3508515
3508516
3508517
3508518
3508519
3508520
3508521
3508522
3508523
3508524
3508525
3508526
3508527
3508528
3508529
3508530
3508531
3508532
3508533
3508534
3508535
3508536
3508537
3508538
3508539
3508540
3508541
3508542
3508543
3508544
3508545
3508546
3508547
3508548
3508549
3508550
3508551
3508552
3508553
3508554
3508555
3508556
3508557
3508558
3508559
3508560
3508561
3508562
3508563
3508564
3508565
3508566
3508567
3508568
3508569
3508570
3508571
3508572
3508573
3508574
3508575
3508576
3508577
3508578
3508579
3508580
3508581
3508582
3508583
3508584
3508585
3508586
3508587
3508588
3508589
3508590
3508591
3508592
3508593
3508594
3508595
3508596
3508597
3508598
3508599
3508600
3508601
3508602
3508603
3508604
3508605
3508606
3508607
3508608
3508609
3508610
3508611
3508612
3508613
3508614
3508615
3508616
3508617
3508618
3508619
3508620
3508621
3508622
3508623
3508624
3508625
3508626
3508627
3508628
3508629
3508630
3508631
3508632
3508633
3508634
3508635
3508636
3508637
3508638
3508639
3508640
3508641
3508642
3508643
3508644
3508645
3508646
3508647
3508648
3508649
3508650
3508651
3508652
3508653
3508654
3508655
3508656
3508657
3508658
3508659
3508660
3508661
3508662
3508663
3508664
3508665
3508666
3508667
3508668
3508669
3508670
3508671
3508672
3508673
3508674
3508675
3508676
3508677
3508678
3508679
3508680
3508681
3508682
3508683
3508684
3508685
3508686
3508687
3508688
3508689
3508690
3508691
3508692
3508693
3508694
3508695
3508696
3508697
3508698
3508699
3508700
3508701
3508702
3508703
3508704
3508705
3508706
3508707
3508708
3508709
3508710
3508711
3508712
3508713
3508714
3508715
3508716
3508717
3508718
3508719
3508720
3508721
3508722
3508723
3508724
3508725
3508726
3508727
3508728
3508729
3508730
3508731
3508732
3508733
3508734
3508735
3508736
3508737
3508738
3508739
3508740
3508741
3508742
3508743
3508744
3508745
3508746
3508747
3508748
3508749
3508750
3508751
3508752
3508753
3508754
3508755
3508756
3508757
3508758
3508759
3508760
3508761
3508762
3508763
3508764
3508765
3508766
3508767
3508768
3508769
3508770
3508771
3508772
3508773
3508774
3508775
3508776
3508777
3508778
3508779
3508780
3508781
3508782
3508783
3508784
3508785
3508786
3508787
3508788
3508789
3508790
3508791
3508792
3508793
3508794
3508795
3508796
3508797
3508798
3508799
3508800
3508801
3508802
3508803
3508804
3508805
3508806
3508807
3508808
3508809
3508810
3508811
3508812
3508813
3508814
3508815
3508816
3508817
3508818
3508819
3508820
3508821
3508822
3508823
3508824
3508825
3508826
3508827
3508828
3508829
3508830
3508831
3508832
3508833
3508834
3508835
3508836
3508837
3508838
3508839
3508840
3508841
3508842
3508843
3508844
3508845
3508846
3508847
3508848
3508849
3508850
3508851
3508852
3508853
3508854
3508855
3508856
3508857
3508858
3508859
3508860
3508861
3508862
3508863
3508864
3508865
3508866
3508867
3508868
3508869
3508870
3508871
3508872
3508873
3508874
3508875
3508876
3508877
3508878
3508879
3508880
3508881
3508882
3508883
3508884
3508885
3508886
3508887
3508888
3508889
3508890
3508891
3508892
3508893
3508894
3508895
3508896
3508897
3508898
3508899
3508900
3508901
3508902
3508903
3508904
3508905
3508906
3508907
3508908
3508909
3508910
3508911
3508912
3508913
3508914
3508915
3508916
3508917
3508918
3508919
3508920
3508921
3508922
3508923
3508924
3508925
3508926
3508927
3508928
3508929
3508930
3508931
3508932
3508933
3508934
3508935
3508936
3508937
3508938
3508939
3508940
3508941
3508942
3508943
3508944
3508945
3508946
3508947
3508948
3508949
3508950
3508951
3508952
3508953
3508954
3508955
3508956
3508957
3508958
3508959
3508960
3508961
3508962
3508963
3508964
3508965
3508966
3508967
3508968
3508969
3508970
3508971
3508972
3508973
3508974
3508975
3508976
3508977
3508978
3508979
3508980
3508981
3508982
3508983
3508984
3508985
3508986
3508987
3508988
3508989
3508990
3508991
3508992
3508993
3508994
3508995
3508996
3508997
3508998
3508999
3509000
3509001
3509002
3509003
3509004
3509005
3509006
3509007
3509008
3509009
3509010
3509011
3509012
3509013
3509014
3509015
3509016
3509017
3509018
3509019
3509020
3509021
3509022
3509023
3509024
3509025
3509026
3509027
3509028
3509029
3509030
3509031
3509032
3509033
3509034
3509035
3509036
3509037
3509038
3509039
3509040
3509041
3509042
3509043
3509044
3509045
3509046
3509047
3509048
3509049
3509050
3509051
3509052
3509053
3509054
3509055
3509056
3509057
3509058
3509059
3509060
3509061
3509062
3509063
3509064
3509065
3509066
3509067
3509068
3509069
3509070
3509071
3509072
3509073
3509074
3509075
3509076
3509077
3509078
3509079
3509080
3509081
3509082
3509083
3509084
3509085
3509086
3509087
3509088
3509089
3509090
3509091
3509092
3509093
3509094
3509095
3509096
3509097
3509098
3509099
3509100
3509101
3509102
3509103
3509104
3509105
3509106
3509107
3509108
3509109
3509110
3509111
3509112
3509113
3509114
3509115
3509116
3509117
3509118
3509119
3509120
3509121
3509122
3509123
3509124
3509125
3509126
3509127
3509128
3509129
3509130
3509131
3509132
3509133
3509134
3509135
3509136
3509137
3509138
3509139
3509140
3509141
3509142
3509143
3509144
3509145
3509146
3509147
3509148
3509149
3509150
3509151
3509152
3509153
3509154
3509155
3509156
3509157
3509158
3509159
3509160
3509161
3509162
3509163
3509164
3509165
3509166
3509167
3509168
3509169
3509170
3509171
3509172
3509173
3509174
3509175
3509176
3509177
3509178
3509179
3509180
3509181
3509182
3509183
3509184
3509185
3509186
3509187
3509188
3509189
3509190
3509191
3509192
3509193
3509194
3509195
3509196
3509197
3509198
3509199
3509200
3509201
3509202
3509203
3509204
3509205
3509206
3509207
3509208
3509209
3509210
3509211
3509212
3509213
3509214
3509215
3509216
3509217
3509218
3509219
3509220
3509221
3509222
3509223
3509224
3509225
3509226
3509227
3509228
3509229
3509230
3509231
3509232
3509233
3509234
3509235
3509236
3509237
3509238
3509239
3509240
3509241
3509242
3509243
3509244
3509245
3509246
3509247
3509248
3509249
3509250
3509251
3509252
3509253
3509254
3509255
3509256
3509257
3509258
3509259
3509260
3509261
3509262
3509263
3509264
3509265
3509266
3509267
3509268
3509269
3509270
3509271
3509272
3509273
3509274
3509275
3509276
3509277
3509278
3509279
3509280
3509281
3509282
3509283
3509284
3509285
3509286
3509287
3509288
3509289
3509290
3509291
3509292
3509293
3509294
3509295
3509296
3509297
3509298
3509299
3509300
3509301
3509302
3509303
3509304
3509305
3509306
3509307
3509308
3509309
3509310
3509311
3509312
3509313
3509314
3509315
3509316
3509317
3509318
3509319
3509320
3509321
3509322
3509323
3509324
3509325
3509326
3509327
3509328
3509329
3509330
3509331
3509332
3509333
3509334
3509335
3509336
3509337
3509338
3509339
3509340
3509341
3509342
3509343
3509344
3509345
3509346
3509347
3509348
3509349
3509350
3509351
3509352
3509353
3509354
3509355
3509356
3509357
3509358
3509359
3509360
3509361
3509362
3509363
3509364
3509365
3509366
3509367
3509368
3509369
3509370
3509371
3509372
3509373
3509374
3509375
3509376
3509377
3509378
3509379
3509380
3509381
3509382
3509383
3509384
3509385
3509386
3509387
3509388
3509389
3509390
3509391
3509392
3509393
3509394
3509395
3509396
3509397
3509398
3509399
3509400
3509401
3509402
3509403
3509404
3509405
3509406
3509407
3509408
3509409
3509410
3509411
3509412
3509413
3509414
3509415
3509416
3509417
3509418
3509419
3509420
3509421
3509422
3509423
3509424
3509425
3509426
3509427
3509428
3509429
3509430
3509431
3509432
3509433
3509434
3509435
3509436
3509437
3509438
3509439
3509440
3509441
3509442
3509443
3509444
3509445
3509446
3509447
3509448
3509449
3509450
3509451
3509452
3509453
3509454
3509455
3509456
3509457
3509458
3509459
3509460
3509461
3509462
3509463
3509464
3509465
3509466
3509467
3509468
3509469
3509470
3509471
3509472
3509473
3509474
3509475
3509476
3509477
3509478
3509479
3509480
3509481
3509482
3509483
3509484
3509485
3509486
3509487
3509488
3509489
3509490
3509491
3509492
3509493
3509494
3509495
3509496
3509497
3509498
3509499
3509500
3509501
3509502
3509503
3509504
3509505
3509506
3509507
3509508
3509509
3509510
3509511
3509512
3509513
3509514
3509515
3509516
3509517
3509518
3509519
3509520
3509521
3509522
3509523
3509524
3509525
3509526
3509527
3509528
3509529
3509530
3509531
3509532
3509533
3509534
3509535
3509536
3509537
3509538
3509539
3509540
3509541
3509542
3509543
3509544
3509545
3509546
3509547
3509548
3509549
3509550
3509551
3509552
3509553
3509554
3509555
3509556
3509557
3509558
3509559
3509560
3509561
3509562
3509563
3509564
3509565
3509566
3509567
3509568
3509569
3509570
3509571
3509572
3509573
3509574
3509575
3509576
3509577
3509578
3509579
3509580
3509581
3509582
3509583
3509584
3509585
3509586
3509587
3509588
3509589
3509590
3509591
3509592
3509593
3509594
3509595
3509596
3509597
3509598
3509599
3509600
3509601
3509602
3509603
3509604
3509605
3509606
3509607
3509608
3509609
3509610
3509611
3509612
3509613
3509614
3509615
3509616
3509617
3509618
3509619
3509620
3509621
3509622
3509623
3509624
3509625
3509626
3509627
3509628
3509629
3509630
3509631
3509632
3509633
3509634
3509635
3509636
3509637
3509638
3509639
3509640
3509641
3509642
3509643
3509644
3509645
3509646
3509647
3509648
3509649
3509650
3509651
3509652
3509653
3509654
3509655
3509656
3509657
3509658
3509659
3509660
3509661
3509662
3509663
3509664
3509665
3509666
3509667
3509668
3509669
3509670
3509671
3509672
3509673
3509674
3509675
3509676
3509677
3509678
3509679
3509680
3509681
3509682
3509683
3509684
3509685
3509686
3509687
3509688
3509689
3509690
3509691
3509692
3509693
3509694
3509695
3509696
3509697
3509698
3509699
3509700
3509701
3509702
3509703
3509704
3509705
3509706
3509707
3509708
3509709
3509710
3509711
3509712
3509713
3509714
3509715
3509716
3509717
3509718
3509719
3509720
3509721
3509722
3509723
3509724
3509725
3509726
3509727
3509728
3509729
3509730
3509731
3509732
3509733
3509734
3509735
3509736
3509737
3509738
3509739
3509740
3509741
3509742
3509743
3509744
3509745
3509746
3509747
3509748
3509749
3509750
3509751
3509752
3509753
3509754
3509755
3509756
3509757
3509758
3509759
3509760
3509761
3509762
3509763
3509764
3509765
3509766
3509767
3509768
3509769
3509770
3509771
3509772
3509773
3509774
3509775
3509776
3509777
3509778
3509779
3509780
3509781
3509782
3509783
3509784
3509785
3509786
3509787
3509788
3509789
3509790
3509791
3509792
3509793
3509794
3509795
3509796
3509797
3509798
3509799
3509800
3509801
3509802
3509803
3509804
3509805
3509806
3509807
3509808
3509809
3509810
3509811
3509812
3509813
3509814
3509815
3509816
3509817
3509818
3509819
3509820
3509821
3509822
3509823
3509824
3509825
3509826
3509827
3509828
3509829
3509830
3509831
3509832
3509833
3509834
3509835
3509836
3509837
3509838
3509839
3509840
3509841
3509842
3509843
3509844
3509845
3509846
3509847
3509848
3509849
3509850
3509851
3509852
3509853
3509854
3509855
3509856
3509857
3509858
3509859
3509860
3509861
3509862
3509863
3509864
3509865
3509866
3509867
3509868
3509869
3509870
3509871
3509872
3509873
3509874
3509875
3509876
3509877
3509878
3509879
3509880
3509881
3509882
3509883
3509884
3509885
3509886
3509887
3509888
3509889
3509890
3509891
3509892
3509893
3509894
3509895
3509896
3509897
3509898
3509899
3509900
3509901
3509902
3509903
3509904
3509905
3509906
3509907
3509908
3509909
3509910
3509911
3509912
3509913
3509914
3509915
3509916
3509917
3509918
3509919
3509920
3509921
3509922
3509923
3509924
3509925
3509926
3509927
3509928
3509929
3509930
3509931
3509932
3509933
3509934
3509935
3509936
3509937
3509938
3509939
3509940
3509941
3509942
3509943
3509944
3509945
3509946
3509947
3509948
3509949
3509950
3509951
3509952
3509953
3509954
3509955
3509956
3509957
3509958
3509959
3509960
3509961
3509962
3509963
3509964
3509965
3509966
3509967
3509968
3509969
3509970
3509971
3509972
3509973
3509974
3509975
3509976
3509977
3509978
3509979
3509980
3509981
3509982
3509983
3509984
3509985
3509986
3509987
3509988
3509989
3509990
3509991
3509992
3509993
3509994
3509995
3509996
3509997
3509998
3509999
3510000
