3660001
3660002
3660003
3660004
3660005
3660006
3660007
3660008
3660009
3660010
3660011
3660012
3660013
3660014
3660015
3660016
3660017
3660018
3660019
3660020
3660021
3660022
3660023
3660024
3660025
3660026
3660027
3660028
3660029
3660030
3660031
3660032
3660033
3660034
3660035
3660036
3660037
3660038
3660039
3660040
3660041
3660042
3660043
3660044
3660045
3660046
3660047
3660048
3660049
3660050
3660051
3660052
3660053
3660054
3660055
3660056
3660057
3660058
3660059
3660060
3660061
3660062
3660063
3660064
3660065
3660066
3660067
3660068
3660069
3660070
3660071
3660072
3660073
3660074
3660075
3660076
3660077
3660078
3660079
3660080
3660081
3660082
3660083
3660084
3660085
3660086
3660087
3660088
3660089
3660090
3660091
3660092
3660093
3660094
3660095
3660096
3660097
3660098
3660099
3660100
3660101
3660102
3660103
3660104
3660105
3660106
3660107
3660108
3660109
3660110
3660111
3660112
3660113
3660114
3660115
3660116
3660117
3660118
3660119
3660120
3660121
3660122
3660123
3660124
3660125
3660126
3660127
3660128
3660129
3660130
3660131
3660132
3660133
3660134
3660135
3660136
3660137
3660138
3660139
3660140
3660141
3660142
3660143
3660144
3660145
3660146
3660147
3660148
3660149
3660150
3660151
3660152
3660153
3660154
3660155
3660156
3660157
3660158
3660159
3660160
3660161
3660162
3660163
3660164
3660165
3660166
3660167
3660168
3660169
3660170
3660171
3660172
3660173
3660174
3660175
3660176
3660177
3660178
3660179
3660180
3660181
3660182
3660183
3660184
3660185
3660186
3660187
3660188
3660189
3660190
3660191
3660192
3660193
3660194
3660195
3660196
3660197
3660198
3660199
3660200
3660201
3660202
3660203
3660204
3660205
3660206
3660207
3660208
3660209
3660210
3660211
3660212
3660213
3660214
3660215
3660216
3660217
3660218
3660219
3660220
3660221
3660222
3660223
3660224
3660225
3660226
3660227
3660228
3660229
3660230
3660231
3660232
3660233
3660234
3660235
3660236
3660237
3660238
3660239
3660240
3660241
3660242
3660243
3660244
3660245
3660246
3660247
3660248
3660249
3660250
3660251
3660252
3660253
3660254
3660255
3660256
3660257
3660258
3660259
3660260
3660261
3660262
3660263
3660264
3660265
3660266
3660267
3660268
3660269
3660270
3660271
3660272
3660273
3660274
3660275
3660276
3660277
3660278
3660279
3660280
3660281
3660282
3660283
3660284
3660285
3660286
3660287
3660288
3660289
3660290
3660291
3660292
3660293
3660294
3660295
3660296
3660297
3660298
3660299
3660300
3660301
3660302
3660303
3660304
3660305
3660306
3660307
3660308
3660309
3660310
3660311
3660312
3660313
3660314
3660315
3660316
3660317
3660318
3660319
3660320
3660321
3660322
3660323
3660324
3660325
3660326
3660327
3660328
3660329
3660330
3660331
3660332
3660333
3660334
3660335
3660336
3660337
3660338
3660339
3660340
3660341
3660342
3660343
3660344
3660345
3660346
3660347
3660348
3660349
3660350
3660351
3660352
3660353
3660354
3660355
3660356
3660357
3660358
3660359
3660360
3660361
3660362
3660363
3660364
3660365
3660366
3660367
3660368
3660369
3660370
3660371
3660372
3660373
3660374
3660375
3660376
3660377
3660378
3660379
3660380
3660381
3660382
3660383
3660384
3660385
3660386
3660387
3660388
3660389
3660390
3660391
3660392
3660393
3660394
3660395
3660396
3660397
3660398
3660399
3660400
3660401
3660402
3660403
3660404
3660405
3660406
3660407
3660408
3660409
3660410
3660411
3660412
3660413
3660414
3660415
3660416
3660417
3660418
3660419
3660420
3660421
3660422
3660423
3660424
3660425
3660426
3660427
3660428
3660429
3660430
3660431
3660432
3660433
3660434
3660435
3660436
3660437
3660438
3660439
3660440
3660441
3660442
3660443
3660444
3660445
3660446
3660447
3660448
3660449
3660450
3660451
3660452
3660453
3660454
3660455
3660456
3660457
3660458
3660459
3660460
3660461
3660462
3660463
3660464
3660465
3660466
3660467
3660468
3660469
3660470
3660471
3660472
3660473
3660474
3660475
3660476
3660477
3660478
3660479
3660480
3660481
3660482
3660483
3660484
3660485
3660486
3660487
3660488
3660489
3660490
3660491
3660492
3660493
3660494
3660495
3660496
3660497
3660498
3660499
3660500
3660501
3660502
3660503
3660504
3660505
3660506
3660507
3660508
3660509
3660510
3660511
3660512
3660513
3660514
3660515
3660516
3660517
3660518
3660519
3660520
3660521
3660522
3660523
3660524
3660525
3660526
3660527
3660528
3660529
3660530
3660531
3660532
3660533
3660534
3660535
3660536
3660537
3660538
3660539
3660540
3660541
3660542
3660543
3660544
3660545
3660546
3660547
3660548
3660549
3660550
3660551
3660552
3660553
3660554
3660555
3660556
3660557
3660558
3660559
3660560
3660561
3660562
3660563
3660564
3660565
3660566
3660567
3660568
3660569
3660570
3660571
3660572
3660573
3660574
3660575
3660576
3660577
3660578
3660579
3660580
3660581
3660582
3660583
3660584
3660585
3660586
3660587
3660588
3660589
3660590
3660591
3660592
3660593
3660594
3660595
3660596
3660597
3660598
3660599
3660600
3660601
3660602
3660603
3660604
3660605
3660606
3660607
3660608
3660609
3660610
3660611
3660612
3660613
3660614
3660615
3660616
3660617
3660618
3660619
3660620
3660621
3660622
3660623
3660624
3660625
3660626
3660627
3660628
3660629
3660630
3660631
3660632
3660633
3660634
3660635
3660636
3660637
3660638
3660639
3660640
3660641
3660642
3660643
3660644
3660645
3660646
3660647
3660648
3660649
3660650
3660651
3660652
3660653
3660654
3660655
3660656
3660657
3660658
3660659
3660660
3660661
3660662
3660663
3660664
3660665
3660666
3660667
3660668
3660669
3660670
3660671
3660672
3660673
3660674
3660675
3660676
3660677
3660678
3660679
3660680
3660681
3660682
3660683
3660684
3660685
3660686
3660687
3660688
3660689
3660690
3660691
3660692
3660693
3660694
3660695
3660696
3660697
3660698
3660699
3660700
3660701
3660702
3660703
3660704
3660705
3660706
3660707
3660708
3660709
3660710
3660711
3660712
3660713
3660714
3660715
3660716
3660717
3660718
3660719
3660720
3660721
3660722
3660723
3660724
3660725
3660726
3660727
3660728
3660729
3660730
3660731
3660732
3660733
3660734
3660735
3660736
3660737
3660738
3660739
3660740
3660741
3660742
3660743
3660744
3660745
3660746
3660747
3660748
3660749
3660750
3660751
3660752
3660753
3660754
3660755
3660756
3660757
3660758
3660759
3660760
3660761
3660762
3660763
3660764
3660765
3660766
3660767
3660768
3660769
3660770
3660771
3660772
3660773
3660774
3660775
3660776
3660777
3660778
3660779
3660780
3660781
3660782
3660783
3660784
3660785
3660786
3660787
3660788
3660789
3660790
3660791
3660792
3660793
3660794
3660795
3660796
3660797
3660798
3660799
3660800
3660801
3660802
3660803
3660804
3660805
3660806
3660807
3660808
3660809
3660810
3660811
3660812
3660813
3660814
3660815
3660816
3660817
3660818
3660819
3660820
3660821
3660822
3660823
3660824
3660825
3660826
3660827
3660828
3660829
3660830
3660831
3660832
3660833
3660834
3660835
3660836
3660837
3660838
3660839
3660840
3660841
3660842
3660843
3660844
3660845
3660846
3660847
3660848
3660849
3660850
3660851
3660852
3660853
3660854
3660855
3660856
3660857
3660858
3660859
3660860
3660861
3660862
3660863
3660864
3660865
3660866
3660867
3660868
3660869
3660870
3660871
3660872
3660873
3660874
3660875
3660876
3660877
3660878
3660879
3660880
3660881
3660882
3660883
3660884
3660885
3660886
3660887
3660888
3660889
3660890
3660891
3660892
3660893
3660894
3660895
3660896
3660897
3660898
3660899
3660900
3660901
3660902
3660903
3660904
3660905
3660906
3660907
3660908
3660909
3660910
3660911
3660912
3660913
3660914
3660915
3660916
3660917
3660918
3660919
3660920
3660921
3660922
3660923
3660924
3660925
3660926
3660927
3660928
3660929
3660930
3660931
3660932
3660933
3660934
3660935
3660936
3660937
3660938
3660939
3660940
3660941
3660942
3660943
3660944
3660945
3660946
3660947
3660948
3660949
3660950
3660951
3660952
3660953
3660954
3660955
3660956
3660957
3660958
3660959
3660960
3660961
3660962
3660963
3660964
3660965
3660966
3660967
3660968
3660969
3660970
3660971
3660972
3660973
3660974
3660975
3660976
3660977
3660978
3660979
3660980
3660981
3660982
3660983
3660984
3660985
3660986
3660987
3660988
3660989
3660990
3660991
3660992
3660993
3660994
3660995
3660996
3660997
3660998
3660999
3661000
3661001
3661002
3661003
3661004
3661005
3661006
3661007
3661008
3661009
3661010
3661011
3661012
3661013
3661014
3661015
3661016
3661017
3661018
3661019
3661020
3661021
3661022
3661023
3661024
3661025
3661026
3661027
3661028
3661029
3661030
3661031
3661032
3661033
3661034
3661035
3661036
3661037
3661038
3661039
3661040
3661041
3661042
3661043
3661044
3661045
3661046
3661047
3661048
3661049
3661050
3661051
3661052
3661053
3661054
3661055
3661056
3661057
3661058
3661059
3661060
3661061
3661062
3661063
3661064
3661065
3661066
3661067
3661068
3661069
3661070
3661071
3661072
3661073
3661074
3661075
3661076
3661077
3661078
3661079
3661080
3661081
3661082
3661083
3661084
3661085
3661086
3661087
3661088
3661089
3661090
3661091
3661092
3661093
3661094
3661095
3661096
3661097
3661098
3661099
3661100
3661101
3661102
3661103
3661104
3661105
3661106
3661107
3661108
3661109
3661110
3661111
3661112
3661113
3661114
3661115
3661116
3661117
3661118
3661119
3661120
3661121
3661122
3661123
3661124
3661125
3661126
3661127
3661128
3661129
3661130
3661131
3661132
3661133
3661134
3661135
3661136
3661137
3661138
3661139
3661140
3661141
3661142
3661143
3661144
3661145
3661146
3661147
3661148
3661149
3661150
3661151
3661152
3661153
3661154
3661155
3661156
3661157
3661158
3661159
3661160
3661161
3661162
3661163
3661164
3661165
3661166
3661167
3661168
3661169
3661170
3661171
3661172
3661173
3661174
3661175
3661176
3661177
3661178
3661179
3661180
3661181
3661182
3661183
3661184
3661185
3661186
3661187
3661188
3661189
3661190
3661191
3661192
3661193
3661194
3661195
3661196
3661197
3661198
3661199
3661200
3661201
3661202
3661203
3661204
3661205
3661206
3661207
3661208
3661209
3661210
3661211
3661212
3661213
3661214
3661215
3661216
3661217
3661218
3661219
3661220
3661221
3661222
3661223
3661224
3661225
3661226
3661227
3661228
3661229
3661230
3661231
3661232
3661233
3661234
3661235
3661236
3661237
3661238
3661239
3661240
3661241
3661242
3661243
3661244
3661245
3661246
3661247
3661248
3661249
3661250
3661251
3661252
3661253
3661254
3661255
3661256
3661257
3661258
3661259
3661260
3661261
3661262
3661263
3661264
3661265
3661266
3661267
3661268
3661269
3661270
3661271
3661272
3661273
3661274
3661275
3661276
3661277
3661278
3661279
3661280
3661281
3661282
3661283
3661284
3661285
3661286
3661287
3661288
3661289
3661290
3661291
3661292
3661293
3661294
3661295
3661296
3661297
3661298
3661299
3661300
3661301
3661302
3661303
3661304
3661305
3661306
3661307
3661308
3661309
3661310
3661311
3661312
3661313
3661314
3661315
3661316
3661317
3661318
3661319
3661320
3661321
3661322
3661323
3661324
3661325
3661326
3661327
3661328
3661329
3661330
3661331
3661332
3661333
3661334
3661335
3661336
3661337
3661338
3661339
3661340
3661341
3661342
3661343
3661344
3661345
3661346
3661347
3661348
3661349
3661350
3661351
3661352
3661353
3661354
3661355
3661356
3661357
3661358
3661359
3661360
3661361
3661362
3661363
3661364
3661365
3661366
3661367
3661368
3661369
3661370
3661371
3661372
3661373
3661374
3661375
3661376
3661377
3661378
3661379
3661380
3661381
3661382
3661383
3661384
3661385
3661386
3661387
3661388
3661389
3661390
3661391
3661392
3661393
3661394
3661395
3661396
3661397
3661398
3661399
3661400
3661401
3661402
3661403
3661404
3661405
3661406
3661407
3661408
3661409
3661410
3661411
3661412
3661413
3661414
3661415
3661416
3661417
3661418
3661419
3661420
3661421
3661422
3661423
3661424
3661425
3661426
3661427
3661428
3661429
3661430
3661431
3661432
3661433
3661434
3661435
3661436
3661437
3661438
3661439
3661440
3661441
3661442
3661443
3661444
3661445
3661446
3661447
3661448
3661449
3661450
3661451
3661452
3661453
3661454
3661455
3661456
3661457
3661458
3661459
3661460
3661461
3661462
3661463
3661464
3661465
3661466
3661467
3661468
3661469
3661470
3661471
3661472
3661473
3661474
3661475
3661476
3661477
3661478
3661479
3661480
3661481
3661482
3661483
3661484
3661485
3661486
3661487
3661488
3661489
3661490
3661491
3661492
3661493
3661494
3661495
3661496
3661497
3661498
3661499
3661500
3661501
3661502
3661503
3661504
3661505
3661506
3661507
3661508
3661509
3661510
3661511
3661512
3661513
3661514
3661515
3661516
3661517
3661518
3661519
3661520
3661521
3661522
3661523
3661524
3661525
3661526
3661527
3661528
3661529
3661530
3661531
3661532
3661533
3661534
3661535
3661536
3661537
3661538
3661539
3661540
3661541
3661542
3661543
3661544
3661545
3661546
3661547
3661548
3661549
3661550
3661551
3661552
3661553
3661554
3661555
3661556
3661557
3661558
3661559
3661560
3661561
3661562
3661563
3661564
3661565
3661566
3661567
3661568
3661569
3661570
3661571
3661572
3661573
3661574
3661575
3661576
3661577
3661578
3661579
3661580
3661581
3661582
3661583
3661584
3661585
3661586
3661587
3661588
3661589
3661590
3661591
3661592
3661593
3661594
3661595
3661596
3661597
3661598
3661599
3661600
3661601
3661602
3661603
3661604
3661605
3661606
3661607
3661608
3661609
3661610
3661611
3661612
3661613
3661614
3661615
3661616
3661617
3661618
3661619
3661620
3661621
3661622
3661623
3661624
3661625
3661626
3661627
3661628
3661629
3661630
3661631
3661632
3661633
3661634
3661635
3661636
3661637
3661638
3661639
3661640
3661641
3661642
3661643
3661644
3661645
3661646
3661647
3661648
3661649
3661650
3661651
3661652
3661653
3661654
3661655
3661656
3661657
3661658
3661659
3661660
3661661
3661662
3661663
3661664
3661665
3661666
3661667
3661668
3661669
3661670
3661671
3661672
3661673
3661674
3661675
3661676
3661677
3661678
3661679
3661680
3661681
3661682
3661683
3661684
3661685
3661686
3661687
3661688
3661689
3661690
3661691
3661692
3661693
3661694
3661695
3661696
3661697
3661698
3661699
3661700
3661701
3661702
3661703
3661704
3661705
3661706
3661707
3661708
3661709
3661710
3661711
3661712
3661713
3661714
3661715
3661716
3661717
3661718
3661719
3661720
3661721
3661722
3661723
3661724
3661725
3661726
3661727
3661728
3661729
3661730
3661731
3661732
3661733
3661734
3661735
3661736
3661737
3661738
3661739
3661740
3661741
3661742
3661743
3661744
3661745
3661746
3661747
3661748
3661749
3661750
3661751
3661752
3661753
3661754
3661755
3661756
3661757
3661758
3661759
3661760
3661761
3661762
3661763
3661764
3661765
3661766
3661767
3661768
3661769
3661770
3661771
3661772
3661773
3661774
3661775
3661776
3661777
3661778
3661779
3661780
3661781
3661782
3661783
3661784
3661785
3661786
3661787
3661788
3661789
3661790
3661791
3661792
3661793
3661794
3661795
3661796
3661797
3661798
3661799
3661800
3661801
3661802
3661803
3661804
3661805
3661806
3661807
3661808
3661809
3661810
3661811
3661812
3661813
3661814
3661815
3661816
3661817
3661818
3661819
3661820
3661821
3661822
3661823
3661824
3661825
3661826
3661827
3661828
3661829
3661830
3661831
3661832
3661833
3661834
3661835
3661836
3661837
3661838
3661839
3661840
3661841
3661842
3661843
3661844
3661845
3661846
3661847
3661848
3661849
3661850
3661851
3661852
3661853
3661854
3661855
3661856
3661857
3661858
3661859
3661860
3661861
3661862
3661863
3661864
3661865
3661866
3661867
3661868
3661869
3661870
3661871
3661872
3661873
3661874
3661875
3661876
3661877
3661878
3661879
3661880
3661881
3661882
3661883
3661884
3661885
3661886
3661887
3661888
3661889
3661890
3661891
3661892
3661893
3661894
3661895
3661896
3661897
3661898
3661899
3661900
3661901
3661902
3661903
3661904
3661905
3661906
3661907
3661908
3661909
3661910
3661911
3661912
3661913
3661914
3661915
3661916
3661917
3661918
3661919
3661920
3661921
3661922
3661923
3661924
3661925
3661926
3661927
3661928
3661929
3661930
3661931
3661932
3661933
3661934
3661935
3661936
3661937
3661938
3661939
3661940
3661941
3661942
3661943
3661944
3661945
3661946
3661947
3661948
3661949
3661950
3661951
3661952
3661953
3661954
3661955
3661956
3661957
3661958
3661959
3661960
3661961
3661962
3661963
3661964
3661965
3661966
3661967
3661968
3661969
3661970
3661971
3661972
3661973
3661974
3661975
3661976
3661977
3661978
3661979
3661980
3661981
3661982
3661983
3661984
3661985
3661986
3661987
3661988
3661989
3661990
3661991
3661992
3661993
3661994
3661995
3661996
3661997
3661998
3661999
3662000
3662001
3662002
3662003
3662004
3662005
3662006
3662007
3662008
3662009
3662010
3662011
3662012
3662013
3662014
3662015
3662016
3662017
3662018
3662019
3662020
3662021
3662022
3662023
3662024
3662025
3662026
3662027
3662028
3662029
3662030
3662031
3662032
3662033
3662034
3662035
3662036
3662037
3662038
3662039
3662040
3662041
3662042
3662043
3662044
3662045
3662046
3662047
3662048
3662049
3662050
3662051
3662052
3662053
3662054
3662055
3662056
3662057
3662058
3662059
3662060
3662061
3662062
3662063
3662064
3662065
3662066
3662067
3662068
3662069
3662070
3662071
3662072
3662073
3662074
3662075
3662076
3662077
3662078
3662079
3662080
3662081
3662082
3662083
3662084
3662085
3662086
3662087
3662088
3662089
3662090
3662091
3662092
3662093
3662094
3662095
3662096
3662097
3662098
3662099
3662100
3662101
3662102
3662103
3662104
3662105
3662106
3662107
3662108
3662109
3662110
3662111
3662112
3662113
3662114
3662115
3662116
3662117
3662118
3662119
3662120
3662121
3662122
3662123
3662124
3662125
3662126
3662127
3662128
3662129
3662130
3662131
3662132
3662133
3662134
3662135
3662136
3662137
3662138
3662139
3662140
3662141
3662142
3662143
3662144
3662145
3662146
3662147
3662148
3662149
3662150
3662151
3662152
3662153
3662154
3662155
3662156
3662157
3662158
3662159
3662160
3662161
3662162
3662163
3662164
3662165
3662166
3662167
3662168
3662169
3662170
3662171
3662172
3662173
3662174
3662175
3662176
3662177
3662178
3662179
3662180
3662181
3662182
3662183
3662184
3662185
3662186
3662187
3662188
3662189
3662190
3662191
3662192
3662193
3662194
3662195
3662196
3662197
3662198
3662199
3662200
3662201
3662202
3662203
3662204
3662205
3662206
3662207
3662208
3662209
3662210
3662211
3662212
3662213
3662214
3662215
3662216
3662217
3662218
3662219
3662220
3662221
3662222
3662223
3662224
3662225
3662226
3662227
3662228
3662229
3662230
3662231
3662232
3662233
3662234
3662235
3662236
3662237
3662238
3662239
3662240
3662241
3662242
3662243
3662244
3662245
3662246
3662247
3662248
3662249
3662250
3662251
3662252
3662253
3662254
3662255
3662256
3662257
3662258
3662259
3662260
3662261
3662262
3662263
3662264
3662265
3662266
3662267
3662268
3662269
3662270
3662271
3662272
3662273
3662274
3662275
3662276
3662277
3662278
3662279
3662280
3662281
3662282
3662283
3662284
3662285
3662286
3662287
3662288
3662289
3662290
3662291
3662292
3662293
3662294
3662295
3662296
3662297
3662298
3662299
3662300
3662301
3662302
3662303
3662304
3662305
3662306
3662307
3662308
3662309
3662310
3662311
3662312
3662313
3662314
3662315
3662316
3662317
3662318
3662319
3662320
3662321
3662322
3662323
3662324
3662325
3662326
3662327
3662328
3662329
3662330
3662331
3662332
3662333
3662334
3662335
3662336
3662337
3662338
3662339
3662340
3662341
3662342
3662343
3662344
3662345
3662346
3662347
3662348
3662349
3662350
3662351
3662352
3662353
3662354
3662355
3662356
3662357
3662358
3662359
3662360
3662361
3662362
3662363
3662364
3662365
3662366
3662367
3662368
3662369
3662370
3662371
3662372
3662373
3662374
3662375
3662376
3662377
3662378
3662379
3662380
3662381
3662382
3662383
3662384
3662385
3662386
3662387
3662388
3662389
3662390
3662391
3662392
3662393
3662394
3662395
3662396
3662397
3662398
3662399
3662400
3662401
3662402
3662403
3662404
3662405
3662406
3662407
3662408
3662409
3662410
3662411
3662412
3662413
3662414
3662415
3662416
3662417
3662418
3662419
3662420
3662421
3662422
3662423
3662424
3662425
3662426
3662427
3662428
3662429
3662430
3662431
3662432
3662433
3662434
3662435
3662436
3662437
3662438
3662439
3662440
3662441
3662442
3662443
3662444
3662445
3662446
3662447
3662448
3662449
3662450
3662451
3662452
3662453
3662454
3662455
3662456
3662457
3662458
3662459
3662460
3662461
3662462
3662463
3662464
3662465
3662466
3662467
3662468
3662469
3662470
3662471
3662472
3662473
3662474
3662475
3662476
3662477
3662478
3662479
3662480
3662481
3662482
3662483
3662484
3662485
3662486
3662487
3662488
3662489
3662490
3662491
3662492
3662493
3662494
3662495
3662496
3662497
3662498
3662499
3662500
3662501
3662502
3662503
3662504
3662505
3662506
3662507
3662508
3662509
3662510
3662511
3662512
3662513
3662514
3662515
3662516
3662517
3662518
3662519
3662520
3662521
3662522
3662523
3662524
3662525
3662526
3662527
3662528
3662529
3662530
3662531
3662532
3662533
3662534
3662535
3662536
3662537
3662538
3662539
3662540
3662541
3662542
3662543
3662544
3662545
3662546
3662547
3662548
3662549
3662550
3662551
3662552
3662553
3662554
3662555
3662556
3662557
3662558
3662559
3662560
3662561
3662562
3662563
3662564
3662565
3662566
3662567
3662568
3662569
3662570
3662571
3662572
3662573
3662574
3662575
3662576
3662577
3662578
3662579
3662580
3662581
3662582
3662583
3662584
3662585
3662586
3662587
3662588
3662589
3662590
3662591
3662592
3662593
3662594
3662595
3662596
3662597
3662598
3662599
3662600
3662601
3662602
3662603
3662604
3662605
3662606
3662607
3662608
3662609
3662610
3662611
3662612
3662613
3662614
3662615
3662616
3662617
3662618
3662619
3662620
3662621
3662622
3662623
3662624
3662625
3662626
3662627
3662628
3662629
3662630
3662631
3662632
3662633
3662634
3662635
3662636
3662637
3662638
3662639
3662640
3662641
3662642
3662643
3662644
3662645
3662646
3662647
3662648
3662649
3662650
3662651
3662652
3662653
3662654
3662655
3662656
3662657
3662658
3662659
3662660
3662661
3662662
3662663
3662664
3662665
3662666
3662667
3662668
3662669
3662670
3662671
3662672
3662673
3662674
3662675
3662676
3662677
3662678
3662679
3662680
3662681
3662682
3662683
3662684
3662685
3662686
3662687
3662688
3662689
3662690
3662691
3662692
3662693
3662694
3662695
3662696
3662697
3662698
3662699
3662700
3662701
3662702
3662703
3662704
3662705
3662706
3662707
3662708
3662709
3662710
3662711
3662712
3662713
3662714
3662715
3662716
3662717
3662718
3662719
3662720
3662721
3662722
3662723
3662724
3662725
3662726
3662727
3662728
3662729
3662730
3662731
3662732
3662733
3662734
3662735
3662736
3662737
3662738
3662739
3662740
3662741
3662742
3662743
3662744
3662745
3662746
3662747
3662748
3662749
3662750
3662751
3662752
3662753
3662754
3662755
3662756
3662757
3662758
3662759
3662760
3662761
3662762
3662763
3662764
3662765
3662766
3662767
3662768
3662769
3662770
3662771
3662772
3662773
3662774
3662775
3662776
3662777
3662778
3662779
3662780
3662781
3662782
3662783
3662784
3662785
3662786
3662787
3662788
3662789
3662790
3662791
3662792
3662793
3662794
3662795
3662796
3662797
3662798
3662799
3662800
3662801
3662802
3662803
3662804
3662805
3662806
3662807
3662808
3662809
3662810
3662811
3662812
3662813
3662814
3662815
3662816
3662817
3662818
3662819
3662820
3662821
3662822
3662823
3662824
3662825
3662826
3662827
3662828
3662829
3662830
3662831
3662832
3662833
3662834
3662835
3662836
3662837
3662838
3662839
3662840
3662841
3662842
3662843
3662844
3662845
3662846
3662847
3662848
3662849
3662850
3662851
3662852
3662853
3662854
3662855
3662856
3662857
3662858
3662859
3662860
3662861
3662862
3662863
3662864
3662865
3662866
3662867
3662868
3662869
3662870
3662871
3662872
3662873
3662874
3662875
3662876
3662877
3662878
3662879
3662880
3662881
3662882
3662883
3662884
3662885
3662886
3662887
3662888
3662889
3662890
3662891
3662892
3662893
3662894
3662895
3662896
3662897
3662898
3662899
3662900
3662901
3662902
3662903
3662904
3662905
3662906
3662907
3662908
3662909
3662910
3662911
3662912
3662913
3662914
3662915
3662916
3662917
3662918
3662919
3662920
3662921
3662922
3662923
3662924
3662925
3662926
3662927
3662928
3662929
3662930
3662931
3662932
3662933
3662934
3662935
3662936
3662937
3662938
3662939
3662940
3662941
3662942
3662943
3662944
3662945
3662946
3662947
3662948
3662949
3662950
3662951
3662952
3662953
3662954
3662955
3662956
3662957
3662958
3662959
3662960
3662961
3662962
3662963
3662964
3662965
3662966
3662967
3662968
3662969
3662970
3662971
3662972
3662973
3662974
3662975
3662976
3662977
3662978
3662979
3662980
3662981
3662982
3662983
3662984
3662985
3662986
3662987
3662988
3662989
3662990
3662991
3662992
3662993
3662994
3662995
3662996
3662997
3662998
3662999
3663000
3663001
3663002
3663003
3663004
3663005
3663006
3663007
3663008
3663009
3663010
3663011
3663012
3663013
3663014
3663015
3663016
3663017
3663018
3663019
3663020
3663021
3663022
3663023
3663024
3663025
3663026
3663027
3663028
3663029
3663030
3663031
3663032
3663033
3663034
3663035
3663036
3663037
3663038
3663039
3663040
3663041
3663042
3663043
3663044
3663045
3663046
3663047
3663048
3663049
3663050
3663051
3663052
3663053
3663054
3663055
3663056
3663057
3663058
3663059
3663060
3663061
3663062
3663063
3663064
3663065
3663066
3663067
3663068
3663069
3663070
3663071
3663072
3663073
3663074
3663075
3663076
3663077
3663078
3663079
3663080
3663081
3663082
3663083
3663084
3663085
3663086
3663087
3663088
3663089
3663090
3663091
3663092
3663093
3663094
3663095
3663096
3663097
3663098
3663099
3663100
3663101
3663102
3663103
3663104
3663105
3663106
3663107
3663108
3663109
3663110
3663111
3663112
3663113
3663114
3663115
3663116
3663117
3663118
3663119
3663120
3663121
3663122
3663123
3663124
3663125
3663126
3663127
3663128
3663129
3663130
3663131
3663132
3663133
3663134
3663135
3663136
3663137
3663138
3663139
3663140
3663141
3663142
3663143
3663144
3663145
3663146
3663147
3663148
3663149
3663150
3663151
3663152
3663153
3663154
3663155
3663156
3663157
3663158
3663159
3663160
3663161
3663162
3663163
3663164
3663165
3663166
3663167
3663168
3663169
3663170
3663171
3663172
3663173
3663174
3663175
3663176
3663177
3663178
3663179
3663180
3663181
3663182
3663183
3663184
3663185
3663186
3663187
3663188
3663189
3663190
3663191
3663192
3663193
3663194
3663195
3663196
3663197
3663198
3663199
3663200
3663201
3663202
3663203
3663204
3663205
3663206
3663207
3663208
3663209
3663210
3663211
3663212
3663213
3663214
3663215
3663216
3663217
3663218
3663219
3663220
3663221
3663222
3663223
3663224
3663225
3663226
3663227
3663228
3663229
3663230
3663231
3663232
3663233
3663234
3663235
3663236
3663237
3663238
3663239
3663240
3663241
3663242
3663243
3663244
3663245
3663246
3663247
3663248
3663249
3663250
3663251
3663252
3663253
3663254
3663255
3663256
3663257
3663258
3663259
3663260
3663261
3663262
3663263
3663264
3663265
3663266
3663267
3663268
3663269
3663270
3663271
3663272
3663273
3663274
3663275
3663276
3663277
3663278
3663279
3663280
3663281
3663282
3663283
3663284
3663285
3663286
3663287
3663288
3663289
3663290
3663291
3663292
3663293
3663294
3663295
3663296
3663297
3663298
3663299
3663300
3663301
3663302
3663303
3663304
3663305
3663306
3663307
3663308
3663309
3663310
3663311
3663312
3663313
3663314
3663315
3663316
3663317
3663318
3663319
3663320
3663321
3663322
3663323
3663324
3663325
3663326
3663327
3663328
3663329
3663330
3663331
3663332
3663333
3663334
3663335
3663336
3663337
3663338
3663339
3663340
3663341
3663342
3663343
3663344
3663345
3663346
3663347
3663348
3663349
3663350
3663351
3663352
3663353
3663354
3663355
3663356
3663357
3663358
3663359
3663360
3663361
3663362
3663363
3663364
3663365
3663366
3663367
3663368
3663369
3663370
3663371
3663372
3663373
3663374
3663375
3663376
3663377
3663378
3663379
3663380
3663381
3663382
3663383
3663384
3663385
3663386
3663387
3663388
3663389
3663390
3663391
3663392
3663393
3663394
3663395
3663396
3663397
3663398
3663399
3663400
3663401
3663402
3663403
3663404
3663405
3663406
3663407
3663408
3663409
3663410
3663411
3663412
3663413
3663414
3663415
3663416
3663417
3663418
3663419
3663420
3663421
3663422
3663423
3663424
3663425
3663426
3663427
3663428
3663429
3663430
3663431
3663432
3663433
3663434
3663435
3663436
3663437
3663438
3663439
3663440
3663441
3663442
3663443
3663444
3663445
3663446
3663447
3663448
3663449
3663450
3663451
3663452
3663453
3663454
3663455
3663456
3663457
3663458
3663459
3663460
3663461
3663462
3663463
3663464
3663465
3663466
3663467
3663468
3663469
3663470
3663471
3663472
3663473
3663474
3663475
3663476
3663477
3663478
3663479
3663480
3663481
3663482
3663483
3663484
3663485
3663486
3663487
3663488
3663489
3663490
3663491
3663492
3663493
3663494
3663495
3663496
3663497
3663498
3663499
3663500
3663501
3663502
3663503
3663504
3663505
3663506
3663507
3663508
3663509
3663510
3663511
3663512
3663513
3663514
3663515
3663516
3663517
3663518
3663519
3663520
3663521
3663522
3663523
3663524
3663525
3663526
3663527
3663528
3663529
3663530
3663531
3663532
3663533
3663534
3663535
3663536
3663537
3663538
3663539
3663540
3663541
3663542
3663543
3663544
3663545
3663546
3663547
3663548
3663549
3663550
3663551
3663552
3663553
3663554
3663555
3663556
3663557
3663558
3663559
3663560
3663561
3663562
3663563
3663564
3663565
3663566
3663567
3663568
3663569
3663570
3663571
3663572
3663573
3663574
3663575
3663576
3663577
3663578
3663579
3663580
3663581
3663582
3663583
3663584
3663585
3663586
3663587
3663588
3663589
3663590
3663591
3663592
3663593
3663594
3663595
3663596
3663597
3663598
3663599
3663600
3663601
3663602
3663603
3663604
3663605
3663606
3663607
3663608
3663609
3663610
3663611
3663612
3663613
3663614
3663615
3663616
3663617
3663618
3663619
3663620
3663621
3663622
3663623
3663624
3663625
3663626
3663627
3663628
3663629
3663630
3663631
3663632
3663633
3663634
3663635
3663636
3663637
3663638
3663639
3663640
3663641
3663642
3663643
3663644
3663645
3663646
3663647
3663648
3663649
3663650
3663651
3663652
3663653
3663654
3663655
3663656
3663657
3663658
3663659
3663660
3663661
3663662
3663663
3663664
3663665
3663666
3663667
3663668
3663669
3663670
3663671
3663672
3663673
3663674
3663675
3663676
3663677
3663678
3663679
3663680
3663681
3663682
3663683
3663684
3663685
3663686
3663687
3663688
3663689
3663690
3663691
3663692
3663693
3663694
3663695
3663696
3663697
3663698
3663699
3663700
3663701
3663702
3663703
3663704
3663705
3663706
3663707
3663708
3663709
3663710
3663711
3663712
3663713
3663714
3663715
3663716
3663717
3663718
3663719
3663720
3663721
3663722
3663723
3663724
3663725
3663726
3663727
3663728
3663729
3663730
3663731
3663732
3663733
3663734
3663735
3663736
3663737
3663738
3663739
3663740
3663741
3663742
3663743
3663744
3663745
3663746
3663747
3663748
3663749
3663750
3663751
3663752
3663753
3663754
3663755
3663756
3663757
3663758
3663759
3663760
3663761
3663762
3663763
3663764
3663765
3663766
3663767
3663768
3663769
3663770
3663771
3663772
3663773
3663774
3663775
3663776
3663777
3663778
3663779
3663780
3663781
3663782
3663783
3663784
3663785
3663786
3663787
3663788
3663789
3663790
3663791
3663792
3663793
3663794
3663795
3663796
3663797
3663798
3663799
3663800
3663801
3663802
3663803
3663804
3663805
3663806
3663807
3663808
3663809
3663810
3663811
3663812
3663813
3663814
3663815
3663816
3663817
3663818
3663819
3663820
3663821
3663822
3663823
3663824
3663825
3663826
3663827
3663828
3663829
3663830
3663831
3663832
3663833
3663834
3663835
3663836
3663837
3663838
3663839
3663840
3663841
3663842
3663843
3663844
3663845
3663846
3663847
3663848
3663849
3663850
3663851
3663852
3663853
3663854
3663855
3663856
3663857
3663858
3663859
3663860
3663861
3663862
3663863
3663864
3663865
3663866
3663867
3663868
3663869
3663870
3663871
3663872
3663873
3663874
3663875
3663876
3663877
3663878
3663879
3663880
3663881
3663882
3663883
3663884
3663885
3663886
3663887
3663888
3663889
3663890
3663891
3663892
3663893
3663894
3663895
3663896
3663897
3663898
3663899
3663900
3663901
3663902
3663903
3663904
3663905
3663906
3663907
3663908
3663909
3663910
3663911
3663912
3663913
3663914
3663915
3663916
3663917
3663918
3663919
3663920
3663921
3663922
3663923
3663924
3663925
3663926
3663927
3663928
3663929
3663930
3663931
3663932
3663933
3663934
3663935
3663936
3663937
3663938
3663939
3663940
3663941
3663942
3663943
3663944
3663945
3663946
3663947
3663948
3663949
3663950
3663951
3663952
3663953
3663954
3663955
3663956
3663957
3663958
3663959
3663960
3663961
3663962
3663963
3663964
3663965
3663966
3663967
3663968
3663969
3663970
3663971
3663972
3663973
3663974
3663975
3663976
3663977
3663978
3663979
3663980
3663981
3663982
3663983
3663984
3663985
3663986
3663987
3663988
3663989
3663990
3663991
3663992
3663993
3663994
3663995
3663996
3663997
3663998
3663999
3664000
3664001
3664002
3664003
3664004
3664005
3664006
3664007
3664008
3664009
3664010
3664011
3664012
3664013
3664014
3664015
3664016
3664017
3664018
3664019
3664020
3664021
3664022
3664023
3664024
3664025
3664026
3664027
3664028
3664029
3664030
3664031
3664032
3664033
3664034
3664035
3664036
3664037
3664038
3664039
3664040
3664041
3664042
3664043
3664044
3664045
3664046
3664047
3664048
3664049
3664050
3664051
3664052
3664053
3664054
3664055
3664056
3664057
3664058
3664059
3664060
3664061
3664062
3664063
3664064
3664065
3664066
3664067
3664068
3664069
3664070
3664071
3664072
3664073
3664074
3664075
3664076
3664077
3664078
3664079
3664080
3664081
3664082
3664083
3664084
3664085
3664086
3664087
3664088
3664089
3664090
3664091
3664092
3664093
3664094
3664095
3664096
3664097
3664098
3664099
3664100
3664101
3664102
3664103
3664104
3664105
3664106
3664107
3664108
3664109
3664110
3664111
3664112
3664113
3664114
3664115
3664116
3664117
3664118
3664119
3664120
3664121
3664122
3664123
3664124
3664125
3664126
3664127
3664128
3664129
3664130
3664131
3664132
3664133
3664134
3664135
3664136
3664137
3664138
3664139
3664140
3664141
3664142
3664143
3664144
3664145
3664146
3664147
3664148
3664149
3664150
3664151
3664152
3664153
3664154
3664155
3664156
3664157
3664158
3664159
3664160
3664161
3664162
3664163
3664164
3664165
3664166
3664167
3664168
3664169
3664170
3664171
3664172
3664173
3664174
3664175
3664176
3664177
3664178
3664179
3664180
3664181
3664182
3664183
3664184
3664185
3664186
3664187
3664188
3664189
3664190
3664191
3664192
3664193
3664194
3664195
3664196
3664197
3664198
3664199
3664200
3664201
3664202
3664203
3664204
3664205
3664206
3664207
3664208
3664209
3664210
3664211
3664212
3664213
3664214
3664215
3664216
3664217
3664218
3664219
3664220
3664221
3664222
3664223
3664224
3664225
3664226
3664227
3664228
3664229
3664230
3664231
3664232
3664233
3664234
3664235
3664236
3664237
3664238
3664239
3664240
3664241
3664242
3664243
3664244
3664245
3664246
3664247
3664248
3664249
3664250
3664251
3664252
3664253
3664254
3664255
3664256
3664257
3664258
3664259
3664260
3664261
3664262
3664263
3664264
3664265
3664266
3664267
3664268
3664269
3664270
3664271
3664272
3664273
3664274
3664275
3664276
3664277
3664278
3664279
3664280
3664281
3664282
3664283
3664284
3664285
3664286
3664287
3664288
3664289
3664290
3664291
3664292
3664293
3664294
3664295
3664296
3664297
3664298
3664299
3664300
3664301
3664302
3664303
3664304
3664305
3664306
3664307
3664308
3664309
3664310
3664311
3664312
3664313
3664314
3664315
3664316
3664317
3664318
3664319
3664320
3664321
3664322
3664323
3664324
3664325
3664326
3664327
3664328
3664329
3664330
3664331
3664332
3664333
3664334
3664335
3664336
3664337
3664338
3664339
3664340
3664341
3664342
3664343
3664344
3664345
3664346
3664347
3664348
3664349
3664350
3664351
3664352
3664353
3664354
3664355
3664356
3664357
3664358
3664359
3664360
3664361
3664362
3664363
3664364
3664365
3664366
3664367
3664368
3664369
3664370
3664371
3664372
3664373
3664374
3664375
3664376
3664377
3664378
3664379
3664380
3664381
3664382
3664383
3664384
3664385
3664386
3664387
3664388
3664389
3664390
3664391
3664392
3664393
3664394
3664395
3664396
3664397
3664398
3664399
3664400
3664401
3664402
3664403
3664404
3664405
3664406
3664407
3664408
3664409
3664410
3664411
3664412
3664413
3664414
3664415
3664416
3664417
3664418
3664419
3664420
3664421
3664422
3664423
3664424
3664425
3664426
3664427
3664428
3664429
3664430
3664431
3664432
3664433
3664434
3664435
3664436
3664437
3664438
3664439
3664440
3664441
3664442
3664443
3664444
3664445
3664446
3664447
3664448
3664449
3664450
3664451
3664452
3664453
3664454
3664455
3664456
3664457
3664458
3664459
3664460
3664461
3664462
3664463
3664464
3664465
3664466
3664467
3664468
3664469
3664470
3664471
3664472
3664473
3664474
3664475
3664476
3664477
3664478
3664479
3664480
3664481
3664482
3664483
3664484
3664485
3664486
3664487
3664488
3664489
3664490
3664491
3664492
3664493
3664494
3664495
3664496
3664497
3664498
3664499
3664500
3664501
3664502
3664503
3664504
3664505
3664506
3664507
3664508
3664509
3664510
3664511
3664512
3664513
3664514
3664515
3664516
3664517
3664518
3664519
3664520
3664521
3664522
3664523
3664524
3664525
3664526
3664527
3664528
3664529
3664530
3664531
3664532
3664533
3664534
3664535
3664536
3664537
3664538
3664539
3664540
3664541
3664542
3664543
3664544
3664545
3664546
3664547
3664548
3664549
3664550
3664551
3664552
3664553
3664554
3664555
3664556
3664557
3664558
3664559
3664560
3664561
3664562
3664563
3664564
3664565
3664566
3664567
3664568
3664569
3664570
3664571
3664572
3664573
3664574
3664575
3664576
3664577
3664578
3664579
3664580
3664581
3664582
3664583
3664584
3664585
3664586
3664587
3664588
3664589
3664590
3664591
3664592
3664593
3664594
3664595
3664596
3664597
3664598
3664599
3664600
3664601
3664602
3664603
3664604
3664605
3664606
3664607
3664608
3664609
3664610
3664611
3664612
3664613
3664614
3664615
3664616
3664617
3664618
3664619
3664620
3664621
3664622
3664623
3664624
3664625
3664626
3664627
3664628
3664629
3664630
3664631
3664632
3664633
3664634
3664635
3664636
3664637
3664638
3664639
3664640
3664641
3664642
3664643
3664644
3664645
3664646
3664647
3664648
3664649
3664650
3664651
3664652
3664653
3664654
3664655
3664656
3664657
3664658
3664659
3664660
3664661
3664662
3664663
3664664
3664665
3664666
3664667
3664668
3664669
3664670
3664671
3664672
3664673
3664674
3664675
3664676
3664677
3664678
3664679
3664680
3664681
3664682
3664683
3664684
3664685
3664686
3664687
3664688
3664689
3664690
3664691
3664692
3664693
3664694
3664695
3664696
3664697
3664698
3664699
3664700
3664701
3664702
3664703
3664704
3664705
3664706
3664707
3664708
3664709
3664710
3664711
3664712
3664713
3664714
3664715
3664716
3664717
3664718
3664719
3664720
3664721
3664722
3664723
3664724
3664725
3664726
3664727
3664728
3664729
3664730
3664731
3664732
3664733
3664734
3664735
3664736
3664737
3664738
3664739
3664740
3664741
3664742
3664743
3664744
3664745
3664746
3664747
3664748
3664749
3664750
3664751
3664752
3664753
3664754
3664755
3664756
3664757
3664758
3664759
3664760
3664761
3664762
3664763
3664764
3664765
3664766
3664767
3664768
3664769
3664770
3664771
3664772
3664773
3664774
3664775
3664776
3664777
3664778
3664779
3664780
3664781
3664782
3664783
3664784
3664785
3664786
3664787
3664788
3664789
3664790
3664791
3664792
3664793
3664794
3664795
3664796
3664797
3664798
3664799
3664800
3664801
3664802
3664803
3664804
3664805
3664806
3664807
3664808
3664809
3664810
3664811
3664812
3664813
3664814
3664815
3664816
3664817
3664818
3664819
3664820
3664821
3664822
3664823
3664824
3664825
3664826
3664827
3664828
3664829
3664830
3664831
3664832
3664833
3664834
3664835
3664836
3664837
3664838
3664839
3664840
3664841
3664842
3664843
3664844
3664845
3664846
3664847
3664848
3664849
3664850
3664851
3664852
3664853
3664854
3664855
3664856
3664857
3664858
3664859
3664860
3664861
3664862
3664863
3664864
3664865
3664866
3664867
3664868
3664869
3664870
3664871
3664872
3664873
3664874
3664875
3664876
3664877
3664878
3664879
3664880
3664881
3664882
3664883
3664884
3664885
3664886
3664887
3664888
3664889
3664890
3664891
3664892
3664893
3664894
3664895
3664896
3664897
3664898
3664899
3664900
3664901
3664902
3664903
3664904
3664905
3664906
3664907
3664908
3664909
3664910
3664911
3664912
3664913
3664914
3664915
3664916
3664917
3664918
3664919
3664920
3664921
3664922
3664923
3664924
3664925
3664926
3664927
3664928
3664929
3664930
3664931
3664932
3664933
3664934
3664935
3664936
3664937
3664938
3664939
3664940
3664941
3664942
3664943
3664944
3664945
3664946
3664947
3664948
3664949
3664950
3664951
3664952
3664953
3664954
3664955
3664956
3664957
3664958
3664959
3664960
3664961
3664962
3664963
3664964
3664965
3664966
3664967
3664968
3664969
3664970
3664971
3664972
3664973
3664974
3664975
3664976
3664977
3664978
3664979
3664980
3664981
3664982
3664983
3664984
3664985
3664986
3664987
3664988
3664989
3664990
3664991
3664992
3664993
3664994
3664995
3664996
3664997
3664998
3664999
3665000
3665001
3665002
3665003
3665004
3665005
3665006
3665007
3665008
3665009
3665010
3665011
3665012
3665013
3665014
3665015
3665016
3665017
3665018
3665019
3665020
3665021
3665022
3665023
3665024
3665025
3665026
3665027
3665028
3665029
3665030
3665031
3665032
3665033
3665034
3665035
3665036
3665037
3665038
3665039
3665040
3665041
3665042
3665043
3665044
3665045
3665046
3665047
3665048
3665049
3665050
3665051
3665052
3665053
3665054
3665055
3665056
3665057
3665058
3665059
3665060
3665061
3665062
3665063
3665064
3665065
3665066
3665067
3665068
3665069
3665070
3665071
3665072
3665073
3665074
3665075
3665076
3665077
3665078
3665079
3665080
3665081
3665082
3665083
3665084
3665085
3665086
3665087
3665088
3665089
3665090
3665091
3665092
3665093
3665094
3665095
3665096
3665097
3665098
3665099
3665100
3665101
3665102
3665103
3665104
3665105
3665106
3665107
3665108
3665109
3665110
3665111
3665112
3665113
3665114
3665115
3665116
3665117
3665118
3665119
3665120
3665121
3665122
3665123
3665124
3665125
3665126
3665127
3665128
3665129
3665130
3665131
3665132
3665133
3665134
3665135
3665136
3665137
3665138
3665139
3665140
3665141
3665142
3665143
3665144
3665145
3665146
3665147
3665148
3665149
3665150
3665151
3665152
3665153
3665154
3665155
3665156
3665157
3665158
3665159
3665160
3665161
3665162
3665163
3665164
3665165
3665166
3665167
3665168
3665169
3665170
3665171
3665172
3665173
3665174
3665175
3665176
3665177
3665178
3665179
3665180
3665181
3665182
3665183
3665184
3665185
3665186
3665187
3665188
3665189
3665190
3665191
3665192
3665193
3665194
3665195
3665196
3665197
3665198
3665199
3665200
3665201
3665202
3665203
3665204
3665205
3665206
3665207
3665208
3665209
3665210
3665211
3665212
3665213
3665214
3665215
3665216
3665217
3665218
3665219
3665220
3665221
3665222
3665223
3665224
3665225
3665226
3665227
3665228
3665229
3665230
3665231
3665232
3665233
3665234
3665235
3665236
3665237
3665238
3665239
3665240
3665241
3665242
3665243
3665244
3665245
3665246
3665247
3665248
3665249
3665250
3665251
3665252
3665253
3665254
3665255
3665256
3665257
3665258
3665259
3665260
3665261
3665262
3665263
3665264
3665265
3665266
3665267
3665268
3665269
3665270
3665271
3665272
3665273
3665274
3665275
3665276
3665277
3665278
3665279
3665280
3665281
3665282
3665283
3665284
3665285
3665286
3665287
3665288
3665289
3665290
3665291
3665292
3665293
3665294
3665295
3665296
3665297
3665298
3665299
3665300
3665301
3665302
3665303
3665304
3665305
3665306
3665307
3665308
3665309
3665310
3665311
3665312
3665313
3665314
3665315
3665316
3665317
3665318
3665319
3665320
3665321
3665322
3665323
3665324
3665325
3665326
3665327
3665328
3665329
3665330
3665331
3665332
3665333
3665334
3665335
3665336
3665337
3665338
3665339
3665340
3665341
3665342
3665343
3665344
3665345
3665346
3665347
3665348
3665349
3665350
3665351
3665352
3665353
3665354
3665355
3665356
3665357
3665358
3665359
3665360
3665361
3665362
3665363
3665364
3665365
3665366
3665367
3665368
3665369
3665370
3665371
3665372
3665373
3665374
3665375
3665376
3665377
3665378
3665379
3665380
3665381
3665382
3665383
3665384
3665385
3665386
3665387
3665388
3665389
3665390
3665391
3665392
3665393
3665394
3665395
3665396
3665397
3665398
3665399
3665400
3665401
3665402
3665403
3665404
3665405
3665406
3665407
3665408
3665409
3665410
3665411
3665412
3665413
3665414
3665415
3665416
3665417
3665418
3665419
3665420
3665421
3665422
3665423
3665424
3665425
3665426
3665427
3665428
3665429
3665430
3665431
3665432
3665433
3665434
3665435
3665436
3665437
3665438
3665439
3665440
3665441
3665442
3665443
3665444
3665445
3665446
3665447
3665448
3665449
3665450
3665451
3665452
3665453
3665454
3665455
3665456
3665457
3665458
3665459
3665460
3665461
3665462
3665463
3665464
3665465
3665466
3665467
3665468
3665469
3665470
3665471
3665472
3665473
3665474
3665475
3665476
3665477
3665478
3665479
3665480
3665481
3665482
3665483
3665484
3665485
3665486
3665487
3665488
3665489
3665490
3665491
3665492
3665493
3665494
3665495
3665496
3665497
3665498
3665499
3665500
3665501
3665502
3665503
3665504
3665505
3665506
3665507
3665508
3665509
3665510
3665511
3665512
3665513
3665514
3665515
3665516
3665517
3665518
3665519
3665520
3665521
3665522
3665523
3665524
3665525
3665526
3665527
3665528
3665529
3665530
3665531
3665532
3665533
3665534
3665535
3665536
3665537
3665538
3665539
3665540
3665541
3665542
3665543
3665544
3665545
3665546
3665547
3665548
3665549
3665550
3665551
3665552
3665553
3665554
3665555
3665556
3665557
3665558
3665559
3665560
3665561
3665562
3665563
3665564
3665565
3665566
3665567
3665568
3665569
3665570
3665571
3665572
3665573
3665574
3665575
3665576
3665577
3665578
3665579
3665580
3665581
3665582
3665583
3665584
3665585
3665586
3665587
3665588
3665589
3665590
3665591
3665592
3665593
3665594
3665595
3665596
3665597
3665598
3665599
3665600
3665601
3665602
3665603
3665604
3665605
3665606
3665607
3665608
3665609
3665610
3665611
3665612
3665613
3665614
3665615
3665616
3665617
3665618
3665619
3665620
3665621
3665622
3665623
3665624
3665625
3665626
3665627
3665628
3665629
3665630
3665631
3665632
3665633
3665634
3665635
3665636
3665637
3665638
3665639
3665640
3665641
3665642
3665643
3665644
3665645
3665646
3665647
3665648
3665649
3665650
3665651
3665652
3665653
3665654
3665655
3665656
3665657
3665658
3665659
3665660
3665661
3665662
3665663
3665664
3665665
3665666
3665667
3665668
3665669
3665670
3665671
3665672
3665673
3665674
3665675
3665676
3665677
3665678
3665679
3665680
3665681
3665682
3665683
3665684
3665685
3665686
3665687
3665688
3665689
3665690
3665691
3665692
3665693
3665694
3665695
3665696
3665697
3665698
3665699
3665700
3665701
3665702
3665703
3665704
3665705
3665706
3665707
3665708
3665709
3665710
3665711
3665712
3665713
3665714
3665715
3665716
3665717
3665718
3665719
3665720
3665721
3665722
3665723
3665724
3665725
3665726
3665727
3665728
3665729
3665730
3665731
3665732
3665733
3665734
3665735
3665736
3665737
3665738
3665739
3665740
3665741
3665742
3665743
3665744
3665745
3665746
3665747
3665748
3665749
3665750
3665751
3665752
3665753
3665754
3665755
3665756
3665757
3665758
3665759
3665760
3665761
3665762
3665763
3665764
3665765
3665766
3665767
3665768
3665769
3665770
3665771
3665772
3665773
3665774
3665775
3665776
3665777
3665778
3665779
3665780
3665781
3665782
3665783
3665784
3665785
3665786
3665787
3665788
3665789
3665790
3665791
3665792
3665793
3665794
3665795
3665796
3665797
3665798
3665799
3665800
3665801
3665802
3665803
3665804
3665805
3665806
3665807
3665808
3665809
3665810
3665811
3665812
3665813
3665814
3665815
3665816
3665817
3665818
3665819
3665820
3665821
3665822
3665823
3665824
3665825
3665826
3665827
3665828
3665829
3665830
3665831
3665832
3665833
3665834
3665835
3665836
3665837
3665838
3665839
3665840
3665841
3665842
3665843
3665844
3665845
3665846
3665847
3665848
3665849
3665850
3665851
3665852
3665853
3665854
3665855
3665856
3665857
3665858
3665859
3665860
3665861
3665862
3665863
3665864
3665865
3665866
3665867
3665868
3665869
3665870
3665871
3665872
3665873
3665874
3665875
3665876
3665877
3665878
3665879
3665880
3665881
3665882
3665883
3665884
3665885
3665886
3665887
3665888
3665889
3665890
3665891
3665892
3665893
3665894
3665895
3665896
3665897
3665898
3665899
3665900
3665901
3665902
3665903
3665904
3665905
3665906
3665907
3665908
3665909
3665910
3665911
3665912
3665913
3665914
3665915
3665916
3665917
3665918
3665919
3665920
3665921
3665922
3665923
3665924
3665925
3665926
3665927
3665928
3665929
3665930
3665931
3665932
3665933
3665934
3665935
3665936
3665937
3665938
3665939
3665940
3665941
3665942
3665943
3665944
3665945
3665946
3665947
3665948
3665949
3665950
3665951
3665952
3665953
3665954
3665955
3665956
3665957
3665958
3665959
3665960
3665961
3665962
3665963
3665964
3665965
3665966
3665967
3665968
3665969
3665970
3665971
3665972
3665973
3665974
3665975
3665976
3665977
3665978
3665979
3665980
3665981
3665982
3665983
3665984
3665985
3665986
3665987
3665988
3665989
3665990
3665991
3665992
3665993
3665994
3665995
3665996
3665997
3665998
3665999
3666000
3666001
3666002
3666003
3666004
3666005
3666006
3666007
3666008
3666009
3666010
3666011
3666012
3666013
3666014
3666015
3666016
3666017
3666018
3666019
3666020
3666021
3666022
3666023
3666024
3666025
3666026
3666027
3666028
3666029
3666030
3666031
3666032
3666033
3666034
3666035
3666036
3666037
3666038
3666039
3666040
3666041
3666042
3666043
3666044
3666045
3666046
3666047
3666048
3666049
3666050
3666051
3666052
3666053
3666054
3666055
3666056
3666057
3666058
3666059
3666060
3666061
3666062
3666063
3666064
3666065
3666066
3666067
3666068
3666069
3666070
3666071
3666072
3666073
3666074
3666075
3666076
3666077
3666078
3666079
3666080
3666081
3666082
3666083
3666084
3666085
3666086
3666087
3666088
3666089
3666090
3666091
3666092
3666093
3666094
3666095
3666096
3666097
3666098
3666099
3666100
3666101
3666102
3666103
3666104
3666105
3666106
3666107
3666108
3666109
3666110
3666111
3666112
3666113
3666114
3666115
3666116
3666117
3666118
3666119
3666120
3666121
3666122
3666123
3666124
3666125
3666126
3666127
3666128
3666129
3666130
3666131
3666132
3666133
3666134
3666135
3666136
3666137
3666138
3666139
3666140
3666141
3666142
3666143
3666144
3666145
3666146
3666147
3666148
3666149
3666150
3666151
3666152
3666153
3666154
3666155
3666156
3666157
3666158
3666159
3666160
3666161
3666162
3666163
3666164
3666165
3666166
3666167
3666168
3666169
3666170
3666171
3666172
3666173
3666174
3666175
3666176
3666177
3666178
3666179
3666180
3666181
3666182
3666183
3666184
3666185
3666186
3666187
3666188
3666189
3666190
3666191
3666192
3666193
3666194
3666195
3666196
3666197
3666198
3666199
3666200
3666201
3666202
3666203
3666204
3666205
3666206
3666207
3666208
3666209
3666210
3666211
3666212
3666213
3666214
3666215
3666216
3666217
3666218
3666219
3666220
3666221
3666222
3666223
3666224
3666225
3666226
3666227
3666228
3666229
3666230
3666231
3666232
3666233
3666234
3666235
3666236
3666237
3666238
3666239
3666240
3666241
3666242
3666243
3666244
3666245
3666246
3666247
3666248
3666249
3666250
3666251
3666252
3666253
3666254
3666255
3666256
3666257
3666258
3666259
3666260
3666261
3666262
3666263
3666264
3666265
3666266
3666267
3666268
3666269
3666270
3666271
3666272
3666273
3666274
3666275
3666276
3666277
3666278
3666279
3666280
3666281
3666282
3666283
3666284
3666285
3666286
3666287
3666288
3666289
3666290
3666291
3666292
3666293
3666294
3666295
3666296
3666297
3666298
3666299
3666300
3666301
3666302
3666303
3666304
3666305
3666306
3666307
3666308
3666309
3666310
3666311
3666312
3666313
3666314
3666315
3666316
3666317
3666318
3666319
3666320
3666321
3666322
3666323
3666324
3666325
3666326
3666327
3666328
3666329
3666330
3666331
3666332
3666333
3666334
3666335
3666336
3666337
3666338
3666339
3666340
3666341
3666342
3666343
3666344
3666345
3666346
3666347
3666348
3666349
3666350
3666351
3666352
3666353
3666354
3666355
3666356
3666357
3666358
3666359
3666360
3666361
3666362
3666363
3666364
3666365
3666366
3666367
3666368
3666369
3666370
3666371
3666372
3666373
3666374
3666375
3666376
3666377
3666378
3666379
3666380
3666381
3666382
3666383
3666384
3666385
3666386
3666387
3666388
3666389
3666390
3666391
3666392
3666393
3666394
3666395
3666396
3666397
3666398
3666399
3666400
3666401
3666402
3666403
3666404
3666405
3666406
3666407
3666408
3666409
3666410
3666411
3666412
3666413
3666414
3666415
3666416
3666417
3666418
3666419
3666420
3666421
3666422
3666423
3666424
3666425
3666426
3666427
3666428
3666429
3666430
3666431
3666432
3666433
3666434
3666435
3666436
3666437
3666438
3666439
3666440
3666441
3666442
3666443
3666444
3666445
3666446
3666447
3666448
3666449
3666450
3666451
3666452
3666453
3666454
3666455
3666456
3666457
3666458
3666459
3666460
3666461
3666462
3666463
3666464
3666465
3666466
3666467
3666468
3666469
3666470
3666471
3666472
3666473
3666474
3666475
3666476
3666477
3666478
3666479
3666480
3666481
3666482
3666483
3666484
3666485
3666486
3666487
3666488
3666489
3666490
3666491
3666492
3666493
3666494
3666495
3666496
3666497
3666498
3666499
3666500
3666501
3666502
3666503
3666504
3666505
3666506
3666507
3666508
3666509
3666510
3666511
3666512
3666513
3666514
3666515
3666516
3666517
3666518
3666519
3666520
3666521
3666522
3666523
3666524
3666525
3666526
3666527
3666528
3666529
3666530
3666531
3666532
3666533
3666534
3666535
3666536
3666537
3666538
3666539
3666540
3666541
3666542
3666543
3666544
3666545
3666546
3666547
3666548
3666549
3666550
3666551
3666552
3666553
3666554
3666555
3666556
3666557
3666558
3666559
3666560
3666561
3666562
3666563
3666564
3666565
3666566
3666567
3666568
3666569
3666570
3666571
3666572
3666573
3666574
3666575
3666576
3666577
3666578
3666579
3666580
3666581
3666582
3666583
3666584
3666585
3666586
3666587
3666588
3666589
3666590
3666591
3666592
3666593
3666594
3666595
3666596
3666597
3666598
3666599
3666600
3666601
3666602
3666603
3666604
3666605
3666606
3666607
3666608
3666609
3666610
3666611
3666612
3666613
3666614
3666615
3666616
3666617
3666618
3666619
3666620
3666621
3666622
3666623
3666624
3666625
3666626
3666627
3666628
3666629
3666630
3666631
3666632
3666633
3666634
3666635
3666636
3666637
3666638
3666639
3666640
3666641
3666642
3666643
3666644
3666645
3666646
3666647
3666648
3666649
3666650
3666651
3666652
3666653
3666654
3666655
3666656
3666657
3666658
3666659
3666660
3666661
3666662
3666663
3666664
3666665
3666666
3666667
3666668
3666669
3666670
3666671
3666672
3666673
3666674
3666675
3666676
3666677
3666678
3666679
3666680
3666681
3666682
3666683
3666684
3666685
3666686
3666687
3666688
3666689
3666690
3666691
3666692
3666693
3666694
3666695
3666696
3666697
3666698
3666699
3666700
3666701
3666702
3666703
3666704
3666705
3666706
3666707
3666708
3666709
3666710
3666711
3666712
3666713
3666714
3666715
3666716
3666717
3666718
3666719
3666720
3666721
3666722
3666723
3666724
3666725
3666726
3666727
3666728
3666729
3666730
3666731
3666732
3666733
3666734
3666735
3666736
3666737
3666738
3666739
3666740
3666741
3666742
3666743
3666744
3666745
3666746
3666747
3666748
3666749
3666750
3666751
3666752
3666753
3666754
3666755
3666756
3666757
3666758
3666759
3666760
3666761
3666762
3666763
3666764
3666765
3666766
3666767
3666768
3666769
3666770
3666771
3666772
3666773
3666774
3666775
3666776
3666777
3666778
3666779
3666780
3666781
3666782
3666783
3666784
3666785
3666786
3666787
3666788
3666789
3666790
3666791
3666792
3666793
3666794
3666795
3666796
3666797
3666798
3666799
3666800
3666801
3666802
3666803
3666804
3666805
3666806
3666807
3666808
3666809
3666810
3666811
3666812
3666813
3666814
3666815
3666816
3666817
3666818
3666819
3666820
3666821
3666822
3666823
3666824
3666825
3666826
3666827
3666828
3666829
3666830
3666831
3666832
3666833
3666834
3666835
3666836
3666837
3666838
3666839
3666840
3666841
3666842
3666843
3666844
3666845
3666846
3666847
3666848
3666849
3666850
3666851
3666852
3666853
3666854
3666855
3666856
3666857
3666858
3666859
3666860
3666861
3666862
3666863
3666864
3666865
3666866
3666867
3666868
3666869
3666870
3666871
3666872
3666873
3666874
3666875
3666876
3666877
3666878
3666879
3666880
3666881
3666882
3666883
3666884
3666885
3666886
3666887
3666888
3666889
3666890
3666891
3666892
3666893
3666894
3666895
3666896
3666897
3666898
3666899
3666900
3666901
3666902
3666903
3666904
3666905
3666906
3666907
3666908
3666909
3666910
3666911
3666912
3666913
3666914
3666915
3666916
3666917
3666918
3666919
3666920
3666921
3666922
3666923
3666924
3666925
3666926
3666927
3666928
3666929
3666930
3666931
3666932
3666933
3666934
3666935
3666936
3666937
3666938
3666939
3666940
3666941
3666942
3666943
3666944
3666945
3666946
3666947
3666948
3666949
3666950
3666951
3666952
3666953
3666954
3666955
3666956
3666957
3666958
3666959
3666960
3666961
3666962
3666963
3666964
3666965
3666966
3666967
3666968
3666969
3666970
3666971
3666972
3666973
3666974
3666975
3666976
3666977
3666978
3666979
3666980
3666981
3666982
3666983
3666984
3666985
3666986
3666987
3666988
3666989
3666990
3666991
3666992
3666993
3666994
3666995
3666996
3666997
3666998
3666999
3667000
3667001
3667002
3667003
3667004
3667005
3667006
3667007
3667008
3667009
3667010
3667011
3667012
3667013
3667014
3667015
3667016
3667017
3667018
3667019
3667020
3667021
3667022
3667023
3667024
3667025
3667026
3667027
3667028
3667029
3667030
3667031
3667032
3667033
3667034
3667035
3667036
3667037
3667038
3667039
3667040
3667041
3667042
3667043
3667044
3667045
3667046
3667047
3667048
3667049
3667050
3667051
3667052
3667053
3667054
3667055
3667056
3667057
3667058
3667059
3667060
3667061
3667062
3667063
3667064
3667065
3667066
3667067
3667068
3667069
3667070
3667071
3667072
3667073
3667074
3667075
3667076
3667077
3667078
3667079
3667080
3667081
3667082
3667083
3667084
3667085
3667086
3667087
3667088
3667089
3667090
3667091
3667092
3667093
3667094
3667095
3667096
3667097
3667098
3667099
3667100
3667101
3667102
3667103
3667104
3667105
3667106
3667107
3667108
3667109
3667110
3667111
3667112
3667113
3667114
3667115
3667116
3667117
3667118
3667119
3667120
3667121
3667122
3667123
3667124
3667125
3667126
3667127
3667128
3667129
3667130
3667131
3667132
3667133
3667134
3667135
3667136
3667137
3667138
3667139
3667140
3667141
3667142
3667143
3667144
3667145
3667146
3667147
3667148
3667149
3667150
3667151
3667152
3667153
3667154
3667155
3667156
3667157
3667158
3667159
3667160
3667161
3667162
3667163
3667164
3667165
3667166
3667167
3667168
3667169
3667170
3667171
3667172
3667173
3667174
3667175
3667176
3667177
3667178
3667179
3667180
3667181
3667182
3667183
3667184
3667185
3667186
3667187
3667188
3667189
3667190
3667191
3667192
3667193
3667194
3667195
3667196
3667197
3667198
3667199
3667200
3667201
3667202
3667203
3667204
3667205
3667206
3667207
3667208
3667209
3667210
3667211
3667212
3667213
3667214
3667215
3667216
3667217
3667218
3667219
3667220
3667221
3667222
3667223
3667224
3667225
3667226
3667227
3667228
3667229
3667230
3667231
3667232
3667233
3667234
3667235
3667236
3667237
3667238
3667239
3667240
3667241
3667242
3667243
3667244
3667245
3667246
3667247
3667248
3667249
3667250
3667251
3667252
3667253
3667254
3667255
3667256
3667257
3667258
3667259
3667260
3667261
3667262
3667263
3667264
3667265
3667266
3667267
3667268
3667269
3667270
3667271
3667272
3667273
3667274
3667275
3667276
3667277
3667278
3667279
3667280
3667281
3667282
3667283
3667284
3667285
3667286
3667287
3667288
3667289
3667290
3667291
3667292
3667293
3667294
3667295
3667296
3667297
3667298
3667299
3667300
3667301
3667302
3667303
3667304
3667305
3667306
3667307
3667308
3667309
3667310
3667311
3667312
3667313
3667314
3667315
3667316
3667317
3667318
3667319
3667320
3667321
3667322
3667323
3667324
3667325
3667326
3667327
3667328
3667329
3667330
3667331
3667332
3667333
3667334
3667335
3667336
3667337
3667338
3667339
3667340
3667341
3667342
3667343
3667344
3667345
3667346
3667347
3667348
3667349
3667350
3667351
3667352
3667353
3667354
3667355
3667356
3667357
3667358
3667359
3667360
3667361
3667362
3667363
3667364
3667365
3667366
3667367
3667368
3667369
3667370
3667371
3667372
3667373
3667374
3667375
3667376
3667377
3667378
3667379
3667380
3667381
3667382
3667383
3667384
3667385
3667386
3667387
3667388
3667389
3667390
3667391
3667392
3667393
3667394
3667395
3667396
3667397
3667398
3667399
3667400
3667401
3667402
3667403
3667404
3667405
3667406
3667407
3667408
3667409
3667410
3667411
3667412
3667413
3667414
3667415
3667416
3667417
3667418
3667419
3667420
3667421
3667422
3667423
3667424
3667425
3667426
3667427
3667428
3667429
3667430
3667431
3667432
3667433
3667434
3667435
3667436
3667437
3667438
3667439
3667440
3667441
3667442
3667443
3667444
3667445
3667446
3667447
3667448
3667449
3667450
3667451
3667452
3667453
3667454
3667455
3667456
3667457
3667458
3667459
3667460
3667461
3667462
3667463
3667464
3667465
3667466
3667467
3667468
3667469
3667470
3667471
3667472
3667473
3667474
3667475
3667476
3667477
3667478
3667479
3667480
3667481
3667482
3667483
3667484
3667485
3667486
3667487
3667488
3667489
3667490
3667491
3667492
3667493
3667494
3667495
3667496
3667497
3667498
3667499
3667500
3667501
3667502
3667503
3667504
3667505
3667506
3667507
3667508
3667509
3667510
3667511
3667512
3667513
3667514
3667515
3667516
3667517
3667518
3667519
3667520
3667521
3667522
3667523
3667524
3667525
3667526
3667527
3667528
3667529
3667530
3667531
3667532
3667533
3667534
3667535
3667536
3667537
3667538
3667539
3667540
3667541
3667542
3667543
3667544
3667545
3667546
3667547
3667548
3667549
3667550
3667551
3667552
3667553
3667554
3667555
3667556
3667557
3667558
3667559
3667560
3667561
3667562
3667563
3667564
3667565
3667566
3667567
3667568
3667569
3667570
3667571
3667572
3667573
3667574
3667575
3667576
3667577
3667578
3667579
3667580
3667581
3667582
3667583
3667584
3667585
3667586
3667587
3667588
3667589
3667590
3667591
3667592
3667593
3667594
3667595
3667596
3667597
3667598
3667599
3667600
3667601
3667602
3667603
3667604
3667605
3667606
3667607
3667608
3667609
3667610
3667611
3667612
3667613
3667614
3667615
3667616
3667617
3667618
3667619
3667620
3667621
3667622
3667623
3667624
3667625
3667626
3667627
3667628
3667629
3667630
3667631
3667632
3667633
3667634
3667635
3667636
3667637
3667638
3667639
3667640
3667641
3667642
3667643
3667644
3667645
3667646
3667647
3667648
3667649
3667650
3667651
3667652
3667653
3667654
3667655
3667656
3667657
3667658
3667659
3667660
3667661
3667662
3667663
3667664
3667665
3667666
3667667
3667668
3667669
3667670
3667671
3667672
3667673
3667674
3667675
3667676
3667677
3667678
3667679
3667680
3667681
3667682
3667683
3667684
3667685
3667686
3667687
3667688
3667689
3667690
3667691
3667692
3667693
3667694
3667695
3667696
3667697
3667698
3667699
3667700
3667701
3667702
3667703
3667704
3667705
3667706
3667707
3667708
3667709
3667710
3667711
3667712
3667713
3667714
3667715
3667716
3667717
3667718
3667719
3667720
3667721
3667722
3667723
3667724
3667725
3667726
3667727
3667728
3667729
3667730
3667731
3667732
3667733
3667734
3667735
3667736
3667737
3667738
3667739
3667740
3667741
3667742
3667743
3667744
3667745
3667746
3667747
3667748
3667749
3667750
3667751
3667752
3667753
3667754
3667755
3667756
3667757
3667758
3667759
3667760
3667761
3667762
3667763
3667764
3667765
3667766
3667767
3667768
3667769
3667770
3667771
3667772
3667773
3667774
3667775
3667776
3667777
3667778
3667779
3667780
3667781
3667782
3667783
3667784
3667785
3667786
3667787
3667788
3667789
3667790
3667791
3667792
3667793
3667794
3667795
3667796
3667797
3667798
3667799
3667800
3667801
3667802
3667803
3667804
3667805
3667806
3667807
3667808
3667809
3667810
3667811
3667812
3667813
3667814
3667815
3667816
3667817
3667818
3667819
3667820
3667821
3667822
3667823
3667824
3667825
3667826
3667827
3667828
3667829
3667830
3667831
3667832
3667833
3667834
3667835
3667836
3667837
3667838
3667839
3667840
3667841
3667842
3667843
3667844
3667845
3667846
3667847
3667848
3667849
3667850
3667851
3667852
3667853
3667854
3667855
3667856
3667857
3667858
3667859
3667860
3667861
3667862
3667863
3667864
3667865
3667866
3667867
3667868
3667869
3667870
3667871
3667872
3667873
3667874
3667875
3667876
3667877
3667878
3667879
3667880
3667881
3667882
3667883
3667884
3667885
3667886
3667887
3667888
3667889
3667890
3667891
3667892
3667893
3667894
3667895
3667896
3667897
3667898
3667899
3667900
3667901
3667902
3667903
3667904
3667905
3667906
3667907
3667908
3667909
3667910
3667911
3667912
3667913
3667914
3667915
3667916
3667917
3667918
3667919
3667920
3667921
3667922
3667923
3667924
3667925
3667926
3667927
3667928
3667929
3667930
3667931
3667932
3667933
3667934
3667935
3667936
3667937
3667938
3667939
3667940
3667941
3667942
3667943
3667944
3667945
3667946
3667947
3667948
3667949
3667950
3667951
3667952
3667953
3667954
3667955
3667956
3667957
3667958
3667959
3667960
3667961
3667962
3667963
3667964
3667965
3667966
3667967
3667968
3667969
3667970
3667971
3667972
3667973
3667974
3667975
3667976
3667977
3667978
3667979
3667980
3667981
3667982
3667983
3667984
3667985
3667986
3667987
3667988
3667989
3667990
3667991
3667992
3667993
3667994
3667995
3667996
3667997
3667998
3667999
3668000
3668001
3668002
3668003
3668004
3668005
3668006
3668007
3668008
3668009
3668010
3668011
3668012
3668013
3668014
3668015
3668016
3668017
3668018
3668019
3668020
3668021
3668022
3668023
3668024
3668025
3668026
3668027
3668028
3668029
3668030
3668031
3668032
3668033
3668034
3668035
3668036
3668037
3668038
3668039
3668040
3668041
3668042
3668043
3668044
3668045
3668046
3668047
3668048
3668049
3668050
3668051
3668052
3668053
3668054
3668055
3668056
3668057
3668058
3668059
3668060
3668061
3668062
3668063
3668064
3668065
3668066
3668067
3668068
3668069
3668070
3668071
3668072
3668073
3668074
3668075
3668076
3668077
3668078
3668079
3668080
3668081
3668082
3668083
3668084
3668085
3668086
3668087
3668088
3668089
3668090
3668091
3668092
3668093
3668094
3668095
3668096
3668097
3668098
3668099
3668100
3668101
3668102
3668103
3668104
3668105
3668106
3668107
3668108
3668109
3668110
3668111
3668112
3668113
3668114
3668115
3668116
3668117
3668118
3668119
3668120
3668121
3668122
3668123
3668124
3668125
3668126
3668127
3668128
3668129
3668130
3668131
3668132
3668133
3668134
3668135
3668136
3668137
3668138
3668139
3668140
3668141
3668142
3668143
3668144
3668145
3668146
3668147
3668148
3668149
3668150
3668151
3668152
3668153
3668154
3668155
3668156
3668157
3668158
3668159
3668160
3668161
3668162
3668163
3668164
3668165
3668166
3668167
3668168
3668169
3668170
3668171
3668172
3668173
3668174
3668175
3668176
3668177
3668178
3668179
3668180
3668181
3668182
3668183
3668184
3668185
3668186
3668187
3668188
3668189
3668190
3668191
3668192
3668193
3668194
3668195
3668196
3668197
3668198
3668199
3668200
3668201
3668202
3668203
3668204
3668205
3668206
3668207
3668208
3668209
3668210
3668211
3668212
3668213
3668214
3668215
3668216
3668217
3668218
3668219
3668220
3668221
3668222
3668223
3668224
3668225
3668226
3668227
3668228
3668229
3668230
3668231
3668232
3668233
3668234
3668235
3668236
3668237
3668238
3668239
3668240
3668241
3668242
3668243
3668244
3668245
3668246
3668247
3668248
3668249
3668250
3668251
3668252
3668253
3668254
3668255
3668256
3668257
3668258
3668259
3668260
3668261
3668262
3668263
3668264
3668265
3668266
3668267
3668268
3668269
3668270
3668271
3668272
3668273
3668274
3668275
3668276
3668277
3668278
3668279
3668280
3668281
3668282
3668283
3668284
3668285
3668286
3668287
3668288
3668289
3668290
3668291
3668292
3668293
3668294
3668295
3668296
3668297
3668298
3668299
3668300
3668301
3668302
3668303
3668304
3668305
3668306
3668307
3668308
3668309
3668310
3668311
3668312
3668313
3668314
3668315
3668316
3668317
3668318
3668319
3668320
3668321
3668322
3668323
3668324
3668325
3668326
3668327
3668328
3668329
3668330
3668331
3668332
3668333
3668334
3668335
3668336
3668337
3668338
3668339
3668340
3668341
3668342
3668343
3668344
3668345
3668346
3668347
3668348
3668349
3668350
3668351
3668352
3668353
3668354
3668355
3668356
3668357
3668358
3668359
3668360
3668361
3668362
3668363
3668364
3668365
3668366
3668367
3668368
3668369
3668370
3668371
3668372
3668373
3668374
3668375
3668376
3668377
3668378
3668379
3668380
3668381
3668382
3668383
3668384
3668385
3668386
3668387
3668388
3668389
3668390
3668391
3668392
3668393
3668394
3668395
3668396
3668397
3668398
3668399
3668400
3668401
3668402
3668403
3668404
3668405
3668406
3668407
3668408
3668409
3668410
3668411
3668412
3668413
3668414
3668415
3668416
3668417
3668418
3668419
3668420
3668421
3668422
3668423
3668424
3668425
3668426
3668427
3668428
3668429
3668430
3668431
3668432
3668433
3668434
3668435
3668436
3668437
3668438
3668439
3668440
3668441
3668442
3668443
3668444
3668445
3668446
3668447
3668448
3668449
3668450
3668451
3668452
3668453
3668454
3668455
3668456
3668457
3668458
3668459
3668460
3668461
3668462
3668463
3668464
3668465
3668466
3668467
3668468
3668469
3668470
3668471
3668472
3668473
3668474
3668475
3668476
3668477
3668478
3668479
3668480
3668481
3668482
3668483
3668484
3668485
3668486
3668487
3668488
3668489
3668490
3668491
3668492
3668493
3668494
3668495
3668496
3668497
3668498
3668499
3668500
3668501
3668502
3668503
3668504
3668505
3668506
3668507
3668508
3668509
3668510
3668511
3668512
3668513
3668514
3668515
3668516
3668517
3668518
3668519
3668520
3668521
3668522
3668523
3668524
3668525
3668526
3668527
3668528
3668529
3668530
3668531
3668532
3668533
3668534
3668535
3668536
3668537
3668538
3668539
3668540
3668541
3668542
3668543
3668544
3668545
3668546
3668547
3668548
3668549
3668550
3668551
3668552
3668553
3668554
3668555
3668556
3668557
3668558
3668559
3668560
3668561
3668562
3668563
3668564
3668565
3668566
3668567
3668568
3668569
3668570
3668571
3668572
3668573
3668574
3668575
3668576
3668577
3668578
3668579
3668580
3668581
3668582
3668583
3668584
3668585
3668586
3668587
3668588
3668589
3668590
3668591
3668592
3668593
3668594
3668595
3668596
3668597
3668598
3668599
3668600
3668601
3668602
3668603
3668604
3668605
3668606
3668607
3668608
3668609
3668610
3668611
3668612
3668613
3668614
3668615
3668616
3668617
3668618
3668619
3668620
3668621
3668622
3668623
3668624
3668625
3668626
3668627
3668628
3668629
3668630
3668631
3668632
3668633
3668634
3668635
3668636
3668637
3668638
3668639
3668640
3668641
3668642
3668643
3668644
3668645
3668646
3668647
3668648
3668649
3668650
3668651
3668652
3668653
3668654
3668655
3668656
3668657
3668658
3668659
3668660
3668661
3668662
3668663
3668664
3668665
3668666
3668667
3668668
3668669
3668670
3668671
3668672
3668673
3668674
3668675
3668676
3668677
3668678
3668679
3668680
3668681
3668682
3668683
3668684
3668685
3668686
3668687
3668688
3668689
3668690
3668691
3668692
3668693
3668694
3668695
3668696
3668697
3668698
3668699
3668700
3668701
3668702
3668703
3668704
3668705
3668706
3668707
3668708
3668709
3668710
3668711
3668712
3668713
3668714
3668715
3668716
3668717
3668718
3668719
3668720
3668721
3668722
3668723
3668724
3668725
3668726
3668727
3668728
3668729
3668730
3668731
3668732
3668733
3668734
3668735
3668736
3668737
3668738
3668739
3668740
3668741
3668742
3668743
3668744
3668745
3668746
3668747
3668748
3668749
3668750
3668751
3668752
3668753
3668754
3668755
3668756
3668757
3668758
3668759
3668760
3668761
3668762
3668763
3668764
3668765
3668766
3668767
3668768
3668769
3668770
3668771
3668772
3668773
3668774
3668775
3668776
3668777
3668778
3668779
3668780
3668781
3668782
3668783
3668784
3668785
3668786
3668787
3668788
3668789
3668790
3668791
3668792
3668793
3668794
3668795
3668796
3668797
3668798
3668799
3668800
3668801
3668802
3668803
3668804
3668805
3668806
3668807
3668808
3668809
3668810
3668811
3668812
3668813
3668814
3668815
3668816
3668817
3668818
3668819
3668820
3668821
3668822
3668823
3668824
3668825
3668826
3668827
3668828
3668829
3668830
3668831
3668832
3668833
3668834
3668835
3668836
3668837
3668838
3668839
3668840
3668841
3668842
3668843
3668844
3668845
3668846
3668847
3668848
3668849
3668850
3668851
3668852
3668853
3668854
3668855
3668856
3668857
3668858
3668859
3668860
3668861
3668862
3668863
3668864
3668865
3668866
3668867
3668868
3668869
3668870
3668871
3668872
3668873
3668874
3668875
3668876
3668877
3668878
3668879
3668880
3668881
3668882
3668883
3668884
3668885
3668886
3668887
3668888
3668889
3668890
3668891
3668892
3668893
3668894
3668895
3668896
3668897
3668898
3668899
3668900
3668901
3668902
3668903
3668904
3668905
3668906
3668907
3668908
3668909
3668910
3668911
3668912
3668913
3668914
3668915
3668916
3668917
3668918
3668919
3668920
3668921
3668922
3668923
3668924
3668925
3668926
3668927
3668928
3668929
3668930
3668931
3668932
3668933
3668934
3668935
3668936
3668937
3668938
3668939
3668940
3668941
3668942
3668943
3668944
3668945
3668946
3668947
3668948
3668949
3668950
3668951
3668952
3668953
3668954
3668955
3668956
3668957
3668958
3668959
3668960
3668961
3668962
3668963
3668964
3668965
3668966
3668967
3668968
3668969
3668970
3668971
3668972
3668973
3668974
3668975
3668976
3668977
3668978
3668979
3668980
3668981
3668982
3668983
3668984
3668985
3668986
3668987
3668988
3668989
3668990
3668991
3668992
3668993
3668994
3668995
3668996
3668997
3668998
3668999
3669000
3669001
3669002
3669003
3669004
3669005
3669006
3669007
3669008
3669009
3669010
3669011
3669012
3669013
3669014
3669015
3669016
3669017
3669018
3669019
3669020
3669021
3669022
3669023
3669024
3669025
3669026
3669027
3669028
3669029
3669030
3669031
3669032
3669033
3669034
3669035
3669036
3669037
3669038
3669039
3669040
3669041
3669042
3669043
3669044
3669045
3669046
3669047
3669048
3669049
3669050
3669051
3669052
3669053
3669054
3669055
3669056
3669057
3669058
3669059
3669060
3669061
3669062
3669063
3669064
3669065
3669066
3669067
3669068
3669069
3669070
3669071
3669072
3669073
3669074
3669075
3669076
3669077
3669078
3669079
3669080
3669081
3669082
3669083
3669084
3669085
3669086
3669087
3669088
3669089
3669090
3669091
3669092
3669093
3669094
3669095
3669096
3669097
3669098
3669099
3669100
3669101
3669102
3669103
3669104
3669105
3669106
3669107
3669108
3669109
3669110
3669111
3669112
3669113
3669114
3669115
3669116
3669117
3669118
3669119
3669120
3669121
3669122
3669123
3669124
3669125
3669126
3669127
3669128
3669129
3669130
3669131
3669132
3669133
3669134
3669135
3669136
3669137
3669138
3669139
3669140
3669141
3669142
3669143
3669144
3669145
3669146
3669147
3669148
3669149
3669150
3669151
3669152
3669153
3669154
3669155
3669156
3669157
3669158
3669159
3669160
3669161
3669162
3669163
3669164
3669165
3669166
3669167
3669168
3669169
3669170
3669171
3669172
3669173
3669174
3669175
3669176
3669177
3669178
3669179
3669180
3669181
3669182
3669183
3669184
3669185
3669186
3669187
3669188
3669189
3669190
3669191
3669192
3669193
3669194
3669195
3669196
3669197
3669198
3669199
3669200
3669201
3669202
3669203
3669204
3669205
3669206
3669207
3669208
3669209
3669210
3669211
3669212
3669213
3669214
3669215
3669216
3669217
3669218
3669219
3669220
3669221
3669222
3669223
3669224
3669225
3669226
3669227
3669228
3669229
3669230
3669231
3669232
3669233
3669234
3669235
3669236
3669237
3669238
3669239
3669240
3669241
3669242
3669243
3669244
3669245
3669246
3669247
3669248
3669249
3669250
3669251
3669252
3669253
3669254
3669255
3669256
3669257
3669258
3669259
3669260
3669261
3669262
3669263
3669264
3669265
3669266
3669267
3669268
3669269
3669270
3669271
3669272
3669273
3669274
3669275
3669276
3669277
3669278
3669279
3669280
3669281
3669282
3669283
3669284
3669285
3669286
3669287
3669288
3669289
3669290
3669291
3669292
3669293
3669294
3669295
3669296
3669297
3669298
3669299
3669300
3669301
3669302
3669303
3669304
3669305
3669306
3669307
3669308
3669309
3669310
3669311
3669312
3669313
3669314
3669315
3669316
3669317
3669318
3669319
3669320
3669321
3669322
3669323
3669324
3669325
3669326
3669327
3669328
3669329
3669330
3669331
3669332
3669333
3669334
3669335
3669336
3669337
3669338
3669339
3669340
3669341
3669342
3669343
3669344
3669345
3669346
3669347
3669348
3669349
3669350
3669351
3669352
3669353
3669354
3669355
3669356
3669357
3669358
3669359
3669360
3669361
3669362
3669363
3669364
3669365
3669366
3669367
3669368
3669369
3669370
3669371
3669372
3669373
3669374
3669375
3669376
3669377
3669378
3669379
3669380
3669381
3669382
3669383
3669384
3669385
3669386
3669387
3669388
3669389
3669390
3669391
3669392
3669393
3669394
3669395
3669396
3669397
3669398
3669399
3669400
3669401
3669402
3669403
3669404
3669405
3669406
3669407
3669408
3669409
3669410
3669411
3669412
3669413
3669414
3669415
3669416
3669417
3669418
3669419
3669420
3669421
3669422
3669423
3669424
3669425
3669426
3669427
3669428
3669429
3669430
3669431
3669432
3669433
3669434
3669435
3669436
3669437
3669438
3669439
3669440
3669441
3669442
3669443
3669444
3669445
3669446
3669447
3669448
3669449
3669450
3669451
3669452
3669453
3669454
3669455
3669456
3669457
3669458
3669459
3669460
3669461
3669462
3669463
3669464
3669465
3669466
3669467
3669468
3669469
3669470
3669471
3669472
3669473
3669474
3669475
3669476
3669477
3669478
3669479
3669480
3669481
3669482
3669483
3669484
3669485
3669486
3669487
3669488
3669489
3669490
3669491
3669492
3669493
3669494
3669495
3669496
3669497
3669498
3669499
3669500
3669501
3669502
3669503
3669504
3669505
3669506
3669507
3669508
3669509
3669510
3669511
3669512
3669513
3669514
3669515
3669516
3669517
3669518
3669519
3669520
3669521
3669522
3669523
3669524
3669525
3669526
3669527
3669528
3669529
3669530
3669531
3669532
3669533
3669534
3669535
3669536
3669537
3669538
3669539
3669540
3669541
3669542
3669543
3669544
3669545
3669546
3669547
3669548
3669549
3669550
3669551
3669552
3669553
3669554
3669555
3669556
3669557
3669558
3669559
3669560
3669561
3669562
3669563
3669564
3669565
3669566
3669567
3669568
3669569
3669570
3669571
3669572
3669573
3669574
3669575
3669576
3669577
3669578
3669579
3669580
3669581
3669582
3669583
3669584
3669585
3669586
3669587
3669588
3669589
3669590
3669591
3669592
3669593
3669594
3669595
3669596
3669597
3669598
3669599
3669600
3669601
3669602
3669603
3669604
3669605
3669606
3669607
3669608
3669609
3669610
3669611
3669612
3669613
3669614
3669615
3669616
3669617
3669618
3669619
3669620
3669621
3669622
3669623
3669624
3669625
3669626
3669627
3669628
3669629
3669630
3669631
3669632
3669633
3669634
3669635
3669636
3669637
3669638
3669639
3669640
3669641
3669642
3669643
3669644
3669645
3669646
3669647
3669648
3669649
3669650
3669651
3669652
3669653
3669654
3669655
3669656
3669657
3669658
3669659
3669660
3669661
3669662
3669663
3669664
3669665
3669666
3669667
3669668
3669669
3669670
3669671
3669672
3669673
3669674
3669675
3669676
3669677
3669678
3669679
3669680
3669681
3669682
3669683
3669684
3669685
3669686
3669687
3669688
3669689
3669690
3669691
3669692
3669693
3669694
3669695
3669696
3669697
3669698
3669699
3669700
3669701
3669702
3669703
3669704
3669705
3669706
3669707
3669708
3669709
3669710
3669711
3669712
3669713
3669714
3669715
3669716
3669717
3669718
3669719
3669720
3669721
3669722
3669723
3669724
3669725
3669726
3669727
3669728
3669729
3669730
3669731
3669732
3669733
3669734
3669735
3669736
3669737
3669738
3669739
3669740
3669741
3669742
3669743
3669744
3669745
3669746
3669747
3669748
3669749
3669750
3669751
3669752
3669753
3669754
3669755
3669756
3669757
3669758
3669759
3669760
3669761
3669762
3669763
3669764
3669765
3669766
3669767
3669768
3669769
3669770
3669771
3669772
3669773
3669774
3669775
3669776
3669777
3669778
3669779
3669780
3669781
3669782
3669783
3669784
3669785
3669786
3669787
3669788
3669789
3669790
3669791
3669792
3669793
3669794
3669795
3669796
3669797
3669798
3669799
3669800
3669801
3669802
3669803
3669804
3669805
3669806
3669807
3669808
3669809
3669810
3669811
3669812
3669813
3669814
3669815
3669816
3669817
3669818
3669819
3669820
3669821
3669822
3669823
3669824
3669825
3669826
3669827
3669828
3669829
3669830
3669831
3669832
3669833
3669834
3669835
3669836
3669837
3669838
3669839
3669840
3669841
3669842
3669843
3669844
3669845
3669846
3669847
3669848
3669849
3669850
3669851
3669852
3669853
3669854
3669855
3669856
3669857
3669858
3669859
3669860
3669861
3669862
3669863
3669864
3669865
3669866
3669867
3669868
3669869
3669870
3669871
3669872
3669873
3669874
3669875
3669876
3669877
3669878
3669879
3669880
3669881
3669882
3669883
3669884
3669885
3669886
3669887
3669888
3669889
3669890
3669891
3669892
3669893
3669894
3669895
3669896
3669897
3669898
3669899
3669900
3669901
3669902
3669903
3669904
3669905
3669906
3669907
3669908
3669909
3669910
3669911
3669912
3669913
3669914
3669915
3669916
3669917
3669918
3669919
3669920
3669921
3669922
3669923
3669924
3669925
3669926
3669927
3669928
3669929
3669930
3669931
3669932
3669933
3669934
3669935
3669936
3669937
3669938
3669939
3669940
3669941
3669942
3669943
3669944
3669945
3669946
3669947
3669948
3669949
3669950
3669951
3669952
3669953
3669954
3669955
3669956
3669957
3669958
3669959
3669960
3669961
3669962
3669963
3669964
3669965
3669966
3669967
3669968
3669969
3669970
3669971
3669972
3669973
3669974
3669975
3669976
3669977
3669978
3669979
3669980
3669981
3669982
3669983
3669984
3669985
3669986
3669987
3669988
3669989
3669990
3669991
3669992
3669993
3669994
3669995
3669996
3669997
3669998
3669999
3670000
