3710001
3710002
3710003
3710004
3710005
3710006
3710007
3710008
3710009
3710010
3710011
3710012
3710013
3710014
3710015
3710016
3710017
3710018
3710019
3710020
3710021
3710022
3710023
3710024
3710025
3710026
3710027
3710028
3710029
3710030
3710031
3710032
3710033
3710034
3710035
3710036
3710037
3710038
3710039
3710040
3710041
3710042
3710043
3710044
3710045
3710046
3710047
3710048
3710049
3710050
3710051
3710052
3710053
3710054
3710055
3710056
3710057
3710058
3710059
3710060
3710061
3710062
3710063
3710064
3710065
3710066
3710067
3710068
3710069
3710070
3710071
3710072
3710073
3710074
3710075
3710076
3710077
3710078
3710079
3710080
3710081
3710082
3710083
3710084
3710085
3710086
3710087
3710088
3710089
3710090
3710091
3710092
3710093
3710094
3710095
3710096
3710097
3710098
3710099
3710100
3710101
3710102
3710103
3710104
3710105
3710106
3710107
3710108
3710109
3710110
3710111
3710112
3710113
3710114
3710115
3710116
3710117
3710118
3710119
3710120
3710121
3710122
3710123
3710124
3710125
3710126
3710127
3710128
3710129
3710130
3710131
3710132
3710133
3710134
3710135
3710136
3710137
3710138
3710139
3710140
3710141
3710142
3710143
3710144
3710145
3710146
3710147
3710148
3710149
3710150
3710151
3710152
3710153
3710154
3710155
3710156
3710157
3710158
3710159
3710160
3710161
3710162
3710163
3710164
3710165
3710166
3710167
3710168
3710169
3710170
3710171
3710172
3710173
3710174
3710175
3710176
3710177
3710178
3710179
3710180
3710181
3710182
3710183
3710184
3710185
3710186
3710187
3710188
3710189
3710190
3710191
3710192
3710193
3710194
3710195
3710196
3710197
3710198
3710199
3710200
3710201
3710202
3710203
3710204
3710205
3710206
3710207
3710208
3710209
3710210
3710211
3710212
3710213
3710214
3710215
3710216
3710217
3710218
3710219
3710220
3710221
3710222
3710223
3710224
3710225
3710226
3710227
3710228
3710229
3710230
3710231
3710232
3710233
3710234
3710235
3710236
3710237
3710238
3710239
3710240
3710241
3710242
3710243
3710244
3710245
3710246
3710247
3710248
3710249
3710250
3710251
3710252
3710253
3710254
3710255
3710256
3710257
3710258
3710259
3710260
3710261
3710262
3710263
3710264
3710265
3710266
3710267
3710268
3710269
3710270
3710271
3710272
3710273
3710274
3710275
3710276
3710277
3710278
3710279
3710280
3710281
3710282
3710283
3710284
3710285
3710286
3710287
3710288
3710289
3710290
3710291
3710292
3710293
3710294
3710295
3710296
3710297
3710298
3710299
3710300
3710301
3710302
3710303
3710304
3710305
3710306
3710307
3710308
3710309
3710310
3710311
3710312
3710313
3710314
3710315
3710316
3710317
3710318
3710319
3710320
3710321
3710322
3710323
3710324
3710325
3710326
3710327
3710328
3710329
3710330
3710331
3710332
3710333
3710334
3710335
3710336
3710337
3710338
3710339
3710340
3710341
3710342
3710343
3710344
3710345
3710346
3710347
3710348
3710349
3710350
3710351
3710352
3710353
3710354
3710355
3710356
3710357
3710358
3710359
3710360
3710361
3710362
3710363
3710364
3710365
3710366
3710367
3710368
3710369
3710370
3710371
3710372
3710373
3710374
3710375
3710376
3710377
3710378
3710379
3710380
3710381
3710382
3710383
3710384
3710385
3710386
3710387
3710388
3710389
3710390
3710391
3710392
3710393
3710394
3710395
3710396
3710397
3710398
3710399
3710400
3710401
3710402
3710403
3710404
3710405
3710406
3710407
3710408
3710409
3710410
3710411
3710412
3710413
3710414
3710415
3710416
3710417
3710418
3710419
3710420
3710421
3710422
3710423
3710424
3710425
3710426
3710427
3710428
3710429
3710430
3710431
3710432
3710433
3710434
3710435
3710436
3710437
3710438
3710439
3710440
3710441
3710442
3710443
3710444
3710445
3710446
3710447
3710448
3710449
3710450
3710451
3710452
3710453
3710454
3710455
3710456
3710457
3710458
3710459
3710460
3710461
3710462
3710463
3710464
3710465
3710466
3710467
3710468
3710469
3710470
3710471
3710472
3710473
3710474
3710475
3710476
3710477
3710478
3710479
3710480
3710481
3710482
3710483
3710484
3710485
3710486
3710487
3710488
3710489
3710490
3710491
3710492
3710493
3710494
3710495
3710496
3710497
3710498
3710499
3710500
3710501
3710502
3710503
3710504
3710505
3710506
3710507
3710508
3710509
3710510
3710511
3710512
3710513
3710514
3710515
3710516
3710517
3710518
3710519
3710520
3710521
3710522
3710523
3710524
3710525
3710526
3710527
3710528
3710529
3710530
3710531
3710532
3710533
3710534
3710535
3710536
3710537
3710538
3710539
3710540
3710541
3710542
3710543
3710544
3710545
3710546
3710547
3710548
3710549
3710550
3710551
3710552
3710553
3710554
3710555
3710556
3710557
3710558
3710559
3710560
3710561
3710562
3710563
3710564
3710565
3710566
3710567
3710568
3710569
3710570
3710571
3710572
3710573
3710574
3710575
3710576
3710577
3710578
3710579
3710580
3710581
3710582
3710583
3710584
3710585
3710586
3710587
3710588
3710589
3710590
3710591
3710592
3710593
3710594
3710595
3710596
3710597
3710598
3710599
3710600
3710601
3710602
3710603
3710604
3710605
3710606
3710607
3710608
3710609
3710610
3710611
3710612
3710613
3710614
3710615
3710616
3710617
3710618
3710619
3710620
3710621
3710622
3710623
3710624
3710625
3710626
3710627
3710628
3710629
3710630
3710631
3710632
3710633
3710634
3710635
3710636
3710637
3710638
3710639
3710640
3710641
3710642
3710643
3710644
3710645
3710646
3710647
3710648
3710649
3710650
3710651
3710652
3710653
3710654
3710655
3710656
3710657
3710658
3710659
3710660
3710661
3710662
3710663
3710664
3710665
3710666
3710667
3710668
3710669
3710670
3710671
3710672
3710673
3710674
3710675
3710676
3710677
3710678
3710679
3710680
3710681
3710682
3710683
3710684
3710685
3710686
3710687
3710688
3710689
3710690
3710691
3710692
3710693
3710694
3710695
3710696
3710697
3710698
3710699
3710700
3710701
3710702
3710703
3710704
3710705
3710706
3710707
3710708
3710709
3710710
3710711
3710712
3710713
3710714
3710715
3710716
3710717
3710718
3710719
3710720
3710721
3710722
3710723
3710724
3710725
3710726
3710727
3710728
3710729
3710730
3710731
3710732
3710733
3710734
3710735
3710736
3710737
3710738
3710739
3710740
3710741
3710742
3710743
3710744
3710745
3710746
3710747
3710748
3710749
3710750
3710751
3710752
3710753
3710754
3710755
3710756
3710757
3710758
3710759
3710760
3710761
3710762
3710763
3710764
3710765
3710766
3710767
3710768
3710769
3710770
3710771
3710772
3710773
3710774
3710775
3710776
3710777
3710778
3710779
3710780
3710781
3710782
3710783
3710784
3710785
3710786
3710787
3710788
3710789
3710790
3710791
3710792
3710793
3710794
3710795
3710796
3710797
3710798
3710799
3710800
3710801
3710802
3710803
3710804
3710805
3710806
3710807
3710808
3710809
3710810
3710811
3710812
3710813
3710814
3710815
3710816
3710817
3710818
3710819
3710820
3710821
3710822
3710823
3710824
3710825
3710826
3710827
3710828
3710829
3710830
3710831
3710832
3710833
3710834
3710835
3710836
3710837
3710838
3710839
3710840
3710841
3710842
3710843
3710844
3710845
3710846
3710847
3710848
3710849
3710850
3710851
3710852
3710853
3710854
3710855
3710856
3710857
3710858
3710859
3710860
3710861
3710862
3710863
3710864
3710865
3710866
3710867
3710868
3710869
3710870
3710871
3710872
3710873
3710874
3710875
3710876
3710877
3710878
3710879
3710880
3710881
3710882
3710883
3710884
3710885
3710886
3710887
3710888
3710889
3710890
3710891
3710892
3710893
3710894
3710895
3710896
3710897
3710898
3710899
3710900
3710901
3710902
3710903
3710904
3710905
3710906
3710907
3710908
3710909
3710910
3710911
3710912
3710913
3710914
3710915
3710916
3710917
3710918
3710919
3710920
3710921
3710922
3710923
3710924
3710925
3710926
3710927
3710928
3710929
3710930
3710931
3710932
3710933
3710934
3710935
3710936
3710937
3710938
3710939
3710940
3710941
3710942
3710943
3710944
3710945
3710946
3710947
3710948
3710949
3710950
3710951
3710952
3710953
3710954
3710955
3710956
3710957
3710958
3710959
3710960
3710961
3710962
3710963
3710964
3710965
3710966
3710967
3710968
3710969
3710970
3710971
3710972
3710973
3710974
3710975
3710976
3710977
3710978
3710979
3710980
3710981
3710982
3710983
3710984
3710985
3710986
3710987
3710988
3710989
3710990
3710991
3710992
3710993
3710994
3710995
3710996
3710997
3710998
3710999
3711000
3711001
3711002
3711003
3711004
3711005
3711006
3711007
3711008
3711009
3711010
3711011
3711012
3711013
3711014
3711015
3711016
3711017
3711018
3711019
3711020
3711021
3711022
3711023
3711024
3711025
3711026
3711027
3711028
3711029
3711030
3711031
3711032
3711033
3711034
3711035
3711036
3711037
3711038
3711039
3711040
3711041
3711042
3711043
3711044
3711045
3711046
3711047
3711048
3711049
3711050
3711051
3711052
3711053
3711054
3711055
3711056
3711057
3711058
3711059
3711060
3711061
3711062
3711063
3711064
3711065
3711066
3711067
3711068
3711069
3711070
3711071
3711072
3711073
3711074
3711075
3711076
3711077
3711078
3711079
3711080
3711081
3711082
3711083
3711084
3711085
3711086
3711087
3711088
3711089
3711090
3711091
3711092
3711093
3711094
3711095
3711096
3711097
3711098
3711099
3711100
3711101
3711102
3711103
3711104
3711105
3711106
3711107
3711108
3711109
3711110
3711111
3711112
3711113
3711114
3711115
3711116
3711117
3711118
3711119
3711120
3711121
3711122
3711123
3711124
3711125
3711126
3711127
3711128
3711129
3711130
3711131
3711132
3711133
3711134
3711135
3711136
3711137
3711138
3711139
3711140
3711141
3711142
3711143
3711144
3711145
3711146
3711147
3711148
3711149
3711150
3711151
3711152
3711153
3711154
3711155
3711156
3711157
3711158
3711159
3711160
3711161
3711162
3711163
3711164
3711165
3711166
3711167
3711168
3711169
3711170
3711171
3711172
3711173
3711174
3711175
3711176
3711177
3711178
3711179
3711180
3711181
3711182
3711183
3711184
3711185
3711186
3711187
3711188
3711189
3711190
3711191
3711192
3711193
3711194
3711195
3711196
3711197
3711198
3711199
3711200
3711201
3711202
3711203
3711204
3711205
3711206
3711207
3711208
3711209
3711210
3711211
3711212
3711213
3711214
3711215
3711216
3711217
3711218
3711219
3711220
3711221
3711222
3711223
3711224
3711225
3711226
3711227
3711228
3711229
3711230
3711231
3711232
3711233
3711234
3711235
3711236
3711237
3711238
3711239
3711240
3711241
3711242
3711243
3711244
3711245
3711246
3711247
3711248
3711249
3711250
3711251
3711252
3711253
3711254
3711255
3711256
3711257
3711258
3711259
3711260
3711261
3711262
3711263
3711264
3711265
3711266
3711267
3711268
3711269
3711270
3711271
3711272
3711273
3711274
3711275
3711276
3711277
3711278
3711279
3711280
3711281
3711282
3711283
3711284
3711285
3711286
3711287
3711288
3711289
3711290
3711291
3711292
3711293
3711294
3711295
3711296
3711297
3711298
3711299
3711300
3711301
3711302
3711303
3711304
3711305
3711306
3711307
3711308
3711309
3711310
3711311
3711312
3711313
3711314
3711315
3711316
3711317
3711318
3711319
3711320
3711321
3711322
3711323
3711324
3711325
3711326
3711327
3711328
3711329
3711330
3711331
3711332
3711333
3711334
3711335
3711336
3711337
3711338
3711339
3711340
3711341
3711342
3711343
3711344
3711345
3711346
3711347
3711348
3711349
3711350
3711351
3711352
3711353
3711354
3711355
3711356
3711357
3711358
3711359
3711360
3711361
3711362
3711363
3711364
3711365
3711366
3711367
3711368
3711369
3711370
3711371
3711372
3711373
3711374
3711375
3711376
3711377
3711378
3711379
3711380
3711381
3711382
3711383
3711384
3711385
3711386
3711387
3711388
3711389
3711390
3711391
3711392
3711393
3711394
3711395
3711396
3711397
3711398
3711399
3711400
3711401
3711402
3711403
3711404
3711405
3711406
3711407
3711408
3711409
3711410
3711411
3711412
3711413
3711414
3711415
3711416
3711417
3711418
3711419
3711420
3711421
3711422
3711423
3711424
3711425
3711426
3711427
3711428
3711429
3711430
3711431
3711432
3711433
3711434
3711435
3711436
3711437
3711438
3711439
3711440
3711441
3711442
3711443
3711444
3711445
3711446
3711447
3711448
3711449
3711450
3711451
3711452
3711453
3711454
3711455
3711456
3711457
3711458
3711459
3711460
3711461
3711462
3711463
3711464
3711465
3711466
3711467
3711468
3711469
3711470
3711471
3711472
3711473
3711474
3711475
3711476
3711477
3711478
3711479
3711480
3711481
3711482
3711483
3711484
3711485
3711486
3711487
3711488
3711489
3711490
3711491
3711492
3711493
3711494
3711495
3711496
3711497
3711498
3711499
3711500
3711501
3711502
3711503
3711504
3711505
3711506
3711507
3711508
3711509
3711510
3711511
3711512
3711513
3711514
3711515
3711516
3711517
3711518
3711519
3711520
3711521
3711522
3711523
3711524
3711525
3711526
3711527
3711528
3711529
3711530
3711531
3711532
3711533
3711534
3711535
3711536
3711537
3711538
3711539
3711540
3711541
3711542
3711543
3711544
3711545
3711546
3711547
3711548
3711549
3711550
3711551
3711552
3711553
3711554
3711555
3711556
3711557
3711558
3711559
3711560
3711561
3711562
3711563
3711564
3711565
3711566
3711567
3711568
3711569
3711570
3711571
3711572
3711573
3711574
3711575
3711576
3711577
3711578
3711579
3711580
3711581
3711582
3711583
3711584
3711585
3711586
3711587
3711588
3711589
3711590
3711591
3711592
3711593
3711594
3711595
3711596
3711597
3711598
3711599
3711600
3711601
3711602
3711603
3711604
3711605
3711606
3711607
3711608
3711609
3711610
3711611
3711612
3711613
3711614
3711615
3711616
3711617
3711618
3711619
3711620
3711621
3711622
3711623
3711624
3711625
3711626
3711627
3711628
3711629
3711630
3711631
3711632
3711633
3711634
3711635
3711636
3711637
3711638
3711639
3711640
3711641
3711642
3711643
3711644
3711645
3711646
3711647
3711648
3711649
3711650
3711651
3711652
3711653
3711654
3711655
3711656
3711657
3711658
3711659
3711660
3711661
3711662
3711663
3711664
3711665
3711666
3711667
3711668
3711669
3711670
3711671
3711672
3711673
3711674
3711675
3711676
3711677
3711678
3711679
3711680
3711681
3711682
3711683
3711684
3711685
3711686
3711687
3711688
3711689
3711690
3711691
3711692
3711693
3711694
3711695
3711696
3711697
3711698
3711699
3711700
3711701
3711702
3711703
3711704
3711705
3711706
3711707
3711708
3711709
3711710
3711711
3711712
3711713
3711714
3711715
3711716
3711717
3711718
3711719
3711720
3711721
3711722
3711723
3711724
3711725
3711726
3711727
3711728
3711729
3711730
3711731
3711732
3711733
3711734
3711735
3711736
3711737
3711738
3711739
3711740
3711741
3711742
3711743
3711744
3711745
3711746
3711747
3711748
3711749
3711750
3711751
3711752
3711753
3711754
3711755
3711756
3711757
3711758
3711759
3711760
3711761
3711762
3711763
3711764
3711765
3711766
3711767
3711768
3711769
3711770
3711771
3711772
3711773
3711774
3711775
3711776
3711777
3711778
3711779
3711780
3711781
3711782
3711783
3711784
3711785
3711786
3711787
3711788
3711789
3711790
3711791
3711792
3711793
3711794
3711795
3711796
3711797
3711798
3711799
3711800
3711801
3711802
3711803
3711804
3711805
3711806
3711807
3711808
3711809
3711810
3711811
3711812
3711813
3711814
3711815
3711816
3711817
3711818
3711819
3711820
3711821
3711822
3711823
3711824
3711825
3711826
3711827
3711828
3711829
3711830
3711831
3711832
3711833
3711834
3711835
3711836
3711837
3711838
3711839
3711840
3711841
3711842
3711843
3711844
3711845
3711846
3711847
3711848
3711849
3711850
3711851
3711852
3711853
3711854
3711855
3711856
3711857
3711858
3711859
3711860
3711861
3711862
3711863
3711864
3711865
3711866
3711867
3711868
3711869
3711870
3711871
3711872
3711873
3711874
3711875
3711876
3711877
3711878
3711879
3711880
3711881
3711882
3711883
3711884
3711885
3711886
3711887
3711888
3711889
3711890
3711891
3711892
3711893
3711894
3711895
3711896
3711897
3711898
3711899
3711900
3711901
3711902
3711903
3711904
3711905
3711906
3711907
3711908
3711909
3711910
3711911
3711912
3711913
3711914
3711915
3711916
3711917
3711918
3711919
3711920
3711921
3711922
3711923
3711924
3711925
3711926
3711927
3711928
3711929
3711930
3711931
3711932
3711933
3711934
3711935
3711936
3711937
3711938
3711939
3711940
3711941
3711942
3711943
3711944
3711945
3711946
3711947
3711948
3711949
3711950
3711951
3711952
3711953
3711954
3711955
3711956
3711957
3711958
3711959
3711960
3711961
3711962
3711963
3711964
3711965
3711966
3711967
3711968
3711969
3711970
3711971
3711972
3711973
3711974
3711975
3711976
3711977
3711978
3711979
3711980
3711981
3711982
3711983
3711984
3711985
3711986
3711987
3711988
3711989
3711990
3711991
3711992
3711993
3711994
3711995
3711996
3711997
3711998
3711999
3712000
3712001
3712002
3712003
3712004
3712005
3712006
3712007
3712008
3712009
3712010
3712011
3712012
3712013
3712014
3712015
3712016
3712017
3712018
3712019
3712020
3712021
3712022
3712023
3712024
3712025
3712026
3712027
3712028
3712029
3712030
3712031
3712032
3712033
3712034
3712035
3712036
3712037
3712038
3712039
3712040
3712041
3712042
3712043
3712044
3712045
3712046
3712047
3712048
3712049
3712050
3712051
3712052
3712053
3712054
3712055
3712056
3712057
3712058
3712059
3712060
3712061
3712062
3712063
3712064
3712065
3712066
3712067
3712068
3712069
3712070
3712071
3712072
3712073
3712074
3712075
3712076
3712077
3712078
3712079
3712080
3712081
3712082
3712083
3712084
3712085
3712086
3712087
3712088
3712089
3712090
3712091
3712092
3712093
3712094
3712095
3712096
3712097
3712098
3712099
3712100
3712101
3712102
3712103
3712104
3712105
3712106
3712107
3712108
3712109
3712110
3712111
3712112
3712113
3712114
3712115
3712116
3712117
3712118
3712119
3712120
3712121
3712122
3712123
3712124
3712125
3712126
3712127
3712128
3712129
3712130
3712131
3712132
3712133
3712134
3712135
3712136
3712137
3712138
3712139
3712140
3712141
3712142
3712143
3712144
3712145
3712146
3712147
3712148
3712149
3712150
3712151
3712152
3712153
3712154
3712155
3712156
3712157
3712158
3712159
3712160
3712161
3712162
3712163
3712164
3712165
3712166
3712167
3712168
3712169
3712170
3712171
3712172
3712173
3712174
3712175
3712176
3712177
3712178
3712179
3712180
3712181
3712182
3712183
3712184
3712185
3712186
3712187
3712188
3712189
3712190
3712191
3712192
3712193
3712194
3712195
3712196
3712197
3712198
3712199
3712200
3712201
3712202
3712203
3712204
3712205
3712206
3712207
3712208
3712209
3712210
3712211
3712212
3712213
3712214
3712215
3712216
3712217
3712218
3712219
3712220
3712221
3712222
3712223
3712224
3712225
3712226
3712227
3712228
3712229
3712230
3712231
3712232
3712233
3712234
3712235
3712236
3712237
3712238
3712239
3712240
3712241
3712242
3712243
3712244
3712245
3712246
3712247
3712248
3712249
3712250
3712251
3712252
3712253
3712254
3712255
3712256
3712257
3712258
3712259
3712260
3712261
3712262
3712263
3712264
3712265
3712266
3712267
3712268
3712269
3712270
3712271
3712272
3712273
3712274
3712275
3712276
3712277
3712278
3712279
3712280
3712281
3712282
3712283
3712284
3712285
3712286
3712287
3712288
3712289
3712290
3712291
3712292
3712293
3712294
3712295
3712296
3712297
3712298
3712299
3712300
3712301
3712302
3712303
3712304
3712305
3712306
3712307
3712308
3712309
3712310
3712311
3712312
3712313
3712314
3712315
3712316
3712317
3712318
3712319
3712320
3712321
3712322
3712323
3712324
3712325
3712326
3712327
3712328
3712329
3712330
3712331
3712332
3712333
3712334
3712335
3712336
3712337
3712338
3712339
3712340
3712341
3712342
3712343
3712344
3712345
3712346
3712347
3712348
3712349
3712350
3712351
3712352
3712353
3712354
3712355
3712356
3712357
3712358
3712359
3712360
3712361
3712362
3712363
3712364
3712365
3712366
3712367
3712368
3712369
3712370
3712371
3712372
3712373
3712374
3712375
3712376
3712377
3712378
3712379
3712380
3712381
3712382
3712383
3712384
3712385
3712386
3712387
3712388
3712389
3712390
3712391
3712392
3712393
3712394
3712395
3712396
3712397
3712398
3712399
3712400
3712401
3712402
3712403
3712404
3712405
3712406
3712407
3712408
3712409
3712410
3712411
3712412
3712413
3712414
3712415
3712416
3712417
3712418
3712419
3712420
3712421
3712422
3712423
3712424
3712425
3712426
3712427
3712428
3712429
3712430
3712431
3712432
3712433
3712434
3712435
3712436
3712437
3712438
3712439
3712440
3712441
3712442
3712443
3712444
3712445
3712446
3712447
3712448
3712449
3712450
3712451
3712452
3712453
3712454
3712455
3712456
3712457
3712458
3712459
3712460
3712461
3712462
3712463
3712464
3712465
3712466
3712467
3712468
3712469
3712470
3712471
3712472
3712473
3712474
3712475
3712476
3712477
3712478
3712479
3712480
3712481
3712482
3712483
3712484
3712485
3712486
3712487
3712488
3712489
3712490
3712491
3712492
3712493
3712494
3712495
3712496
3712497
3712498
3712499
3712500
3712501
3712502
3712503
3712504
3712505
3712506
3712507
3712508
3712509
3712510
3712511
3712512
3712513
3712514
3712515
3712516
3712517
3712518
3712519
3712520
3712521
3712522
3712523
3712524
3712525
3712526
3712527
3712528
3712529
3712530
3712531
3712532
3712533
3712534
3712535
3712536
3712537
3712538
3712539
3712540
3712541
3712542
3712543
3712544
3712545
3712546
3712547
3712548
3712549
3712550
3712551
3712552
3712553
3712554
3712555
3712556
3712557
3712558
3712559
3712560
3712561
3712562
3712563
3712564
3712565
3712566
3712567
3712568
3712569
3712570
3712571
3712572
3712573
3712574
3712575
3712576
3712577
3712578
3712579
3712580
3712581
3712582
3712583
3712584
3712585
3712586
3712587
3712588
3712589
3712590
3712591
3712592
3712593
3712594
3712595
3712596
3712597
3712598
3712599
3712600
3712601
3712602
3712603
3712604
3712605
3712606
3712607
3712608
3712609
3712610
3712611
3712612
3712613
3712614
3712615
3712616
3712617
3712618
3712619
3712620
3712621
3712622
3712623
3712624
3712625
3712626
3712627
3712628
3712629
3712630
3712631
3712632
3712633
3712634
3712635
3712636
3712637
3712638
3712639
3712640
3712641
3712642
3712643
3712644
3712645
3712646
3712647
3712648
3712649
3712650
3712651
3712652
3712653
3712654
3712655
3712656
3712657
3712658
3712659
3712660
3712661
3712662
3712663
3712664
3712665
3712666
3712667
3712668
3712669
3712670
3712671
3712672
3712673
3712674
3712675
3712676
3712677
3712678
3712679
3712680
3712681
3712682
3712683
3712684
3712685
3712686
3712687
3712688
3712689
3712690
3712691
3712692
3712693
3712694
3712695
3712696
3712697
3712698
3712699
3712700
3712701
3712702
3712703
3712704
3712705
3712706
3712707
3712708
3712709
3712710
3712711
3712712
3712713
3712714
3712715
3712716
3712717
3712718
3712719
3712720
3712721
3712722
3712723
3712724
3712725
3712726
3712727
3712728
3712729
3712730
3712731
3712732
3712733
3712734
3712735
3712736
3712737
3712738
3712739
3712740
3712741
3712742
3712743
3712744
3712745
3712746
3712747
3712748
3712749
3712750
3712751
3712752
3712753
3712754
3712755
3712756
3712757
3712758
3712759
3712760
3712761
3712762
3712763
3712764
3712765
3712766
3712767
3712768
3712769
3712770
3712771
3712772
3712773
3712774
3712775
3712776
3712777
3712778
3712779
3712780
3712781
3712782
3712783
3712784
3712785
3712786
3712787
3712788
3712789
3712790
3712791
3712792
3712793
3712794
3712795
3712796
3712797
3712798
3712799
3712800
3712801
3712802
3712803
3712804
3712805
3712806
3712807
3712808
3712809
3712810
3712811
3712812
3712813
3712814
3712815
3712816
3712817
3712818
3712819
3712820
3712821
3712822
3712823
3712824
3712825
3712826
3712827
3712828
3712829
3712830
3712831
3712832
3712833
3712834
3712835
3712836
3712837
3712838
3712839
3712840
3712841
3712842
3712843
3712844
3712845
3712846
3712847
3712848
3712849
3712850
3712851
3712852
3712853
3712854
3712855
3712856
3712857
3712858
3712859
3712860
3712861
3712862
3712863
3712864
3712865
3712866
3712867
3712868
3712869
3712870
3712871
3712872
3712873
3712874
3712875
3712876
3712877
3712878
3712879
3712880
3712881
3712882
3712883
3712884
3712885
3712886
3712887
3712888
3712889
3712890
3712891
3712892
3712893
3712894
3712895
3712896
3712897
3712898
3712899
3712900
3712901
3712902
3712903
3712904
3712905
3712906
3712907
3712908
3712909
3712910
3712911
3712912
3712913
3712914
3712915
3712916
3712917
3712918
3712919
3712920
3712921
3712922
3712923
3712924
3712925
3712926
3712927
3712928
3712929
3712930
3712931
3712932
3712933
3712934
3712935
3712936
3712937
3712938
3712939
3712940
3712941
3712942
3712943
3712944
3712945
3712946
3712947
3712948
3712949
3712950
3712951
3712952
3712953
3712954
3712955
3712956
3712957
3712958
3712959
3712960
3712961
3712962
3712963
3712964
3712965
3712966
3712967
3712968
3712969
3712970
3712971
3712972
3712973
3712974
3712975
3712976
3712977
3712978
3712979
3712980
3712981
3712982
3712983
3712984
3712985
3712986
3712987
3712988
3712989
3712990
3712991
3712992
3712993
3712994
3712995
3712996
3712997
3712998
3712999
3713000
3713001
3713002
3713003
3713004
3713005
3713006
3713007
3713008
3713009
3713010
3713011
3713012
3713013
3713014
3713015
3713016
3713017
3713018
3713019
3713020
3713021
3713022
3713023
3713024
3713025
3713026
3713027
3713028
3713029
3713030
3713031
3713032
3713033
3713034
3713035
3713036
3713037
3713038
3713039
3713040
3713041
3713042
3713043
3713044
3713045
3713046
3713047
3713048
3713049
3713050
3713051
3713052
3713053
3713054
3713055
3713056
3713057
3713058
3713059
3713060
3713061
3713062
3713063
3713064
3713065
3713066
3713067
3713068
3713069
3713070
3713071
3713072
3713073
3713074
3713075
3713076
3713077
3713078
3713079
3713080
3713081
3713082
3713083
3713084
3713085
3713086
3713087
3713088
3713089
3713090
3713091
3713092
3713093
3713094
3713095
3713096
3713097
3713098
3713099
3713100
3713101
3713102
3713103
3713104
3713105
3713106
3713107
3713108
3713109
3713110
3713111
3713112
3713113
3713114
3713115
3713116
3713117
3713118
3713119
3713120
3713121
3713122
3713123
3713124
3713125
3713126
3713127
3713128
3713129
3713130
3713131
3713132
3713133
3713134
3713135
3713136
3713137
3713138
3713139
3713140
3713141
3713142
3713143
3713144
3713145
3713146
3713147
3713148
3713149
3713150
3713151
3713152
3713153
3713154
3713155
3713156
3713157
3713158
3713159
3713160
3713161
3713162
3713163
3713164
3713165
3713166
3713167
3713168
3713169
3713170
3713171
3713172
3713173
3713174
3713175
3713176
3713177
3713178
3713179
3713180
3713181
3713182
3713183
3713184
3713185
3713186
3713187
3713188
3713189
3713190
3713191
3713192
3713193
3713194
3713195
3713196
3713197
3713198
3713199
3713200
3713201
3713202
3713203
3713204
3713205
3713206
3713207
3713208
3713209
3713210
3713211
3713212
3713213
3713214
3713215
3713216
3713217
3713218
3713219
3713220
3713221
3713222
3713223
3713224
3713225
3713226
3713227
3713228
3713229
3713230
3713231
3713232
3713233
3713234
3713235
3713236
3713237
3713238
3713239
3713240
3713241
3713242
3713243
3713244
3713245
3713246
3713247
3713248
3713249
3713250
3713251
3713252
3713253
3713254
3713255
3713256
3713257
3713258
3713259
3713260
3713261
3713262
3713263
3713264
3713265
3713266
3713267
3713268
3713269
3713270
3713271
3713272
3713273
3713274
3713275
3713276
3713277
3713278
3713279
3713280
3713281
3713282
3713283
3713284
3713285
3713286
3713287
3713288
3713289
3713290
3713291
3713292
3713293
3713294
3713295
3713296
3713297
3713298
3713299
3713300
3713301
3713302
3713303
3713304
3713305
3713306
3713307
3713308
3713309
3713310
3713311
3713312
3713313
3713314
3713315
3713316
3713317
3713318
3713319
3713320
3713321
3713322
3713323
3713324
3713325
3713326
3713327
3713328
3713329
3713330
3713331
3713332
3713333
3713334
3713335
3713336
3713337
3713338
3713339
3713340
3713341
3713342
3713343
3713344
3713345
3713346
3713347
3713348
3713349
3713350
3713351
3713352
3713353
3713354
3713355
3713356
3713357
3713358
3713359
3713360
3713361
3713362
3713363
3713364
3713365
3713366
3713367
3713368
3713369
3713370
3713371
3713372
3713373
3713374
3713375
3713376
3713377
3713378
3713379
3713380
3713381
3713382
3713383
3713384
3713385
3713386
3713387
3713388
3713389
3713390
3713391
3713392
3713393
3713394
3713395
3713396
3713397
3713398
3713399
3713400
3713401
3713402
3713403
3713404
3713405
3713406
3713407
3713408
3713409
3713410
3713411
3713412
3713413
3713414
3713415
3713416
3713417
3713418
3713419
3713420
3713421
3713422
3713423
3713424
3713425
3713426
3713427
3713428
3713429
3713430
3713431
3713432
3713433
3713434
3713435
3713436
3713437
3713438
3713439
3713440
3713441
3713442
3713443
3713444
3713445
3713446
3713447
3713448
3713449
3713450
3713451
3713452
3713453
3713454
3713455
3713456
3713457
3713458
3713459
3713460
3713461
3713462
3713463
3713464
3713465
3713466
3713467
3713468
3713469
3713470
3713471
3713472
3713473
3713474
3713475
3713476
3713477
3713478
3713479
3713480
3713481
3713482
3713483
3713484
3713485
3713486
3713487
3713488
3713489
3713490
3713491
3713492
3713493
3713494
3713495
3713496
3713497
3713498
3713499
3713500
3713501
3713502
3713503
3713504
3713505
3713506
3713507
3713508
3713509
3713510
3713511
3713512
3713513
3713514
3713515
3713516
3713517
3713518
3713519
3713520
3713521
3713522
3713523
3713524
3713525
3713526
3713527
3713528
3713529
3713530
3713531
3713532
3713533
3713534
3713535
3713536
3713537
3713538
3713539
3713540
3713541
3713542
3713543
3713544
3713545
3713546
3713547
3713548
3713549
3713550
3713551
3713552
3713553
3713554
3713555
3713556
3713557
3713558
3713559
3713560
3713561
3713562
3713563
3713564
3713565
3713566
3713567
3713568
3713569
3713570
3713571
3713572
3713573
3713574
3713575
3713576
3713577
3713578
3713579
3713580
3713581
3713582
3713583
3713584
3713585
3713586
3713587
3713588
3713589
3713590
3713591
3713592
3713593
3713594
3713595
3713596
3713597
3713598
3713599
3713600
3713601
3713602
3713603
3713604
3713605
3713606
3713607
3713608
3713609
3713610
3713611
3713612
3713613
3713614
3713615
3713616
3713617
3713618
3713619
3713620
3713621
3713622
3713623
3713624
3713625
3713626
3713627
3713628
3713629
3713630
3713631
3713632
3713633
3713634
3713635
3713636
3713637
3713638
3713639
3713640
3713641
3713642
3713643
3713644
3713645
3713646
3713647
3713648
3713649
3713650
3713651
3713652
3713653
3713654
3713655
3713656
3713657
3713658
3713659
3713660
3713661
3713662
3713663
3713664
3713665
3713666
3713667
3713668
3713669
3713670
3713671
3713672
3713673
3713674
3713675
3713676
3713677
3713678
3713679
3713680
3713681
3713682
3713683
3713684
3713685
3713686
3713687
3713688
3713689
3713690
3713691
3713692
3713693
3713694
3713695
3713696
3713697
3713698
3713699
3713700
3713701
3713702
3713703
3713704
3713705
3713706
3713707
3713708
3713709
3713710
3713711
3713712
3713713
3713714
3713715
3713716
3713717
3713718
3713719
3713720
3713721
3713722
3713723
3713724
3713725
3713726
3713727
3713728
3713729
3713730
3713731
3713732
3713733
3713734
3713735
3713736
3713737
3713738
3713739
3713740
3713741
3713742
3713743
3713744
3713745
3713746
3713747
3713748
3713749
3713750
3713751
3713752
3713753
3713754
3713755
3713756
3713757
3713758
3713759
3713760
3713761
3713762
3713763
3713764
3713765
3713766
3713767
3713768
3713769
3713770
3713771
3713772
3713773
3713774
3713775
3713776
3713777
3713778
3713779
3713780
3713781
3713782
3713783
3713784
3713785
3713786
3713787
3713788
3713789
3713790
3713791
3713792
3713793
3713794
3713795
3713796
3713797
3713798
3713799
3713800
3713801
3713802
3713803
3713804
3713805
3713806
3713807
3713808
3713809
3713810
3713811
3713812
3713813
3713814
3713815
3713816
3713817
3713818
3713819
3713820
3713821
3713822
3713823
3713824
3713825
3713826
3713827
3713828
3713829
3713830
3713831
3713832
3713833
3713834
3713835
3713836
3713837
3713838
3713839
3713840
3713841
3713842
3713843
3713844
3713845
3713846
3713847
3713848
3713849
3713850
3713851
3713852
3713853
3713854
3713855
3713856
3713857
3713858
3713859
3713860
3713861
3713862
3713863
3713864
3713865
3713866
3713867
3713868
3713869
3713870
3713871
3713872
3713873
3713874
3713875
3713876
3713877
3713878
3713879
3713880
3713881
3713882
3713883
3713884
3713885
3713886
3713887
3713888
3713889
3713890
3713891
3713892
3713893
3713894
3713895
3713896
3713897
3713898
3713899
3713900
3713901
3713902
3713903
3713904
3713905
3713906
3713907
3713908
3713909
3713910
3713911
3713912
3713913
3713914
3713915
3713916
3713917
3713918
3713919
3713920
3713921
3713922
3713923
3713924
3713925
3713926
3713927
3713928
3713929
3713930
3713931
3713932
3713933
3713934
3713935
3713936
3713937
3713938
3713939
3713940
3713941
3713942
3713943
3713944
3713945
3713946
3713947
3713948
3713949
3713950
3713951
3713952
3713953
3713954
3713955
3713956
3713957
3713958
3713959
3713960
3713961
3713962
3713963
3713964
3713965
3713966
3713967
3713968
3713969
3713970
3713971
3713972
3713973
3713974
3713975
3713976
3713977
3713978
3713979
3713980
3713981
3713982
3713983
3713984
3713985
3713986
3713987
3713988
3713989
3713990
3713991
3713992
3713993
3713994
3713995
3713996
3713997
3713998
3713999
3714000
3714001
3714002
3714003
3714004
3714005
3714006
3714007
3714008
3714009
3714010
3714011
3714012
3714013
3714014
3714015
3714016
3714017
3714018
3714019
3714020
3714021
3714022
3714023
3714024
3714025
3714026
3714027
3714028
3714029
3714030
3714031
3714032
3714033
3714034
3714035
3714036
3714037
3714038
3714039
3714040
3714041
3714042
3714043
3714044
3714045
3714046
3714047
3714048
3714049
3714050
3714051
3714052
3714053
3714054
3714055
3714056
3714057
3714058
3714059
3714060
3714061
3714062
3714063
3714064
3714065
3714066
3714067
3714068
3714069
3714070
3714071
3714072
3714073
3714074
3714075
3714076
3714077
3714078
3714079
3714080
3714081
3714082
3714083
3714084
3714085
3714086
3714087
3714088
3714089
3714090
3714091
3714092
3714093
3714094
3714095
3714096
3714097
3714098
3714099
3714100
3714101
3714102
3714103
3714104
3714105
3714106
3714107
3714108
3714109
3714110
3714111
3714112
3714113
3714114
3714115
3714116
3714117
3714118
3714119
3714120
3714121
3714122
3714123
3714124
3714125
3714126
3714127
3714128
3714129
3714130
3714131
3714132
3714133
3714134
3714135
3714136
3714137
3714138
3714139
3714140
3714141
3714142
3714143
3714144
3714145
3714146
3714147
3714148
3714149
3714150
3714151
3714152
3714153
3714154
3714155
3714156
3714157
3714158
3714159
3714160
3714161
3714162
3714163
3714164
3714165
3714166
3714167
3714168
3714169
3714170
3714171
3714172
3714173
3714174
3714175
3714176
3714177
3714178
3714179
3714180
3714181
3714182
3714183
3714184
3714185
3714186
3714187
3714188
3714189
3714190
3714191
3714192
3714193
3714194
3714195
3714196
3714197
3714198
3714199
3714200
3714201
3714202
3714203
3714204
3714205
3714206
3714207
3714208
3714209
3714210
3714211
3714212
3714213
3714214
3714215
3714216
3714217
3714218
3714219
3714220
3714221
3714222
3714223
3714224
3714225
3714226
3714227
3714228
3714229
3714230
3714231
3714232
3714233
3714234
3714235
3714236
3714237
3714238
3714239
3714240
3714241
3714242
3714243
3714244
3714245
3714246
3714247
3714248
3714249
3714250
3714251
3714252
3714253
3714254
3714255
3714256
3714257
3714258
3714259
3714260
3714261
3714262
3714263
3714264
3714265
3714266
3714267
3714268
3714269
3714270
3714271
3714272
3714273
3714274
3714275
3714276
3714277
3714278
3714279
3714280
3714281
3714282
3714283
3714284
3714285
3714286
3714287
3714288
3714289
3714290
3714291
3714292
3714293
3714294
3714295
3714296
3714297
3714298
3714299
3714300
3714301
3714302
3714303
3714304
3714305
3714306
3714307
3714308
3714309
3714310
3714311
3714312
3714313
3714314
3714315
3714316
3714317
3714318
3714319
3714320
3714321
3714322
3714323
3714324
3714325
3714326
3714327
3714328
3714329
3714330
3714331
3714332
3714333
3714334
3714335
3714336
3714337
3714338
3714339
3714340
3714341
3714342
3714343
3714344
3714345
3714346
3714347
3714348
3714349
3714350
3714351
3714352
3714353
3714354
3714355
3714356
3714357
3714358
3714359
3714360
3714361
3714362
3714363
3714364
3714365
3714366
3714367
3714368
3714369
3714370
3714371
3714372
3714373
3714374
3714375
3714376
3714377
3714378
3714379
3714380
3714381
3714382
3714383
3714384
3714385
3714386
3714387
3714388
3714389
3714390
3714391
3714392
3714393
3714394
3714395
3714396
3714397
3714398
3714399
3714400
3714401
3714402
3714403
3714404
3714405
3714406
3714407
3714408
3714409
3714410
3714411
3714412
3714413
3714414
3714415
3714416
3714417
3714418
3714419
3714420
3714421
3714422
3714423
3714424
3714425
3714426
3714427
3714428
3714429
3714430
3714431
3714432
3714433
3714434
3714435
3714436
3714437
3714438
3714439
3714440
3714441
3714442
3714443
3714444
3714445
3714446
3714447
3714448
3714449
3714450
3714451
3714452
3714453
3714454
3714455
3714456
3714457
3714458
3714459
3714460
3714461
3714462
3714463
3714464
3714465
3714466
3714467
3714468
3714469
3714470
3714471
3714472
3714473
3714474
3714475
3714476
3714477
3714478
3714479
3714480
3714481
3714482
3714483
3714484
3714485
3714486
3714487
3714488
3714489
3714490
3714491
3714492
3714493
3714494
3714495
3714496
3714497
3714498
3714499
3714500
3714501
3714502
3714503
3714504
3714505
3714506
3714507
3714508
3714509
3714510
3714511
3714512
3714513
3714514
3714515
3714516
3714517
3714518
3714519
3714520
3714521
3714522
3714523
3714524
3714525
3714526
3714527
3714528
3714529
3714530
3714531
3714532
3714533
3714534
3714535
3714536
3714537
3714538
3714539
3714540
3714541
3714542
3714543
3714544
3714545
3714546
3714547
3714548
3714549
3714550
3714551
3714552
3714553
3714554
3714555
3714556
3714557
3714558
3714559
3714560
3714561
3714562
3714563
3714564
3714565
3714566
3714567
3714568
3714569
3714570
3714571
3714572
3714573
3714574
3714575
3714576
3714577
3714578
3714579
3714580
3714581
3714582
3714583
3714584
3714585
3714586
3714587
3714588
3714589
3714590
3714591
3714592
3714593
3714594
3714595
3714596
3714597
3714598
3714599
3714600
3714601
3714602
3714603
3714604
3714605
3714606
3714607
3714608
3714609
3714610
3714611
3714612
3714613
3714614
3714615
3714616
3714617
3714618
3714619
3714620
3714621
3714622
3714623
3714624
3714625
3714626
3714627
3714628
3714629
3714630
3714631
3714632
3714633
3714634
3714635
3714636
3714637
3714638
3714639
3714640
3714641
3714642
3714643
3714644
3714645
3714646
3714647
3714648
3714649
3714650
3714651
3714652
3714653
3714654
3714655
3714656
3714657
3714658
3714659
3714660
3714661
3714662
3714663
3714664
3714665
3714666
3714667
3714668
3714669
3714670
3714671
3714672
3714673
3714674
3714675
3714676
3714677
3714678
3714679
3714680
3714681
3714682
3714683
3714684
3714685
3714686
3714687
3714688
3714689
3714690
3714691
3714692
3714693
3714694
3714695
3714696
3714697
3714698
3714699
3714700
3714701
3714702
3714703
3714704
3714705
3714706
3714707
3714708
3714709
3714710
3714711
3714712
3714713
3714714
3714715
3714716
3714717
3714718
3714719
3714720
3714721
3714722
3714723
3714724
3714725
3714726
3714727
3714728
3714729
3714730
3714731
3714732
3714733
3714734
3714735
3714736
3714737
3714738
3714739
3714740
3714741
3714742
3714743
3714744
3714745
3714746
3714747
3714748
3714749
3714750
3714751
3714752
3714753
3714754
3714755
3714756
3714757
3714758
3714759
3714760
3714761
3714762
3714763
3714764
3714765
3714766
3714767
3714768
3714769
3714770
3714771
3714772
3714773
3714774
3714775
3714776
3714777
3714778
3714779
3714780
3714781
3714782
3714783
3714784
3714785
3714786
3714787
3714788
3714789
3714790
3714791
3714792
3714793
3714794
3714795
3714796
3714797
3714798
3714799
3714800
3714801
3714802
3714803
3714804
3714805
3714806
3714807
3714808
3714809
3714810
3714811
3714812
3714813
3714814
3714815
3714816
3714817
3714818
3714819
3714820
3714821
3714822
3714823
3714824
3714825
3714826
3714827
3714828
3714829
3714830
3714831
3714832
3714833
3714834
3714835
3714836
3714837
3714838
3714839
3714840
3714841
3714842
3714843
3714844
3714845
3714846
3714847
3714848
3714849
3714850
3714851
3714852
3714853
3714854
3714855
3714856
3714857
3714858
3714859
3714860
3714861
3714862
3714863
3714864
3714865
3714866
3714867
3714868
3714869
3714870
3714871
3714872
3714873
3714874
3714875
3714876
3714877
3714878
3714879
3714880
3714881
3714882
3714883
3714884
3714885
3714886
3714887
3714888
3714889
3714890
3714891
3714892
3714893
3714894
3714895
3714896
3714897
3714898
3714899
3714900
3714901
3714902
3714903
3714904
3714905
3714906
3714907
3714908
3714909
3714910
3714911
3714912
3714913
3714914
3714915
3714916
3714917
3714918
3714919
3714920
3714921
3714922
3714923
3714924
3714925
3714926
3714927
3714928
3714929
3714930
3714931
3714932
3714933
3714934
3714935
3714936
3714937
3714938
3714939
3714940
3714941
3714942
3714943
3714944
3714945
3714946
3714947
3714948
3714949
3714950
3714951
3714952
3714953
3714954
3714955
3714956
3714957
3714958
3714959
3714960
3714961
3714962
3714963
3714964
3714965
3714966
3714967
3714968
3714969
3714970
3714971
3714972
3714973
3714974
3714975
3714976
3714977
3714978
3714979
3714980
3714981
3714982
3714983
3714984
3714985
3714986
3714987
3714988
3714989
3714990
3714991
3714992
3714993
3714994
3714995
3714996
3714997
3714998
3714999
3715000
3715001
3715002
3715003
3715004
3715005
3715006
3715007
3715008
3715009
3715010
3715011
3715012
3715013
3715014
3715015
3715016
3715017
3715018
3715019
3715020
3715021
3715022
3715023
3715024
3715025
3715026
3715027
3715028
3715029
3715030
3715031
3715032
3715033
3715034
3715035
3715036
3715037
3715038
3715039
3715040
3715041
3715042
3715043
3715044
3715045
3715046
3715047
3715048
3715049
3715050
3715051
3715052
3715053
3715054
3715055
3715056
3715057
3715058
3715059
3715060
3715061
3715062
3715063
3715064
3715065
3715066
3715067
3715068
3715069
3715070
3715071
3715072
3715073
3715074
3715075
3715076
3715077
3715078
3715079
3715080
3715081
3715082
3715083
3715084
3715085
3715086
3715087
3715088
3715089
3715090
3715091
3715092
3715093
3715094
3715095
3715096
3715097
3715098
3715099
3715100
3715101
3715102
3715103
3715104
3715105
3715106
3715107
3715108
3715109
3715110
3715111
3715112
3715113
3715114
3715115
3715116
3715117
3715118
3715119
3715120
3715121
3715122
3715123
3715124
3715125
3715126
3715127
3715128
3715129
3715130
3715131
3715132
3715133
3715134
3715135
3715136
3715137
3715138
3715139
3715140
3715141
3715142
3715143
3715144
3715145
3715146
3715147
3715148
3715149
3715150
3715151
3715152
3715153
3715154
3715155
3715156
3715157
3715158
3715159
3715160
3715161
3715162
3715163
3715164
3715165
3715166
3715167
3715168
3715169
3715170
3715171
3715172
3715173
3715174
3715175
3715176
3715177
3715178
3715179
3715180
3715181
3715182
3715183
3715184
3715185
3715186
3715187
3715188
3715189
3715190
3715191
3715192
3715193
3715194
3715195
3715196
3715197
3715198
3715199
3715200
3715201
3715202
3715203
3715204
3715205
3715206
3715207
3715208
3715209
3715210
3715211
3715212
3715213
3715214
3715215
3715216
3715217
3715218
3715219
3715220
3715221
3715222
3715223
3715224
3715225
3715226
3715227
3715228
3715229
3715230
3715231
3715232
3715233
3715234
3715235
3715236
3715237
3715238
3715239
3715240
3715241
3715242
3715243
3715244
3715245
3715246
3715247
3715248
3715249
3715250
3715251
3715252
3715253
3715254
3715255
3715256
3715257
3715258
3715259
3715260
3715261
3715262
3715263
3715264
3715265
3715266
3715267
3715268
3715269
3715270
3715271
3715272
3715273
3715274
3715275
3715276
3715277
3715278
3715279
3715280
3715281
3715282
3715283
3715284
3715285
3715286
3715287
3715288
3715289
3715290
3715291
3715292
3715293
3715294
3715295
3715296
3715297
3715298
3715299
3715300
3715301
3715302
3715303
3715304
3715305
3715306
3715307
3715308
3715309
3715310
3715311
3715312
3715313
3715314
3715315
3715316
3715317
3715318
3715319
3715320
3715321
3715322
3715323
3715324
3715325
3715326
3715327
3715328
3715329
3715330
3715331
3715332
3715333
3715334
3715335
3715336
3715337
3715338
3715339
3715340
3715341
3715342
3715343
3715344
3715345
3715346
3715347
3715348
3715349
3715350
3715351
3715352
3715353
3715354
3715355
3715356
3715357
3715358
3715359
3715360
3715361
3715362
3715363
3715364
3715365
3715366
3715367
3715368
3715369
3715370
3715371
3715372
3715373
3715374
3715375
3715376
3715377
3715378
3715379
3715380
3715381
3715382
3715383
3715384
3715385
3715386
3715387
3715388
3715389
3715390
3715391
3715392
3715393
3715394
3715395
3715396
3715397
3715398
3715399
3715400
3715401
3715402
3715403
3715404
3715405
3715406
3715407
3715408
3715409
3715410
3715411
3715412
3715413
3715414
3715415
3715416
3715417
3715418
3715419
3715420
3715421
3715422
3715423
3715424
3715425
3715426
3715427
3715428
3715429
3715430
3715431
3715432
3715433
3715434
3715435
3715436
3715437
3715438
3715439
3715440
3715441
3715442
3715443
3715444
3715445
3715446
3715447
3715448
3715449
3715450
3715451
3715452
3715453
3715454
3715455
3715456
3715457
3715458
3715459
3715460
3715461
3715462
3715463
3715464
3715465
3715466
3715467
3715468
3715469
3715470
3715471
3715472
3715473
3715474
3715475
3715476
3715477
3715478
3715479
3715480
3715481
3715482
3715483
3715484
3715485
3715486
3715487
3715488
3715489
3715490
3715491
3715492
3715493
3715494
3715495
3715496
3715497
3715498
3715499
3715500
3715501
3715502
3715503
3715504
3715505
3715506
3715507
3715508
3715509
3715510
3715511
3715512
3715513
3715514
3715515
3715516
3715517
3715518
3715519
3715520
3715521
3715522
3715523
3715524
3715525
3715526
3715527
3715528
3715529
3715530
3715531
3715532
3715533
3715534
3715535
3715536
3715537
3715538
3715539
3715540
3715541
3715542
3715543
3715544
3715545
3715546
3715547
3715548
3715549
3715550
3715551
3715552
3715553
3715554
3715555
3715556
3715557
3715558
3715559
3715560
3715561
3715562
3715563
3715564
3715565
3715566
3715567
3715568
3715569
3715570
3715571
3715572
3715573
3715574
3715575
3715576
3715577
3715578
3715579
3715580
3715581
3715582
3715583
3715584
3715585
3715586
3715587
3715588
3715589
3715590
3715591
3715592
3715593
3715594
3715595
3715596
3715597
3715598
3715599
3715600
3715601
3715602
3715603
3715604
3715605
3715606
3715607
3715608
3715609
3715610
3715611
3715612
3715613
3715614
3715615
3715616
3715617
3715618
3715619
3715620
3715621
3715622
3715623
3715624
3715625
3715626
3715627
3715628
3715629
3715630
3715631
3715632
3715633
3715634
3715635
3715636
3715637
3715638
3715639
3715640
3715641
3715642
3715643
3715644
3715645
3715646
3715647
3715648
3715649
3715650
3715651
3715652
3715653
3715654
3715655
3715656
3715657
3715658
3715659
3715660
3715661
3715662
3715663
3715664
3715665
3715666
3715667
3715668
3715669
3715670
3715671
3715672
3715673
3715674
3715675
3715676
3715677
3715678
3715679
3715680
3715681
3715682
3715683
3715684
3715685
3715686
3715687
3715688
3715689
3715690
3715691
3715692
3715693
3715694
3715695
3715696
3715697
3715698
3715699
3715700
3715701
3715702
3715703
3715704
3715705
3715706
3715707
3715708
3715709
3715710
3715711
3715712
3715713
3715714
3715715
3715716
3715717
3715718
3715719
3715720
3715721
3715722
3715723
3715724
3715725
3715726
3715727
3715728
3715729
3715730
3715731
3715732
3715733
3715734
3715735
3715736
3715737
3715738
3715739
3715740
3715741
3715742
3715743
3715744
3715745
3715746
3715747
3715748
3715749
3715750
3715751
3715752
3715753
3715754
3715755
3715756
3715757
3715758
3715759
3715760
3715761
3715762
3715763
3715764
3715765
3715766
3715767
3715768
3715769
3715770
3715771
3715772
3715773
3715774
3715775
3715776
3715777
3715778
3715779
3715780
3715781
3715782
3715783
3715784
3715785
3715786
3715787
3715788
3715789
3715790
3715791
3715792
3715793
3715794
3715795
3715796
3715797
3715798
3715799
3715800
3715801
3715802
3715803
3715804
3715805
3715806
3715807
3715808
3715809
3715810
3715811
3715812
3715813
3715814
3715815
3715816
3715817
3715818
3715819
3715820
3715821
3715822
3715823
3715824
3715825
3715826
3715827
3715828
3715829
3715830
3715831
3715832
3715833
3715834
3715835
3715836
3715837
3715838
3715839
3715840
3715841
3715842
3715843
3715844
3715845
3715846
3715847
3715848
3715849
3715850
3715851
3715852
3715853
3715854
3715855
3715856
3715857
3715858
3715859
3715860
3715861
3715862
3715863
3715864
3715865
3715866
3715867
3715868
3715869
3715870
3715871
3715872
3715873
3715874
3715875
3715876
3715877
3715878
3715879
3715880
3715881
3715882
3715883
3715884
3715885
3715886
3715887
3715888
3715889
3715890
3715891
3715892
3715893
3715894
3715895
3715896
3715897
3715898
3715899
3715900
3715901
3715902
3715903
3715904
3715905
3715906
3715907
3715908
3715909
3715910
3715911
3715912
3715913
3715914
3715915
3715916
3715917
3715918
3715919
3715920
3715921
3715922
3715923
3715924
3715925
3715926
3715927
3715928
3715929
3715930
3715931
3715932
3715933
3715934
3715935
3715936
3715937
3715938
3715939
3715940
3715941
3715942
3715943
3715944
3715945
3715946
3715947
3715948
3715949
3715950
3715951
3715952
3715953
3715954
3715955
3715956
3715957
3715958
3715959
3715960
3715961
3715962
3715963
3715964
3715965
3715966
3715967
3715968
3715969
3715970
3715971
3715972
3715973
3715974
3715975
3715976
3715977
3715978
3715979
3715980
3715981
3715982
3715983
3715984
3715985
3715986
3715987
3715988
3715989
3715990
3715991
3715992
3715993
3715994
3715995
3715996
3715997
3715998
3715999
3716000
3716001
3716002
3716003
3716004
3716005
3716006
3716007
3716008
3716009
3716010
3716011
3716012
3716013
3716014
3716015
3716016
3716017
3716018
3716019
3716020
3716021
3716022
3716023
3716024
3716025
3716026
3716027
3716028
3716029
3716030
3716031
3716032
3716033
3716034
3716035
3716036
3716037
3716038
3716039
3716040
3716041
3716042
3716043
3716044
3716045
3716046
3716047
3716048
3716049
3716050
3716051
3716052
3716053
3716054
3716055
3716056
3716057
3716058
3716059
3716060
3716061
3716062
3716063
3716064
3716065
3716066
3716067
3716068
3716069
3716070
3716071
3716072
3716073
3716074
3716075
3716076
3716077
3716078
3716079
3716080
3716081
3716082
3716083
3716084
3716085
3716086
3716087
3716088
3716089
3716090
3716091
3716092
3716093
3716094
3716095
3716096
3716097
3716098
3716099
3716100
3716101
3716102
3716103
3716104
3716105
3716106
3716107
3716108
3716109
3716110
3716111
3716112
3716113
3716114
3716115
3716116
3716117
3716118
3716119
3716120
3716121
3716122
3716123
3716124
3716125
3716126
3716127
3716128
3716129
3716130
3716131
3716132
3716133
3716134
3716135
3716136
3716137
3716138
3716139
3716140
3716141
3716142
3716143
3716144
3716145
3716146
3716147
3716148
3716149
3716150
3716151
3716152
3716153
3716154
3716155
3716156
3716157
3716158
3716159
3716160
3716161
3716162
3716163
3716164
3716165
3716166
3716167
3716168
3716169
3716170
3716171
3716172
3716173
3716174
3716175
3716176
3716177
3716178
3716179
3716180
3716181
3716182
3716183
3716184
3716185
3716186
3716187
3716188
3716189
3716190
3716191
3716192
3716193
3716194
3716195
3716196
3716197
3716198
3716199
3716200
3716201
3716202
3716203
3716204
3716205
3716206
3716207
3716208
3716209
3716210
3716211
3716212
3716213
3716214
3716215
3716216
3716217
3716218
3716219
3716220
3716221
3716222
3716223
3716224
3716225
3716226
3716227
3716228
3716229
3716230
3716231
3716232
3716233
3716234
3716235
3716236
3716237
3716238
3716239
3716240
3716241
3716242
3716243
3716244
3716245
3716246
3716247
3716248
3716249
3716250
3716251
3716252
3716253
3716254
3716255
3716256
3716257
3716258
3716259
3716260
3716261
3716262
3716263
3716264
3716265
3716266
3716267
3716268
3716269
3716270
3716271
3716272
3716273
3716274
3716275
3716276
3716277
3716278
3716279
3716280
3716281
3716282
3716283
3716284
3716285
3716286
3716287
3716288
3716289
3716290
3716291
3716292
3716293
3716294
3716295
3716296
3716297
3716298
3716299
3716300
3716301
3716302
3716303
3716304
3716305
3716306
3716307
3716308
3716309
3716310
3716311
3716312
3716313
3716314
3716315
3716316
3716317
3716318
3716319
3716320
3716321
3716322
3716323
3716324
3716325
3716326
3716327
3716328
3716329
3716330
3716331
3716332
3716333
3716334
3716335
3716336
3716337
3716338
3716339
3716340
3716341
3716342
3716343
3716344
3716345
3716346
3716347
3716348
3716349
3716350
3716351
3716352
3716353
3716354
3716355
3716356
3716357
3716358
3716359
3716360
3716361
3716362
3716363
3716364
3716365
3716366
3716367
3716368
3716369
3716370
3716371
3716372
3716373
3716374
3716375
3716376
3716377
3716378
3716379
3716380
3716381
3716382
3716383
3716384
3716385
3716386
3716387
3716388
3716389
3716390
3716391
3716392
3716393
3716394
3716395
3716396
3716397
3716398
3716399
3716400
3716401
3716402
3716403
3716404
3716405
3716406
3716407
3716408
3716409
3716410
3716411
3716412
3716413
3716414
3716415
3716416
3716417
3716418
3716419
3716420
3716421
3716422
3716423
3716424
3716425
3716426
3716427
3716428
3716429
3716430
3716431
3716432
3716433
3716434
3716435
3716436
3716437
3716438
3716439
3716440
3716441
3716442
3716443
3716444
3716445
3716446
3716447
3716448
3716449
3716450
3716451
3716452
3716453
3716454
3716455
3716456
3716457
3716458
3716459
3716460
3716461
3716462
3716463
3716464
3716465
3716466
3716467
3716468
3716469
3716470
3716471
3716472
3716473
3716474
3716475
3716476
3716477
3716478
3716479
3716480
3716481
3716482
3716483
3716484
3716485
3716486
3716487
3716488
3716489
3716490
3716491
3716492
3716493
3716494
3716495
3716496
3716497
3716498
3716499
3716500
3716501
3716502
3716503
3716504
3716505
3716506
3716507
3716508
3716509
3716510
3716511
3716512
3716513
3716514
3716515
3716516
3716517
3716518
3716519
3716520
3716521
3716522
3716523
3716524
3716525
3716526
3716527
3716528
3716529
3716530
3716531
3716532
3716533
3716534
3716535
3716536
3716537
3716538
3716539
3716540
3716541
3716542
3716543
3716544
3716545
3716546
3716547
3716548
3716549
3716550
3716551
3716552
3716553
3716554
3716555
3716556
3716557
3716558
3716559
3716560
3716561
3716562
3716563
3716564
3716565
3716566
3716567
3716568
3716569
3716570
3716571
3716572
3716573
3716574
3716575
3716576
3716577
3716578
3716579
3716580
3716581
3716582
3716583
3716584
3716585
3716586
3716587
3716588
3716589
3716590
3716591
3716592
3716593
3716594
3716595
3716596
3716597
3716598
3716599
3716600
3716601
3716602
3716603
3716604
3716605
3716606
3716607
3716608
3716609
3716610
3716611
3716612
3716613
3716614
3716615
3716616
3716617
3716618
3716619
3716620
3716621
3716622
3716623
3716624
3716625
3716626
3716627
3716628
3716629
3716630
3716631
3716632
3716633
3716634
3716635
3716636
3716637
3716638
3716639
3716640
3716641
3716642
3716643
3716644
3716645
3716646
3716647
3716648
3716649
3716650
3716651
3716652
3716653
3716654
3716655
3716656
3716657
3716658
3716659
3716660
3716661
3716662
3716663
3716664
3716665
3716666
3716667
3716668
3716669
3716670
3716671
3716672
3716673
3716674
3716675
3716676
3716677
3716678
3716679
3716680
3716681
3716682
3716683
3716684
3716685
3716686
3716687
3716688
3716689
3716690
3716691
3716692
3716693
3716694
3716695
3716696
3716697
3716698
3716699
3716700
3716701
3716702
3716703
3716704
3716705
3716706
3716707
3716708
3716709
3716710
3716711
3716712
3716713
3716714
3716715
3716716
3716717
3716718
3716719
3716720
3716721
3716722
3716723
3716724
3716725
3716726
3716727
3716728
3716729
3716730
3716731
3716732
3716733
3716734
3716735
3716736
3716737
3716738
3716739
3716740
3716741
3716742
3716743
3716744
3716745
3716746
3716747
3716748
3716749
3716750
3716751
3716752
3716753
3716754
3716755
3716756
3716757
3716758
3716759
3716760
3716761
3716762
3716763
3716764
3716765
3716766
3716767
3716768
3716769
3716770
3716771
3716772
3716773
3716774
3716775
3716776
3716777
3716778
3716779
3716780
3716781
3716782
3716783
3716784
3716785
3716786
3716787
3716788
3716789
3716790
3716791
3716792
3716793
3716794
3716795
3716796
3716797
3716798
3716799
3716800
3716801
3716802
3716803
3716804
3716805
3716806
3716807
3716808
3716809
3716810
3716811
3716812
3716813
3716814
3716815
3716816
3716817
3716818
3716819
3716820
3716821
3716822
3716823
3716824
3716825
3716826
3716827
3716828
3716829
3716830
3716831
3716832
3716833
3716834
3716835
3716836
3716837
3716838
3716839
3716840
3716841
3716842
3716843
3716844
3716845
3716846
3716847
3716848
3716849
3716850
3716851
3716852
3716853
3716854
3716855
3716856
3716857
3716858
3716859
3716860
3716861
3716862
3716863
3716864
3716865
3716866
3716867
3716868
3716869
3716870
3716871
3716872
3716873
3716874
3716875
3716876
3716877
3716878
3716879
3716880
3716881
3716882
3716883
3716884
3716885
3716886
3716887
3716888
3716889
3716890
3716891
3716892
3716893
3716894
3716895
3716896
3716897
3716898
3716899
3716900
3716901
3716902
3716903
3716904
3716905
3716906
3716907
3716908
3716909
3716910
3716911
3716912
3716913
3716914
3716915
3716916
3716917
3716918
3716919
3716920
3716921
3716922
3716923
3716924
3716925
3716926
3716927
3716928
3716929
3716930
3716931
3716932
3716933
3716934
3716935
3716936
3716937
3716938
3716939
3716940
3716941
3716942
3716943
3716944
3716945
3716946
3716947
3716948
3716949
3716950
3716951
3716952
3716953
3716954
3716955
3716956
3716957
3716958
3716959
3716960
3716961
3716962
3716963
3716964
3716965
3716966
3716967
3716968
3716969
3716970
3716971
3716972
3716973
3716974
3716975
3716976
3716977
3716978
3716979
3716980
3716981
3716982
3716983
3716984
3716985
3716986
3716987
3716988
3716989
3716990
3716991
3716992
3716993
3716994
3716995
3716996
3716997
3716998
3716999
3717000
3717001
3717002
3717003
3717004
3717005
3717006
3717007
3717008
3717009
3717010
3717011
3717012
3717013
3717014
3717015
3717016
3717017
3717018
3717019
3717020
3717021
3717022
3717023
3717024
3717025
3717026
3717027
3717028
3717029
3717030
3717031
3717032
3717033
3717034
3717035
3717036
3717037
3717038
3717039
3717040
3717041
3717042
3717043
3717044
3717045
3717046
3717047
3717048
3717049
3717050
3717051
3717052
3717053
3717054
3717055
3717056
3717057
3717058
3717059
3717060
3717061
3717062
3717063
3717064
3717065
3717066
3717067
3717068
3717069
3717070
3717071
3717072
3717073
3717074
3717075
3717076
3717077
3717078
3717079
3717080
3717081
3717082
3717083
3717084
3717085
3717086
3717087
3717088
3717089
3717090
3717091
3717092
3717093
3717094
3717095
3717096
3717097
3717098
3717099
3717100
3717101
3717102
3717103
3717104
3717105
3717106
3717107
3717108
3717109
3717110
3717111
3717112
3717113
3717114
3717115
3717116
3717117
3717118
3717119
3717120
3717121
3717122
3717123
3717124
3717125
3717126
3717127
3717128
3717129
3717130
3717131
3717132
3717133
3717134
3717135
3717136
3717137
3717138
3717139
3717140
3717141
3717142
3717143
3717144
3717145
3717146
3717147
3717148
3717149
3717150
3717151
3717152
3717153
3717154
3717155
3717156
3717157
3717158
3717159
3717160
3717161
3717162
3717163
3717164
3717165
3717166
3717167
3717168
3717169
3717170
3717171
3717172
3717173
3717174
3717175
3717176
3717177
3717178
3717179
3717180
3717181
3717182
3717183
3717184
3717185
3717186
3717187
3717188
3717189
3717190
3717191
3717192
3717193
3717194
3717195
3717196
3717197
3717198
3717199
3717200
3717201
3717202
3717203
3717204
3717205
3717206
3717207
3717208
3717209
3717210
3717211
3717212
3717213
3717214
3717215
3717216
3717217
3717218
3717219
3717220
3717221
3717222
3717223
3717224
3717225
3717226
3717227
3717228
3717229
3717230
3717231
3717232
3717233
3717234
3717235
3717236
3717237
3717238
3717239
3717240
3717241
3717242
3717243
3717244
3717245
3717246
3717247
3717248
3717249
3717250
3717251
3717252
3717253
3717254
3717255
3717256
3717257
3717258
3717259
3717260
3717261
3717262
3717263
3717264
3717265
3717266
3717267
3717268
3717269
3717270
3717271
3717272
3717273
3717274
3717275
3717276
3717277
3717278
3717279
3717280
3717281
3717282
3717283
3717284
3717285
3717286
3717287
3717288
3717289
3717290
3717291
3717292
3717293
3717294
3717295
3717296
3717297
3717298
3717299
3717300
3717301
3717302
3717303
3717304
3717305
3717306
3717307
3717308
3717309
3717310
3717311
3717312
3717313
3717314
3717315
3717316
3717317
3717318
3717319
3717320
3717321
3717322
3717323
3717324
3717325
3717326
3717327
3717328
3717329
3717330
3717331
3717332
3717333
3717334
3717335
3717336
3717337
3717338
3717339
3717340
3717341
3717342
3717343
3717344
3717345
3717346
3717347
3717348
3717349
3717350
3717351
3717352
3717353
3717354
3717355
3717356
3717357
3717358
3717359
3717360
3717361
3717362
3717363
3717364
3717365
3717366
3717367
3717368
3717369
3717370
3717371
3717372
3717373
3717374
3717375
3717376
3717377
3717378
3717379
3717380
3717381
3717382
3717383
3717384
3717385
3717386
3717387
3717388
3717389
3717390
3717391
3717392
3717393
3717394
3717395
3717396
3717397
3717398
3717399
3717400
3717401
3717402
3717403
3717404
3717405
3717406
3717407
3717408
3717409
3717410
3717411
3717412
3717413
3717414
3717415
3717416
3717417
3717418
3717419
3717420
3717421
3717422
3717423
3717424
3717425
3717426
3717427
3717428
3717429
3717430
3717431
3717432
3717433
3717434
3717435
3717436
3717437
3717438
3717439
3717440
3717441
3717442
3717443
3717444
3717445
3717446
3717447
3717448
3717449
3717450
3717451
3717452
3717453
3717454
3717455
3717456
3717457
3717458
3717459
3717460
3717461
3717462
3717463
3717464
3717465
3717466
3717467
3717468
3717469
3717470
3717471
3717472
3717473
3717474
3717475
3717476
3717477
3717478
3717479
3717480
3717481
3717482
3717483
3717484
3717485
3717486
3717487
3717488
3717489
3717490
3717491
3717492
3717493
3717494
3717495
3717496
3717497
3717498
3717499
3717500
3717501
3717502
3717503
3717504
3717505
3717506
3717507
3717508
3717509
3717510
3717511
3717512
3717513
3717514
3717515
3717516
3717517
3717518
3717519
3717520
3717521
3717522
3717523
3717524
3717525
3717526
3717527
3717528
3717529
3717530
3717531
3717532
3717533
3717534
3717535
3717536
3717537
3717538
3717539
3717540
3717541
3717542
3717543
3717544
3717545
3717546
3717547
3717548
3717549
3717550
3717551
3717552
3717553
3717554
3717555
3717556
3717557
3717558
3717559
3717560
3717561
3717562
3717563
3717564
3717565
3717566
3717567
3717568
3717569
3717570
3717571
3717572
3717573
3717574
3717575
3717576
3717577
3717578
3717579
3717580
3717581
3717582
3717583
3717584
3717585
3717586
3717587
3717588
3717589
3717590
3717591
3717592
3717593
3717594
3717595
3717596
3717597
3717598
3717599
3717600
3717601
3717602
3717603
3717604
3717605
3717606
3717607
3717608
3717609
3717610
3717611
3717612
3717613
3717614
3717615
3717616
3717617
3717618
3717619
3717620
3717621
3717622
3717623
3717624
3717625
3717626
3717627
3717628
3717629
3717630
3717631
3717632
3717633
3717634
3717635
3717636
3717637
3717638
3717639
3717640
3717641
3717642
3717643
3717644
3717645
3717646
3717647
3717648
3717649
3717650
3717651
3717652
3717653
3717654
3717655
3717656
3717657
3717658
3717659
3717660
3717661
3717662
3717663
3717664
3717665
3717666
3717667
3717668
3717669
3717670
3717671
3717672
3717673
3717674
3717675
3717676
3717677
3717678
3717679
3717680
3717681
3717682
3717683
3717684
3717685
3717686
3717687
3717688
3717689
3717690
3717691
3717692
3717693
3717694
3717695
3717696
3717697
3717698
3717699
3717700
3717701
3717702
3717703
3717704
3717705
3717706
3717707
3717708
3717709
3717710
3717711
3717712
3717713
3717714
3717715
3717716
3717717
3717718
3717719
3717720
3717721
3717722
3717723
3717724
3717725
3717726
3717727
3717728
3717729
3717730
3717731
3717732
3717733
3717734
3717735
3717736
3717737
3717738
3717739
3717740
3717741
3717742
3717743
3717744
3717745
3717746
3717747
3717748
3717749
3717750
3717751
3717752
3717753
3717754
3717755
3717756
3717757
3717758
3717759
3717760
3717761
3717762
3717763
3717764
3717765
3717766
3717767
3717768
3717769
3717770
3717771
3717772
3717773
3717774
3717775
3717776
3717777
3717778
3717779
3717780
3717781
3717782
3717783
3717784
3717785
3717786
3717787
3717788
3717789
3717790
3717791
3717792
3717793
3717794
3717795
3717796
3717797
3717798
3717799
3717800
3717801
3717802
3717803
3717804
3717805
3717806
3717807
3717808
3717809
3717810
3717811
3717812
3717813
3717814
3717815
3717816
3717817
3717818
3717819
3717820
3717821
3717822
3717823
3717824
3717825
3717826
3717827
3717828
3717829
3717830
3717831
3717832
3717833
3717834
3717835
3717836
3717837
3717838
3717839
3717840
3717841
3717842
3717843
3717844
3717845
3717846
3717847
3717848
3717849
3717850
3717851
3717852
3717853
3717854
3717855
3717856
3717857
3717858
3717859
3717860
3717861
3717862
3717863
3717864
3717865
3717866
3717867
3717868
3717869
3717870
3717871
3717872
3717873
3717874
3717875
3717876
3717877
3717878
3717879
3717880
3717881
3717882
3717883
3717884
3717885
3717886
3717887
3717888
3717889
3717890
3717891
3717892
3717893
3717894
3717895
3717896
3717897
3717898
3717899
3717900
3717901
3717902
3717903
3717904
3717905
3717906
3717907
3717908
3717909
3717910
3717911
3717912
3717913
3717914
3717915
3717916
3717917
3717918
3717919
3717920
3717921
3717922
3717923
3717924
3717925
3717926
3717927
3717928
3717929
3717930
3717931
3717932
3717933
3717934
3717935
3717936
3717937
3717938
3717939
3717940
3717941
3717942
3717943
3717944
3717945
3717946
3717947
3717948
3717949
3717950
3717951
3717952
3717953
3717954
3717955
3717956
3717957
3717958
3717959
3717960
3717961
3717962
3717963
3717964
3717965
3717966
3717967
3717968
3717969
3717970
3717971
3717972
3717973
3717974
3717975
3717976
3717977
3717978
3717979
3717980
3717981
3717982
3717983
3717984
3717985
3717986
3717987
3717988
3717989
3717990
3717991
3717992
3717993
3717994
3717995
3717996
3717997
3717998
3717999
3718000
3718001
3718002
3718003
3718004
3718005
3718006
3718007
3718008
3718009
3718010
3718011
3718012
3718013
3718014
3718015
3718016
3718017
3718018
3718019
3718020
3718021
3718022
3718023
3718024
3718025
3718026
3718027
3718028
3718029
3718030
3718031
3718032
3718033
3718034
3718035
3718036
3718037
3718038
3718039
3718040
3718041
3718042
3718043
3718044
3718045
3718046
3718047
3718048
3718049
3718050
3718051
3718052
3718053
3718054
3718055
3718056
3718057
3718058
3718059
3718060
3718061
3718062
3718063
3718064
3718065
3718066
3718067
3718068
3718069
3718070
3718071
3718072
3718073
3718074
3718075
3718076
3718077
3718078
3718079
3718080
3718081
3718082
3718083
3718084
3718085
3718086
3718087
3718088
3718089
3718090
3718091
3718092
3718093
3718094
3718095
3718096
3718097
3718098
3718099
3718100
3718101
3718102
3718103
3718104
3718105
3718106
3718107
3718108
3718109
3718110
3718111
3718112
3718113
3718114
3718115
3718116
3718117
3718118
3718119
3718120
3718121
3718122
3718123
3718124
3718125
3718126
3718127
3718128
3718129
3718130
3718131
3718132
3718133
3718134
3718135
3718136
3718137
3718138
3718139
3718140
3718141
3718142
3718143
3718144
3718145
3718146
3718147
3718148
3718149
3718150
3718151
3718152
3718153
3718154
3718155
3718156
3718157
3718158
3718159
3718160
3718161
3718162
3718163
3718164
3718165
3718166
3718167
3718168
3718169
3718170
3718171
3718172
3718173
3718174
3718175
3718176
3718177
3718178
3718179
3718180
3718181
3718182
3718183
3718184
3718185
3718186
3718187
3718188
3718189
3718190
3718191
3718192
3718193
3718194
3718195
3718196
3718197
3718198
3718199
3718200
3718201
3718202
3718203
3718204
3718205
3718206
3718207
3718208
3718209
3718210
3718211
3718212
3718213
3718214
3718215
3718216
3718217
3718218
3718219
3718220
3718221
3718222
3718223
3718224
3718225
3718226
3718227
3718228
3718229
3718230
3718231
3718232
3718233
3718234
3718235
3718236
3718237
3718238
3718239
3718240
3718241
3718242
3718243
3718244
3718245
3718246
3718247
3718248
3718249
3718250
3718251
3718252
3718253
3718254
3718255
3718256
3718257
3718258
3718259
3718260
3718261
3718262
3718263
3718264
3718265
3718266
3718267
3718268
3718269
3718270
3718271
3718272
3718273
3718274
3718275
3718276
3718277
3718278
3718279
3718280
3718281
3718282
3718283
3718284
3718285
3718286
3718287
3718288
3718289
3718290
3718291
3718292
3718293
3718294
3718295
3718296
3718297
3718298
3718299
3718300
3718301
3718302
3718303
3718304
3718305
3718306
3718307
3718308
3718309
3718310
3718311
3718312
3718313
3718314
3718315
3718316
3718317
3718318
3718319
3718320
3718321
3718322
3718323
3718324
3718325
3718326
3718327
3718328
3718329
3718330
3718331
3718332
3718333
3718334
3718335
3718336
3718337
3718338
3718339
3718340
3718341
3718342
3718343
3718344
3718345
3718346
3718347
3718348
3718349
3718350
3718351
3718352
3718353
3718354
3718355
3718356
3718357
3718358
3718359
3718360
3718361
3718362
3718363
3718364
3718365
3718366
3718367
3718368
3718369
3718370
3718371
3718372
3718373
3718374
3718375
3718376
3718377
3718378
3718379
3718380
3718381
3718382
3718383
3718384
3718385
3718386
3718387
3718388
3718389
3718390
3718391
3718392
3718393
3718394
3718395
3718396
3718397
3718398
3718399
3718400
3718401
3718402
3718403
3718404
3718405
3718406
3718407
3718408
3718409
3718410
3718411
3718412
3718413
3718414
3718415
3718416
3718417
3718418
3718419
3718420
3718421
3718422
3718423
3718424
3718425
3718426
3718427
3718428
3718429
3718430
3718431
3718432
3718433
3718434
3718435
3718436
3718437
3718438
3718439
3718440
3718441
3718442
3718443
3718444
3718445
3718446
3718447
3718448
3718449
3718450
3718451
3718452
3718453
3718454
3718455
3718456
3718457
3718458
3718459
3718460
3718461
3718462
3718463
3718464
3718465
3718466
3718467
3718468
3718469
3718470
3718471
3718472
3718473
3718474
3718475
3718476
3718477
3718478
3718479
3718480
3718481
3718482
3718483
3718484
3718485
3718486
3718487
3718488
3718489
3718490
3718491
3718492
3718493
3718494
3718495
3718496
3718497
3718498
3718499
3718500
3718501
3718502
3718503
3718504
3718505
3718506
3718507
3718508
3718509
3718510
3718511
3718512
3718513
3718514
3718515
3718516
3718517
3718518
3718519
3718520
3718521
3718522
3718523
3718524
3718525
3718526
3718527
3718528
3718529
3718530
3718531
3718532
3718533
3718534
3718535
3718536
3718537
3718538
3718539
3718540
3718541
3718542
3718543
3718544
3718545
3718546
3718547
3718548
3718549
3718550
3718551
3718552
3718553
3718554
3718555
3718556
3718557
3718558
3718559
3718560
3718561
3718562
3718563
3718564
3718565
3718566
3718567
3718568
3718569
3718570
3718571
3718572
3718573
3718574
3718575
3718576
3718577
3718578
3718579
3718580
3718581
3718582
3718583
3718584
3718585
3718586
3718587
3718588
3718589
3718590
3718591
3718592
3718593
3718594
3718595
3718596
3718597
3718598
3718599
3718600
3718601
3718602
3718603
3718604
3718605
3718606
3718607
3718608
3718609
3718610
3718611
3718612
3718613
3718614
3718615
3718616
3718617
3718618
3718619
3718620
3718621
3718622
3718623
3718624
3718625
3718626
3718627
3718628
3718629
3718630
3718631
3718632
3718633
3718634
3718635
3718636
3718637
3718638
3718639
3718640
3718641
3718642
3718643
3718644
3718645
3718646
3718647
3718648
3718649
3718650
3718651
3718652
3718653
3718654
3718655
3718656
3718657
3718658
3718659
3718660
3718661
3718662
3718663
3718664
3718665
3718666
3718667
3718668
3718669
3718670
3718671
3718672
3718673
3718674
3718675
3718676
3718677
3718678
3718679
3718680
3718681
3718682
3718683
3718684
3718685
3718686
3718687
3718688
3718689
3718690
3718691
3718692
3718693
3718694
3718695
3718696
3718697
3718698
3718699
3718700
3718701
3718702
3718703
3718704
3718705
3718706
3718707
3718708
3718709
3718710
3718711
3718712
3718713
3718714
3718715
3718716
3718717
3718718
3718719
3718720
3718721
3718722
3718723
3718724
3718725
3718726
3718727
3718728
3718729
3718730
3718731
3718732
3718733
3718734
3718735
3718736
3718737
3718738
3718739
3718740
3718741
3718742
3718743
3718744
3718745
3718746
3718747
3718748
3718749
3718750
3718751
3718752
3718753
3718754
3718755
3718756
3718757
3718758
3718759
3718760
3718761
3718762
3718763
3718764
3718765
3718766
3718767
3718768
3718769
3718770
3718771
3718772
3718773
3718774
3718775
3718776
3718777
3718778
3718779
3718780
3718781
3718782
3718783
3718784
3718785
3718786
3718787
3718788
3718789
3718790
3718791
3718792
3718793
3718794
3718795
3718796
3718797
3718798
3718799
3718800
3718801
3718802
3718803
3718804
3718805
3718806
3718807
3718808
3718809
3718810
3718811
3718812
3718813
3718814
3718815
3718816
3718817
3718818
3718819
3718820
3718821
3718822
3718823
3718824
3718825
3718826
3718827
3718828
3718829
3718830
3718831
3718832
3718833
3718834
3718835
3718836
3718837
3718838
3718839
3718840
3718841
3718842
3718843
3718844
3718845
3718846
3718847
3718848
3718849
3718850
3718851
3718852
3718853
3718854
3718855
3718856
3718857
3718858
3718859
3718860
3718861
3718862
3718863
3718864
3718865
3718866
3718867
3718868
3718869
3718870
3718871
3718872
3718873
3718874
3718875
3718876
3718877
3718878
3718879
3718880
3718881
3718882
3718883
3718884
3718885
3718886
3718887
3718888
3718889
3718890
3718891
3718892
3718893
3718894
3718895
3718896
3718897
3718898
3718899
3718900
3718901
3718902
3718903
3718904
3718905
3718906
3718907
3718908
3718909
3718910
3718911
3718912
3718913
3718914
3718915
3718916
3718917
3718918
3718919
3718920
3718921
3718922
3718923
3718924
3718925
3718926
3718927
3718928
3718929
3718930
3718931
3718932
3718933
3718934
3718935
3718936
3718937
3718938
3718939
3718940
3718941
3718942
3718943
3718944
3718945
3718946
3718947
3718948
3718949
3718950
3718951
3718952
3718953
3718954
3718955
3718956
3718957
3718958
3718959
3718960
3718961
3718962
3718963
3718964
3718965
3718966
3718967
3718968
3718969
3718970
3718971
3718972
3718973
3718974
3718975
3718976
3718977
3718978
3718979
3718980
3718981
3718982
3718983
3718984
3718985
3718986
3718987
3718988
3718989
3718990
3718991
3718992
3718993
3718994
3718995
3718996
3718997
3718998
3718999
3719000
3719001
3719002
3719003
3719004
3719005
3719006
3719007
3719008
3719009
3719010
3719011
3719012
3719013
3719014
3719015
3719016
3719017
3719018
3719019
3719020
3719021
3719022
3719023
3719024
3719025
3719026
3719027
3719028
3719029
3719030
3719031
3719032
3719033
3719034
3719035
3719036
3719037
3719038
3719039
3719040
3719041
3719042
3719043
3719044
3719045
3719046
3719047
3719048
3719049
3719050
3719051
3719052
3719053
3719054
3719055
3719056
3719057
3719058
3719059
3719060
3719061
3719062
3719063
3719064
3719065
3719066
3719067
3719068
3719069
3719070
3719071
3719072
3719073
3719074
3719075
3719076
3719077
3719078
3719079
3719080
3719081
3719082
3719083
3719084
3719085
3719086
3719087
3719088
3719089
3719090
3719091
3719092
3719093
3719094
3719095
3719096
3719097
3719098
3719099
3719100
3719101
3719102
3719103
3719104
3719105
3719106
3719107
3719108
3719109
3719110
3719111
3719112
3719113
3719114
3719115
3719116
3719117
3719118
3719119
3719120
3719121
3719122
3719123
3719124
3719125
3719126
3719127
3719128
3719129
3719130
3719131
3719132
3719133
3719134
3719135
3719136
3719137
3719138
3719139
3719140
3719141
3719142
3719143
3719144
3719145
3719146
3719147
3719148
3719149
3719150
3719151
3719152
3719153
3719154
3719155
3719156
3719157
3719158
3719159
3719160
3719161
3719162
3719163
3719164
3719165
3719166
3719167
3719168
3719169
3719170
3719171
3719172
3719173
3719174
3719175
3719176
3719177
3719178
3719179
3719180
3719181
3719182
3719183
3719184
3719185
3719186
3719187
3719188
3719189
3719190
3719191
3719192
3719193
3719194
3719195
3719196
3719197
3719198
3719199
3719200
3719201
3719202
3719203
3719204
3719205
3719206
3719207
3719208
3719209
3719210
3719211
3719212
3719213
3719214
3719215
3719216
3719217
3719218
3719219
3719220
3719221
3719222
3719223
3719224
3719225
3719226
3719227
3719228
3719229
3719230
3719231
3719232
3719233
3719234
3719235
3719236
3719237
3719238
3719239
3719240
3719241
3719242
3719243
3719244
3719245
3719246
3719247
3719248
3719249
3719250
3719251
3719252
3719253
3719254
3719255
3719256
3719257
3719258
3719259
3719260
3719261
3719262
3719263
3719264
3719265
3719266
3719267
3719268
3719269
3719270
3719271
3719272
3719273
3719274
3719275
3719276
3719277
3719278
3719279
3719280
3719281
3719282
3719283
3719284
3719285
3719286
3719287
3719288
3719289
3719290
3719291
3719292
3719293
3719294
3719295
3719296
3719297
3719298
3719299
3719300
3719301
3719302
3719303
3719304
3719305
3719306
3719307
3719308
3719309
3719310
3719311
3719312
3719313
3719314
3719315
3719316
3719317
3719318
3719319
3719320
3719321
3719322
3719323
3719324
3719325
3719326
3719327
3719328
3719329
3719330
3719331
3719332
3719333
3719334
3719335
3719336
3719337
3719338
3719339
3719340
3719341
3719342
3719343
3719344
3719345
3719346
3719347
3719348
3719349
3719350
3719351
3719352
3719353
3719354
3719355
3719356
3719357
3719358
3719359
3719360
3719361
3719362
3719363
3719364
3719365
3719366
3719367
3719368
3719369
3719370
3719371
3719372
3719373
3719374
3719375
3719376
3719377
3719378
3719379
3719380
3719381
3719382
3719383
3719384
3719385
3719386
3719387
3719388
3719389
3719390
3719391
3719392
3719393
3719394
3719395
3719396
3719397
3719398
3719399
3719400
3719401
3719402
3719403
3719404
3719405
3719406
3719407
3719408
3719409
3719410
3719411
3719412
3719413
3719414
3719415
3719416
3719417
3719418
3719419
3719420
3719421
3719422
3719423
3719424
3719425
3719426
3719427
3719428
3719429
3719430
3719431
3719432
3719433
3719434
3719435
3719436
3719437
3719438
3719439
3719440
3719441
3719442
3719443
3719444
3719445
3719446
3719447
3719448
3719449
3719450
3719451
3719452
3719453
3719454
3719455
3719456
3719457
3719458
3719459
3719460
3719461
3719462
3719463
3719464
3719465
3719466
3719467
3719468
3719469
3719470
3719471
3719472
3719473
3719474
3719475
3719476
3719477
3719478
3719479
3719480
3719481
3719482
3719483
3719484
3719485
3719486
3719487
3719488
3719489
3719490
3719491
3719492
3719493
3719494
3719495
3719496
3719497
3719498
3719499
3719500
3719501
3719502
3719503
3719504
3719505
3719506
3719507
3719508
3719509
3719510
3719511
3719512
3719513
3719514
3719515
3719516
3719517
3719518
3719519
3719520
3719521
3719522
3719523
3719524
3719525
3719526
3719527
3719528
3719529
3719530
3719531
3719532
3719533
3719534
3719535
3719536
3719537
3719538
3719539
3719540
3719541
3719542
3719543
3719544
3719545
3719546
3719547
3719548
3719549
3719550
3719551
3719552
3719553
3719554
3719555
3719556
3719557
3719558
3719559
3719560
3719561
3719562
3719563
3719564
3719565
3719566
3719567
3719568
3719569
3719570
3719571
3719572
3719573
3719574
3719575
3719576
3719577
3719578
3719579
3719580
3719581
3719582
3719583
3719584
3719585
3719586
3719587
3719588
3719589
3719590
3719591
3719592
3719593
3719594
3719595
3719596
3719597
3719598
3719599
3719600
3719601
3719602
3719603
3719604
3719605
3719606
3719607
3719608
3719609
3719610
3719611
3719612
3719613
3719614
3719615
3719616
3719617
3719618
3719619
3719620
3719621
3719622
3719623
3719624
3719625
3719626
3719627
3719628
3719629
3719630
3719631
3719632
3719633
3719634
3719635
3719636
3719637
3719638
3719639
3719640
3719641
3719642
3719643
3719644
3719645
3719646
3719647
3719648
3719649
3719650
3719651
3719652
3719653
3719654
3719655
3719656
3719657
3719658
3719659
3719660
3719661
3719662
3719663
3719664
3719665
3719666
3719667
3719668
3719669
3719670
3719671
3719672
3719673
3719674
3719675
3719676
3719677
3719678
3719679
3719680
3719681
3719682
3719683
3719684
3719685
3719686
3719687
3719688
3719689
3719690
3719691
3719692
3719693
3719694
3719695
3719696
3719697
3719698
3719699
3719700
3719701
3719702
3719703
3719704
3719705
3719706
3719707
3719708
3719709
3719710
3719711
3719712
3719713
3719714
3719715
3719716
3719717
3719718
3719719
3719720
3719721
3719722
3719723
3719724
3719725
3719726
3719727
3719728
3719729
3719730
3719731
3719732
3719733
3719734
3719735
3719736
3719737
3719738
3719739
3719740
3719741
3719742
3719743
3719744
3719745
3719746
3719747
3719748
3719749
3719750
3719751
3719752
3719753
3719754
3719755
3719756
3719757
3719758
3719759
3719760
3719761
3719762
3719763
3719764
3719765
3719766
3719767
3719768
3719769
3719770
3719771
3719772
3719773
3719774
3719775
3719776
3719777
3719778
3719779
3719780
3719781
3719782
3719783
3719784
3719785
3719786
3719787
3719788
3719789
3719790
3719791
3719792
3719793
3719794
3719795
3719796
3719797
3719798
3719799
3719800
3719801
3719802
3719803
3719804
3719805
3719806
3719807
3719808
3719809
3719810
3719811
3719812
3719813
3719814
3719815
3719816
3719817
3719818
3719819
3719820
3719821
3719822
3719823
3719824
3719825
3719826
3719827
3719828
3719829
3719830
3719831
3719832
3719833
3719834
3719835
3719836
3719837
3719838
3719839
3719840
3719841
3719842
3719843
3719844
3719845
3719846
3719847
3719848
3719849
3719850
3719851
3719852
3719853
3719854
3719855
3719856
3719857
3719858
3719859
3719860
3719861
3719862
3719863
3719864
3719865
3719866
3719867
3719868
3719869
3719870
3719871
3719872
3719873
3719874
3719875
3719876
3719877
3719878
3719879
3719880
3719881
3719882
3719883
3719884
3719885
3719886
3719887
3719888
3719889
3719890
3719891
3719892
3719893
3719894
3719895
3719896
3719897
3719898
3719899
3719900
3719901
3719902
3719903
3719904
3719905
3719906
3719907
3719908
3719909
3719910
3719911
3719912
3719913
3719914
3719915
3719916
3719917
3719918
3719919
3719920
3719921
3719922
3719923
3719924
3719925
3719926
3719927
3719928
3719929
3719930
3719931
3719932
3719933
3719934
3719935
3719936
3719937
3719938
3719939
3719940
3719941
3719942
3719943
3719944
3719945
3719946
3719947
3719948
3719949
3719950
3719951
3719952
3719953
3719954
3719955
3719956
3719957
3719958
3719959
3719960
3719961
3719962
3719963
3719964
3719965
3719966
3719967
3719968
3719969
3719970
3719971
3719972
3719973
3719974
3719975
3719976
3719977
3719978
3719979
3719980
3719981
3719982
3719983
3719984
3719985
3719986
3719987
3719988
3719989
3719990
3719991
3719992
3719993
3719994
3719995
3719996
3719997
3719998
3719999
3720000
