3720001
3720002
3720003
3720004
3720005
3720006
3720007
3720008
3720009
3720010
3720011
3720012
3720013
3720014
3720015
3720016
3720017
3720018
3720019
3720020
3720021
3720022
3720023
3720024
3720025
3720026
3720027
3720028
3720029
3720030
3720031
3720032
3720033
3720034
3720035
3720036
3720037
3720038
3720039
3720040
3720041
3720042
3720043
3720044
3720045
3720046
3720047
3720048
3720049
3720050
3720051
3720052
3720053
3720054
3720055
3720056
3720057
3720058
3720059
3720060
3720061
3720062
3720063
3720064
3720065
3720066
3720067
3720068
3720069
3720070
3720071
3720072
3720073
3720074
3720075
3720076
3720077
3720078
3720079
3720080
3720081
3720082
3720083
3720084
3720085
3720086
3720087
3720088
3720089
3720090
3720091
3720092
3720093
3720094
3720095
3720096
3720097
3720098
3720099
3720100
3720101
3720102
3720103
3720104
3720105
3720106
3720107
3720108
3720109
3720110
3720111
3720112
3720113
3720114
3720115
3720116
3720117
3720118
3720119
3720120
3720121
3720122
3720123
3720124
3720125
3720126
3720127
3720128
3720129
3720130
3720131
3720132
3720133
3720134
3720135
3720136
3720137
3720138
3720139
3720140
3720141
3720142
3720143
3720144
3720145
3720146
3720147
3720148
3720149
3720150
3720151
3720152
3720153
3720154
3720155
3720156
3720157
3720158
3720159
3720160
3720161
3720162
3720163
3720164
3720165
3720166
3720167
3720168
3720169
3720170
3720171
3720172
3720173
3720174
3720175
3720176
3720177
3720178
3720179
3720180
3720181
3720182
3720183
3720184
3720185
3720186
3720187
3720188
3720189
3720190
3720191
3720192
3720193
3720194
3720195
3720196
3720197
3720198
3720199
3720200
3720201
3720202
3720203
3720204
3720205
3720206
3720207
3720208
3720209
3720210
3720211
3720212
3720213
3720214
3720215
3720216
3720217
3720218
3720219
3720220
3720221
3720222
3720223
3720224
3720225
3720226
3720227
3720228
3720229
3720230
3720231
3720232
3720233
3720234
3720235
3720236
3720237
3720238
3720239
3720240
3720241
3720242
3720243
3720244
3720245
3720246
3720247
3720248
3720249
3720250
3720251
3720252
3720253
3720254
3720255
3720256
3720257
3720258
3720259
3720260
3720261
3720262
3720263
3720264
3720265
3720266
3720267
3720268
3720269
3720270
3720271
3720272
3720273
3720274
3720275
3720276
3720277
3720278
3720279
3720280
3720281
3720282
3720283
3720284
3720285
3720286
3720287
3720288
3720289
3720290
3720291
3720292
3720293
3720294
3720295
3720296
3720297
3720298
3720299
3720300
3720301
3720302
3720303
3720304
3720305
3720306
3720307
3720308
3720309
3720310
3720311
3720312
3720313
3720314
3720315
3720316
3720317
3720318
3720319
3720320
3720321
3720322
3720323
3720324
3720325
3720326
3720327
3720328
3720329
3720330
3720331
3720332
3720333
3720334
3720335
3720336
3720337
3720338
3720339
3720340
3720341
3720342
3720343
3720344
3720345
3720346
3720347
3720348
3720349
3720350
3720351
3720352
3720353
3720354
3720355
3720356
3720357
3720358
3720359
3720360
3720361
3720362
3720363
3720364
3720365
3720366
3720367
3720368
3720369
3720370
3720371
3720372
3720373
3720374
3720375
3720376
3720377
3720378
3720379
3720380
3720381
3720382
3720383
3720384
3720385
3720386
3720387
3720388
3720389
3720390
3720391
3720392
3720393
3720394
3720395
3720396
3720397
3720398
3720399
3720400
3720401
3720402
3720403
3720404
3720405
3720406
3720407
3720408
3720409
3720410
3720411
3720412
3720413
3720414
3720415
3720416
3720417
3720418
3720419
3720420
3720421
3720422
3720423
3720424
3720425
3720426
3720427
3720428
3720429
3720430
3720431
3720432
3720433
3720434
3720435
3720436
3720437
3720438
3720439
3720440
3720441
3720442
3720443
3720444
3720445
3720446
3720447
3720448
3720449
3720450
3720451
3720452
3720453
3720454
3720455
3720456
3720457
3720458
3720459
3720460
3720461
3720462
3720463
3720464
3720465
3720466
3720467
3720468
3720469
3720470
3720471
3720472
3720473
3720474
3720475
3720476
3720477
3720478
3720479
3720480
3720481
3720482
3720483
3720484
3720485
3720486
3720487
3720488
3720489
3720490
3720491
3720492
3720493
3720494
3720495
3720496
3720497
3720498
3720499
3720500
3720501
3720502
3720503
3720504
3720505
3720506
3720507
3720508
3720509
3720510
3720511
3720512
3720513
3720514
3720515
3720516
3720517
3720518
3720519
3720520
3720521
3720522
3720523
3720524
3720525
3720526
3720527
3720528
3720529
3720530
3720531
3720532
3720533
3720534
3720535
3720536
3720537
3720538
3720539
3720540
3720541
3720542
3720543
3720544
3720545
3720546
3720547
3720548
3720549
3720550
3720551
3720552
3720553
3720554
3720555
3720556
3720557
3720558
3720559
3720560
3720561
3720562
3720563
3720564
3720565
3720566
3720567
3720568
3720569
3720570
3720571
3720572
3720573
3720574
3720575
3720576
3720577
3720578
3720579
3720580
3720581
3720582
3720583
3720584
3720585
3720586
3720587
3720588
3720589
3720590
3720591
3720592
3720593
3720594
3720595
3720596
3720597
3720598
3720599
3720600
3720601
3720602
3720603
3720604
3720605
3720606
3720607
3720608
3720609
3720610
3720611
3720612
3720613
3720614
3720615
3720616
3720617
3720618
3720619
3720620
3720621
3720622
3720623
3720624
3720625
3720626
3720627
3720628
3720629
3720630
3720631
3720632
3720633
3720634
3720635
3720636
3720637
3720638
3720639
3720640
3720641
3720642
3720643
3720644
3720645
3720646
3720647
3720648
3720649
3720650
3720651
3720652
3720653
3720654
3720655
3720656
3720657
3720658
3720659
3720660
3720661
3720662
3720663
3720664
3720665
3720666
3720667
3720668
3720669
3720670
3720671
3720672
3720673
3720674
3720675
3720676
3720677
3720678
3720679
3720680
3720681
3720682
3720683
3720684
3720685
3720686
3720687
3720688
3720689
3720690
3720691
3720692
3720693
3720694
3720695
3720696
3720697
3720698
3720699
3720700
3720701
3720702
3720703
3720704
3720705
3720706
3720707
3720708
3720709
3720710
3720711
3720712
3720713
3720714
3720715
3720716
3720717
3720718
3720719
3720720
3720721
3720722
3720723
3720724
3720725
3720726
3720727
3720728
3720729
3720730
3720731
3720732
3720733
3720734
3720735
3720736
3720737
3720738
3720739
3720740
3720741
3720742
3720743
3720744
3720745
3720746
3720747
3720748
3720749
3720750
3720751
3720752
3720753
3720754
3720755
3720756
3720757
3720758
3720759
3720760
3720761
3720762
3720763
3720764
3720765
3720766
3720767
3720768
3720769
3720770
3720771
3720772
3720773
3720774
3720775
3720776
3720777
3720778
3720779
3720780
3720781
3720782
3720783
3720784
3720785
3720786
3720787
3720788
3720789
3720790
3720791
3720792
3720793
3720794
3720795
3720796
3720797
3720798
3720799
3720800
3720801
3720802
3720803
3720804
3720805
3720806
3720807
3720808
3720809
3720810
3720811
3720812
3720813
3720814
3720815
3720816
3720817
3720818
3720819
3720820
3720821
3720822
3720823
3720824
3720825
3720826
3720827
3720828
3720829
3720830
3720831
3720832
3720833
3720834
3720835
3720836
3720837
3720838
3720839
3720840
3720841
3720842
3720843
3720844
3720845
3720846
3720847
3720848
3720849
3720850
3720851
3720852
3720853
3720854
3720855
3720856
3720857
3720858
3720859
3720860
3720861
3720862
3720863
3720864
3720865
3720866
3720867
3720868
3720869
3720870
3720871
3720872
3720873
3720874
3720875
3720876
3720877
3720878
3720879
3720880
3720881
3720882
3720883
3720884
3720885
3720886
3720887
3720888
3720889
3720890
3720891
3720892
3720893
3720894
3720895
3720896
3720897
3720898
3720899
3720900
3720901
3720902
3720903
3720904
3720905
3720906
3720907
3720908
3720909
3720910
3720911
3720912
3720913
3720914
3720915
3720916
3720917
3720918
3720919
3720920
3720921
3720922
3720923
3720924
3720925
3720926
3720927
3720928
3720929
3720930
3720931
3720932
3720933
3720934
3720935
3720936
3720937
3720938
3720939
3720940
3720941
3720942
3720943
3720944
3720945
3720946
3720947
3720948
3720949
3720950
3720951
3720952
3720953
3720954
3720955
3720956
3720957
3720958
3720959
3720960
3720961
3720962
3720963
3720964
3720965
3720966
3720967
3720968
3720969
3720970
3720971
3720972
3720973
3720974
3720975
3720976
3720977
3720978
3720979
3720980
3720981
3720982
3720983
3720984
3720985
3720986
3720987
3720988
3720989
3720990
3720991
3720992
3720993
3720994
3720995
3720996
3720997
3720998
3720999
3721000
3721001
3721002
3721003
3721004
3721005
3721006
3721007
3721008
3721009
3721010
3721011
3721012
3721013
3721014
3721015
3721016
3721017
3721018
3721019
3721020
3721021
3721022
3721023
3721024
3721025
3721026
3721027
3721028
3721029
3721030
3721031
3721032
3721033
3721034
3721035
3721036
3721037
3721038
3721039
3721040
3721041
3721042
3721043
3721044
3721045
3721046
3721047
3721048
3721049
3721050
3721051
3721052
3721053
3721054
3721055
3721056
3721057
3721058
3721059
3721060
3721061
3721062
3721063
3721064
3721065
3721066
3721067
3721068
3721069
3721070
3721071
3721072
3721073
3721074
3721075
3721076
3721077
3721078
3721079
3721080
3721081
3721082
3721083
3721084
3721085
3721086
3721087
3721088
3721089
3721090
3721091
3721092
3721093
3721094
3721095
3721096
3721097
3721098
3721099
3721100
3721101
3721102
3721103
3721104
3721105
3721106
3721107
3721108
3721109
3721110
3721111
3721112
3721113
3721114
3721115
3721116
3721117
3721118
3721119
3721120
3721121
3721122
3721123
3721124
3721125
3721126
3721127
3721128
3721129
3721130
3721131
3721132
3721133
3721134
3721135
3721136
3721137
3721138
3721139
3721140
3721141
3721142
3721143
3721144
3721145
3721146
3721147
3721148
3721149
3721150
3721151
3721152
3721153
3721154
3721155
3721156
3721157
3721158
3721159
3721160
3721161
3721162
3721163
3721164
3721165
3721166
3721167
3721168
3721169
3721170
3721171
3721172
3721173
3721174
3721175
3721176
3721177
3721178
3721179
3721180
3721181
3721182
3721183
3721184
3721185
3721186
3721187
3721188
3721189
3721190
3721191
3721192
3721193
3721194
3721195
3721196
3721197
3721198
3721199
3721200
3721201
3721202
3721203
3721204
3721205
3721206
3721207
3721208
3721209
3721210
3721211
3721212
3721213
3721214
3721215
3721216
3721217
3721218
3721219
3721220
3721221
3721222
3721223
3721224
3721225
3721226
3721227
3721228
3721229
3721230
3721231
3721232
3721233
3721234
3721235
3721236
3721237
3721238
3721239
3721240
3721241
3721242
3721243
3721244
3721245
3721246
3721247
3721248
3721249
3721250
3721251
3721252
3721253
3721254
3721255
3721256
3721257
3721258
3721259
3721260
3721261
3721262
3721263
3721264
3721265
3721266
3721267
3721268
3721269
3721270
3721271
3721272
3721273
3721274
3721275
3721276
3721277
3721278
3721279
3721280
3721281
3721282
3721283
3721284
3721285
3721286
3721287
3721288
3721289
3721290
3721291
3721292
3721293
3721294
3721295
3721296
3721297
3721298
3721299
3721300
3721301
3721302
3721303
3721304
3721305
3721306
3721307
3721308
3721309
3721310
3721311
3721312
3721313
3721314
3721315
3721316
3721317
3721318
3721319
3721320
3721321
3721322
3721323
3721324
3721325
3721326
3721327
3721328
3721329
3721330
3721331
3721332
3721333
3721334
3721335
3721336
3721337
3721338
3721339
3721340
3721341
3721342
3721343
3721344
3721345
3721346
3721347
3721348
3721349
3721350
3721351
3721352
3721353
3721354
3721355
3721356
3721357
3721358
3721359
3721360
3721361
3721362
3721363
3721364
3721365
3721366
3721367
3721368
3721369
3721370
3721371
3721372
3721373
3721374
3721375
3721376
3721377
3721378
3721379
3721380
3721381
3721382
3721383
3721384
3721385
3721386
3721387
3721388
3721389
3721390
3721391
3721392
3721393
3721394
3721395
3721396
3721397
3721398
3721399
3721400
3721401
3721402
3721403
3721404
3721405
3721406
3721407
3721408
3721409
3721410
3721411
3721412
3721413
3721414
3721415
3721416
3721417
3721418
3721419
3721420
3721421
3721422
3721423
3721424
3721425
3721426
3721427
3721428
3721429
3721430
3721431
3721432
3721433
3721434
3721435
3721436
3721437
3721438
3721439
3721440
3721441
3721442
3721443
3721444
3721445
3721446
3721447
3721448
3721449
3721450
3721451
3721452
3721453
3721454
3721455
3721456
3721457
3721458
3721459
3721460
3721461
3721462
3721463
3721464
3721465
3721466
3721467
3721468
3721469
3721470
3721471
3721472
3721473
3721474
3721475
3721476
3721477
3721478
3721479
3721480
3721481
3721482
3721483
3721484
3721485
3721486
3721487
3721488
3721489
3721490
3721491
3721492
3721493
3721494
3721495
3721496
3721497
3721498
3721499
3721500
3721501
3721502
3721503
3721504
3721505
3721506
3721507
3721508
3721509
3721510
3721511
3721512
3721513
3721514
3721515
3721516
3721517
3721518
3721519
3721520
3721521
3721522
3721523
3721524
3721525
3721526
3721527
3721528
3721529
3721530
3721531
3721532
3721533
3721534
3721535
3721536
3721537
3721538
3721539
3721540
3721541
3721542
3721543
3721544
3721545
3721546
3721547
3721548
3721549
3721550
3721551
3721552
3721553
3721554
3721555
3721556
3721557
3721558
3721559
3721560
3721561
3721562
3721563
3721564
3721565
3721566
3721567
3721568
3721569
3721570
3721571
3721572
3721573
3721574
3721575
3721576
3721577
3721578
3721579
3721580
3721581
3721582
3721583
3721584
3721585
3721586
3721587
3721588
3721589
3721590
3721591
3721592
3721593
3721594
3721595
3721596
3721597
3721598
3721599
3721600
3721601
3721602
3721603
3721604
3721605
3721606
3721607
3721608
3721609
3721610
3721611
3721612
3721613
3721614
3721615
3721616
3721617
3721618
3721619
3721620
3721621
3721622
3721623
3721624
3721625
3721626
3721627
3721628
3721629
3721630
3721631
3721632
3721633
3721634
3721635
3721636
3721637
3721638
3721639
3721640
3721641
3721642
3721643
3721644
3721645
3721646
3721647
3721648
3721649
3721650
3721651
3721652
3721653
3721654
3721655
3721656
3721657
3721658
3721659
3721660
3721661
3721662
3721663
3721664
3721665
3721666
3721667
3721668
3721669
3721670
3721671
3721672
3721673
3721674
3721675
3721676
3721677
3721678
3721679
3721680
3721681
3721682
3721683
3721684
3721685
3721686
3721687
3721688
3721689
3721690
3721691
3721692
3721693
3721694
3721695
3721696
3721697
3721698
3721699
3721700
3721701
3721702
3721703
3721704
3721705
3721706
3721707
3721708
3721709
3721710
3721711
3721712
3721713
3721714
3721715
3721716
3721717
3721718
3721719
3721720
3721721
3721722
3721723
3721724
3721725
3721726
3721727
3721728
3721729
3721730
3721731
3721732
3721733
3721734
3721735
3721736
3721737
3721738
3721739
3721740
3721741
3721742
3721743
3721744
3721745
3721746
3721747
3721748
3721749
3721750
3721751
3721752
3721753
3721754
3721755
3721756
3721757
3721758
3721759
3721760
3721761
3721762
3721763
3721764
3721765
3721766
3721767
3721768
3721769
3721770
3721771
3721772
3721773
3721774
3721775
3721776
3721777
3721778
3721779
3721780
3721781
3721782
3721783
3721784
3721785
3721786
3721787
3721788
3721789
3721790
3721791
3721792
3721793
3721794
3721795
3721796
3721797
3721798
3721799
3721800
3721801
3721802
3721803
3721804
3721805
3721806
3721807
3721808
3721809
3721810
3721811
3721812
3721813
3721814
3721815
3721816
3721817
3721818
3721819
3721820
3721821
3721822
3721823
3721824
3721825
3721826
3721827
3721828
3721829
3721830
3721831
3721832
3721833
3721834
3721835
3721836
3721837
3721838
3721839
3721840
3721841
3721842
3721843
3721844
3721845
3721846
3721847
3721848
3721849
3721850
3721851
3721852
3721853
3721854
3721855
3721856
3721857
3721858
3721859
3721860
3721861
3721862
3721863
3721864
3721865
3721866
3721867
3721868
3721869
3721870
3721871
3721872
3721873
3721874
3721875
3721876
3721877
3721878
3721879
3721880
3721881
3721882
3721883
3721884
3721885
3721886
3721887
3721888
3721889
3721890
3721891
3721892
3721893
3721894
3721895
3721896
3721897
3721898
3721899
3721900
3721901
3721902
3721903
3721904
3721905
3721906
3721907
3721908
3721909
3721910
3721911
3721912
3721913
3721914
3721915
3721916
3721917
3721918
3721919
3721920
3721921
3721922
3721923
3721924
3721925
3721926
3721927
3721928
3721929
3721930
3721931
3721932
3721933
3721934
3721935
3721936
3721937
3721938
3721939
3721940
3721941
3721942
3721943
3721944
3721945
3721946
3721947
3721948
3721949
3721950
3721951
3721952
3721953
3721954
3721955
3721956
3721957
3721958
3721959
3721960
3721961
3721962
3721963
3721964
3721965
3721966
3721967
3721968
3721969
3721970
3721971
3721972
3721973
3721974
3721975
3721976
3721977
3721978
3721979
3721980
3721981
3721982
3721983
3721984
3721985
3721986
3721987
3721988
3721989
3721990
3721991
3721992
3721993
3721994
3721995
3721996
3721997
3721998
3721999
3722000
3722001
3722002
3722003
3722004
3722005
3722006
3722007
3722008
3722009
3722010
3722011
3722012
3722013
3722014
3722015
3722016
3722017
3722018
3722019
3722020
3722021
3722022
3722023
3722024
3722025
3722026
3722027
3722028
3722029
3722030
3722031
3722032
3722033
3722034
3722035
3722036
3722037
3722038
3722039
3722040
3722041
3722042
3722043
3722044
3722045
3722046
3722047
3722048
3722049
3722050
3722051
3722052
3722053
3722054
3722055
3722056
3722057
3722058
3722059
3722060
3722061
3722062
3722063
3722064
3722065
3722066
3722067
3722068
3722069
3722070
3722071
3722072
3722073
3722074
3722075
3722076
3722077
3722078
3722079
3722080
3722081
3722082
3722083
3722084
3722085
3722086
3722087
3722088
3722089
3722090
3722091
3722092
3722093
3722094
3722095
3722096
3722097
3722098
3722099
3722100
3722101
3722102
3722103
3722104
3722105
3722106
3722107
3722108
3722109
3722110
3722111
3722112
3722113
3722114
3722115
3722116
3722117
3722118
3722119
3722120
3722121
3722122
3722123
3722124
3722125
3722126
3722127
3722128
3722129
3722130
3722131
3722132
3722133
3722134
3722135
3722136
3722137
3722138
3722139
3722140
3722141
3722142
3722143
3722144
3722145
3722146
3722147
3722148
3722149
3722150
3722151
3722152
3722153
3722154
3722155
3722156
3722157
3722158
3722159
3722160
3722161
3722162
3722163
3722164
3722165
3722166
3722167
3722168
3722169
3722170
3722171
3722172
3722173
3722174
3722175
3722176
3722177
3722178
3722179
3722180
3722181
3722182
3722183
3722184
3722185
3722186
3722187
3722188
3722189
3722190
3722191
3722192
3722193
3722194
3722195
3722196
3722197
3722198
3722199
3722200
3722201
3722202
3722203
3722204
3722205
3722206
3722207
3722208
3722209
3722210
3722211
3722212
3722213
3722214
3722215
3722216
3722217
3722218
3722219
3722220
3722221
3722222
3722223
3722224
3722225
3722226
3722227
3722228
3722229
3722230
3722231
3722232
3722233
3722234
3722235
3722236
3722237
3722238
3722239
3722240
3722241
3722242
3722243
3722244
3722245
3722246
3722247
3722248
3722249
3722250
3722251
3722252
3722253
3722254
3722255
3722256
3722257
3722258
3722259
3722260
3722261
3722262
3722263
3722264
3722265
3722266
3722267
3722268
3722269
3722270
3722271
3722272
3722273
3722274
3722275
3722276
3722277
3722278
3722279
3722280
3722281
3722282
3722283
3722284
3722285
3722286
3722287
3722288
3722289
3722290
3722291
3722292
3722293
3722294
3722295
3722296
3722297
3722298
3722299
3722300
3722301
3722302
3722303
3722304
3722305
3722306
3722307
3722308
3722309
3722310
3722311
3722312
3722313
3722314
3722315
3722316
3722317
3722318
3722319
3722320
3722321
3722322
3722323
3722324
3722325
3722326
3722327
3722328
3722329
3722330
3722331
3722332
3722333
3722334
3722335
3722336
3722337
3722338
3722339
3722340
3722341
3722342
3722343
3722344
3722345
3722346
3722347
3722348
3722349
3722350
3722351
3722352
3722353
3722354
3722355
3722356
3722357
3722358
3722359
3722360
3722361
3722362
3722363
3722364
3722365
3722366
3722367
3722368
3722369
3722370
3722371
3722372
3722373
3722374
3722375
3722376
3722377
3722378
3722379
3722380
3722381
3722382
3722383
3722384
3722385
3722386
3722387
3722388
3722389
3722390
3722391
3722392
3722393
3722394
3722395
3722396
3722397
3722398
3722399
3722400
3722401
3722402
3722403
3722404
3722405
3722406
3722407
3722408
3722409
3722410
3722411
3722412
3722413
3722414
3722415
3722416
3722417
3722418
3722419
3722420
3722421
3722422
3722423
3722424
3722425
3722426
3722427
3722428
3722429
3722430
3722431
3722432
3722433
3722434
3722435
3722436
3722437
3722438
3722439
3722440
3722441
3722442
3722443
3722444
3722445
3722446
3722447
3722448
3722449
3722450
3722451
3722452
3722453
3722454
3722455
3722456
3722457
3722458
3722459
3722460
3722461
3722462
3722463
3722464
3722465
3722466
3722467
3722468
3722469
3722470
3722471
3722472
3722473
3722474
3722475
3722476
3722477
3722478
3722479
3722480
3722481
3722482
3722483
3722484
3722485
3722486
3722487
3722488
3722489
3722490
3722491
3722492
3722493
3722494
3722495
3722496
3722497
3722498
3722499
3722500
3722501
3722502
3722503
3722504
3722505
3722506
3722507
3722508
3722509
3722510
3722511
3722512
3722513
3722514
3722515
3722516
3722517
3722518
3722519
3722520
3722521
3722522
3722523
3722524
3722525
3722526
3722527
3722528
3722529
3722530
3722531
3722532
3722533
3722534
3722535
3722536
3722537
3722538
3722539
3722540
3722541
3722542
3722543
3722544
3722545
3722546
3722547
3722548
3722549
3722550
3722551
3722552
3722553
3722554
3722555
3722556
3722557
3722558
3722559
3722560
3722561
3722562
3722563
3722564
3722565
3722566
3722567
3722568
3722569
3722570
3722571
3722572
3722573
3722574
3722575
3722576
3722577
3722578
3722579
3722580
3722581
3722582
3722583
3722584
3722585
3722586
3722587
3722588
3722589
3722590
3722591
3722592
3722593
3722594
3722595
3722596
3722597
3722598
3722599
3722600
3722601
3722602
3722603
3722604
3722605
3722606
3722607
3722608
3722609
3722610
3722611
3722612
3722613
3722614
3722615
3722616
3722617
3722618
3722619
3722620
3722621
3722622
3722623
3722624
3722625
3722626
3722627
3722628
3722629
3722630
3722631
3722632
3722633
3722634
3722635
3722636
3722637
3722638
3722639
3722640
3722641
3722642
3722643
3722644
3722645
3722646
3722647
3722648
3722649
3722650
3722651
3722652
3722653
3722654
3722655
3722656
3722657
3722658
3722659
3722660
3722661
3722662
3722663
3722664
3722665
3722666
3722667
3722668
3722669
3722670
3722671
3722672
3722673
3722674
3722675
3722676
3722677
3722678
3722679
3722680
3722681
3722682
3722683
3722684
3722685
3722686
3722687
3722688
3722689
3722690
3722691
3722692
3722693
3722694
3722695
3722696
3722697
3722698
3722699
3722700
3722701
3722702
3722703
3722704
3722705
3722706
3722707
3722708
3722709
3722710
3722711
3722712
3722713
3722714
3722715
3722716
3722717
3722718
3722719
3722720
3722721
3722722
3722723
3722724
3722725
3722726
3722727
3722728
3722729
3722730
3722731
3722732
3722733
3722734
3722735
3722736
3722737
3722738
3722739
3722740
3722741
3722742
3722743
3722744
3722745
3722746
3722747
3722748
3722749
3722750
3722751
3722752
3722753
3722754
3722755
3722756
3722757
3722758
3722759
3722760
3722761
3722762
3722763
3722764
3722765
3722766
3722767
3722768
3722769
3722770
3722771
3722772
3722773
3722774
3722775
3722776
3722777
3722778
3722779
3722780
3722781
3722782
3722783
3722784
3722785
3722786
3722787
3722788
3722789
3722790
3722791
3722792
3722793
3722794
3722795
3722796
3722797
3722798
3722799
3722800
3722801
3722802
3722803
3722804
3722805
3722806
3722807
3722808
3722809
3722810
3722811
3722812
3722813
3722814
3722815
3722816
3722817
3722818
3722819
3722820
3722821
3722822
3722823
3722824
3722825
3722826
3722827
3722828
3722829
3722830
3722831
3722832
3722833
3722834
3722835
3722836
3722837
3722838
3722839
3722840
3722841
3722842
3722843
3722844
3722845
3722846
3722847
3722848
3722849
3722850
3722851
3722852
3722853
3722854
3722855
3722856
3722857
3722858
3722859
3722860
3722861
3722862
3722863
3722864
3722865
3722866
3722867
3722868
3722869
3722870
3722871
3722872
3722873
3722874
3722875
3722876
3722877
3722878
3722879
3722880
3722881
3722882
3722883
3722884
3722885
3722886
3722887
3722888
3722889
3722890
3722891
3722892
3722893
3722894
3722895
3722896
3722897
3722898
3722899
3722900
3722901
3722902
3722903
3722904
3722905
3722906
3722907
3722908
3722909
3722910
3722911
3722912
3722913
3722914
3722915
3722916
3722917
3722918
3722919
3722920
3722921
3722922
3722923
3722924
3722925
3722926
3722927
3722928
3722929
3722930
3722931
3722932
3722933
3722934
3722935
3722936
3722937
3722938
3722939
3722940
3722941
3722942
3722943
3722944
3722945
3722946
3722947
3722948
3722949
3722950
3722951
3722952
3722953
3722954
3722955
3722956
3722957
3722958
3722959
3722960
3722961
3722962
3722963
3722964
3722965
3722966
3722967
3722968
3722969
3722970
3722971
3722972
3722973
3722974
3722975
3722976
3722977
3722978
3722979
3722980
3722981
3722982
3722983
3722984
3722985
3722986
3722987
3722988
3722989
3722990
3722991
3722992
3722993
3722994
3722995
3722996
3722997
3722998
3722999
3723000
3723001
3723002
3723003
3723004
3723005
3723006
3723007
3723008
3723009
3723010
3723011
3723012
3723013
3723014
3723015
3723016
3723017
3723018
3723019
3723020
3723021
3723022
3723023
3723024
3723025
3723026
3723027
3723028
3723029
3723030
3723031
3723032
3723033
3723034
3723035
3723036
3723037
3723038
3723039
3723040
3723041
3723042
3723043
3723044
3723045
3723046
3723047
3723048
3723049
3723050
3723051
3723052
3723053
3723054
3723055
3723056
3723057
3723058
3723059
3723060
3723061
3723062
3723063
3723064
3723065
3723066
3723067
3723068
3723069
3723070
3723071
3723072
3723073
3723074
3723075
3723076
3723077
3723078
3723079
3723080
3723081
3723082
3723083
3723084
3723085
3723086
3723087
3723088
3723089
3723090
3723091
3723092
3723093
3723094
3723095
3723096
3723097
3723098
3723099
3723100
3723101
3723102
3723103
3723104
3723105
3723106
3723107
3723108
3723109
3723110
3723111
3723112
3723113
3723114
3723115
3723116
3723117
3723118
3723119
3723120
3723121
3723122
3723123
3723124
3723125
3723126
3723127
3723128
3723129
3723130
3723131
3723132
3723133
3723134
3723135
3723136
3723137
3723138
3723139
3723140
3723141
3723142
3723143
3723144
3723145
3723146
3723147
3723148
3723149
3723150
3723151
3723152
3723153
3723154
3723155
3723156
3723157
3723158
3723159
3723160
3723161
3723162
3723163
3723164
3723165
3723166
3723167
3723168
3723169
3723170
3723171
3723172
3723173
3723174
3723175
3723176
3723177
3723178
3723179
3723180
3723181
3723182
3723183
3723184
3723185
3723186
3723187
3723188
3723189
3723190
3723191
3723192
3723193
3723194
3723195
3723196
3723197
3723198
3723199
3723200
3723201
3723202
3723203
3723204
3723205
3723206
3723207
3723208
3723209
3723210
3723211
3723212
3723213
3723214
3723215
3723216
3723217
3723218
3723219
3723220
3723221
3723222
3723223
3723224
3723225
3723226
3723227
3723228
3723229
3723230
3723231
3723232
3723233
3723234
3723235
3723236
3723237
3723238
3723239
3723240
3723241
3723242
3723243
3723244
3723245
3723246
3723247
3723248
3723249
3723250
3723251
3723252
3723253
3723254
3723255
3723256
3723257
3723258
3723259
3723260
3723261
3723262
3723263
3723264
3723265
3723266
3723267
3723268
3723269
3723270
3723271
3723272
3723273
3723274
3723275
3723276
3723277
3723278
3723279
3723280
3723281
3723282
3723283
3723284
3723285
3723286
3723287
3723288
3723289
3723290
3723291
3723292
3723293
3723294
3723295
3723296
3723297
3723298
3723299
3723300
3723301
3723302
3723303
3723304
3723305
3723306
3723307
3723308
3723309
3723310
3723311
3723312
3723313
3723314
3723315
3723316
3723317
3723318
3723319
3723320
3723321
3723322
3723323
3723324
3723325
3723326
3723327
3723328
3723329
3723330
3723331
3723332
3723333
3723334
3723335
3723336
3723337
3723338
3723339
3723340
3723341
3723342
3723343
3723344
3723345
3723346
3723347
3723348
3723349
3723350
3723351
3723352
3723353
3723354
3723355
3723356
3723357
3723358
3723359
3723360
3723361
3723362
3723363
3723364
3723365
3723366
3723367
3723368
3723369
3723370
3723371
3723372
3723373
3723374
3723375
3723376
3723377
3723378
3723379
3723380
3723381
3723382
3723383
3723384
3723385
3723386
3723387
3723388
3723389
3723390
3723391
3723392
3723393
3723394
3723395
3723396
3723397
3723398
3723399
3723400
3723401
3723402
3723403
3723404
3723405
3723406
3723407
3723408
3723409
3723410
3723411
3723412
3723413
3723414
3723415
3723416
3723417
3723418
3723419
3723420
3723421
3723422
3723423
3723424
3723425
3723426
3723427
3723428
3723429
3723430
3723431
3723432
3723433
3723434
3723435
3723436
3723437
3723438
3723439
3723440
3723441
3723442
3723443
3723444
3723445
3723446
3723447
3723448
3723449
3723450
3723451
3723452
3723453
3723454
3723455
3723456
3723457
3723458
3723459
3723460
3723461
3723462
3723463
3723464
3723465
3723466
3723467
3723468
3723469
3723470
3723471
3723472
3723473
3723474
3723475
3723476
3723477
3723478
3723479
3723480
3723481
3723482
3723483
3723484
3723485
3723486
3723487
3723488
3723489
3723490
3723491
3723492
3723493
3723494
3723495
3723496
3723497
3723498
3723499
3723500
3723501
3723502
3723503
3723504
3723505
3723506
3723507
3723508
3723509
3723510
3723511
3723512
3723513
3723514
3723515
3723516
3723517
3723518
3723519
3723520
3723521
3723522
3723523
3723524
3723525
3723526
3723527
3723528
3723529
3723530
3723531
3723532
3723533
3723534
3723535
3723536
3723537
3723538
3723539
3723540
3723541
3723542
3723543
3723544
3723545
3723546
3723547
3723548
3723549
3723550
3723551
3723552
3723553
3723554
3723555
3723556
3723557
3723558
3723559
3723560
3723561
3723562
3723563
3723564
3723565
3723566
3723567
3723568
3723569
3723570
3723571
3723572
3723573
3723574
3723575
3723576
3723577
3723578
3723579
3723580
3723581
3723582
3723583
3723584
3723585
3723586
3723587
3723588
3723589
3723590
3723591
3723592
3723593
3723594
3723595
3723596
3723597
3723598
3723599
3723600
3723601
3723602
3723603
3723604
3723605
3723606
3723607
3723608
3723609
3723610
3723611
3723612
3723613
3723614
3723615
3723616
3723617
3723618
3723619
3723620
3723621
3723622
3723623
3723624
3723625
3723626
3723627
3723628
3723629
3723630
3723631
3723632
3723633
3723634
3723635
3723636
3723637
3723638
3723639
3723640
3723641
3723642
3723643
3723644
3723645
3723646
3723647
3723648
3723649
3723650
3723651
3723652
3723653
3723654
3723655
3723656
3723657
3723658
3723659
3723660
3723661
3723662
3723663
3723664
3723665
3723666
3723667
3723668
3723669
3723670
3723671
3723672
3723673
3723674
3723675
3723676
3723677
3723678
3723679
3723680
3723681
3723682
3723683
3723684
3723685
3723686
3723687
3723688
3723689
3723690
3723691
3723692
3723693
3723694
3723695
3723696
3723697
3723698
3723699
3723700
3723701
3723702
3723703
3723704
3723705
3723706
3723707
3723708
3723709
3723710
3723711
3723712
3723713
3723714
3723715
3723716
3723717
3723718
3723719
3723720
3723721
3723722
3723723
3723724
3723725
3723726
3723727
3723728
3723729
3723730
3723731
3723732
3723733
3723734
3723735
3723736
3723737
3723738
3723739
3723740
3723741
3723742
3723743
3723744
3723745
3723746
3723747
3723748
3723749
3723750
3723751
3723752
3723753
3723754
3723755
3723756
3723757
3723758
3723759
3723760
3723761
3723762
3723763
3723764
3723765
3723766
3723767
3723768
3723769
3723770
3723771
3723772
3723773
3723774
3723775
3723776
3723777
3723778
3723779
3723780
3723781
3723782
3723783
3723784
3723785
3723786
3723787
3723788
3723789
3723790
3723791
3723792
3723793
3723794
3723795
3723796
3723797
3723798
3723799
3723800
3723801
3723802
3723803
3723804
3723805
3723806
3723807
3723808
3723809
3723810
3723811
3723812
3723813
3723814
3723815
3723816
3723817
3723818
3723819
3723820
3723821
3723822
3723823
3723824
3723825
3723826
3723827
3723828
3723829
3723830
3723831
3723832
3723833
3723834
3723835
3723836
3723837
3723838
3723839
3723840
3723841
3723842
3723843
3723844
3723845
3723846
3723847
3723848
3723849
3723850
3723851
3723852
3723853
3723854
3723855
3723856
3723857
3723858
3723859
3723860
3723861
3723862
3723863
3723864
3723865
3723866
3723867
3723868
3723869
3723870
3723871
3723872
3723873
3723874
3723875
3723876
3723877
3723878
3723879
3723880
3723881
3723882
3723883
3723884
3723885
3723886
3723887
3723888
3723889
3723890
3723891
3723892
3723893
3723894
3723895
3723896
3723897
3723898
3723899
3723900
3723901
3723902
3723903
3723904
3723905
3723906
3723907
3723908
3723909
3723910
3723911
3723912
3723913
3723914
3723915
3723916
3723917
3723918
3723919
3723920
3723921
3723922
3723923
3723924
3723925
3723926
3723927
3723928
3723929
3723930
3723931
3723932
3723933
3723934
3723935
3723936
3723937
3723938
3723939
3723940
3723941
3723942
3723943
3723944
3723945
3723946
3723947
3723948
3723949
3723950
3723951
3723952
3723953
3723954
3723955
3723956
3723957
3723958
3723959
3723960
3723961
3723962
3723963
3723964
3723965
3723966
3723967
3723968
3723969
3723970
3723971
3723972
3723973
3723974
3723975
3723976
3723977
3723978
3723979
3723980
3723981
3723982
3723983
3723984
3723985
3723986
3723987
3723988
3723989
3723990
3723991
3723992
3723993
3723994
3723995
3723996
3723997
3723998
3723999
3724000
3724001
3724002
3724003
3724004
3724005
3724006
3724007
3724008
3724009
3724010
3724011
3724012
3724013
3724014
3724015
3724016
3724017
3724018
3724019
3724020
3724021
3724022
3724023
3724024
3724025
3724026
3724027
3724028
3724029
3724030
3724031
3724032
3724033
3724034
3724035
3724036
3724037
3724038
3724039
3724040
3724041
3724042
3724043
3724044
3724045
3724046
3724047
3724048
3724049
3724050
3724051
3724052
3724053
3724054
3724055
3724056
3724057
3724058
3724059
3724060
3724061
3724062
3724063
3724064
3724065
3724066
3724067
3724068
3724069
3724070
3724071
3724072
3724073
3724074
3724075
3724076
3724077
3724078
3724079
3724080
3724081
3724082
3724083
3724084
3724085
3724086
3724087
3724088
3724089
3724090
3724091
3724092
3724093
3724094
3724095
3724096
3724097
3724098
3724099
3724100
3724101
3724102
3724103
3724104
3724105
3724106
3724107
3724108
3724109
3724110
3724111
3724112
3724113
3724114
3724115
3724116
3724117
3724118
3724119
3724120
3724121
3724122
3724123
3724124
3724125
3724126
3724127
3724128
3724129
3724130
3724131
3724132
3724133
3724134
3724135
3724136
3724137
3724138
3724139
3724140
3724141
3724142
3724143
3724144
3724145
3724146
3724147
3724148
3724149
3724150
3724151
3724152
3724153
3724154
3724155
3724156
3724157
3724158
3724159
3724160
3724161
3724162
3724163
3724164
3724165
3724166
3724167
3724168
3724169
3724170
3724171
3724172
3724173
3724174
3724175
3724176
3724177
3724178
3724179
3724180
3724181
3724182
3724183
3724184
3724185
3724186
3724187
3724188
3724189
3724190
3724191
3724192
3724193
3724194
3724195
3724196
3724197
3724198
3724199
3724200
3724201
3724202
3724203
3724204
3724205
3724206
3724207
3724208
3724209
3724210
3724211
3724212
3724213
3724214
3724215
3724216
3724217
3724218
3724219
3724220
3724221
3724222
3724223
3724224
3724225
3724226
3724227
3724228
3724229
3724230
3724231
3724232
3724233
3724234
3724235
3724236
3724237
3724238
3724239
3724240
3724241
3724242
3724243
3724244
3724245
3724246
3724247
3724248
3724249
3724250
3724251
3724252
3724253
3724254
3724255
3724256
3724257
3724258
3724259
3724260
3724261
3724262
3724263
3724264
3724265
3724266
3724267
3724268
3724269
3724270
3724271
3724272
3724273
3724274
3724275
3724276
3724277
3724278
3724279
3724280
3724281
3724282
3724283
3724284
3724285
3724286
3724287
3724288
3724289
3724290
3724291
3724292
3724293
3724294
3724295
3724296
3724297
3724298
3724299
3724300
3724301
3724302
3724303
3724304
3724305
3724306
3724307
3724308
3724309
3724310
3724311
3724312
3724313
3724314
3724315
3724316
3724317
3724318
3724319
3724320
3724321
3724322
3724323
3724324
3724325
3724326
3724327
3724328
3724329
3724330
3724331
3724332
3724333
3724334
3724335
3724336
3724337
3724338
3724339
3724340
3724341
3724342
3724343
3724344
3724345
3724346
3724347
3724348
3724349
3724350
3724351
3724352
3724353
3724354
3724355
3724356
3724357
3724358
3724359
3724360
3724361
3724362
3724363
3724364
3724365
3724366
3724367
3724368
3724369
3724370
3724371
3724372
3724373
3724374
3724375
3724376
3724377
3724378
3724379
3724380
3724381
3724382
3724383
3724384
3724385
3724386
3724387
3724388
3724389
3724390
3724391
3724392
3724393
3724394
3724395
3724396
3724397
3724398
3724399
3724400
3724401
3724402
3724403
3724404
3724405
3724406
3724407
3724408
3724409
3724410
3724411
3724412
3724413
3724414
3724415
3724416
3724417
3724418
3724419
3724420
3724421
3724422
3724423
3724424
3724425
3724426
3724427
3724428
3724429
3724430
3724431
3724432
3724433
3724434
3724435
3724436
3724437
3724438
3724439
3724440
3724441
3724442
3724443
3724444
3724445
3724446
3724447
3724448
3724449
3724450
3724451
3724452
3724453
3724454
3724455
3724456
3724457
3724458
3724459
3724460
3724461
3724462
3724463
3724464
3724465
3724466
3724467
3724468
3724469
3724470
3724471
3724472
3724473
3724474
3724475
3724476
3724477
3724478
3724479
3724480
3724481
3724482
3724483
3724484
3724485
3724486
3724487
3724488
3724489
3724490
3724491
3724492
3724493
3724494
3724495
3724496
3724497
3724498
3724499
3724500
3724501
3724502
3724503
3724504
3724505
3724506
3724507
3724508
3724509
3724510
3724511
3724512
3724513
3724514
3724515
3724516
3724517
3724518
3724519
3724520
3724521
3724522
3724523
3724524
3724525
3724526
3724527
3724528
3724529
3724530
3724531
3724532
3724533
3724534
3724535
3724536
3724537
3724538
3724539
3724540
3724541
3724542
3724543
3724544
3724545
3724546
3724547
3724548
3724549
3724550
3724551
3724552
3724553
3724554
3724555
3724556
3724557
3724558
3724559
3724560
3724561
3724562
3724563
3724564
3724565
3724566
3724567
3724568
3724569
3724570
3724571
3724572
3724573
3724574
3724575
3724576
3724577
3724578
3724579
3724580
3724581
3724582
3724583
3724584
3724585
3724586
3724587
3724588
3724589
3724590
3724591
3724592
3724593
3724594
3724595
3724596
3724597
3724598
3724599
3724600
3724601
3724602
3724603
3724604
3724605
3724606
3724607
3724608
3724609
3724610
3724611
3724612
3724613
3724614
3724615
3724616
3724617
3724618
3724619
3724620
3724621
3724622
3724623
3724624
3724625
3724626
3724627
3724628
3724629
3724630
3724631
3724632
3724633
3724634
3724635
3724636
3724637
3724638
3724639
3724640
3724641
3724642
3724643
3724644
3724645
3724646
3724647
3724648
3724649
3724650
3724651
3724652
3724653
3724654
3724655
3724656
3724657
3724658
3724659
3724660
3724661
3724662
3724663
3724664
3724665
3724666
3724667
3724668
3724669
3724670
3724671
3724672
3724673
3724674
3724675
3724676
3724677
3724678
3724679
3724680
3724681
3724682
3724683
3724684
3724685
3724686
3724687
3724688
3724689
3724690
3724691
3724692
3724693
3724694
3724695
3724696
3724697
3724698
3724699
3724700
3724701
3724702
3724703
3724704
3724705
3724706
3724707
3724708
3724709
3724710
3724711
3724712
3724713
3724714
3724715
3724716
3724717
3724718
3724719
3724720
3724721
3724722
3724723
3724724
3724725
3724726
3724727
3724728
3724729
3724730
3724731
3724732
3724733
3724734
3724735
3724736
3724737
3724738
3724739
3724740
3724741
3724742
3724743
3724744
3724745
3724746
3724747
3724748
3724749
3724750
3724751
3724752
3724753
3724754
3724755
3724756
3724757
3724758
3724759
3724760
3724761
3724762
3724763
3724764
3724765
3724766
3724767
3724768
3724769
3724770
3724771
3724772
3724773
3724774
3724775
3724776
3724777
3724778
3724779
3724780
3724781
3724782
3724783
3724784
3724785
3724786
3724787
3724788
3724789
3724790
3724791
3724792
3724793
3724794
3724795
3724796
3724797
3724798
3724799
3724800
3724801
3724802
3724803
3724804
3724805
3724806
3724807
3724808
3724809
3724810
3724811
3724812
3724813
3724814
3724815
3724816
3724817
3724818
3724819
3724820
3724821
3724822
3724823
3724824
3724825
3724826
3724827
3724828
3724829
3724830
3724831
3724832
3724833
3724834
3724835
3724836
3724837
3724838
3724839
3724840
3724841
3724842
3724843
3724844
3724845
3724846
3724847
3724848
3724849
3724850
3724851
3724852
3724853
3724854
3724855
3724856
3724857
3724858
3724859
3724860
3724861
3724862
3724863
3724864
3724865
3724866
3724867
3724868
3724869
3724870
3724871
3724872
3724873
3724874
3724875
3724876
3724877
3724878
3724879
3724880
3724881
3724882
3724883
3724884
3724885
3724886
3724887
3724888
3724889
3724890
3724891
3724892
3724893
3724894
3724895
3724896
3724897
3724898
3724899
3724900
3724901
3724902
3724903
3724904
3724905
3724906
3724907
3724908
3724909
3724910
3724911
3724912
3724913
3724914
3724915
3724916
3724917
3724918
3724919
3724920
3724921
3724922
3724923
3724924
3724925
3724926
3724927
3724928
3724929
3724930
3724931
3724932
3724933
3724934
3724935
3724936
3724937
3724938
3724939
3724940
3724941
3724942
3724943
3724944
3724945
3724946
3724947
3724948
3724949
3724950
3724951
3724952
3724953
3724954
3724955
3724956
3724957
3724958
3724959
3724960
3724961
3724962
3724963
3724964
3724965
3724966
3724967
3724968
3724969
3724970
3724971
3724972
3724973
3724974
3724975
3724976
3724977
3724978
3724979
3724980
3724981
3724982
3724983
3724984
3724985
3724986
3724987
3724988
3724989
3724990
3724991
3724992
3724993
3724994
3724995
3724996
3724997
3724998
3724999
3725000
3725001
3725002
3725003
3725004
3725005
3725006
3725007
3725008
3725009
3725010
3725011
3725012
3725013
3725014
3725015
3725016
3725017
3725018
3725019
3725020
3725021
3725022
3725023
3725024
3725025
3725026
3725027
3725028
3725029
3725030
3725031
3725032
3725033
3725034
3725035
3725036
3725037
3725038
3725039
3725040
3725041
3725042
3725043
3725044
3725045
3725046
3725047
3725048
3725049
3725050
3725051
3725052
3725053
3725054
3725055
3725056
3725057
3725058
3725059
3725060
3725061
3725062
3725063
3725064
3725065
3725066
3725067
3725068
3725069
3725070
3725071
3725072
3725073
3725074
3725075
3725076
3725077
3725078
3725079
3725080
3725081
3725082
3725083
3725084
3725085
3725086
3725087
3725088
3725089
3725090
3725091
3725092
3725093
3725094
3725095
3725096
3725097
3725098
3725099
3725100
3725101
3725102
3725103
3725104
3725105
3725106
3725107
3725108
3725109
3725110
3725111
3725112
3725113
3725114
3725115
3725116
3725117
3725118
3725119
3725120
3725121
3725122
3725123
3725124
3725125
3725126
3725127
3725128
3725129
3725130
3725131
3725132
3725133
3725134
3725135
3725136
3725137
3725138
3725139
3725140
3725141
3725142
3725143
3725144
3725145
3725146
3725147
3725148
3725149
3725150
3725151
3725152
3725153
3725154
3725155
3725156
3725157
3725158
3725159
3725160
3725161
3725162
3725163
3725164
3725165
3725166
3725167
3725168
3725169
3725170
3725171
3725172
3725173
3725174
3725175
3725176
3725177
3725178
3725179
3725180
3725181
3725182
3725183
3725184
3725185
3725186
3725187
3725188
3725189
3725190
3725191
3725192
3725193
3725194
3725195
3725196
3725197
3725198
3725199
3725200
3725201
3725202
3725203
3725204
3725205
3725206
3725207
3725208
3725209
3725210
3725211
3725212
3725213
3725214
3725215
3725216
3725217
3725218
3725219
3725220
3725221
3725222
3725223
3725224
3725225
3725226
3725227
3725228
3725229
3725230
3725231
3725232
3725233
3725234
3725235
3725236
3725237
3725238
3725239
3725240
3725241
3725242
3725243
3725244
3725245
3725246
3725247
3725248
3725249
3725250
3725251
3725252
3725253
3725254
3725255
3725256
3725257
3725258
3725259
3725260
3725261
3725262
3725263
3725264
3725265
3725266
3725267
3725268
3725269
3725270
3725271
3725272
3725273
3725274
3725275
3725276
3725277
3725278
3725279
3725280
3725281
3725282
3725283
3725284
3725285
3725286
3725287
3725288
3725289
3725290
3725291
3725292
3725293
3725294
3725295
3725296
3725297
3725298
3725299
3725300
3725301
3725302
3725303
3725304
3725305
3725306
3725307
3725308
3725309
3725310
3725311
3725312
3725313
3725314
3725315
3725316
3725317
3725318
3725319
3725320
3725321
3725322
3725323
3725324
3725325
3725326
3725327
3725328
3725329
3725330
3725331
3725332
3725333
3725334
3725335
3725336
3725337
3725338
3725339
3725340
3725341
3725342
3725343
3725344
3725345
3725346
3725347
3725348
3725349
3725350
3725351
3725352
3725353
3725354
3725355
3725356
3725357
3725358
3725359
3725360
3725361
3725362
3725363
3725364
3725365
3725366
3725367
3725368
3725369
3725370
3725371
3725372
3725373
3725374
3725375
3725376
3725377
3725378
3725379
3725380
3725381
3725382
3725383
3725384
3725385
3725386
3725387
3725388
3725389
3725390
3725391
3725392
3725393
3725394
3725395
3725396
3725397
3725398
3725399
3725400
3725401
3725402
3725403
3725404
3725405
3725406
3725407
3725408
3725409
3725410
3725411
3725412
3725413
3725414
3725415
3725416
3725417
3725418
3725419
3725420
3725421
3725422
3725423
3725424
3725425
3725426
3725427
3725428
3725429
3725430
3725431
3725432
3725433
3725434
3725435
3725436
3725437
3725438
3725439
3725440
3725441
3725442
3725443
3725444
3725445
3725446
3725447
3725448
3725449
3725450
3725451
3725452
3725453
3725454
3725455
3725456
3725457
3725458
3725459
3725460
3725461
3725462
3725463
3725464
3725465
3725466
3725467
3725468
3725469
3725470
3725471
3725472
3725473
3725474
3725475
3725476
3725477
3725478
3725479
3725480
3725481
3725482
3725483
3725484
3725485
3725486
3725487
3725488
3725489
3725490
3725491
3725492
3725493
3725494
3725495
3725496
3725497
3725498
3725499
3725500
3725501
3725502
3725503
3725504
3725505
3725506
3725507
3725508
3725509
3725510
3725511
3725512
3725513
3725514
3725515
3725516
3725517
3725518
3725519
3725520
3725521
3725522
3725523
3725524
3725525
3725526
3725527
3725528
3725529
3725530
3725531
3725532
3725533
3725534
3725535
3725536
3725537
3725538
3725539
3725540
3725541
3725542
3725543
3725544
3725545
3725546
3725547
3725548
3725549
3725550
3725551
3725552
3725553
3725554
3725555
3725556
3725557
3725558
3725559
3725560
3725561
3725562
3725563
3725564
3725565
3725566
3725567
3725568
3725569
3725570
3725571
3725572
3725573
3725574
3725575
3725576
3725577
3725578
3725579
3725580
3725581
3725582
3725583
3725584
3725585
3725586
3725587
3725588
3725589
3725590
3725591
3725592
3725593
3725594
3725595
3725596
3725597
3725598
3725599
3725600
3725601
3725602
3725603
3725604
3725605
3725606
3725607
3725608
3725609
3725610
3725611
3725612
3725613
3725614
3725615
3725616
3725617
3725618
3725619
3725620
3725621
3725622
3725623
3725624
3725625
3725626
3725627
3725628
3725629
3725630
3725631
3725632
3725633
3725634
3725635
3725636
3725637
3725638
3725639
3725640
3725641
3725642
3725643
3725644
3725645
3725646
3725647
3725648
3725649
3725650
3725651
3725652
3725653
3725654
3725655
3725656
3725657
3725658
3725659
3725660
3725661
3725662
3725663
3725664
3725665
3725666
3725667
3725668
3725669
3725670
3725671
3725672
3725673
3725674
3725675
3725676
3725677
3725678
3725679
3725680
3725681
3725682
3725683
3725684
3725685
3725686
3725687
3725688
3725689
3725690
3725691
3725692
3725693
3725694
3725695
3725696
3725697
3725698
3725699
3725700
3725701
3725702
3725703
3725704
3725705
3725706
3725707
3725708
3725709
3725710
3725711
3725712
3725713
3725714
3725715
3725716
3725717
3725718
3725719
3725720
3725721
3725722
3725723
3725724
3725725
3725726
3725727
3725728
3725729
3725730
3725731
3725732
3725733
3725734
3725735
3725736
3725737
3725738
3725739
3725740
3725741
3725742
3725743
3725744
3725745
3725746
3725747
3725748
3725749
3725750
3725751
3725752
3725753
3725754
3725755
3725756
3725757
3725758
3725759
3725760
3725761
3725762
3725763
3725764
3725765
3725766
3725767
3725768
3725769
3725770
3725771
3725772
3725773
3725774
3725775
3725776
3725777
3725778
3725779
3725780
3725781
3725782
3725783
3725784
3725785
3725786
3725787
3725788
3725789
3725790
3725791
3725792
3725793
3725794
3725795
3725796
3725797
3725798
3725799
3725800
3725801
3725802
3725803
3725804
3725805
3725806
3725807
3725808
3725809
3725810
3725811
3725812
3725813
3725814
3725815
3725816
3725817
3725818
3725819
3725820
3725821
3725822
3725823
3725824
3725825
3725826
3725827
3725828
3725829
3725830
3725831
3725832
3725833
3725834
3725835
3725836
3725837
3725838
3725839
3725840
3725841
3725842
3725843
3725844
3725845
3725846
3725847
3725848
3725849
3725850
3725851
3725852
3725853
3725854
3725855
3725856
3725857
3725858
3725859
3725860
3725861
3725862
3725863
3725864
3725865
3725866
3725867
3725868
3725869
3725870
3725871
3725872
3725873
3725874
3725875
3725876
3725877
3725878
3725879
3725880
3725881
3725882
3725883
3725884
3725885
3725886
3725887
3725888
3725889
3725890
3725891
3725892
3725893
3725894
3725895
3725896
3725897
3725898
3725899
3725900
3725901
3725902
3725903
3725904
3725905
3725906
3725907
3725908
3725909
3725910
3725911
3725912
3725913
3725914
3725915
3725916
3725917
3725918
3725919
3725920
3725921
3725922
3725923
3725924
3725925
3725926
3725927
3725928
3725929
3725930
3725931
3725932
3725933
3725934
3725935
3725936
3725937
3725938
3725939
3725940
3725941
3725942
3725943
3725944
3725945
3725946
3725947
3725948
3725949
3725950
3725951
3725952
3725953
3725954
3725955
3725956
3725957
3725958
3725959
3725960
3725961
3725962
3725963
3725964
3725965
3725966
3725967
3725968
3725969
3725970
3725971
3725972
3725973
3725974
3725975
3725976
3725977
3725978
3725979
3725980
3725981
3725982
3725983
3725984
3725985
3725986
3725987
3725988
3725989
3725990
3725991
3725992
3725993
3725994
3725995
3725996
3725997
3725998
3725999
3726000
3726001
3726002
3726003
3726004
3726005
3726006
3726007
3726008
3726009
3726010
3726011
3726012
3726013
3726014
3726015
3726016
3726017
3726018
3726019
3726020
3726021
3726022
3726023
3726024
3726025
3726026
3726027
3726028
3726029
3726030
3726031
3726032
3726033
3726034
3726035
3726036
3726037
3726038
3726039
3726040
3726041
3726042
3726043
3726044
3726045
3726046
3726047
3726048
3726049
3726050
3726051
3726052
3726053
3726054
3726055
3726056
3726057
3726058
3726059
3726060
3726061
3726062
3726063
3726064
3726065
3726066
3726067
3726068
3726069
3726070
3726071
3726072
3726073
3726074
3726075
3726076
3726077
3726078
3726079
3726080
3726081
3726082
3726083
3726084
3726085
3726086
3726087
3726088
3726089
3726090
3726091
3726092
3726093
3726094
3726095
3726096
3726097
3726098
3726099
3726100
3726101
3726102
3726103
3726104
3726105
3726106
3726107
3726108
3726109
3726110
3726111
3726112
3726113
3726114
3726115
3726116
3726117
3726118
3726119
3726120
3726121
3726122
3726123
3726124
3726125
3726126
3726127
3726128
3726129
3726130
3726131
3726132
3726133
3726134
3726135
3726136
3726137
3726138
3726139
3726140
3726141
3726142
3726143
3726144
3726145
3726146
3726147
3726148
3726149
3726150
3726151
3726152
3726153
3726154
3726155
3726156
3726157
3726158
3726159
3726160
3726161
3726162
3726163
3726164
3726165
3726166
3726167
3726168
3726169
3726170
3726171
3726172
3726173
3726174
3726175
3726176
3726177
3726178
3726179
3726180
3726181
3726182
3726183
3726184
3726185
3726186
3726187
3726188
3726189
3726190
3726191
3726192
3726193
3726194
3726195
3726196
3726197
3726198
3726199
3726200
3726201
3726202
3726203
3726204
3726205
3726206
3726207
3726208
3726209
3726210
3726211
3726212
3726213
3726214
3726215
3726216
3726217
3726218
3726219
3726220
3726221
3726222
3726223
3726224
3726225
3726226
3726227
3726228
3726229
3726230
3726231
3726232
3726233
3726234
3726235
3726236
3726237
3726238
3726239
3726240
3726241
3726242
3726243
3726244
3726245
3726246
3726247
3726248
3726249
3726250
3726251
3726252
3726253
3726254
3726255
3726256
3726257
3726258
3726259
3726260
3726261
3726262
3726263
3726264
3726265
3726266
3726267
3726268
3726269
3726270
3726271
3726272
3726273
3726274
3726275
3726276
3726277
3726278
3726279
3726280
3726281
3726282
3726283
3726284
3726285
3726286
3726287
3726288
3726289
3726290
3726291
3726292
3726293
3726294
3726295
3726296
3726297
3726298
3726299
3726300
3726301
3726302
3726303
3726304
3726305
3726306
3726307
3726308
3726309
3726310
3726311
3726312
3726313
3726314
3726315
3726316
3726317
3726318
3726319
3726320
3726321
3726322
3726323
3726324
3726325
3726326
3726327
3726328
3726329
3726330
3726331
3726332
3726333
3726334
3726335
3726336
3726337
3726338
3726339
3726340
3726341
3726342
3726343
3726344
3726345
3726346
3726347
3726348
3726349
3726350
3726351
3726352
3726353
3726354
3726355
3726356
3726357
3726358
3726359
3726360
3726361
3726362
3726363
3726364
3726365
3726366
3726367
3726368
3726369
3726370
3726371
3726372
3726373
3726374
3726375
3726376
3726377
3726378
3726379
3726380
3726381
3726382
3726383
3726384
3726385
3726386
3726387
3726388
3726389
3726390
3726391
3726392
3726393
3726394
3726395
3726396
3726397
3726398
3726399
3726400
3726401
3726402
3726403
3726404
3726405
3726406
3726407
3726408
3726409
3726410
3726411
3726412
3726413
3726414
3726415
3726416
3726417
3726418
3726419
3726420
3726421
3726422
3726423
3726424
3726425
3726426
3726427
3726428
3726429
3726430
3726431
3726432
3726433
3726434
3726435
3726436
3726437
3726438
3726439
3726440
3726441
3726442
3726443
3726444
3726445
3726446
3726447
3726448
3726449
3726450
3726451
3726452
3726453
3726454
3726455
3726456
3726457
3726458
3726459
3726460
3726461
3726462
3726463
3726464
3726465
3726466
3726467
3726468
3726469
3726470
3726471
3726472
3726473
3726474
3726475
3726476
3726477
3726478
3726479
3726480
3726481
3726482
3726483
3726484
3726485
3726486
3726487
3726488
3726489
3726490
3726491
3726492
3726493
3726494
3726495
3726496
3726497
3726498
3726499
3726500
3726501
3726502
3726503
3726504
3726505
3726506
3726507
3726508
3726509
3726510
3726511
3726512
3726513
3726514
3726515
3726516
3726517
3726518
3726519
3726520
3726521
3726522
3726523
3726524
3726525
3726526
3726527
3726528
3726529
3726530
3726531
3726532
3726533
3726534
3726535
3726536
3726537
3726538
3726539
3726540
3726541
3726542
3726543
3726544
3726545
3726546
3726547
3726548
3726549
3726550
3726551
3726552
3726553
3726554
3726555
3726556
3726557
3726558
3726559
3726560
3726561
3726562
3726563
3726564
3726565
3726566
3726567
3726568
3726569
3726570
3726571
3726572
3726573
3726574
3726575
3726576
3726577
3726578
3726579
3726580
3726581
3726582
3726583
3726584
3726585
3726586
3726587
3726588
3726589
3726590
3726591
3726592
3726593
3726594
3726595
3726596
3726597
3726598
3726599
3726600
3726601
3726602
3726603
3726604
3726605
3726606
3726607
3726608
3726609
3726610
3726611
3726612
3726613
3726614
3726615
3726616
3726617
3726618
3726619
3726620
3726621
3726622
3726623
3726624
3726625
3726626
3726627
3726628
3726629
3726630
3726631
3726632
3726633
3726634
3726635
3726636
3726637
3726638
3726639
3726640
3726641
3726642
3726643
3726644
3726645
3726646
3726647
3726648
3726649
3726650
3726651
3726652
3726653
3726654
3726655
3726656
3726657
3726658
3726659
3726660
3726661
3726662
3726663
3726664
3726665
3726666
3726667
3726668
3726669
3726670
3726671
3726672
3726673
3726674
3726675
3726676
3726677
3726678
3726679
3726680
3726681
3726682
3726683
3726684
3726685
3726686
3726687
3726688
3726689
3726690
3726691
3726692
3726693
3726694
3726695
3726696
3726697
3726698
3726699
3726700
3726701
3726702
3726703
3726704
3726705
3726706
3726707
3726708
3726709
3726710
3726711
3726712
3726713
3726714
3726715
3726716
3726717
3726718
3726719
3726720
3726721
3726722
3726723
3726724
3726725
3726726
3726727
3726728
3726729
3726730
3726731
3726732
3726733
3726734
3726735
3726736
3726737
3726738
3726739
3726740
3726741
3726742
3726743
3726744
3726745
3726746
3726747
3726748
3726749
3726750
3726751
3726752
3726753
3726754
3726755
3726756
3726757
3726758
3726759
3726760
3726761
3726762
3726763
3726764
3726765
3726766
3726767
3726768
3726769
3726770
3726771
3726772
3726773
3726774
3726775
3726776
3726777
3726778
3726779
3726780
3726781
3726782
3726783
3726784
3726785
3726786
3726787
3726788
3726789
3726790
3726791
3726792
3726793
3726794
3726795
3726796
3726797
3726798
3726799
3726800
3726801
3726802
3726803
3726804
3726805
3726806
3726807
3726808
3726809
3726810
3726811
3726812
3726813
3726814
3726815
3726816
3726817
3726818
3726819
3726820
3726821
3726822
3726823
3726824
3726825
3726826
3726827
3726828
3726829
3726830
3726831
3726832
3726833
3726834
3726835
3726836
3726837
3726838
3726839
3726840
3726841
3726842
3726843
3726844
3726845
3726846
3726847
3726848
3726849
3726850
3726851
3726852
3726853
3726854
3726855
3726856
3726857
3726858
3726859
3726860
3726861
3726862
3726863
3726864
3726865
3726866
3726867
3726868
3726869
3726870
3726871
3726872
3726873
3726874
3726875
3726876
3726877
3726878
3726879
3726880
3726881
3726882
3726883
3726884
3726885
3726886
3726887
3726888
3726889
3726890
3726891
3726892
3726893
3726894
3726895
3726896
3726897
3726898
3726899
3726900
3726901
3726902
3726903
3726904
3726905
3726906
3726907
3726908
3726909
3726910
3726911
3726912
3726913
3726914
3726915
3726916
3726917
3726918
3726919
3726920
3726921
3726922
3726923
3726924
3726925
3726926
3726927
3726928
3726929
3726930
3726931
3726932
3726933
3726934
3726935
3726936
3726937
3726938
3726939
3726940
3726941
3726942
3726943
3726944
3726945
3726946
3726947
3726948
3726949
3726950
3726951
3726952
3726953
3726954
3726955
3726956
3726957
3726958
3726959
3726960
3726961
3726962
3726963
3726964
3726965
3726966
3726967
3726968
3726969
3726970
3726971
3726972
3726973
3726974
3726975
3726976
3726977
3726978
3726979
3726980
3726981
3726982
3726983
3726984
3726985
3726986
3726987
3726988
3726989
3726990
3726991
3726992
3726993
3726994
3726995
3726996
3726997
3726998
3726999
3727000
3727001
3727002
3727003
3727004
3727005
3727006
3727007
3727008
3727009
3727010
3727011
3727012
3727013
3727014
3727015
3727016
3727017
3727018
3727019
3727020
3727021
3727022
3727023
3727024
3727025
3727026
3727027
3727028
3727029
3727030
3727031
3727032
3727033
3727034
3727035
3727036
3727037
3727038
3727039
3727040
3727041
3727042
3727043
3727044
3727045
3727046
3727047
3727048
3727049
3727050
3727051
3727052
3727053
3727054
3727055
3727056
3727057
3727058
3727059
3727060
3727061
3727062
3727063
3727064
3727065
3727066
3727067
3727068
3727069
3727070
3727071
3727072
3727073
3727074
3727075
3727076
3727077
3727078
3727079
3727080
3727081
3727082
3727083
3727084
3727085
3727086
3727087
3727088
3727089
3727090
3727091
3727092
3727093
3727094
3727095
3727096
3727097
3727098
3727099
3727100
3727101
3727102
3727103
3727104
3727105
3727106
3727107
3727108
3727109
3727110
3727111
3727112
3727113
3727114
3727115
3727116
3727117
3727118
3727119
3727120
3727121
3727122
3727123
3727124
3727125
3727126
3727127
3727128
3727129
3727130
3727131
3727132
3727133
3727134
3727135
3727136
3727137
3727138
3727139
3727140
3727141
3727142
3727143
3727144
3727145
3727146
3727147
3727148
3727149
3727150
3727151
3727152
3727153
3727154
3727155
3727156
3727157
3727158
3727159
3727160
3727161
3727162
3727163
3727164
3727165
3727166
3727167
3727168
3727169
3727170
3727171
3727172
3727173
3727174
3727175
3727176
3727177
3727178
3727179
3727180
3727181
3727182
3727183
3727184
3727185
3727186
3727187
3727188
3727189
3727190
3727191
3727192
3727193
3727194
3727195
3727196
3727197
3727198
3727199
3727200
3727201
3727202
3727203
3727204
3727205
3727206
3727207
3727208
3727209
3727210
3727211
3727212
3727213
3727214
3727215
3727216
3727217
3727218
3727219
3727220
3727221
3727222
3727223
3727224
3727225
3727226
3727227
3727228
3727229
3727230
3727231
3727232
3727233
3727234
3727235
3727236
3727237
3727238
3727239
3727240
3727241
3727242
3727243
3727244
3727245
3727246
3727247
3727248
3727249
3727250
3727251
3727252
3727253
3727254
3727255
3727256
3727257
3727258
3727259
3727260
3727261
3727262
3727263
3727264
3727265
3727266
3727267
3727268
3727269
3727270
3727271
3727272
3727273
3727274
3727275
3727276
3727277
3727278
3727279
3727280
3727281
3727282
3727283
3727284
3727285
3727286
3727287
3727288
3727289
3727290
3727291
3727292
3727293
3727294
3727295
3727296
3727297
3727298
3727299
3727300
3727301
3727302
3727303
3727304
3727305
3727306
3727307
3727308
3727309
3727310
3727311
3727312
3727313
3727314
3727315
3727316
3727317
3727318
3727319
3727320
3727321
3727322
3727323
3727324
3727325
3727326
3727327
3727328
3727329
3727330
3727331
3727332
3727333
3727334
3727335
3727336
3727337
3727338
3727339
3727340
3727341
3727342
3727343
3727344
3727345
3727346
3727347
3727348
3727349
3727350
3727351
3727352
3727353
3727354
3727355
3727356
3727357
3727358
3727359
3727360
3727361
3727362
3727363
3727364
3727365
3727366
3727367
3727368
3727369
3727370
3727371
3727372
3727373
3727374
3727375
3727376
3727377
3727378
3727379
3727380
3727381
3727382
3727383
3727384
3727385
3727386
3727387
3727388
3727389
3727390
3727391
3727392
3727393
3727394
3727395
3727396
3727397
3727398
3727399
3727400
3727401
3727402
3727403
3727404
3727405
3727406
3727407
3727408
3727409
3727410
3727411
3727412
3727413
3727414
3727415
3727416
3727417
3727418
3727419
3727420
3727421
3727422
3727423
3727424
3727425
3727426
3727427
3727428
3727429
3727430
3727431
3727432
3727433
3727434
3727435
3727436
3727437
3727438
3727439
3727440
3727441
3727442
3727443
3727444
3727445
3727446
3727447
3727448
3727449
3727450
3727451
3727452
3727453
3727454
3727455
3727456
3727457
3727458
3727459
3727460
3727461
3727462
3727463
3727464
3727465
3727466
3727467
3727468
3727469
3727470
3727471
3727472
3727473
3727474
3727475
3727476
3727477
3727478
3727479
3727480
3727481
3727482
3727483
3727484
3727485
3727486
3727487
3727488
3727489
3727490
3727491
3727492
3727493
3727494
3727495
3727496
3727497
3727498
3727499
3727500
3727501
3727502
3727503
3727504
3727505
3727506
3727507
3727508
3727509
3727510
3727511
3727512
3727513
3727514
3727515
3727516
3727517
3727518
3727519
3727520
3727521
3727522
3727523
3727524
3727525
3727526
3727527
3727528
3727529
3727530
3727531
3727532
3727533
3727534
3727535
3727536
3727537
3727538
3727539
3727540
3727541
3727542
3727543
3727544
3727545
3727546
3727547
3727548
3727549
3727550
3727551
3727552
3727553
3727554
3727555
3727556
3727557
3727558
3727559
3727560
3727561
3727562
3727563
3727564
3727565
3727566
3727567
3727568
3727569
3727570
3727571
3727572
3727573
3727574
3727575
3727576
3727577
3727578
3727579
3727580
3727581
3727582
3727583
3727584
3727585
3727586
3727587
3727588
3727589
3727590
3727591
3727592
3727593
3727594
3727595
3727596
3727597
3727598
3727599
3727600
3727601
3727602
3727603
3727604
3727605
3727606
3727607
3727608
3727609
3727610
3727611
3727612
3727613
3727614
3727615
3727616
3727617
3727618
3727619
3727620
3727621
3727622
3727623
3727624
3727625
3727626
3727627
3727628
3727629
3727630
3727631
3727632
3727633
3727634
3727635
3727636
3727637
3727638
3727639
3727640
3727641
3727642
3727643
3727644
3727645
3727646
3727647
3727648
3727649
3727650
3727651
3727652
3727653
3727654
3727655
3727656
3727657
3727658
3727659
3727660
3727661
3727662
3727663
3727664
3727665
3727666
3727667
3727668
3727669
3727670
3727671
3727672
3727673
3727674
3727675
3727676
3727677
3727678
3727679
3727680
3727681
3727682
3727683
3727684
3727685
3727686
3727687
3727688
3727689
3727690
3727691
3727692
3727693
3727694
3727695
3727696
3727697
3727698
3727699
3727700
3727701
3727702
3727703
3727704
3727705
3727706
3727707
3727708
3727709
3727710
3727711
3727712
3727713
3727714
3727715
3727716
3727717
3727718
3727719
3727720
3727721
3727722
3727723
3727724
3727725
3727726
3727727
3727728
3727729
3727730
3727731
3727732
3727733
3727734
3727735
3727736
3727737
3727738
3727739
3727740
3727741
3727742
3727743
3727744
3727745
3727746
3727747
3727748
3727749
3727750
3727751
3727752
3727753
3727754
3727755
3727756
3727757
3727758
3727759
3727760
3727761
3727762
3727763
3727764
3727765
3727766
3727767
3727768
3727769
3727770
3727771
3727772
3727773
3727774
3727775
3727776
3727777
3727778
3727779
3727780
3727781
3727782
3727783
3727784
3727785
3727786
3727787
3727788
3727789
3727790
3727791
3727792
3727793
3727794
3727795
3727796
3727797
3727798
3727799
3727800
3727801
3727802
3727803
3727804
3727805
3727806
3727807
3727808
3727809
3727810
3727811
3727812
3727813
3727814
3727815
3727816
3727817
3727818
3727819
3727820
3727821
3727822
3727823
3727824
3727825
3727826
3727827
3727828
3727829
3727830
3727831
3727832
3727833
3727834
3727835
3727836
3727837
3727838
3727839
3727840
3727841
3727842
3727843
3727844
3727845
3727846
3727847
3727848
3727849
3727850
3727851
3727852
3727853
3727854
3727855
3727856
3727857
3727858
3727859
3727860
3727861
3727862
3727863
3727864
3727865
3727866
3727867
3727868
3727869
3727870
3727871
3727872
3727873
3727874
3727875
3727876
3727877
3727878
3727879
3727880
3727881
3727882
3727883
3727884
3727885
3727886
3727887
3727888
3727889
3727890
3727891
3727892
3727893
3727894
3727895
3727896
3727897
3727898
3727899
3727900
3727901
3727902
3727903
3727904
3727905
3727906
3727907
3727908
3727909
3727910
3727911
3727912
3727913
3727914
3727915
3727916
3727917
3727918
3727919
3727920
3727921
3727922
3727923
3727924
3727925
3727926
3727927
3727928
3727929
3727930
3727931
3727932
3727933
3727934
3727935
3727936
3727937
3727938
3727939
3727940
3727941
3727942
3727943
3727944
3727945
3727946
3727947
3727948
3727949
3727950
3727951
3727952
3727953
3727954
3727955
3727956
3727957
3727958
3727959
3727960
3727961
3727962
3727963
3727964
3727965
3727966
3727967
3727968
3727969
3727970
3727971
3727972
3727973
3727974
3727975
3727976
3727977
3727978
3727979
3727980
3727981
3727982
3727983
3727984
3727985
3727986
3727987
3727988
3727989
3727990
3727991
3727992
3727993
3727994
3727995
3727996
3727997
3727998
3727999
3728000
3728001
3728002
3728003
3728004
3728005
3728006
3728007
3728008
3728009
3728010
3728011
3728012
3728013
3728014
3728015
3728016
3728017
3728018
3728019
3728020
3728021
3728022
3728023
3728024
3728025
3728026
3728027
3728028
3728029
3728030
3728031
3728032
3728033
3728034
3728035
3728036
3728037
3728038
3728039
3728040
3728041
3728042
3728043
3728044
3728045
3728046
3728047
3728048
3728049
3728050
3728051
3728052
3728053
3728054
3728055
3728056
3728057
3728058
3728059
3728060
3728061
3728062
3728063
3728064
3728065
3728066
3728067
3728068
3728069
3728070
3728071
3728072
3728073
3728074
3728075
3728076
3728077
3728078
3728079
3728080
3728081
3728082
3728083
3728084
3728085
3728086
3728087
3728088
3728089
3728090
3728091
3728092
3728093
3728094
3728095
3728096
3728097
3728098
3728099
3728100
3728101
3728102
3728103
3728104
3728105
3728106
3728107
3728108
3728109
3728110
3728111
3728112
3728113
3728114
3728115
3728116
3728117
3728118
3728119
3728120
3728121
3728122
3728123
3728124
3728125
3728126
3728127
3728128
3728129
3728130
3728131
3728132
3728133
3728134
3728135
3728136
3728137
3728138
3728139
3728140
3728141
3728142
3728143
3728144
3728145
3728146
3728147
3728148
3728149
3728150
3728151
3728152
3728153
3728154
3728155
3728156
3728157
3728158
3728159
3728160
3728161
3728162
3728163
3728164
3728165
3728166
3728167
3728168
3728169
3728170
3728171
3728172
3728173
3728174
3728175
3728176
3728177
3728178
3728179
3728180
3728181
3728182
3728183
3728184
3728185
3728186
3728187
3728188
3728189
3728190
3728191
3728192
3728193
3728194
3728195
3728196
3728197
3728198
3728199
3728200
3728201
3728202
3728203
3728204
3728205
3728206
3728207
3728208
3728209
3728210
3728211
3728212
3728213
3728214
3728215
3728216
3728217
3728218
3728219
3728220
3728221
3728222
3728223
3728224
3728225
3728226
3728227
3728228
3728229
3728230
3728231
3728232
3728233
3728234
3728235
3728236
3728237
3728238
3728239
3728240
3728241
3728242
3728243
3728244
3728245
3728246
3728247
3728248
3728249
3728250
3728251
3728252
3728253
3728254
3728255
3728256
3728257
3728258
3728259
3728260
3728261
3728262
3728263
3728264
3728265
3728266
3728267
3728268
3728269
3728270
3728271
3728272
3728273
3728274
3728275
3728276
3728277
3728278
3728279
3728280
3728281
3728282
3728283
3728284
3728285
3728286
3728287
3728288
3728289
3728290
3728291
3728292
3728293
3728294
3728295
3728296
3728297
3728298
3728299
3728300
3728301
3728302
3728303
3728304
3728305
3728306
3728307
3728308
3728309
3728310
3728311
3728312
3728313
3728314
3728315
3728316
3728317
3728318
3728319
3728320
3728321
3728322
3728323
3728324
3728325
3728326
3728327
3728328
3728329
3728330
3728331
3728332
3728333
3728334
3728335
3728336
3728337
3728338
3728339
3728340
3728341
3728342
3728343
3728344
3728345
3728346
3728347
3728348
3728349
3728350
3728351
3728352
3728353
3728354
3728355
3728356
3728357
3728358
3728359
3728360
3728361
3728362
3728363
3728364
3728365
3728366
3728367
3728368
3728369
3728370
3728371
3728372
3728373
3728374
3728375
3728376
3728377
3728378
3728379
3728380
3728381
3728382
3728383
3728384
3728385
3728386
3728387
3728388
3728389
3728390
3728391
3728392
3728393
3728394
3728395
3728396
3728397
3728398
3728399
3728400
3728401
3728402
3728403
3728404
3728405
3728406
3728407
3728408
3728409
3728410
3728411
3728412
3728413
3728414
3728415
3728416
3728417
3728418
3728419
3728420
3728421
3728422
3728423
3728424
3728425
3728426
3728427
3728428
3728429
3728430
3728431
3728432
3728433
3728434
3728435
3728436
3728437
3728438
3728439
3728440
3728441
3728442
3728443
3728444
3728445
3728446
3728447
3728448
3728449
3728450
3728451
3728452
3728453
3728454
3728455
3728456
3728457
3728458
3728459
3728460
3728461
3728462
3728463
3728464
3728465
3728466
3728467
3728468
3728469
3728470
3728471
3728472
3728473
3728474
3728475
3728476
3728477
3728478
3728479
3728480
3728481
3728482
3728483
3728484
3728485
3728486
3728487
3728488
3728489
3728490
3728491
3728492
3728493
3728494
3728495
3728496
3728497
3728498
3728499
3728500
3728501
3728502
3728503
3728504
3728505
3728506
3728507
3728508
3728509
3728510
3728511
3728512
3728513
3728514
3728515
3728516
3728517
3728518
3728519
3728520
3728521
3728522
3728523
3728524
3728525
3728526
3728527
3728528
3728529
3728530
3728531
3728532
3728533
3728534
3728535
3728536
3728537
3728538
3728539
3728540
3728541
3728542
3728543
3728544
3728545
3728546
3728547
3728548
3728549
3728550
3728551
3728552
3728553
3728554
3728555
3728556
3728557
3728558
3728559
3728560
3728561
3728562
3728563
3728564
3728565
3728566
3728567
3728568
3728569
3728570
3728571
3728572
3728573
3728574
3728575
3728576
3728577
3728578
3728579
3728580
3728581
3728582
3728583
3728584
3728585
3728586
3728587
3728588
3728589
3728590
3728591
3728592
3728593
3728594
3728595
3728596
3728597
3728598
3728599
3728600
3728601
3728602
3728603
3728604
3728605
3728606
3728607
3728608
3728609
3728610
3728611
3728612
3728613
3728614
3728615
3728616
3728617
3728618
3728619
3728620
3728621
3728622
3728623
3728624
3728625
3728626
3728627
3728628
3728629
3728630
3728631
3728632
3728633
3728634
3728635
3728636
3728637
3728638
3728639
3728640
3728641
3728642
3728643
3728644
3728645
3728646
3728647
3728648
3728649
3728650
3728651
3728652
3728653
3728654
3728655
3728656
3728657
3728658
3728659
3728660
3728661
3728662
3728663
3728664
3728665
3728666
3728667
3728668
3728669
3728670
3728671
3728672
3728673
3728674
3728675
3728676
3728677
3728678
3728679
3728680
3728681
3728682
3728683
3728684
3728685
3728686
3728687
3728688
3728689
3728690
3728691
3728692
3728693
3728694
3728695
3728696
3728697
3728698
3728699
3728700
3728701
3728702
3728703
3728704
3728705
3728706
3728707
3728708
3728709
3728710
3728711
3728712
3728713
3728714
3728715
3728716
3728717
3728718
3728719
3728720
3728721
3728722
3728723
3728724
3728725
3728726
3728727
3728728
3728729
3728730
3728731
3728732
3728733
3728734
3728735
3728736
3728737
3728738
3728739
3728740
3728741
3728742
3728743
3728744
3728745
3728746
3728747
3728748
3728749
3728750
3728751
3728752
3728753
3728754
3728755
3728756
3728757
3728758
3728759
3728760
3728761
3728762
3728763
3728764
3728765
3728766
3728767
3728768
3728769
3728770
3728771
3728772
3728773
3728774
3728775
3728776
3728777
3728778
3728779
3728780
3728781
3728782
3728783
3728784
3728785
3728786
3728787
3728788
3728789
3728790
3728791
3728792
3728793
3728794
3728795
3728796
3728797
3728798
3728799
3728800
3728801
3728802
3728803
3728804
3728805
3728806
3728807
3728808
3728809
3728810
3728811
3728812
3728813
3728814
3728815
3728816
3728817
3728818
3728819
3728820
3728821
3728822
3728823
3728824
3728825
3728826
3728827
3728828
3728829
3728830
3728831
3728832
3728833
3728834
3728835
3728836
3728837
3728838
3728839
3728840
3728841
3728842
3728843
3728844
3728845
3728846
3728847
3728848
3728849
3728850
3728851
3728852
3728853
3728854
3728855
3728856
3728857
3728858
3728859
3728860
3728861
3728862
3728863
3728864
3728865
3728866
3728867
3728868
3728869
3728870
3728871
3728872
3728873
3728874
3728875
3728876
3728877
3728878
3728879
3728880
3728881
3728882
3728883
3728884
3728885
3728886
3728887
3728888
3728889
3728890
3728891
3728892
3728893
3728894
3728895
3728896
3728897
3728898
3728899
3728900
3728901
3728902
3728903
3728904
3728905
3728906
3728907
3728908
3728909
3728910
3728911
3728912
3728913
3728914
3728915
3728916
3728917
3728918
3728919
3728920
3728921
3728922
3728923
3728924
3728925
3728926
3728927
3728928
3728929
3728930
3728931
3728932
3728933
3728934
3728935
3728936
3728937
3728938
3728939
3728940
3728941
3728942
3728943
3728944
3728945
3728946
3728947
3728948
3728949
3728950
3728951
3728952
3728953
3728954
3728955
3728956
3728957
3728958
3728959
3728960
3728961
3728962
3728963
3728964
3728965
3728966
3728967
3728968
3728969
3728970
3728971
3728972
3728973
3728974
3728975
3728976
3728977
3728978
3728979
3728980
3728981
3728982
3728983
3728984
3728985
3728986
3728987
3728988
3728989
3728990
3728991
3728992
3728993
3728994
3728995
3728996
3728997
3728998
3728999
3729000
3729001
3729002
3729003
3729004
3729005
3729006
3729007
3729008
3729009
3729010
3729011
3729012
3729013
3729014
3729015
3729016
3729017
3729018
3729019
3729020
3729021
3729022
3729023
3729024
3729025
3729026
3729027
3729028
3729029
3729030
3729031
3729032
3729033
3729034
3729035
3729036
3729037
3729038
3729039
3729040
3729041
3729042
3729043
3729044
3729045
3729046
3729047
3729048
3729049
3729050
3729051
3729052
3729053
3729054
3729055
3729056
3729057
3729058
3729059
3729060
3729061
3729062
3729063
3729064
3729065
3729066
3729067
3729068
3729069
3729070
3729071
3729072
3729073
3729074
3729075
3729076
3729077
3729078
3729079
3729080
3729081
3729082
3729083
3729084
3729085
3729086
3729087
3729088
3729089
3729090
3729091
3729092
3729093
3729094
3729095
3729096
3729097
3729098
3729099
3729100
3729101
3729102
3729103
3729104
3729105
3729106
3729107
3729108
3729109
3729110
3729111
3729112
3729113
3729114
3729115
3729116
3729117
3729118
3729119
3729120
3729121
3729122
3729123
3729124
3729125
3729126
3729127
3729128
3729129
3729130
3729131
3729132
3729133
3729134
3729135
3729136
3729137
3729138
3729139
3729140
3729141
3729142
3729143
3729144
3729145
3729146
3729147
3729148
3729149
3729150
3729151
3729152
3729153
3729154
3729155
3729156
3729157
3729158
3729159
3729160
3729161
3729162
3729163
3729164
3729165
3729166
3729167
3729168
3729169
3729170
3729171
3729172
3729173
3729174
3729175
3729176
3729177
3729178
3729179
3729180
3729181
3729182
3729183
3729184
3729185
3729186
3729187
3729188
3729189
3729190
3729191
3729192
3729193
3729194
3729195
3729196
3729197
3729198
3729199
3729200
3729201
3729202
3729203
3729204
3729205
3729206
3729207
3729208
3729209
3729210
3729211
3729212
3729213
3729214
3729215
3729216
3729217
3729218
3729219
3729220
3729221
3729222
3729223
3729224
3729225
3729226
3729227
3729228
3729229
3729230
3729231
3729232
3729233
3729234
3729235
3729236
3729237
3729238
3729239
3729240
3729241
3729242
3729243
3729244
3729245
3729246
3729247
3729248
3729249
3729250
3729251
3729252
3729253
3729254
3729255
3729256
3729257
3729258
3729259
3729260
3729261
3729262
3729263
3729264
3729265
3729266
3729267
3729268
3729269
3729270
3729271
3729272
3729273
3729274
3729275
3729276
3729277
3729278
3729279
3729280
3729281
3729282
3729283
3729284
3729285
3729286
3729287
3729288
3729289
3729290
3729291
3729292
3729293
3729294
3729295
3729296
3729297
3729298
3729299
3729300
3729301
3729302
3729303
3729304
3729305
3729306
3729307
3729308
3729309
3729310
3729311
3729312
3729313
3729314
3729315
3729316
3729317
3729318
3729319
3729320
3729321
3729322
3729323
3729324
3729325
3729326
3729327
3729328
3729329
3729330
3729331
3729332
3729333
3729334
3729335
3729336
3729337
3729338
3729339
3729340
3729341
3729342
3729343
3729344
3729345
3729346
3729347
3729348
3729349
3729350
3729351
3729352
3729353
3729354
3729355
3729356
3729357
3729358
3729359
3729360
3729361
3729362
3729363
3729364
3729365
3729366
3729367
3729368
3729369
3729370
3729371
3729372
3729373
3729374
3729375
3729376
3729377
3729378
3729379
3729380
3729381
3729382
3729383
3729384
3729385
3729386
3729387
3729388
3729389
3729390
3729391
3729392
3729393
3729394
3729395
3729396
3729397
3729398
3729399
3729400
3729401
3729402
3729403
3729404
3729405
3729406
3729407
3729408
3729409
3729410
3729411
3729412
3729413
3729414
3729415
3729416
3729417
3729418
3729419
3729420
3729421
3729422
3729423
3729424
3729425
3729426
3729427
3729428
3729429
3729430
3729431
3729432
3729433
3729434
3729435
3729436
3729437
3729438
3729439
3729440
3729441
3729442
3729443
3729444
3729445
3729446
3729447
3729448
3729449
3729450
3729451
3729452
3729453
3729454
3729455
3729456
3729457
3729458
3729459
3729460
3729461
3729462
3729463
3729464
3729465
3729466
3729467
3729468
3729469
3729470
3729471
3729472
3729473
3729474
3729475
3729476
3729477
3729478
3729479
3729480
3729481
3729482
3729483
3729484
3729485
3729486
3729487
3729488
3729489
3729490
3729491
3729492
3729493
3729494
3729495
3729496
3729497
3729498
3729499
3729500
3729501
3729502
3729503
3729504
3729505
3729506
3729507
3729508
3729509
3729510
3729511
3729512
3729513
3729514
3729515
3729516
3729517
3729518
3729519
3729520
3729521
3729522
3729523
3729524
3729525
3729526
3729527
3729528
3729529
3729530
3729531
3729532
3729533
3729534
3729535
3729536
3729537
3729538
3729539
3729540
3729541
3729542
3729543
3729544
3729545
3729546
3729547
3729548
3729549
3729550
3729551
3729552
3729553
3729554
3729555
3729556
3729557
3729558
3729559
3729560
3729561
3729562
3729563
3729564
3729565
3729566
3729567
3729568
3729569
3729570
3729571
3729572
3729573
3729574
3729575
3729576
3729577
3729578
3729579
3729580
3729581
3729582
3729583
3729584
3729585
3729586
3729587
3729588
3729589
3729590
3729591
3729592
3729593
3729594
3729595
3729596
3729597
3729598
3729599
3729600
3729601
3729602
3729603
3729604
3729605
3729606
3729607
3729608
3729609
3729610
3729611
3729612
3729613
3729614
3729615
3729616
3729617
3729618
3729619
3729620
3729621
3729622
3729623
3729624
3729625
3729626
3729627
3729628
3729629
3729630
3729631
3729632
3729633
3729634
3729635
3729636
3729637
3729638
3729639
3729640
3729641
3729642
3729643
3729644
3729645
3729646
3729647
3729648
3729649
3729650
3729651
3729652
3729653
3729654
3729655
3729656
3729657
3729658
3729659
3729660
3729661
3729662
3729663
3729664
3729665
3729666
3729667
3729668
3729669
3729670
3729671
3729672
3729673
3729674
3729675
3729676
3729677
3729678
3729679
3729680
3729681
3729682
3729683
3729684
3729685
3729686
3729687
3729688
3729689
3729690
3729691
3729692
3729693
3729694
3729695
3729696
3729697
3729698
3729699
3729700
3729701
3729702
3729703
3729704
3729705
3729706
3729707
3729708
3729709
3729710
3729711
3729712
3729713
3729714
3729715
3729716
3729717
3729718
3729719
3729720
3729721
3729722
3729723
3729724
3729725
3729726
3729727
3729728
3729729
3729730
3729731
3729732
3729733
3729734
3729735
3729736
3729737
3729738
3729739
3729740
3729741
3729742
3729743
3729744
3729745
3729746
3729747
3729748
3729749
3729750
3729751
3729752
3729753
3729754
3729755
3729756
3729757
3729758
3729759
3729760
3729761
3729762
3729763
3729764
3729765
3729766
3729767
3729768
3729769
3729770
3729771
3729772
3729773
3729774
3729775
3729776
3729777
3729778
3729779
3729780
3729781
3729782
3729783
3729784
3729785
3729786
3729787
3729788
3729789
3729790
3729791
3729792
3729793
3729794
3729795
3729796
3729797
3729798
3729799
3729800
3729801
3729802
3729803
3729804
3729805
3729806
3729807
3729808
3729809
3729810
3729811
3729812
3729813
3729814
3729815
3729816
3729817
3729818
3729819
3729820
3729821
3729822
3729823
3729824
3729825
3729826
3729827
3729828
3729829
3729830
3729831
3729832
3729833
3729834
3729835
3729836
3729837
3729838
3729839
3729840
3729841
3729842
3729843
3729844
3729845
3729846
3729847
3729848
3729849
3729850
3729851
3729852
3729853
3729854
3729855
3729856
3729857
3729858
3729859
3729860
3729861
3729862
3729863
3729864
3729865
3729866
3729867
3729868
3729869
3729870
3729871
3729872
3729873
3729874
3729875
3729876
3729877
3729878
3729879
3729880
3729881
3729882
3729883
3729884
3729885
3729886
3729887
3729888
3729889
3729890
3729891
3729892
3729893
3729894
3729895
3729896
3729897
3729898
3729899
3729900
3729901
3729902
3729903
3729904
3729905
3729906
3729907
3729908
3729909
3729910
3729911
3729912
3729913
3729914
3729915
3729916
3729917
3729918
3729919
3729920
3729921
3729922
3729923
3729924
3729925
3729926
3729927
3729928
3729929
3729930
3729931
3729932
3729933
3729934
3729935
3729936
3729937
3729938
3729939
3729940
3729941
3729942
3729943
3729944
3729945
3729946
3729947
3729948
3729949
3729950
3729951
3729952
3729953
3729954
3729955
3729956
3729957
3729958
3729959
3729960
3729961
3729962
3729963
3729964
3729965
3729966
3729967
3729968
3729969
3729970
3729971
3729972
3729973
3729974
3729975
3729976
3729977
3729978
3729979
3729980
3729981
3729982
3729983
3729984
3729985
3729986
3729987
3729988
3729989
3729990
3729991
3729992
3729993
3729994
3729995
3729996
3729997
3729998
3729999
3730000
