4140001
4140002
4140003
4140004
4140005
4140006
4140007
4140008
4140009
4140010
4140011
4140012
4140013
4140014
4140015
4140016
4140017
4140018
4140019
4140020
4140021
4140022
4140023
4140024
4140025
4140026
4140027
4140028
4140029
4140030
4140031
4140032
4140033
4140034
4140035
4140036
4140037
4140038
4140039
4140040
4140041
4140042
4140043
4140044
4140045
4140046
4140047
4140048
4140049
4140050
4140051
4140052
4140053
4140054
4140055
4140056
4140057
4140058
4140059
4140060
4140061
4140062
4140063
4140064
4140065
4140066
4140067
4140068
4140069
4140070
4140071
4140072
4140073
4140074
4140075
4140076
4140077
4140078
4140079
4140080
4140081
4140082
4140083
4140084
4140085
4140086
4140087
4140088
4140089
4140090
4140091
4140092
4140093
4140094
4140095
4140096
4140097
4140098
4140099
4140100
4140101
4140102
4140103
4140104
4140105
4140106
4140107
4140108
4140109
4140110
4140111
4140112
4140113
4140114
4140115
4140116
4140117
4140118
4140119
4140120
4140121
4140122
4140123
4140124
4140125
4140126
4140127
4140128
4140129
4140130
4140131
4140132
4140133
4140134
4140135
4140136
4140137
4140138
4140139
4140140
4140141
4140142
4140143
4140144
4140145
4140146
4140147
4140148
4140149
4140150
4140151
4140152
4140153
4140154
4140155
4140156
4140157
4140158
4140159
4140160
4140161
4140162
4140163
4140164
4140165
4140166
4140167
4140168
4140169
4140170
4140171
4140172
4140173
4140174
4140175
4140176
4140177
4140178
4140179
4140180
4140181
4140182
4140183
4140184
4140185
4140186
4140187
4140188
4140189
4140190
4140191
4140192
4140193
4140194
4140195
4140196
4140197
4140198
4140199
4140200
4140201
4140202
4140203
4140204
4140205
4140206
4140207
4140208
4140209
4140210
4140211
4140212
4140213
4140214
4140215
4140216
4140217
4140218
4140219
4140220
4140221
4140222
4140223
4140224
4140225
4140226
4140227
4140228
4140229
4140230
4140231
4140232
4140233
4140234
4140235
4140236
4140237
4140238
4140239
4140240
4140241
4140242
4140243
4140244
4140245
4140246
4140247
4140248
4140249
4140250
4140251
4140252
4140253
4140254
4140255
4140256
4140257
4140258
4140259
4140260
4140261
4140262
4140263
4140264
4140265
4140266
4140267
4140268
4140269
4140270
4140271
4140272
4140273
4140274
4140275
4140276
4140277
4140278
4140279
4140280
4140281
4140282
4140283
4140284
4140285
4140286
4140287
4140288
4140289
4140290
4140291
4140292
4140293
4140294
4140295
4140296
4140297
4140298
4140299
4140300
4140301
4140302
4140303
4140304
4140305
4140306
4140307
4140308
4140309
4140310
4140311
4140312
4140313
4140314
4140315
4140316
4140317
4140318
4140319
4140320
4140321
4140322
4140323
4140324
4140325
4140326
4140327
4140328
4140329
4140330
4140331
4140332
4140333
4140334
4140335
4140336
4140337
4140338
4140339
4140340
4140341
4140342
4140343
4140344
4140345
4140346
4140347
4140348
4140349
4140350
4140351
4140352
4140353
4140354
4140355
4140356
4140357
4140358
4140359
4140360
4140361
4140362
4140363
4140364
4140365
4140366
4140367
4140368
4140369
4140370
4140371
4140372
4140373
4140374
4140375
4140376
4140377
4140378
4140379
4140380
4140381
4140382
4140383
4140384
4140385
4140386
4140387
4140388
4140389
4140390
4140391
4140392
4140393
4140394
4140395
4140396
4140397
4140398
4140399
4140400
4140401
4140402
4140403
4140404
4140405
4140406
4140407
4140408
4140409
4140410
4140411
4140412
4140413
4140414
4140415
4140416
4140417
4140418
4140419
4140420
4140421
4140422
4140423
4140424
4140425
4140426
4140427
4140428
4140429
4140430
4140431
4140432
4140433
4140434
4140435
4140436
4140437
4140438
4140439
4140440
4140441
4140442
4140443
4140444
4140445
4140446
4140447
4140448
4140449
4140450
4140451
4140452
4140453
4140454
4140455
4140456
4140457
4140458
4140459
4140460
4140461
4140462
4140463
4140464
4140465
4140466
4140467
4140468
4140469
4140470
4140471
4140472
4140473
4140474
4140475
4140476
4140477
4140478
4140479
4140480
4140481
4140482
4140483
4140484
4140485
4140486
4140487
4140488
4140489
4140490
4140491
4140492
4140493
4140494
4140495
4140496
4140497
4140498
4140499
4140500
4140501
4140502
4140503
4140504
4140505
4140506
4140507
4140508
4140509
4140510
4140511
4140512
4140513
4140514
4140515
4140516
4140517
4140518
4140519
4140520
4140521
4140522
4140523
4140524
4140525
4140526
4140527
4140528
4140529
4140530
4140531
4140532
4140533
4140534
4140535
4140536
4140537
4140538
4140539
4140540
4140541
4140542
4140543
4140544
4140545
4140546
4140547
4140548
4140549
4140550
4140551
4140552
4140553
4140554
4140555
4140556
4140557
4140558
4140559
4140560
4140561
4140562
4140563
4140564
4140565
4140566
4140567
4140568
4140569
4140570
4140571
4140572
4140573
4140574
4140575
4140576
4140577
4140578
4140579
4140580
4140581
4140582
4140583
4140584
4140585
4140586
4140587
4140588
4140589
4140590
4140591
4140592
4140593
4140594
4140595
4140596
4140597
4140598
4140599
4140600
4140601
4140602
4140603
4140604
4140605
4140606
4140607
4140608
4140609
4140610
4140611
4140612
4140613
4140614
4140615
4140616
4140617
4140618
4140619
4140620
4140621
4140622
4140623
4140624
4140625
4140626
4140627
4140628
4140629
4140630
4140631
4140632
4140633
4140634
4140635
4140636
4140637
4140638
4140639
4140640
4140641
4140642
4140643
4140644
4140645
4140646
4140647
4140648
4140649
4140650
4140651
4140652
4140653
4140654
4140655
4140656
4140657
4140658
4140659
4140660
4140661
4140662
4140663
4140664
4140665
4140666
4140667
4140668
4140669
4140670
4140671
4140672
4140673
4140674
4140675
4140676
4140677
4140678
4140679
4140680
4140681
4140682
4140683
4140684
4140685
4140686
4140687
4140688
4140689
4140690
4140691
4140692
4140693
4140694
4140695
4140696
4140697
4140698
4140699
4140700
4140701
4140702
4140703
4140704
4140705
4140706
4140707
4140708
4140709
4140710
4140711
4140712
4140713
4140714
4140715
4140716
4140717
4140718
4140719
4140720
4140721
4140722
4140723
4140724
4140725
4140726
4140727
4140728
4140729
4140730
4140731
4140732
4140733
4140734
4140735
4140736
4140737
4140738
4140739
4140740
4140741
4140742
4140743
4140744
4140745
4140746
4140747
4140748
4140749
4140750
4140751
4140752
4140753
4140754
4140755
4140756
4140757
4140758
4140759
4140760
4140761
4140762
4140763
4140764
4140765
4140766
4140767
4140768
4140769
4140770
4140771
4140772
4140773
4140774
4140775
4140776
4140777
4140778
4140779
4140780
4140781
4140782
4140783
4140784
4140785
4140786
4140787
4140788
4140789
4140790
4140791
4140792
4140793
4140794
4140795
4140796
4140797
4140798
4140799
4140800
4140801
4140802
4140803
4140804
4140805
4140806
4140807
4140808
4140809
4140810
4140811
4140812
4140813
4140814
4140815
4140816
4140817
4140818
4140819
4140820
4140821
4140822
4140823
4140824
4140825
4140826
4140827
4140828
4140829
4140830
4140831
4140832
4140833
4140834
4140835
4140836
4140837
4140838
4140839
4140840
4140841
4140842
4140843
4140844
4140845
4140846
4140847
4140848
4140849
4140850
4140851
4140852
4140853
4140854
4140855
4140856
4140857
4140858
4140859
4140860
4140861
4140862
4140863
4140864
4140865
4140866
4140867
4140868
4140869
4140870
4140871
4140872
4140873
4140874
4140875
4140876
4140877
4140878
4140879
4140880
4140881
4140882
4140883
4140884
4140885
4140886
4140887
4140888
4140889
4140890
4140891
4140892
4140893
4140894
4140895
4140896
4140897
4140898
4140899
4140900
4140901
4140902
4140903
4140904
4140905
4140906
4140907
4140908
4140909
4140910
4140911
4140912
4140913
4140914
4140915
4140916
4140917
4140918
4140919
4140920
4140921
4140922
4140923
4140924
4140925
4140926
4140927
4140928
4140929
4140930
4140931
4140932
4140933
4140934
4140935
4140936
4140937
4140938
4140939
4140940
4140941
4140942
4140943
4140944
4140945
4140946
4140947
4140948
4140949
4140950
4140951
4140952
4140953
4140954
4140955
4140956
4140957
4140958
4140959
4140960
4140961
4140962
4140963
4140964
4140965
4140966
4140967
4140968
4140969
4140970
4140971
4140972
4140973
4140974
4140975
4140976
4140977
4140978
4140979
4140980
4140981
4140982
4140983
4140984
4140985
4140986
4140987
4140988
4140989
4140990
4140991
4140992
4140993
4140994
4140995
4140996
4140997
4140998
4140999
4141000
4141001
4141002
4141003
4141004
4141005
4141006
4141007
4141008
4141009
4141010
4141011
4141012
4141013
4141014
4141015
4141016
4141017
4141018
4141019
4141020
4141021
4141022
4141023
4141024
4141025
4141026
4141027
4141028
4141029
4141030
4141031
4141032
4141033
4141034
4141035
4141036
4141037
4141038
4141039
4141040
4141041
4141042
4141043
4141044
4141045
4141046
4141047
4141048
4141049
4141050
4141051
4141052
4141053
4141054
4141055
4141056
4141057
4141058
4141059
4141060
4141061
4141062
4141063
4141064
4141065
4141066
4141067
4141068
4141069
4141070
4141071
4141072
4141073
4141074
4141075
4141076
4141077
4141078
4141079
4141080
4141081
4141082
4141083
4141084
4141085
4141086
4141087
4141088
4141089
4141090
4141091
4141092
4141093
4141094
4141095
4141096
4141097
4141098
4141099
4141100
4141101
4141102
4141103
4141104
4141105
4141106
4141107
4141108
4141109
4141110
4141111
4141112
4141113
4141114
4141115
4141116
4141117
4141118
4141119
4141120
4141121
4141122
4141123
4141124
4141125
4141126
4141127
4141128
4141129
4141130
4141131
4141132
4141133
4141134
4141135
4141136
4141137
4141138
4141139
4141140
4141141
4141142
4141143
4141144
4141145
4141146
4141147
4141148
4141149
4141150
4141151
4141152
4141153
4141154
4141155
4141156
4141157
4141158
4141159
4141160
4141161
4141162
4141163
4141164
4141165
4141166
4141167
4141168
4141169
4141170
4141171
4141172
4141173
4141174
4141175
4141176
4141177
4141178
4141179
4141180
4141181
4141182
4141183
4141184
4141185
4141186
4141187
4141188
4141189
4141190
4141191
4141192
4141193
4141194
4141195
4141196
4141197
4141198
4141199
4141200
4141201
4141202
4141203
4141204
4141205
4141206
4141207
4141208
4141209
4141210
4141211
4141212
4141213
4141214
4141215
4141216
4141217
4141218
4141219
4141220
4141221
4141222
4141223
4141224
4141225
4141226
4141227
4141228
4141229
4141230
4141231
4141232
4141233
4141234
4141235
4141236
4141237
4141238
4141239
4141240
4141241
4141242
4141243
4141244
4141245
4141246
4141247
4141248
4141249
4141250
4141251
4141252
4141253
4141254
4141255
4141256
4141257
4141258
4141259
4141260
4141261
4141262
4141263
4141264
4141265
4141266
4141267
4141268
4141269
4141270
4141271
4141272
4141273
4141274
4141275
4141276
4141277
4141278
4141279
4141280
4141281
4141282
4141283
4141284
4141285
4141286
4141287
4141288
4141289
4141290
4141291
4141292
4141293
4141294
4141295
4141296
4141297
4141298
4141299
4141300
4141301
4141302
4141303
4141304
4141305
4141306
4141307
4141308
4141309
4141310
4141311
4141312
4141313
4141314
4141315
4141316
4141317
4141318
4141319
4141320
4141321
4141322
4141323
4141324
4141325
4141326
4141327
4141328
4141329
4141330
4141331
4141332
4141333
4141334
4141335
4141336
4141337
4141338
4141339
4141340
4141341
4141342
4141343
4141344
4141345
4141346
4141347
4141348
4141349
4141350
4141351
4141352
4141353
4141354
4141355
4141356
4141357
4141358
4141359
4141360
4141361
4141362
4141363
4141364
4141365
4141366
4141367
4141368
4141369
4141370
4141371
4141372
4141373
4141374
4141375
4141376
4141377
4141378
4141379
4141380
4141381
4141382
4141383
4141384
4141385
4141386
4141387
4141388
4141389
4141390
4141391
4141392
4141393
4141394
4141395
4141396
4141397
4141398
4141399
4141400
4141401
4141402
4141403
4141404
4141405
4141406
4141407
4141408
4141409
4141410
4141411
4141412
4141413
4141414
4141415
4141416
4141417
4141418
4141419
4141420
4141421
4141422
4141423
4141424
4141425
4141426
4141427
4141428
4141429
4141430
4141431
4141432
4141433
4141434
4141435
4141436
4141437
4141438
4141439
4141440
4141441
4141442
4141443
4141444
4141445
4141446
4141447
4141448
4141449
4141450
4141451
4141452
4141453
4141454
4141455
4141456
4141457
4141458
4141459
4141460
4141461
4141462
4141463
4141464
4141465
4141466
4141467
4141468
4141469
4141470
4141471
4141472
4141473
4141474
4141475
4141476
4141477
4141478
4141479
4141480
4141481
4141482
4141483
4141484
4141485
4141486
4141487
4141488
4141489
4141490
4141491
4141492
4141493
4141494
4141495
4141496
4141497
4141498
4141499
4141500
4141501
4141502
4141503
4141504
4141505
4141506
4141507
4141508
4141509
4141510
4141511
4141512
4141513
4141514
4141515
4141516
4141517
4141518
4141519
4141520
4141521
4141522
4141523
4141524
4141525
4141526
4141527
4141528
4141529
4141530
4141531
4141532
4141533
4141534
4141535
4141536
4141537
4141538
4141539
4141540
4141541
4141542
4141543
4141544
4141545
4141546
4141547
4141548
4141549
4141550
4141551
4141552
4141553
4141554
4141555
4141556
4141557
4141558
4141559
4141560
4141561
4141562
4141563
4141564
4141565
4141566
4141567
4141568
4141569
4141570
4141571
4141572
4141573
4141574
4141575
4141576
4141577
4141578
4141579
4141580
4141581
4141582
4141583
4141584
4141585
4141586
4141587
4141588
4141589
4141590
4141591
4141592
4141593
4141594
4141595
4141596
4141597
4141598
4141599
4141600
4141601
4141602
4141603
4141604
4141605
4141606
4141607
4141608
4141609
4141610
4141611
4141612
4141613
4141614
4141615
4141616
4141617
4141618
4141619
4141620
4141621
4141622
4141623
4141624
4141625
4141626
4141627
4141628
4141629
4141630
4141631
4141632
4141633
4141634
4141635
4141636
4141637
4141638
4141639
4141640
4141641
4141642
4141643
4141644
4141645
4141646
4141647
4141648
4141649
4141650
4141651
4141652
4141653
4141654
4141655
4141656
4141657
4141658
4141659
4141660
4141661
4141662
4141663
4141664
4141665
4141666
4141667
4141668
4141669
4141670
4141671
4141672
4141673
4141674
4141675
4141676
4141677
4141678
4141679
4141680
4141681
4141682
4141683
4141684
4141685
4141686
4141687
4141688
4141689
4141690
4141691
4141692
4141693
4141694
4141695
4141696
4141697
4141698
4141699
4141700
4141701
4141702
4141703
4141704
4141705
4141706
4141707
4141708
4141709
4141710
4141711
4141712
4141713
4141714
4141715
4141716
4141717
4141718
4141719
4141720
4141721
4141722
4141723
4141724
4141725
4141726
4141727
4141728
4141729
4141730
4141731
4141732
4141733
4141734
4141735
4141736
4141737
4141738
4141739
4141740
4141741
4141742
4141743
4141744
4141745
4141746
4141747
4141748
4141749
4141750
4141751
4141752
4141753
4141754
4141755
4141756
4141757
4141758
4141759
4141760
4141761
4141762
4141763
4141764
4141765
4141766
4141767
4141768
4141769
4141770
4141771
4141772
4141773
4141774
4141775
4141776
4141777
4141778
4141779
4141780
4141781
4141782
4141783
4141784
4141785
4141786
4141787
4141788
4141789
4141790
4141791
4141792
4141793
4141794
4141795
4141796
4141797
4141798
4141799
4141800
4141801
4141802
4141803
4141804
4141805
4141806
4141807
4141808
4141809
4141810
4141811
4141812
4141813
4141814
4141815
4141816
4141817
4141818
4141819
4141820
4141821
4141822
4141823
4141824
4141825
4141826
4141827
4141828
4141829
4141830
4141831
4141832
4141833
4141834
4141835
4141836
4141837
4141838
4141839
4141840
4141841
4141842
4141843
4141844
4141845
4141846
4141847
4141848
4141849
4141850
4141851
4141852
4141853
4141854
4141855
4141856
4141857
4141858
4141859
4141860
4141861
4141862
4141863
4141864
4141865
4141866
4141867
4141868
4141869
4141870
4141871
4141872
4141873
4141874
4141875
4141876
4141877
4141878
4141879
4141880
4141881
4141882
4141883
4141884
4141885
4141886
4141887
4141888
4141889
4141890
4141891
4141892
4141893
4141894
4141895
4141896
4141897
4141898
4141899
4141900
4141901
4141902
4141903
4141904
4141905
4141906
4141907
4141908
4141909
4141910
4141911
4141912
4141913
4141914
4141915
4141916
4141917
4141918
4141919
4141920
4141921
4141922
4141923
4141924
4141925
4141926
4141927
4141928
4141929
4141930
4141931
4141932
4141933
4141934
4141935
4141936
4141937
4141938
4141939
4141940
4141941
4141942
4141943
4141944
4141945
4141946
4141947
4141948
4141949
4141950
4141951
4141952
4141953
4141954
4141955
4141956
4141957
4141958
4141959
4141960
4141961
4141962
4141963
4141964
4141965
4141966
4141967
4141968
4141969
4141970
4141971
4141972
4141973
4141974
4141975
4141976
4141977
4141978
4141979
4141980
4141981
4141982
4141983
4141984
4141985
4141986
4141987
4141988
4141989
4141990
4141991
4141992
4141993
4141994
4141995
4141996
4141997
4141998
4141999
4142000
4142001
4142002
4142003
4142004
4142005
4142006
4142007
4142008
4142009
4142010
4142011
4142012
4142013
4142014
4142015
4142016
4142017
4142018
4142019
4142020
4142021
4142022
4142023
4142024
4142025
4142026
4142027
4142028
4142029
4142030
4142031
4142032
4142033
4142034
4142035
4142036
4142037
4142038
4142039
4142040
4142041
4142042
4142043
4142044
4142045
4142046
4142047
4142048
4142049
4142050
4142051
4142052
4142053
4142054
4142055
4142056
4142057
4142058
4142059
4142060
4142061
4142062
4142063
4142064
4142065
4142066
4142067
4142068
4142069
4142070
4142071
4142072
4142073
4142074
4142075
4142076
4142077
4142078
4142079
4142080
4142081
4142082
4142083
4142084
4142085
4142086
4142087
4142088
4142089
4142090
4142091
4142092
4142093
4142094
4142095
4142096
4142097
4142098
4142099
4142100
4142101
4142102
4142103
4142104
4142105
4142106
4142107
4142108
4142109
4142110
4142111
4142112
4142113
4142114
4142115
4142116
4142117
4142118
4142119
4142120
4142121
4142122
4142123
4142124
4142125
4142126
4142127
4142128
4142129
4142130
4142131
4142132
4142133
4142134
4142135
4142136
4142137
4142138
4142139
4142140
4142141
4142142
4142143
4142144
4142145
4142146
4142147
4142148
4142149
4142150
4142151
4142152
4142153
4142154
4142155
4142156
4142157
4142158
4142159
4142160
4142161
4142162
4142163
4142164
4142165
4142166
4142167
4142168
4142169
4142170
4142171
4142172
4142173
4142174
4142175
4142176
4142177
4142178
4142179
4142180
4142181
4142182
4142183
4142184
4142185
4142186
4142187
4142188
4142189
4142190
4142191
4142192
4142193
4142194
4142195
4142196
4142197
4142198
4142199
4142200
4142201
4142202
4142203
4142204
4142205
4142206
4142207
4142208
4142209
4142210
4142211
4142212
4142213
4142214
4142215
4142216
4142217
4142218
4142219
4142220
4142221
4142222
4142223
4142224
4142225
4142226
4142227
4142228
4142229
4142230
4142231
4142232
4142233
4142234
4142235
4142236
4142237
4142238
4142239
4142240
4142241
4142242
4142243
4142244
4142245
4142246
4142247
4142248
4142249
4142250
4142251
4142252
4142253
4142254
4142255
4142256
4142257
4142258
4142259
4142260
4142261
4142262
4142263
4142264
4142265
4142266
4142267
4142268
4142269
4142270
4142271
4142272
4142273
4142274
4142275
4142276
4142277
4142278
4142279
4142280
4142281
4142282
4142283
4142284
4142285
4142286
4142287
4142288
4142289
4142290
4142291
4142292
4142293
4142294
4142295
4142296
4142297
4142298
4142299
4142300
4142301
4142302
4142303
4142304
4142305
4142306
4142307
4142308
4142309
4142310
4142311
4142312
4142313
4142314
4142315
4142316
4142317
4142318
4142319
4142320
4142321
4142322
4142323
4142324
4142325
4142326
4142327
4142328
4142329
4142330
4142331
4142332
4142333
4142334
4142335
4142336
4142337
4142338
4142339
4142340
4142341
4142342
4142343
4142344
4142345
4142346
4142347
4142348
4142349
4142350
4142351
4142352
4142353
4142354
4142355
4142356
4142357
4142358
4142359
4142360
4142361
4142362
4142363
4142364
4142365
4142366
4142367
4142368
4142369
4142370
4142371
4142372
4142373
4142374
4142375
4142376
4142377
4142378
4142379
4142380
4142381
4142382
4142383
4142384
4142385
4142386
4142387
4142388
4142389
4142390
4142391
4142392
4142393
4142394
4142395
4142396
4142397
4142398
4142399
4142400
4142401
4142402
4142403
4142404
4142405
4142406
4142407
4142408
4142409
4142410
4142411
4142412
4142413
4142414
4142415
4142416
4142417
4142418
4142419
4142420
4142421
4142422
4142423
4142424
4142425
4142426
4142427
4142428
4142429
4142430
4142431
4142432
4142433
4142434
4142435
4142436
4142437
4142438
4142439
4142440
4142441
4142442
4142443
4142444
4142445
4142446
4142447
4142448
4142449
4142450
4142451
4142452
4142453
4142454
4142455
4142456
4142457
4142458
4142459
4142460
4142461
4142462
4142463
4142464
4142465
4142466
4142467
4142468
4142469
4142470
4142471
4142472
4142473
4142474
4142475
4142476
4142477
4142478
4142479
4142480
4142481
4142482
4142483
4142484
4142485
4142486
4142487
4142488
4142489
4142490
4142491
4142492
4142493
4142494
4142495
4142496
4142497
4142498
4142499
4142500
4142501
4142502
4142503
4142504
4142505
4142506
4142507
4142508
4142509
4142510
4142511
4142512
4142513
4142514
4142515
4142516
4142517
4142518
4142519
4142520
4142521
4142522
4142523
4142524
4142525
4142526
4142527
4142528
4142529
4142530
4142531
4142532
4142533
4142534
4142535
4142536
4142537
4142538
4142539
4142540
4142541
4142542
4142543
4142544
4142545
4142546
4142547
4142548
4142549
4142550
4142551
4142552
4142553
4142554
4142555
4142556
4142557
4142558
4142559
4142560
4142561
4142562
4142563
4142564
4142565
4142566
4142567
4142568
4142569
4142570
4142571
4142572
4142573
4142574
4142575
4142576
4142577
4142578
4142579
4142580
4142581
4142582
4142583
4142584
4142585
4142586
4142587
4142588
4142589
4142590
4142591
4142592
4142593
4142594
4142595
4142596
4142597
4142598
4142599
4142600
4142601
4142602
4142603
4142604
4142605
4142606
4142607
4142608
4142609
4142610
4142611
4142612
4142613
4142614
4142615
4142616
4142617
4142618
4142619
4142620
4142621
4142622
4142623
4142624
4142625
4142626
4142627
4142628
4142629
4142630
4142631
4142632
4142633
4142634
4142635
4142636
4142637
4142638
4142639
4142640
4142641
4142642
4142643
4142644
4142645
4142646
4142647
4142648
4142649
4142650
4142651
4142652
4142653
4142654
4142655
4142656
4142657
4142658
4142659
4142660
4142661
4142662
4142663
4142664
4142665
4142666
4142667
4142668
4142669
4142670
4142671
4142672
4142673
4142674
4142675
4142676
4142677
4142678
4142679
4142680
4142681
4142682
4142683
4142684
4142685
4142686
4142687
4142688
4142689
4142690
4142691
4142692
4142693
4142694
4142695
4142696
4142697
4142698
4142699
4142700
4142701
4142702
4142703
4142704
4142705
4142706
4142707
4142708
4142709
4142710
4142711
4142712
4142713
4142714
4142715
4142716
4142717
4142718
4142719
4142720
4142721
4142722
4142723
4142724
4142725
4142726
4142727
4142728
4142729
4142730
4142731
4142732
4142733
4142734
4142735
4142736
4142737
4142738
4142739
4142740
4142741
4142742
4142743
4142744
4142745
4142746
4142747
4142748
4142749
4142750
4142751
4142752
4142753
4142754
4142755
4142756
4142757
4142758
4142759
4142760
4142761
4142762
4142763
4142764
4142765
4142766
4142767
4142768
4142769
4142770
4142771
4142772
4142773
4142774
4142775
4142776
4142777
4142778
4142779
4142780
4142781
4142782
4142783
4142784
4142785
4142786
4142787
4142788
4142789
4142790
4142791
4142792
4142793
4142794
4142795
4142796
4142797
4142798
4142799
4142800
4142801
4142802
4142803
4142804
4142805
4142806
4142807
4142808
4142809
4142810
4142811
4142812
4142813
4142814
4142815
4142816
4142817
4142818
4142819
4142820
4142821
4142822
4142823
4142824
4142825
4142826
4142827
4142828
4142829
4142830
4142831
4142832
4142833
4142834
4142835
4142836
4142837
4142838
4142839
4142840
4142841
4142842
4142843
4142844
4142845
4142846
4142847
4142848
4142849
4142850
4142851
4142852
4142853
4142854
4142855
4142856
4142857
4142858
4142859
4142860
4142861
4142862
4142863
4142864
4142865
4142866
4142867
4142868
4142869
4142870
4142871
4142872
4142873
4142874
4142875
4142876
4142877
4142878
4142879
4142880
4142881
4142882
4142883
4142884
4142885
4142886
4142887
4142888
4142889
4142890
4142891
4142892
4142893
4142894
4142895
4142896
4142897
4142898
4142899
4142900
4142901
4142902
4142903
4142904
4142905
4142906
4142907
4142908
4142909
4142910
4142911
4142912
4142913
4142914
4142915
4142916
4142917
4142918
4142919
4142920
4142921
4142922
4142923
4142924
4142925
4142926
4142927
4142928
4142929
4142930
4142931
4142932
4142933
4142934
4142935
4142936
4142937
4142938
4142939
4142940
4142941
4142942
4142943
4142944
4142945
4142946
4142947
4142948
4142949
4142950
4142951
4142952
4142953
4142954
4142955
4142956
4142957
4142958
4142959
4142960
4142961
4142962
4142963
4142964
4142965
4142966
4142967
4142968
4142969
4142970
4142971
4142972
4142973
4142974
4142975
4142976
4142977
4142978
4142979
4142980
4142981
4142982
4142983
4142984
4142985
4142986
4142987
4142988
4142989
4142990
4142991
4142992
4142993
4142994
4142995
4142996
4142997
4142998
4142999
4143000
4143001
4143002
4143003
4143004
4143005
4143006
4143007
4143008
4143009
4143010
4143011
4143012
4143013
4143014
4143015
4143016
4143017
4143018
4143019
4143020
4143021
4143022
4143023
4143024
4143025
4143026
4143027
4143028
4143029
4143030
4143031
4143032
4143033
4143034
4143035
4143036
4143037
4143038
4143039
4143040
4143041
4143042
4143043
4143044
4143045
4143046
4143047
4143048
4143049
4143050
4143051
4143052
4143053
4143054
4143055
4143056
4143057
4143058
4143059
4143060
4143061
4143062
4143063
4143064
4143065
4143066
4143067
4143068
4143069
4143070
4143071
4143072
4143073
4143074
4143075
4143076
4143077
4143078
4143079
4143080
4143081
4143082
4143083
4143084
4143085
4143086
4143087
4143088
4143089
4143090
4143091
4143092
4143093
4143094
4143095
4143096
4143097
4143098
4143099
4143100
4143101
4143102
4143103
4143104
4143105
4143106
4143107
4143108
4143109
4143110
4143111
4143112
4143113
4143114
4143115
4143116
4143117
4143118
4143119
4143120
4143121
4143122
4143123
4143124
4143125
4143126
4143127
4143128
4143129
4143130
4143131
4143132
4143133
4143134
4143135
4143136
4143137
4143138
4143139
4143140
4143141
4143142
4143143
4143144
4143145
4143146
4143147
4143148
4143149
4143150
4143151
4143152
4143153
4143154
4143155
4143156
4143157
4143158
4143159
4143160
4143161
4143162
4143163
4143164
4143165
4143166
4143167
4143168
4143169
4143170
4143171
4143172
4143173
4143174
4143175
4143176
4143177
4143178
4143179
4143180
4143181
4143182
4143183
4143184
4143185
4143186
4143187
4143188
4143189
4143190
4143191
4143192
4143193
4143194
4143195
4143196
4143197
4143198
4143199
4143200
4143201
4143202
4143203
4143204
4143205
4143206
4143207
4143208
4143209
4143210
4143211
4143212
4143213
4143214
4143215
4143216
4143217
4143218
4143219
4143220
4143221
4143222
4143223
4143224
4143225
4143226
4143227
4143228
4143229
4143230
4143231
4143232
4143233
4143234
4143235
4143236
4143237
4143238
4143239
4143240
4143241
4143242
4143243
4143244
4143245
4143246
4143247
4143248
4143249
4143250
4143251
4143252
4143253
4143254
4143255
4143256
4143257
4143258
4143259
4143260
4143261
4143262
4143263
4143264
4143265
4143266
4143267
4143268
4143269
4143270
4143271
4143272
4143273
4143274
4143275
4143276
4143277
4143278
4143279
4143280
4143281
4143282
4143283
4143284
4143285
4143286
4143287
4143288
4143289
4143290
4143291
4143292
4143293
4143294
4143295
4143296
4143297
4143298
4143299
4143300
4143301
4143302
4143303
4143304
4143305
4143306
4143307
4143308
4143309
4143310
4143311
4143312
4143313
4143314
4143315
4143316
4143317
4143318
4143319
4143320
4143321
4143322
4143323
4143324
4143325
4143326
4143327
4143328
4143329
4143330
4143331
4143332
4143333
4143334
4143335
4143336
4143337
4143338
4143339
4143340
4143341
4143342
4143343
4143344
4143345
4143346
4143347
4143348
4143349
4143350
4143351
4143352
4143353
4143354
4143355
4143356
4143357
4143358
4143359
4143360
4143361
4143362
4143363
4143364
4143365
4143366
4143367
4143368
4143369
4143370
4143371
4143372
4143373
4143374
4143375
4143376
4143377
4143378
4143379
4143380
4143381
4143382
4143383
4143384
4143385
4143386
4143387
4143388
4143389
4143390
4143391
4143392
4143393
4143394
4143395
4143396
4143397
4143398
4143399
4143400
4143401
4143402
4143403
4143404
4143405
4143406
4143407
4143408
4143409
4143410
4143411
4143412
4143413
4143414
4143415
4143416
4143417
4143418
4143419
4143420
4143421
4143422
4143423
4143424
4143425
4143426
4143427
4143428
4143429
4143430
4143431
4143432
4143433
4143434
4143435
4143436
4143437
4143438
4143439
4143440
4143441
4143442
4143443
4143444
4143445
4143446
4143447
4143448
4143449
4143450
4143451
4143452
4143453
4143454
4143455
4143456
4143457
4143458
4143459
4143460
4143461
4143462
4143463
4143464
4143465
4143466
4143467
4143468
4143469
4143470
4143471
4143472
4143473
4143474
4143475
4143476
4143477
4143478
4143479
4143480
4143481
4143482
4143483
4143484
4143485
4143486
4143487
4143488
4143489
4143490
4143491
4143492
4143493
4143494
4143495
4143496
4143497
4143498
4143499
4143500
4143501
4143502
4143503
4143504
4143505
4143506
4143507
4143508
4143509
4143510
4143511
4143512
4143513
4143514
4143515
4143516
4143517
4143518
4143519
4143520
4143521
4143522
4143523
4143524
4143525
4143526
4143527
4143528
4143529
4143530
4143531
4143532
4143533
4143534
4143535
4143536
4143537
4143538
4143539
4143540
4143541
4143542
4143543
4143544
4143545
4143546
4143547
4143548
4143549
4143550
4143551
4143552
4143553
4143554
4143555
4143556
4143557
4143558
4143559
4143560
4143561
4143562
4143563
4143564
4143565
4143566
4143567
4143568
4143569
4143570
4143571
4143572
4143573
4143574
4143575
4143576
4143577
4143578
4143579
4143580
4143581
4143582
4143583
4143584
4143585
4143586
4143587
4143588
4143589
4143590
4143591
4143592
4143593
4143594
4143595
4143596
4143597
4143598
4143599
4143600
4143601
4143602
4143603
4143604
4143605
4143606
4143607
4143608
4143609
4143610
4143611
4143612
4143613
4143614
4143615
4143616
4143617
4143618
4143619
4143620
4143621
4143622
4143623
4143624
4143625
4143626
4143627
4143628
4143629
4143630
4143631
4143632
4143633
4143634
4143635
4143636
4143637
4143638
4143639
4143640
4143641
4143642
4143643
4143644
4143645
4143646
4143647
4143648
4143649
4143650
4143651
4143652
4143653
4143654
4143655
4143656
4143657
4143658
4143659
4143660
4143661
4143662
4143663
4143664
4143665
4143666
4143667
4143668
4143669
4143670
4143671
4143672
4143673
4143674
4143675
4143676
4143677
4143678
4143679
4143680
4143681
4143682
4143683
4143684
4143685
4143686
4143687
4143688
4143689
4143690
4143691
4143692
4143693
4143694
4143695
4143696
4143697
4143698
4143699
4143700
4143701
4143702
4143703
4143704
4143705
4143706
4143707
4143708
4143709
4143710
4143711
4143712
4143713
4143714
4143715
4143716
4143717
4143718
4143719
4143720
4143721
4143722
4143723
4143724
4143725
4143726
4143727
4143728
4143729
4143730
4143731
4143732
4143733
4143734
4143735
4143736
4143737
4143738
4143739
4143740
4143741
4143742
4143743
4143744
4143745
4143746
4143747
4143748
4143749
4143750
4143751
4143752
4143753
4143754
4143755
4143756
4143757
4143758
4143759
4143760
4143761
4143762
4143763
4143764
4143765
4143766
4143767
4143768
4143769
4143770
4143771
4143772
4143773
4143774
4143775
4143776
4143777
4143778
4143779
4143780
4143781
4143782
4143783
4143784
4143785
4143786
4143787
4143788
4143789
4143790
4143791
4143792
4143793
4143794
4143795
4143796
4143797
4143798
4143799
4143800
4143801
4143802
4143803
4143804
4143805
4143806
4143807
4143808
4143809
4143810
4143811
4143812
4143813
4143814
4143815
4143816
4143817
4143818
4143819
4143820
4143821
4143822
4143823
4143824
4143825
4143826
4143827
4143828
4143829
4143830
4143831
4143832
4143833
4143834
4143835
4143836
4143837
4143838
4143839
4143840
4143841
4143842
4143843
4143844
4143845
4143846
4143847
4143848
4143849
4143850
4143851
4143852
4143853
4143854
4143855
4143856
4143857
4143858
4143859
4143860
4143861
4143862
4143863
4143864
4143865
4143866
4143867
4143868
4143869
4143870
4143871
4143872
4143873
4143874
4143875
4143876
4143877
4143878
4143879
4143880
4143881
4143882
4143883
4143884
4143885
4143886
4143887
4143888
4143889
4143890
4143891
4143892
4143893
4143894
4143895
4143896
4143897
4143898
4143899
4143900
4143901
4143902
4143903
4143904
4143905
4143906
4143907
4143908
4143909
4143910
4143911
4143912
4143913
4143914
4143915
4143916
4143917
4143918
4143919
4143920
4143921
4143922
4143923
4143924
4143925
4143926
4143927
4143928
4143929
4143930
4143931
4143932
4143933
4143934
4143935
4143936
4143937
4143938
4143939
4143940
4143941
4143942
4143943
4143944
4143945
4143946
4143947
4143948
4143949
4143950
4143951
4143952
4143953
4143954
4143955
4143956
4143957
4143958
4143959
4143960
4143961
4143962
4143963
4143964
4143965
4143966
4143967
4143968
4143969
4143970
4143971
4143972
4143973
4143974
4143975
4143976
4143977
4143978
4143979
4143980
4143981
4143982
4143983
4143984
4143985
4143986
4143987
4143988
4143989
4143990
4143991
4143992
4143993
4143994
4143995
4143996
4143997
4143998
4143999
4144000
4144001
4144002
4144003
4144004
4144005
4144006
4144007
4144008
4144009
4144010
4144011
4144012
4144013
4144014
4144015
4144016
4144017
4144018
4144019
4144020
4144021
4144022
4144023
4144024
4144025
4144026
4144027
4144028
4144029
4144030
4144031
4144032
4144033
4144034
4144035
4144036
4144037
4144038
4144039
4144040
4144041
4144042
4144043
4144044
4144045
4144046
4144047
4144048
4144049
4144050
4144051
4144052
4144053
4144054
4144055
4144056
4144057
4144058
4144059
4144060
4144061
4144062
4144063
4144064
4144065
4144066
4144067
4144068
4144069
4144070
4144071
4144072
4144073
4144074
4144075
4144076
4144077
4144078
4144079
4144080
4144081
4144082
4144083
4144084
4144085
4144086
4144087
4144088
4144089
4144090
4144091
4144092
4144093
4144094
4144095
4144096
4144097
4144098
4144099
4144100
4144101
4144102
4144103
4144104
4144105
4144106
4144107
4144108
4144109
4144110
4144111
4144112
4144113
4144114
4144115
4144116
4144117
4144118
4144119
4144120
4144121
4144122
4144123
4144124
4144125
4144126
4144127
4144128
4144129
4144130
4144131
4144132
4144133
4144134
4144135
4144136
4144137
4144138
4144139
4144140
4144141
4144142
4144143
4144144
4144145
4144146
4144147
4144148
4144149
4144150
4144151
4144152
4144153
4144154
4144155
4144156
4144157
4144158
4144159
4144160
4144161
4144162
4144163
4144164
4144165
4144166
4144167
4144168
4144169
4144170
4144171
4144172
4144173
4144174
4144175
4144176
4144177
4144178
4144179
4144180
4144181
4144182
4144183
4144184
4144185
4144186
4144187
4144188
4144189
4144190
4144191
4144192
4144193
4144194
4144195
4144196
4144197
4144198
4144199
4144200
4144201
4144202
4144203
4144204
4144205
4144206
4144207
4144208
4144209
4144210
4144211
4144212
4144213
4144214
4144215
4144216
4144217
4144218
4144219
4144220
4144221
4144222
4144223
4144224
4144225
4144226
4144227
4144228
4144229
4144230
4144231
4144232
4144233
4144234
4144235
4144236
4144237
4144238
4144239
4144240
4144241
4144242
4144243
4144244
4144245
4144246
4144247
4144248
4144249
4144250
4144251
4144252
4144253
4144254
4144255
4144256
4144257
4144258
4144259
4144260
4144261
4144262
4144263
4144264
4144265
4144266
4144267
4144268
4144269
4144270
4144271
4144272
4144273
4144274
4144275
4144276
4144277
4144278
4144279
4144280
4144281
4144282
4144283
4144284
4144285
4144286
4144287
4144288
4144289
4144290
4144291
4144292
4144293
4144294
4144295
4144296
4144297
4144298
4144299
4144300
4144301
4144302
4144303
4144304
4144305
4144306
4144307
4144308
4144309
4144310
4144311
4144312
4144313
4144314
4144315
4144316
4144317
4144318
4144319
4144320
4144321
4144322
4144323
4144324
4144325
4144326
4144327
4144328
4144329
4144330
4144331
4144332
4144333
4144334
4144335
4144336
4144337
4144338
4144339
4144340
4144341
4144342
4144343
4144344
4144345
4144346
4144347
4144348
4144349
4144350
4144351
4144352
4144353
4144354
4144355
4144356
4144357
4144358
4144359
4144360
4144361
4144362
4144363
4144364
4144365
4144366
4144367
4144368
4144369
4144370
4144371
4144372
4144373
4144374
4144375
4144376
4144377
4144378
4144379
4144380
4144381
4144382
4144383
4144384
4144385
4144386
4144387
4144388
4144389
4144390
4144391
4144392
4144393
4144394
4144395
4144396
4144397
4144398
4144399
4144400
4144401
4144402
4144403
4144404
4144405
4144406
4144407
4144408
4144409
4144410
4144411
4144412
4144413
4144414
4144415
4144416
4144417
4144418
4144419
4144420
4144421
4144422
4144423
4144424
4144425
4144426
4144427
4144428
4144429
4144430
4144431
4144432
4144433
4144434
4144435
4144436
4144437
4144438
4144439
4144440
4144441
4144442
4144443
4144444
4144445
4144446
4144447
4144448
4144449
4144450
4144451
4144452
4144453
4144454
4144455
4144456
4144457
4144458
4144459
4144460
4144461
4144462
4144463
4144464
4144465
4144466
4144467
4144468
4144469
4144470
4144471
4144472
4144473
4144474
4144475
4144476
4144477
4144478
4144479
4144480
4144481
4144482
4144483
4144484
4144485
4144486
4144487
4144488
4144489
4144490
4144491
4144492
4144493
4144494
4144495
4144496
4144497
4144498
4144499
4144500
4144501
4144502
4144503
4144504
4144505
4144506
4144507
4144508
4144509
4144510
4144511
4144512
4144513
4144514
4144515
4144516
4144517
4144518
4144519
4144520
4144521
4144522
4144523
4144524
4144525
4144526
4144527
4144528
4144529
4144530
4144531
4144532
4144533
4144534
4144535
4144536
4144537
4144538
4144539
4144540
4144541
4144542
4144543
4144544
4144545
4144546
4144547
4144548
4144549
4144550
4144551
4144552
4144553
4144554
4144555
4144556
4144557
4144558
4144559
4144560
4144561
4144562
4144563
4144564
4144565
4144566
4144567
4144568
4144569
4144570
4144571
4144572
4144573
4144574
4144575
4144576
4144577
4144578
4144579
4144580
4144581
4144582
4144583
4144584
4144585
4144586
4144587
4144588
4144589
4144590
4144591
4144592
4144593
4144594
4144595
4144596
4144597
4144598
4144599
4144600
4144601
4144602
4144603
4144604
4144605
4144606
4144607
4144608
4144609
4144610
4144611
4144612
4144613
4144614
4144615
4144616
4144617
4144618
4144619
4144620
4144621
4144622
4144623
4144624
4144625
4144626
4144627
4144628
4144629
4144630
4144631
4144632
4144633
4144634
4144635
4144636
4144637
4144638
4144639
4144640
4144641
4144642
4144643
4144644
4144645
4144646
4144647
4144648
4144649
4144650
4144651
4144652
4144653
4144654
4144655
4144656
4144657
4144658
4144659
4144660
4144661
4144662
4144663
4144664
4144665
4144666
4144667
4144668
4144669
4144670
4144671
4144672
4144673
4144674
4144675
4144676
4144677
4144678
4144679
4144680
4144681
4144682
4144683
4144684
4144685
4144686
4144687
4144688
4144689
4144690
4144691
4144692
4144693
4144694
4144695
4144696
4144697
4144698
4144699
4144700
4144701
4144702
4144703
4144704
4144705
4144706
4144707
4144708
4144709
4144710
4144711
4144712
4144713
4144714
4144715
4144716
4144717
4144718
4144719
4144720
4144721
4144722
4144723
4144724
4144725
4144726
4144727
4144728
4144729
4144730
4144731
4144732
4144733
4144734
4144735
4144736
4144737
4144738
4144739
4144740
4144741
4144742
4144743
4144744
4144745
4144746
4144747
4144748
4144749
4144750
4144751
4144752
4144753
4144754
4144755
4144756
4144757
4144758
4144759
4144760
4144761
4144762
4144763
4144764
4144765
4144766
4144767
4144768
4144769
4144770
4144771
4144772
4144773
4144774
4144775
4144776
4144777
4144778
4144779
4144780
4144781
4144782
4144783
4144784
4144785
4144786
4144787
4144788
4144789
4144790
4144791
4144792
4144793
4144794
4144795
4144796
4144797
4144798
4144799
4144800
4144801
4144802
4144803
4144804
4144805
4144806
4144807
4144808
4144809
4144810
4144811
4144812
4144813
4144814
4144815
4144816
4144817
4144818
4144819
4144820
4144821
4144822
4144823
4144824
4144825
4144826
4144827
4144828
4144829
4144830
4144831
4144832
4144833
4144834
4144835
4144836
4144837
4144838
4144839
4144840
4144841
4144842
4144843
4144844
4144845
4144846
4144847
4144848
4144849
4144850
4144851
4144852
4144853
4144854
4144855
4144856
4144857
4144858
4144859
4144860
4144861
4144862
4144863
4144864
4144865
4144866
4144867
4144868
4144869
4144870
4144871
4144872
4144873
4144874
4144875
4144876
4144877
4144878
4144879
4144880
4144881
4144882
4144883
4144884
4144885
4144886
4144887
4144888
4144889
4144890
4144891
4144892
4144893
4144894
4144895
4144896
4144897
4144898
4144899
4144900
4144901
4144902
4144903
4144904
4144905
4144906
4144907
4144908
4144909
4144910
4144911
4144912
4144913
4144914
4144915
4144916
4144917
4144918
4144919
4144920
4144921
4144922
4144923
4144924
4144925
4144926
4144927
4144928
4144929
4144930
4144931
4144932
4144933
4144934
4144935
4144936
4144937
4144938
4144939
4144940
4144941
4144942
4144943
4144944
4144945
4144946
4144947
4144948
4144949
4144950
4144951
4144952
4144953
4144954
4144955
4144956
4144957
4144958
4144959
4144960
4144961
4144962
4144963
4144964
4144965
4144966
4144967
4144968
4144969
4144970
4144971
4144972
4144973
4144974
4144975
4144976
4144977
4144978
4144979
4144980
4144981
4144982
4144983
4144984
4144985
4144986
4144987
4144988
4144989
4144990
4144991
4144992
4144993
4144994
4144995
4144996
4144997
4144998
4144999
4145000
4145001
4145002
4145003
4145004
4145005
4145006
4145007
4145008
4145009
4145010
4145011
4145012
4145013
4145014
4145015
4145016
4145017
4145018
4145019
4145020
4145021
4145022
4145023
4145024
4145025
4145026
4145027
4145028
4145029
4145030
4145031
4145032
4145033
4145034
4145035
4145036
4145037
4145038
4145039
4145040
4145041
4145042
4145043
4145044
4145045
4145046
4145047
4145048
4145049
4145050
4145051
4145052
4145053
4145054
4145055
4145056
4145057
4145058
4145059
4145060
4145061
4145062
4145063
4145064
4145065
4145066
4145067
4145068
4145069
4145070
4145071
4145072
4145073
4145074
4145075
4145076
4145077
4145078
4145079
4145080
4145081
4145082
4145083
4145084
4145085
4145086
4145087
4145088
4145089
4145090
4145091
4145092
4145093
4145094
4145095
4145096
4145097
4145098
4145099
4145100
4145101
4145102
4145103
4145104
4145105
4145106
4145107
4145108
4145109
4145110
4145111
4145112
4145113
4145114
4145115
4145116
4145117
4145118
4145119
4145120
4145121
4145122
4145123
4145124
4145125
4145126
4145127
4145128
4145129
4145130
4145131
4145132
4145133
4145134
4145135
4145136
4145137
4145138
4145139
4145140
4145141
4145142
4145143
4145144
4145145
4145146
4145147
4145148
4145149
4145150
4145151
4145152
4145153
4145154
4145155
4145156
4145157
4145158
4145159
4145160
4145161
4145162
4145163
4145164
4145165
4145166
4145167
4145168
4145169
4145170
4145171
4145172
4145173
4145174
4145175
4145176
4145177
4145178
4145179
4145180
4145181
4145182
4145183
4145184
4145185
4145186
4145187
4145188
4145189
4145190
4145191
4145192
4145193
4145194
4145195
4145196
4145197
4145198
4145199
4145200
4145201
4145202
4145203
4145204
4145205
4145206
4145207
4145208
4145209
4145210
4145211
4145212
4145213
4145214
4145215
4145216
4145217
4145218
4145219
4145220
4145221
4145222
4145223
4145224
4145225
4145226
4145227
4145228
4145229
4145230
4145231
4145232
4145233
4145234
4145235
4145236
4145237
4145238
4145239
4145240
4145241
4145242
4145243
4145244
4145245
4145246
4145247
4145248
4145249
4145250
4145251
4145252
4145253
4145254
4145255
4145256
4145257
4145258
4145259
4145260
4145261
4145262
4145263
4145264
4145265
4145266
4145267
4145268
4145269
4145270
4145271
4145272
4145273
4145274
4145275
4145276
4145277
4145278
4145279
4145280
4145281
4145282
4145283
4145284
4145285
4145286
4145287
4145288
4145289
4145290
4145291
4145292
4145293
4145294
4145295
4145296
4145297
4145298
4145299
4145300
4145301
4145302
4145303
4145304
4145305
4145306
4145307
4145308
4145309
4145310
4145311
4145312
4145313
4145314
4145315
4145316
4145317
4145318
4145319
4145320
4145321
4145322
4145323
4145324
4145325
4145326
4145327
4145328
4145329
4145330
4145331
4145332
4145333
4145334
4145335
4145336
4145337
4145338
4145339
4145340
4145341
4145342
4145343
4145344
4145345
4145346
4145347
4145348
4145349
4145350
4145351
4145352
4145353
4145354
4145355
4145356
4145357
4145358
4145359
4145360
4145361
4145362
4145363
4145364
4145365
4145366
4145367
4145368
4145369
4145370
4145371
4145372
4145373
4145374
4145375
4145376
4145377
4145378
4145379
4145380
4145381
4145382
4145383
4145384
4145385
4145386
4145387
4145388
4145389
4145390
4145391
4145392
4145393
4145394
4145395
4145396
4145397
4145398
4145399
4145400
4145401
4145402
4145403
4145404
4145405
4145406
4145407
4145408
4145409
4145410
4145411
4145412
4145413
4145414
4145415
4145416
4145417
4145418
4145419
4145420
4145421
4145422
4145423
4145424
4145425
4145426
4145427
4145428
4145429
4145430
4145431
4145432
4145433
4145434
4145435
4145436
4145437
4145438
4145439
4145440
4145441
4145442
4145443
4145444
4145445
4145446
4145447
4145448
4145449
4145450
4145451
4145452
4145453
4145454
4145455
4145456
4145457
4145458
4145459
4145460
4145461
4145462
4145463
4145464
4145465
4145466
4145467
4145468
4145469
4145470
4145471
4145472
4145473
4145474
4145475
4145476
4145477
4145478
4145479
4145480
4145481
4145482
4145483
4145484
4145485
4145486
4145487
4145488
4145489
4145490
4145491
4145492
4145493
4145494
4145495
4145496
4145497
4145498
4145499
4145500
4145501
4145502
4145503
4145504
4145505
4145506
4145507
4145508
4145509
4145510
4145511
4145512
4145513
4145514
4145515
4145516
4145517
4145518
4145519
4145520
4145521
4145522
4145523
4145524
4145525
4145526
4145527
4145528
4145529
4145530
4145531
4145532
4145533
4145534
4145535
4145536
4145537
4145538
4145539
4145540
4145541
4145542
4145543
4145544
4145545
4145546
4145547
4145548
4145549
4145550
4145551
4145552
4145553
4145554
4145555
4145556
4145557
4145558
4145559
4145560
4145561
4145562
4145563
4145564
4145565
4145566
4145567
4145568
4145569
4145570
4145571
4145572
4145573
4145574
4145575
4145576
4145577
4145578
4145579
4145580
4145581
4145582
4145583
4145584
4145585
4145586
4145587
4145588
4145589
4145590
4145591
4145592
4145593
4145594
4145595
4145596
4145597
4145598
4145599
4145600
4145601
4145602
4145603
4145604
4145605
4145606
4145607
4145608
4145609
4145610
4145611
4145612
4145613
4145614
4145615
4145616
4145617
4145618
4145619
4145620
4145621
4145622
4145623
4145624
4145625
4145626
4145627
4145628
4145629
4145630
4145631
4145632
4145633
4145634
4145635
4145636
4145637
4145638
4145639
4145640
4145641
4145642
4145643
4145644
4145645
4145646
4145647
4145648
4145649
4145650
4145651
4145652
4145653
4145654
4145655
4145656
4145657
4145658
4145659
4145660
4145661
4145662
4145663
4145664
4145665
4145666
4145667
4145668
4145669
4145670
4145671
4145672
4145673
4145674
4145675
4145676
4145677
4145678
4145679
4145680
4145681
4145682
4145683
4145684
4145685
4145686
4145687
4145688
4145689
4145690
4145691
4145692
4145693
4145694
4145695
4145696
4145697
4145698
4145699
4145700
4145701
4145702
4145703
4145704
4145705
4145706
4145707
4145708
4145709
4145710
4145711
4145712
4145713
4145714
4145715
4145716
4145717
4145718
4145719
4145720
4145721
4145722
4145723
4145724
4145725
4145726
4145727
4145728
4145729
4145730
4145731
4145732
4145733
4145734
4145735
4145736
4145737
4145738
4145739
4145740
4145741
4145742
4145743
4145744
4145745
4145746
4145747
4145748
4145749
4145750
4145751
4145752
4145753
4145754
4145755
4145756
4145757
4145758
4145759
4145760
4145761
4145762
4145763
4145764
4145765
4145766
4145767
4145768
4145769
4145770
4145771
4145772
4145773
4145774
4145775
4145776
4145777
4145778
4145779
4145780
4145781
4145782
4145783
4145784
4145785
4145786
4145787
4145788
4145789
4145790
4145791
4145792
4145793
4145794
4145795
4145796
4145797
4145798
4145799
4145800
4145801
4145802
4145803
4145804
4145805
4145806
4145807
4145808
4145809
4145810
4145811
4145812
4145813
4145814
4145815
4145816
4145817
4145818
4145819
4145820
4145821
4145822
4145823
4145824
4145825
4145826
4145827
4145828
4145829
4145830
4145831
4145832
4145833
4145834
4145835
4145836
4145837
4145838
4145839
4145840
4145841
4145842
4145843
4145844
4145845
4145846
4145847
4145848
4145849
4145850
4145851
4145852
4145853
4145854
4145855
4145856
4145857
4145858
4145859
4145860
4145861
4145862
4145863
4145864
4145865
4145866
4145867
4145868
4145869
4145870
4145871
4145872
4145873
4145874
4145875
4145876
4145877
4145878
4145879
4145880
4145881
4145882
4145883
4145884
4145885
4145886
4145887
4145888
4145889
4145890
4145891
4145892
4145893
4145894
4145895
4145896
4145897
4145898
4145899
4145900
4145901
4145902
4145903
4145904
4145905
4145906
4145907
4145908
4145909
4145910
4145911
4145912
4145913
4145914
4145915
4145916
4145917
4145918
4145919
4145920
4145921
4145922
4145923
4145924
4145925
4145926
4145927
4145928
4145929
4145930
4145931
4145932
4145933
4145934
4145935
4145936
4145937
4145938
4145939
4145940
4145941
4145942
4145943
4145944
4145945
4145946
4145947
4145948
4145949
4145950
4145951
4145952
4145953
4145954
4145955
4145956
4145957
4145958
4145959
4145960
4145961
4145962
4145963
4145964
4145965
4145966
4145967
4145968
4145969
4145970
4145971
4145972
4145973
4145974
4145975
4145976
4145977
4145978
4145979
4145980
4145981
4145982
4145983
4145984
4145985
4145986
4145987
4145988
4145989
4145990
4145991
4145992
4145993
4145994
4145995
4145996
4145997
4145998
4145999
4146000
4146001
4146002
4146003
4146004
4146005
4146006
4146007
4146008
4146009
4146010
4146011
4146012
4146013
4146014
4146015
4146016
4146017
4146018
4146019
4146020
4146021
4146022
4146023
4146024
4146025
4146026
4146027
4146028
4146029
4146030
4146031
4146032
4146033
4146034
4146035
4146036
4146037
4146038
4146039
4146040
4146041
4146042
4146043
4146044
4146045
4146046
4146047
4146048
4146049
4146050
4146051
4146052
4146053
4146054
4146055
4146056
4146057
4146058
4146059
4146060
4146061
4146062
4146063
4146064
4146065
4146066
4146067
4146068
4146069
4146070
4146071
4146072
4146073
4146074
4146075
4146076
4146077
4146078
4146079
4146080
4146081
4146082
4146083
4146084
4146085
4146086
4146087
4146088
4146089
4146090
4146091
4146092
4146093
4146094
4146095
4146096
4146097
4146098
4146099
4146100
4146101
4146102
4146103
4146104
4146105
4146106
4146107
4146108
4146109
4146110
4146111
4146112
4146113
4146114
4146115
4146116
4146117
4146118
4146119
4146120
4146121
4146122
4146123
4146124
4146125
4146126
4146127
4146128
4146129
4146130
4146131
4146132
4146133
4146134
4146135
4146136
4146137
4146138
4146139
4146140
4146141
4146142
4146143
4146144
4146145
4146146
4146147
4146148
4146149
4146150
4146151
4146152
4146153
4146154
4146155
4146156
4146157
4146158
4146159
4146160
4146161
4146162
4146163
4146164
4146165
4146166
4146167
4146168
4146169
4146170
4146171
4146172
4146173
4146174
4146175
4146176
4146177
4146178
4146179
4146180
4146181
4146182
4146183
4146184
4146185
4146186
4146187
4146188
4146189
4146190
4146191
4146192
4146193
4146194
4146195
4146196
4146197
4146198
4146199
4146200
4146201
4146202
4146203
4146204
4146205
4146206
4146207
4146208
4146209
4146210
4146211
4146212
4146213
4146214
4146215
4146216
4146217
4146218
4146219
4146220
4146221
4146222
4146223
4146224
4146225
4146226
4146227
4146228
4146229
4146230
4146231
4146232
4146233
4146234
4146235
4146236
4146237
4146238
4146239
4146240
4146241
4146242
4146243
4146244
4146245
4146246
4146247
4146248
4146249
4146250
4146251
4146252
4146253
4146254
4146255
4146256
4146257
4146258
4146259
4146260
4146261
4146262
4146263
4146264
4146265
4146266
4146267
4146268
4146269
4146270
4146271
4146272
4146273
4146274
4146275
4146276
4146277
4146278
4146279
4146280
4146281
4146282
4146283
4146284
4146285
4146286
4146287
4146288
4146289
4146290
4146291
4146292
4146293
4146294
4146295
4146296
4146297
4146298
4146299
4146300
4146301
4146302
4146303
4146304
4146305
4146306
4146307
4146308
4146309
4146310
4146311
4146312
4146313
4146314
4146315
4146316
4146317
4146318
4146319
4146320
4146321
4146322
4146323
4146324
4146325
4146326
4146327
4146328
4146329
4146330
4146331
4146332
4146333
4146334
4146335
4146336
4146337
4146338
4146339
4146340
4146341
4146342
4146343
4146344
4146345
4146346
4146347
4146348
4146349
4146350
4146351
4146352
4146353
4146354
4146355
4146356
4146357
4146358
4146359
4146360
4146361
4146362
4146363
4146364
4146365
4146366
4146367
4146368
4146369
4146370
4146371
4146372
4146373
4146374
4146375
4146376
4146377
4146378
4146379
4146380
4146381
4146382
4146383
4146384
4146385
4146386
4146387
4146388
4146389
4146390
4146391
4146392
4146393
4146394
4146395
4146396
4146397
4146398
4146399
4146400
4146401
4146402
4146403
4146404
4146405
4146406
4146407
4146408
4146409
4146410
4146411
4146412
4146413
4146414
4146415
4146416
4146417
4146418
4146419
4146420
4146421
4146422
4146423
4146424
4146425
4146426
4146427
4146428
4146429
4146430
4146431
4146432
4146433
4146434
4146435
4146436
4146437
4146438
4146439
4146440
4146441
4146442
4146443
4146444
4146445
4146446
4146447
4146448
4146449
4146450
4146451
4146452
4146453
4146454
4146455
4146456
4146457
4146458
4146459
4146460
4146461
4146462
4146463
4146464
4146465
4146466
4146467
4146468
4146469
4146470
4146471
4146472
4146473
4146474
4146475
4146476
4146477
4146478
4146479
4146480
4146481
4146482
4146483
4146484
4146485
4146486
4146487
4146488
4146489
4146490
4146491
4146492
4146493
4146494
4146495
4146496
4146497
4146498
4146499
4146500
4146501
4146502
4146503
4146504
4146505
4146506
4146507
4146508
4146509
4146510
4146511
4146512
4146513
4146514
4146515
4146516
4146517
4146518
4146519
4146520
4146521
4146522
4146523
4146524
4146525
4146526
4146527
4146528
4146529
4146530
4146531
4146532
4146533
4146534
4146535
4146536
4146537
4146538
4146539
4146540
4146541
4146542
4146543
4146544
4146545
4146546
4146547
4146548
4146549
4146550
4146551
4146552
4146553
4146554
4146555
4146556
4146557
4146558
4146559
4146560
4146561
4146562
4146563
4146564
4146565
4146566
4146567
4146568
4146569
4146570
4146571
4146572
4146573
4146574
4146575
4146576
4146577
4146578
4146579
4146580
4146581
4146582
4146583
4146584
4146585
4146586
4146587
4146588
4146589
4146590
4146591
4146592
4146593
4146594
4146595
4146596
4146597
4146598
4146599
4146600
4146601
4146602
4146603
4146604
4146605
4146606
4146607
4146608
4146609
4146610
4146611
4146612
4146613
4146614
4146615
4146616
4146617
4146618
4146619
4146620
4146621
4146622
4146623
4146624
4146625
4146626
4146627
4146628
4146629
4146630
4146631
4146632
4146633
4146634
4146635
4146636
4146637
4146638
4146639
4146640
4146641
4146642
4146643
4146644
4146645
4146646
4146647
4146648
4146649
4146650
4146651
4146652
4146653
4146654
4146655
4146656
4146657
4146658
4146659
4146660
4146661
4146662
4146663
4146664
4146665
4146666
4146667
4146668
4146669
4146670
4146671
4146672
4146673
4146674
4146675
4146676
4146677
4146678
4146679
4146680
4146681
4146682
4146683
4146684
4146685
4146686
4146687
4146688
4146689
4146690
4146691
4146692
4146693
4146694
4146695
4146696
4146697
4146698
4146699
4146700
4146701
4146702
4146703
4146704
4146705
4146706
4146707
4146708
4146709
4146710
4146711
4146712
4146713
4146714
4146715
4146716
4146717
4146718
4146719
4146720
4146721
4146722
4146723
4146724
4146725
4146726
4146727
4146728
4146729
4146730
4146731
4146732
4146733
4146734
4146735
4146736
4146737
4146738
4146739
4146740
4146741
4146742
4146743
4146744
4146745
4146746
4146747
4146748
4146749
4146750
4146751
4146752
4146753
4146754
4146755
4146756
4146757
4146758
4146759
4146760
4146761
4146762
4146763
4146764
4146765
4146766
4146767
4146768
4146769
4146770
4146771
4146772
4146773
4146774
4146775
4146776
4146777
4146778
4146779
4146780
4146781
4146782
4146783
4146784
4146785
4146786
4146787
4146788
4146789
4146790
4146791
4146792
4146793
4146794
4146795
4146796
4146797
4146798
4146799
4146800
4146801
4146802
4146803
4146804
4146805
4146806
4146807
4146808
4146809
4146810
4146811
4146812
4146813
4146814
4146815
4146816
4146817
4146818
4146819
4146820
4146821
4146822
4146823
4146824
4146825
4146826
4146827
4146828
4146829
4146830
4146831
4146832
4146833
4146834
4146835
4146836
4146837
4146838
4146839
4146840
4146841
4146842
4146843
4146844
4146845
4146846
4146847
4146848
4146849
4146850
4146851
4146852
4146853
4146854
4146855
4146856
4146857
4146858
4146859
4146860
4146861
4146862
4146863
4146864
4146865
4146866
4146867
4146868
4146869
4146870
4146871
4146872
4146873
4146874
4146875
4146876
4146877
4146878
4146879
4146880
4146881
4146882
4146883
4146884
4146885
4146886
4146887
4146888
4146889
4146890
4146891
4146892
4146893
4146894
4146895
4146896
4146897
4146898
4146899
4146900
4146901
4146902
4146903
4146904
4146905
4146906
4146907
4146908
4146909
4146910
4146911
4146912
4146913
4146914
4146915
4146916
4146917
4146918
4146919
4146920
4146921
4146922
4146923
4146924
4146925
4146926
4146927
4146928
4146929
4146930
4146931
4146932
4146933
4146934
4146935
4146936
4146937
4146938
4146939
4146940
4146941
4146942
4146943
4146944
4146945
4146946
4146947
4146948
4146949
4146950
4146951
4146952
4146953
4146954
4146955
4146956
4146957
4146958
4146959
4146960
4146961
4146962
4146963
4146964
4146965
4146966
4146967
4146968
4146969
4146970
4146971
4146972
4146973
4146974
4146975
4146976
4146977
4146978
4146979
4146980
4146981
4146982
4146983
4146984
4146985
4146986
4146987
4146988
4146989
4146990
4146991
4146992
4146993
4146994
4146995
4146996
4146997
4146998
4146999
4147000
4147001
4147002
4147003
4147004
4147005
4147006
4147007
4147008
4147009
4147010
4147011
4147012
4147013
4147014
4147015
4147016
4147017
4147018
4147019
4147020
4147021
4147022
4147023
4147024
4147025
4147026
4147027
4147028
4147029
4147030
4147031
4147032
4147033
4147034
4147035
4147036
4147037
4147038
4147039
4147040
4147041
4147042
4147043
4147044
4147045
4147046
4147047
4147048
4147049
4147050
4147051
4147052
4147053
4147054
4147055
4147056
4147057
4147058
4147059
4147060
4147061
4147062
4147063
4147064
4147065
4147066
4147067
4147068
4147069
4147070
4147071
4147072
4147073
4147074
4147075
4147076
4147077
4147078
4147079
4147080
4147081
4147082
4147083
4147084
4147085
4147086
4147087
4147088
4147089
4147090
4147091
4147092
4147093
4147094
4147095
4147096
4147097
4147098
4147099
4147100
4147101
4147102
4147103
4147104
4147105
4147106
4147107
4147108
4147109
4147110
4147111
4147112
4147113
4147114
4147115
4147116
4147117
4147118
4147119
4147120
4147121
4147122
4147123
4147124
4147125
4147126
4147127
4147128
4147129
4147130
4147131
4147132
4147133
4147134
4147135
4147136
4147137
4147138
4147139
4147140
4147141
4147142
4147143
4147144
4147145
4147146
4147147
4147148
4147149
4147150
4147151
4147152
4147153
4147154
4147155
4147156
4147157
4147158
4147159
4147160
4147161
4147162
4147163
4147164
4147165
4147166
4147167
4147168
4147169
4147170
4147171
4147172
4147173
4147174
4147175
4147176
4147177
4147178
4147179
4147180
4147181
4147182
4147183
4147184
4147185
4147186
4147187
4147188
4147189
4147190
4147191
4147192
4147193
4147194
4147195
4147196
4147197
4147198
4147199
4147200
4147201
4147202
4147203
4147204
4147205
4147206
4147207
4147208
4147209
4147210
4147211
4147212
4147213
4147214
4147215
4147216
4147217
4147218
4147219
4147220
4147221
4147222
4147223
4147224
4147225
4147226
4147227
4147228
4147229
4147230
4147231
4147232
4147233
4147234
4147235
4147236
4147237
4147238
4147239
4147240
4147241
4147242
4147243
4147244
4147245
4147246
4147247
4147248
4147249
4147250
4147251
4147252
4147253
4147254
4147255
4147256
4147257
4147258
4147259
4147260
4147261
4147262
4147263
4147264
4147265
4147266
4147267
4147268
4147269
4147270
4147271
4147272
4147273
4147274
4147275
4147276
4147277
4147278
4147279
4147280
4147281
4147282
4147283
4147284
4147285
4147286
4147287
4147288
4147289
4147290
4147291
4147292
4147293
4147294
4147295
4147296
4147297
4147298
4147299
4147300
4147301
4147302
4147303
4147304
4147305
4147306
4147307
4147308
4147309
4147310
4147311
4147312
4147313
4147314
4147315
4147316
4147317
4147318
4147319
4147320
4147321
4147322
4147323
4147324
4147325
4147326
4147327
4147328
4147329
4147330
4147331
4147332
4147333
4147334
4147335
4147336
4147337
4147338
4147339
4147340
4147341
4147342
4147343
4147344
4147345
4147346
4147347
4147348
4147349
4147350
4147351
4147352
4147353
4147354
4147355
4147356
4147357
4147358
4147359
4147360
4147361
4147362
4147363
4147364
4147365
4147366
4147367
4147368
4147369
4147370
4147371
4147372
4147373
4147374
4147375
4147376
4147377
4147378
4147379
4147380
4147381
4147382
4147383
4147384
4147385
4147386
4147387
4147388
4147389
4147390
4147391
4147392
4147393
4147394
4147395
4147396
4147397
4147398
4147399
4147400
4147401
4147402
4147403
4147404
4147405
4147406
4147407
4147408
4147409
4147410
4147411
4147412
4147413
4147414
4147415
4147416
4147417
4147418
4147419
4147420
4147421
4147422
4147423
4147424
4147425
4147426
4147427
4147428
4147429
4147430
4147431
4147432
4147433
4147434
4147435
4147436
4147437
4147438
4147439
4147440
4147441
4147442
4147443
4147444
4147445
4147446
4147447
4147448
4147449
4147450
4147451
4147452
4147453
4147454
4147455
4147456
4147457
4147458
4147459
4147460
4147461
4147462
4147463
4147464
4147465
4147466
4147467
4147468
4147469
4147470
4147471
4147472
4147473
4147474
4147475
4147476
4147477
4147478
4147479
4147480
4147481
4147482
4147483
4147484
4147485
4147486
4147487
4147488
4147489
4147490
4147491
4147492
4147493
4147494
4147495
4147496
4147497
4147498
4147499
4147500
4147501
4147502
4147503
4147504
4147505
4147506
4147507
4147508
4147509
4147510
4147511
4147512
4147513
4147514
4147515
4147516
4147517
4147518
4147519
4147520
4147521
4147522
4147523
4147524
4147525
4147526
4147527
4147528
4147529
4147530
4147531
4147532
4147533
4147534
4147535
4147536
4147537
4147538
4147539
4147540
4147541
4147542
4147543
4147544
4147545
4147546
4147547
4147548
4147549
4147550
4147551
4147552
4147553
4147554
4147555
4147556
4147557
4147558
4147559
4147560
4147561
4147562
4147563
4147564
4147565
4147566
4147567
4147568
4147569
4147570
4147571
4147572
4147573
4147574
4147575
4147576
4147577
4147578
4147579
4147580
4147581
4147582
4147583
4147584
4147585
4147586
4147587
4147588
4147589
4147590
4147591
4147592
4147593
4147594
4147595
4147596
4147597
4147598
4147599
4147600
4147601
4147602
4147603
4147604
4147605
4147606
4147607
4147608
4147609
4147610
4147611
4147612
4147613
4147614
4147615
4147616
4147617
4147618
4147619
4147620
4147621
4147622
4147623
4147624
4147625
4147626
4147627
4147628
4147629
4147630
4147631
4147632
4147633
4147634
4147635
4147636
4147637
4147638
4147639
4147640
4147641
4147642
4147643
4147644
4147645
4147646
4147647
4147648
4147649
4147650
4147651
4147652
4147653
4147654
4147655
4147656
4147657
4147658
4147659
4147660
4147661
4147662
4147663
4147664
4147665
4147666
4147667
4147668
4147669
4147670
4147671
4147672
4147673
4147674
4147675
4147676
4147677
4147678
4147679
4147680
4147681
4147682
4147683
4147684
4147685
4147686
4147687
4147688
4147689
4147690
4147691
4147692
4147693
4147694
4147695
4147696
4147697
4147698
4147699
4147700
4147701
4147702
4147703
4147704
4147705
4147706
4147707
4147708
4147709
4147710
4147711
4147712
4147713
4147714
4147715
4147716
4147717
4147718
4147719
4147720
4147721
4147722
4147723
4147724
4147725
4147726
4147727
4147728
4147729
4147730
4147731
4147732
4147733
4147734
4147735
4147736
4147737
4147738
4147739
4147740
4147741
4147742
4147743
4147744
4147745
4147746
4147747
4147748
4147749
4147750
4147751
4147752
4147753
4147754
4147755
4147756
4147757
4147758
4147759
4147760
4147761
4147762
4147763
4147764
4147765
4147766
4147767
4147768
4147769
4147770
4147771
4147772
4147773
4147774
4147775
4147776
4147777
4147778
4147779
4147780
4147781
4147782
4147783
4147784
4147785
4147786
4147787
4147788
4147789
4147790
4147791
4147792
4147793
4147794
4147795
4147796
4147797
4147798
4147799
4147800
4147801
4147802
4147803
4147804
4147805
4147806
4147807
4147808
4147809
4147810
4147811
4147812
4147813
4147814
4147815
4147816
4147817
4147818
4147819
4147820
4147821
4147822
4147823
4147824
4147825
4147826
4147827
4147828
4147829
4147830
4147831
4147832
4147833
4147834
4147835
4147836
4147837
4147838
4147839
4147840
4147841
4147842
4147843
4147844
4147845
4147846
4147847
4147848
4147849
4147850
4147851
4147852
4147853
4147854
4147855
4147856
4147857
4147858
4147859
4147860
4147861
4147862
4147863
4147864
4147865
4147866
4147867
4147868
4147869
4147870
4147871
4147872
4147873
4147874
4147875
4147876
4147877
4147878
4147879
4147880
4147881
4147882
4147883
4147884
4147885
4147886
4147887
4147888
4147889
4147890
4147891
4147892
4147893
4147894
4147895
4147896
4147897
4147898
4147899
4147900
4147901
4147902
4147903
4147904
4147905
4147906
4147907
4147908
4147909
4147910
4147911
4147912
4147913
4147914
4147915
4147916
4147917
4147918
4147919
4147920
4147921
4147922
4147923
4147924
4147925
4147926
4147927
4147928
4147929
4147930
4147931
4147932
4147933
4147934
4147935
4147936
4147937
4147938
4147939
4147940
4147941
4147942
4147943
4147944
4147945
4147946
4147947
4147948
4147949
4147950
4147951
4147952
4147953
4147954
4147955
4147956
4147957
4147958
4147959
4147960
4147961
4147962
4147963
4147964
4147965
4147966
4147967
4147968
4147969
4147970
4147971
4147972
4147973
4147974
4147975
4147976
4147977
4147978
4147979
4147980
4147981
4147982
4147983
4147984
4147985
4147986
4147987
4147988
4147989
4147990
4147991
4147992
4147993
4147994
4147995
4147996
4147997
4147998
4147999
4148000
4148001
4148002
4148003
4148004
4148005
4148006
4148007
4148008
4148009
4148010
4148011
4148012
4148013
4148014
4148015
4148016
4148017
4148018
4148019
4148020
4148021
4148022
4148023
4148024
4148025
4148026
4148027
4148028
4148029
4148030
4148031
4148032
4148033
4148034
4148035
4148036
4148037
4148038
4148039
4148040
4148041
4148042
4148043
4148044
4148045
4148046
4148047
4148048
4148049
4148050
4148051
4148052
4148053
4148054
4148055
4148056
4148057
4148058
4148059
4148060
4148061
4148062
4148063
4148064
4148065
4148066
4148067
4148068
4148069
4148070
4148071
4148072
4148073
4148074
4148075
4148076
4148077
4148078
4148079
4148080
4148081
4148082
4148083
4148084
4148085
4148086
4148087
4148088
4148089
4148090
4148091
4148092
4148093
4148094
4148095
4148096
4148097
4148098
4148099
4148100
4148101
4148102
4148103
4148104
4148105
4148106
4148107
4148108
4148109
4148110
4148111
4148112
4148113
4148114
4148115
4148116
4148117
4148118
4148119
4148120
4148121
4148122
4148123
4148124
4148125
4148126
4148127
4148128
4148129
4148130
4148131
4148132
4148133
4148134
4148135
4148136
4148137
4148138
4148139
4148140
4148141
4148142
4148143
4148144
4148145
4148146
4148147
4148148
4148149
4148150
4148151
4148152
4148153
4148154
4148155
4148156
4148157
4148158
4148159
4148160
4148161
4148162
4148163
4148164
4148165
4148166
4148167
4148168
4148169
4148170
4148171
4148172
4148173
4148174
4148175
4148176
4148177
4148178
4148179
4148180
4148181
4148182
4148183
4148184
4148185
4148186
4148187
4148188
4148189
4148190
4148191
4148192
4148193
4148194
4148195
4148196
4148197
4148198
4148199
4148200
4148201
4148202
4148203
4148204
4148205
4148206
4148207
4148208
4148209
4148210
4148211
4148212
4148213
4148214
4148215
4148216
4148217
4148218
4148219
4148220
4148221
4148222
4148223
4148224
4148225
4148226
4148227
4148228
4148229
4148230
4148231
4148232
4148233
4148234
4148235
4148236
4148237
4148238
4148239
4148240
4148241
4148242
4148243
4148244
4148245
4148246
4148247
4148248
4148249
4148250
4148251
4148252
4148253
4148254
4148255
4148256
4148257
4148258
4148259
4148260
4148261
4148262
4148263
4148264
4148265
4148266
4148267
4148268
4148269
4148270
4148271
4148272
4148273
4148274
4148275
4148276
4148277
4148278
4148279
4148280
4148281
4148282
4148283
4148284
4148285
4148286
4148287
4148288
4148289
4148290
4148291
4148292
4148293
4148294
4148295
4148296
4148297
4148298
4148299
4148300
4148301
4148302
4148303
4148304
4148305
4148306
4148307
4148308
4148309
4148310
4148311
4148312
4148313
4148314
4148315
4148316
4148317
4148318
4148319
4148320
4148321
4148322
4148323
4148324
4148325
4148326
4148327
4148328
4148329
4148330
4148331
4148332
4148333
4148334
4148335
4148336
4148337
4148338
4148339
4148340
4148341
4148342
4148343
4148344
4148345
4148346
4148347
4148348
4148349
4148350
4148351
4148352
4148353
4148354
4148355
4148356
4148357
4148358
4148359
4148360
4148361
4148362
4148363
4148364
4148365
4148366
4148367
4148368
4148369
4148370
4148371
4148372
4148373
4148374
4148375
4148376
4148377
4148378
4148379
4148380
4148381
4148382
4148383
4148384
4148385
4148386
4148387
4148388
4148389
4148390
4148391
4148392
4148393
4148394
4148395
4148396
4148397
4148398
4148399
4148400
4148401
4148402
4148403
4148404
4148405
4148406
4148407
4148408
4148409
4148410
4148411
4148412
4148413
4148414
4148415
4148416
4148417
4148418
4148419
4148420
4148421
4148422
4148423
4148424
4148425
4148426
4148427
4148428
4148429
4148430
4148431
4148432
4148433
4148434
4148435
4148436
4148437
4148438
4148439
4148440
4148441
4148442
4148443
4148444
4148445
4148446
4148447
4148448
4148449
4148450
4148451
4148452
4148453
4148454
4148455
4148456
4148457
4148458
4148459
4148460
4148461
4148462
4148463
4148464
4148465
4148466
4148467
4148468
4148469
4148470
4148471
4148472
4148473
4148474
4148475
4148476
4148477
4148478
4148479
4148480
4148481
4148482
4148483
4148484
4148485
4148486
4148487
4148488
4148489
4148490
4148491
4148492
4148493
4148494
4148495
4148496
4148497
4148498
4148499
4148500
4148501
4148502
4148503
4148504
4148505
4148506
4148507
4148508
4148509
4148510
4148511
4148512
4148513
4148514
4148515
4148516
4148517
4148518
4148519
4148520
4148521
4148522
4148523
4148524
4148525
4148526
4148527
4148528
4148529
4148530
4148531
4148532
4148533
4148534
4148535
4148536
4148537
4148538
4148539
4148540
4148541
4148542
4148543
4148544
4148545
4148546
4148547
4148548
4148549
4148550
4148551
4148552
4148553
4148554
4148555
4148556
4148557
4148558
4148559
4148560
4148561
4148562
4148563
4148564
4148565
4148566
4148567
4148568
4148569
4148570
4148571
4148572
4148573
4148574
4148575
4148576
4148577
4148578
4148579
4148580
4148581
4148582
4148583
4148584
4148585
4148586
4148587
4148588
4148589
4148590
4148591
4148592
4148593
4148594
4148595
4148596
4148597
4148598
4148599
4148600
4148601
4148602
4148603
4148604
4148605
4148606
4148607
4148608
4148609
4148610
4148611
4148612
4148613
4148614
4148615
4148616
4148617
4148618
4148619
4148620
4148621
4148622
4148623
4148624
4148625
4148626
4148627
4148628
4148629
4148630
4148631
4148632
4148633
4148634
4148635
4148636
4148637
4148638
4148639
4148640
4148641
4148642
4148643
4148644
4148645
4148646
4148647
4148648
4148649
4148650
4148651
4148652
4148653
4148654
4148655
4148656
4148657
4148658
4148659
4148660
4148661
4148662
4148663
4148664
4148665
4148666
4148667
4148668
4148669
4148670
4148671
4148672
4148673
4148674
4148675
4148676
4148677
4148678
4148679
4148680
4148681
4148682
4148683
4148684
4148685
4148686
4148687
4148688
4148689
4148690
4148691
4148692
4148693
4148694
4148695
4148696
4148697
4148698
4148699
4148700
4148701
4148702
4148703
4148704
4148705
4148706
4148707
4148708
4148709
4148710
4148711
4148712
4148713
4148714
4148715
4148716
4148717
4148718
4148719
4148720
4148721
4148722
4148723
4148724
4148725
4148726
4148727
4148728
4148729
4148730
4148731
4148732
4148733
4148734
4148735
4148736
4148737
4148738
4148739
4148740
4148741
4148742
4148743
4148744
4148745
4148746
4148747
4148748
4148749
4148750
4148751
4148752
4148753
4148754
4148755
4148756
4148757
4148758
4148759
4148760
4148761
4148762
4148763
4148764
4148765
4148766
4148767
4148768
4148769
4148770
4148771
4148772
4148773
4148774
4148775
4148776
4148777
4148778
4148779
4148780
4148781
4148782
4148783
4148784
4148785
4148786
4148787
4148788
4148789
4148790
4148791
4148792
4148793
4148794
4148795
4148796
4148797
4148798
4148799
4148800
4148801
4148802
4148803
4148804
4148805
4148806
4148807
4148808
4148809
4148810
4148811
4148812
4148813
4148814
4148815
4148816
4148817
4148818
4148819
4148820
4148821
4148822
4148823
4148824
4148825
4148826
4148827
4148828
4148829
4148830
4148831
4148832
4148833
4148834
4148835
4148836
4148837
4148838
4148839
4148840
4148841
4148842
4148843
4148844
4148845
4148846
4148847
4148848
4148849
4148850
4148851
4148852
4148853
4148854
4148855
4148856
4148857
4148858
4148859
4148860
4148861
4148862
4148863
4148864
4148865
4148866
4148867
4148868
4148869
4148870
4148871
4148872
4148873
4148874
4148875
4148876
4148877
4148878
4148879
4148880
4148881
4148882
4148883
4148884
4148885
4148886
4148887
4148888
4148889
4148890
4148891
4148892
4148893
4148894
4148895
4148896
4148897
4148898
4148899
4148900
4148901
4148902
4148903
4148904
4148905
4148906
4148907
4148908
4148909
4148910
4148911
4148912
4148913
4148914
4148915
4148916
4148917
4148918
4148919
4148920
4148921
4148922
4148923
4148924
4148925
4148926
4148927
4148928
4148929
4148930
4148931
4148932
4148933
4148934
4148935
4148936
4148937
4148938
4148939
4148940
4148941
4148942
4148943
4148944
4148945
4148946
4148947
4148948
4148949
4148950
4148951
4148952
4148953
4148954
4148955
4148956
4148957
4148958
4148959
4148960
4148961
4148962
4148963
4148964
4148965
4148966
4148967
4148968
4148969
4148970
4148971
4148972
4148973
4148974
4148975
4148976
4148977
4148978
4148979
4148980
4148981
4148982
4148983
4148984
4148985
4148986
4148987
4148988
4148989
4148990
4148991
4148992
4148993
4148994
4148995
4148996
4148997
4148998
4148999
4149000
4149001
4149002
4149003
4149004
4149005
4149006
4149007
4149008
4149009
4149010
4149011
4149012
4149013
4149014
4149015
4149016
4149017
4149018
4149019
4149020
4149021
4149022
4149023
4149024
4149025
4149026
4149027
4149028
4149029
4149030
4149031
4149032
4149033
4149034
4149035
4149036
4149037
4149038
4149039
4149040
4149041
4149042
4149043
4149044
4149045
4149046
4149047
4149048
4149049
4149050
4149051
4149052
4149053
4149054
4149055
4149056
4149057
4149058
4149059
4149060
4149061
4149062
4149063
4149064
4149065
4149066
4149067
4149068
4149069
4149070
4149071
4149072
4149073
4149074
4149075
4149076
4149077
4149078
4149079
4149080
4149081
4149082
4149083
4149084
4149085
4149086
4149087
4149088
4149089
4149090
4149091
4149092
4149093
4149094
4149095
4149096
4149097
4149098
4149099
4149100
4149101
4149102
4149103
4149104
4149105
4149106
4149107
4149108
4149109
4149110
4149111
4149112
4149113
4149114
4149115
4149116
4149117
4149118
4149119
4149120
4149121
4149122
4149123
4149124
4149125
4149126
4149127
4149128
4149129
4149130
4149131
4149132
4149133
4149134
4149135
4149136
4149137
4149138
4149139
4149140
4149141
4149142
4149143
4149144
4149145
4149146
4149147
4149148
4149149
4149150
4149151
4149152
4149153
4149154
4149155
4149156
4149157
4149158
4149159
4149160
4149161
4149162
4149163
4149164
4149165
4149166
4149167
4149168
4149169
4149170
4149171
4149172
4149173
4149174
4149175
4149176
4149177
4149178
4149179
4149180
4149181
4149182
4149183
4149184
4149185
4149186
4149187
4149188
4149189
4149190
4149191
4149192
4149193
4149194
4149195
4149196
4149197
4149198
4149199
4149200
4149201
4149202
4149203
4149204
4149205
4149206
4149207
4149208
4149209
4149210
4149211
4149212
4149213
4149214
4149215
4149216
4149217
4149218
4149219
4149220
4149221
4149222
4149223
4149224
4149225
4149226
4149227
4149228
4149229
4149230
4149231
4149232
4149233
4149234
4149235
4149236
4149237
4149238
4149239
4149240
4149241
4149242
4149243
4149244
4149245
4149246
4149247
4149248
4149249
4149250
4149251
4149252
4149253
4149254
4149255
4149256
4149257
4149258
4149259
4149260
4149261
4149262
4149263
4149264
4149265
4149266
4149267
4149268
4149269
4149270
4149271
4149272
4149273
4149274
4149275
4149276
4149277
4149278
4149279
4149280
4149281
4149282
4149283
4149284
4149285
4149286
4149287
4149288
4149289
4149290
4149291
4149292
4149293
4149294
4149295
4149296
4149297
4149298
4149299
4149300
4149301
4149302
4149303
4149304
4149305
4149306
4149307
4149308
4149309
4149310
4149311
4149312
4149313
4149314
4149315
4149316
4149317
4149318
4149319
4149320
4149321
4149322
4149323
4149324
4149325
4149326
4149327
4149328
4149329
4149330
4149331
4149332
4149333
4149334
4149335
4149336
4149337
4149338
4149339
4149340
4149341
4149342
4149343
4149344
4149345
4149346
4149347
4149348
4149349
4149350
4149351
4149352
4149353
4149354
4149355
4149356
4149357
4149358
4149359
4149360
4149361
4149362
4149363
4149364
4149365
4149366
4149367
4149368
4149369
4149370
4149371
4149372
4149373
4149374
4149375
4149376
4149377
4149378
4149379
4149380
4149381
4149382
4149383
4149384
4149385
4149386
4149387
4149388
4149389
4149390
4149391
4149392
4149393
4149394
4149395
4149396
4149397
4149398
4149399
4149400
4149401
4149402
4149403
4149404
4149405
4149406
4149407
4149408
4149409
4149410
4149411
4149412
4149413
4149414
4149415
4149416
4149417
4149418
4149419
4149420
4149421
4149422
4149423
4149424
4149425
4149426
4149427
4149428
4149429
4149430
4149431
4149432
4149433
4149434
4149435
4149436
4149437
4149438
4149439
4149440
4149441
4149442
4149443
4149444
4149445
4149446
4149447
4149448
4149449
4149450
4149451
4149452
4149453
4149454
4149455
4149456
4149457
4149458
4149459
4149460
4149461
4149462
4149463
4149464
4149465
4149466
4149467
4149468
4149469
4149470
4149471
4149472
4149473
4149474
4149475
4149476
4149477
4149478
4149479
4149480
4149481
4149482
4149483
4149484
4149485
4149486
4149487
4149488
4149489
4149490
4149491
4149492
4149493
4149494
4149495
4149496
4149497
4149498
4149499
4149500
4149501
4149502
4149503
4149504
4149505
4149506
4149507
4149508
4149509
4149510
4149511
4149512
4149513
4149514
4149515
4149516
4149517
4149518
4149519
4149520
4149521
4149522
4149523
4149524
4149525
4149526
4149527
4149528
4149529
4149530
4149531
4149532
4149533
4149534
4149535
4149536
4149537
4149538
4149539
4149540
4149541
4149542
4149543
4149544
4149545
4149546
4149547
4149548
4149549
4149550
4149551
4149552
4149553
4149554
4149555
4149556
4149557
4149558
4149559
4149560
4149561
4149562
4149563
4149564
4149565
4149566
4149567
4149568
4149569
4149570
4149571
4149572
4149573
4149574
4149575
4149576
4149577
4149578
4149579
4149580
4149581
4149582
4149583
4149584
4149585
4149586
4149587
4149588
4149589
4149590
4149591
4149592
4149593
4149594
4149595
4149596
4149597
4149598
4149599
4149600
4149601
4149602
4149603
4149604
4149605
4149606
4149607
4149608
4149609
4149610
4149611
4149612
4149613
4149614
4149615
4149616
4149617
4149618
4149619
4149620
4149621
4149622
4149623
4149624
4149625
4149626
4149627
4149628
4149629
4149630
4149631
4149632
4149633
4149634
4149635
4149636
4149637
4149638
4149639
4149640
4149641
4149642
4149643
4149644
4149645
4149646
4149647
4149648
4149649
4149650
4149651
4149652
4149653
4149654
4149655
4149656
4149657
4149658
4149659
4149660
4149661
4149662
4149663
4149664
4149665
4149666
4149667
4149668
4149669
4149670
4149671
4149672
4149673
4149674
4149675
4149676
4149677
4149678
4149679
4149680
4149681
4149682
4149683
4149684
4149685
4149686
4149687
4149688
4149689
4149690
4149691
4149692
4149693
4149694
4149695
4149696
4149697
4149698
4149699
4149700
4149701
4149702
4149703
4149704
4149705
4149706
4149707
4149708
4149709
4149710
4149711
4149712
4149713
4149714
4149715
4149716
4149717
4149718
4149719
4149720
4149721
4149722
4149723
4149724
4149725
4149726
4149727
4149728
4149729
4149730
4149731
4149732
4149733
4149734
4149735
4149736
4149737
4149738
4149739
4149740
4149741
4149742
4149743
4149744
4149745
4149746
4149747
4149748
4149749
4149750
4149751
4149752
4149753
4149754
4149755
4149756
4149757
4149758
4149759
4149760
4149761
4149762
4149763
4149764
4149765
4149766
4149767
4149768
4149769
4149770
4149771
4149772
4149773
4149774
4149775
4149776
4149777
4149778
4149779
4149780
4149781
4149782
4149783
4149784
4149785
4149786
4149787
4149788
4149789
4149790
4149791
4149792
4149793
4149794
4149795
4149796
4149797
4149798
4149799
4149800
4149801
4149802
4149803
4149804
4149805
4149806
4149807
4149808
4149809
4149810
4149811
4149812
4149813
4149814
4149815
4149816
4149817
4149818
4149819
4149820
4149821
4149822
4149823
4149824
4149825
4149826
4149827
4149828
4149829
4149830
4149831
4149832
4149833
4149834
4149835
4149836
4149837
4149838
4149839
4149840
4149841
4149842
4149843
4149844
4149845
4149846
4149847
4149848
4149849
4149850
4149851
4149852
4149853
4149854
4149855
4149856
4149857
4149858
4149859
4149860
4149861
4149862
4149863
4149864
4149865
4149866
4149867
4149868
4149869
4149870
4149871
4149872
4149873
4149874
4149875
4149876
4149877
4149878
4149879
4149880
4149881
4149882
4149883
4149884
4149885
4149886
4149887
4149888
4149889
4149890
4149891
4149892
4149893
4149894
4149895
4149896
4149897
4149898
4149899
4149900
4149901
4149902
4149903
4149904
4149905
4149906
4149907
4149908
4149909
4149910
4149911
4149912
4149913
4149914
4149915
4149916
4149917
4149918
4149919
4149920
4149921
4149922
4149923
4149924
4149925
4149926
4149927
4149928
4149929
4149930
4149931
4149932
4149933
4149934
4149935
4149936
4149937
4149938
4149939
4149940
4149941
4149942
4149943
4149944
4149945
4149946
4149947
4149948
4149949
4149950
4149951
4149952
4149953
4149954
4149955
4149956
4149957
4149958
4149959
4149960
4149961
4149962
4149963
4149964
4149965
4149966
4149967
4149968
4149969
4149970
4149971
4149972
4149973
4149974
4149975
4149976
4149977
4149978
4149979
4149980
4149981
4149982
4149983
4149984
4149985
4149986
4149987
4149988
4149989
4149990
4149991
4149992
4149993
4149994
4149995
4149996
4149997
4149998
4149999
4150000
