4260001
4260002
4260003
4260004
4260005
4260006
4260007
4260008
4260009
4260010
4260011
4260012
4260013
4260014
4260015
4260016
4260017
4260018
4260019
4260020
4260021
4260022
4260023
4260024
4260025
4260026
4260027
4260028
4260029
4260030
4260031
4260032
4260033
4260034
4260035
4260036
4260037
4260038
4260039
4260040
4260041
4260042
4260043
4260044
4260045
4260046
4260047
4260048
4260049
4260050
4260051
4260052
4260053
4260054
4260055
4260056
4260057
4260058
4260059
4260060
4260061
4260062
4260063
4260064
4260065
4260066
4260067
4260068
4260069
4260070
4260071
4260072
4260073
4260074
4260075
4260076
4260077
4260078
4260079
4260080
4260081
4260082
4260083
4260084
4260085
4260086
4260087
4260088
4260089
4260090
4260091
4260092
4260093
4260094
4260095
4260096
4260097
4260098
4260099
4260100
4260101
4260102
4260103
4260104
4260105
4260106
4260107
4260108
4260109
4260110
4260111
4260112
4260113
4260114
4260115
4260116
4260117
4260118
4260119
4260120
4260121
4260122
4260123
4260124
4260125
4260126
4260127
4260128
4260129
4260130
4260131
4260132
4260133
4260134
4260135
4260136
4260137
4260138
4260139
4260140
4260141
4260142
4260143
4260144
4260145
4260146
4260147
4260148
4260149
4260150
4260151
4260152
4260153
4260154
4260155
4260156
4260157
4260158
4260159
4260160
4260161
4260162
4260163
4260164
4260165
4260166
4260167
4260168
4260169
4260170
4260171
4260172
4260173
4260174
4260175
4260176
4260177
4260178
4260179
4260180
4260181
4260182
4260183
4260184
4260185
4260186
4260187
4260188
4260189
4260190
4260191
4260192
4260193
4260194
4260195
4260196
4260197
4260198
4260199
4260200
4260201
4260202
4260203
4260204
4260205
4260206
4260207
4260208
4260209
4260210
4260211
4260212
4260213
4260214
4260215
4260216
4260217
4260218
4260219
4260220
4260221
4260222
4260223
4260224
4260225
4260226
4260227
4260228
4260229
4260230
4260231
4260232
4260233
4260234
4260235
4260236
4260237
4260238
4260239
4260240
4260241
4260242
4260243
4260244
4260245
4260246
4260247
4260248
4260249
4260250
4260251
4260252
4260253
4260254
4260255
4260256
4260257
4260258
4260259
4260260
4260261
4260262
4260263
4260264
4260265
4260266
4260267
4260268
4260269
4260270
4260271
4260272
4260273
4260274
4260275
4260276
4260277
4260278
4260279
4260280
4260281
4260282
4260283
4260284
4260285
4260286
4260287
4260288
4260289
4260290
4260291
4260292
4260293
4260294
4260295
4260296
4260297
4260298
4260299
4260300
4260301
4260302
4260303
4260304
4260305
4260306
4260307
4260308
4260309
4260310
4260311
4260312
4260313
4260314
4260315
4260316
4260317
4260318
4260319
4260320
4260321
4260322
4260323
4260324
4260325
4260326
4260327
4260328
4260329
4260330
4260331
4260332
4260333
4260334
4260335
4260336
4260337
4260338
4260339
4260340
4260341
4260342
4260343
4260344
4260345
4260346
4260347
4260348
4260349
4260350
4260351
4260352
4260353
4260354
4260355
4260356
4260357
4260358
4260359
4260360
4260361
4260362
4260363
4260364
4260365
4260366
4260367
4260368
4260369
4260370
4260371
4260372
4260373
4260374
4260375
4260376
4260377
4260378
4260379
4260380
4260381
4260382
4260383
4260384
4260385
4260386
4260387
4260388
4260389
4260390
4260391
4260392
4260393
4260394
4260395
4260396
4260397
4260398
4260399
4260400
4260401
4260402
4260403
4260404
4260405
4260406
4260407
4260408
4260409
4260410
4260411
4260412
4260413
4260414
4260415
4260416
4260417
4260418
4260419
4260420
4260421
4260422
4260423
4260424
4260425
4260426
4260427
4260428
4260429
4260430
4260431
4260432
4260433
4260434
4260435
4260436
4260437
4260438
4260439
4260440
4260441
4260442
4260443
4260444
4260445
4260446
4260447
4260448
4260449
4260450
4260451
4260452
4260453
4260454
4260455
4260456
4260457
4260458
4260459
4260460
4260461
4260462
4260463
4260464
4260465
4260466
4260467
4260468
4260469
4260470
4260471
4260472
4260473
4260474
4260475
4260476
4260477
4260478
4260479
4260480
4260481
4260482
4260483
4260484
4260485
4260486
4260487
4260488
4260489
4260490
4260491
4260492
4260493
4260494
4260495
4260496
4260497
4260498
4260499
4260500
4260501
4260502
4260503
4260504
4260505
4260506
4260507
4260508
4260509
4260510
4260511
4260512
4260513
4260514
4260515
4260516
4260517
4260518
4260519
4260520
4260521
4260522
4260523
4260524
4260525
4260526
4260527
4260528
4260529
4260530
4260531
4260532
4260533
4260534
4260535
4260536
4260537
4260538
4260539
4260540
4260541
4260542
4260543
4260544
4260545
4260546
4260547
4260548
4260549
4260550
4260551
4260552
4260553
4260554
4260555
4260556
4260557
4260558
4260559
4260560
4260561
4260562
4260563
4260564
4260565
4260566
4260567
4260568
4260569
4260570
4260571
4260572
4260573
4260574
4260575
4260576
4260577
4260578
4260579
4260580
4260581
4260582
4260583
4260584
4260585
4260586
4260587
4260588
4260589
4260590
4260591
4260592
4260593
4260594
4260595
4260596
4260597
4260598
4260599
4260600
4260601
4260602
4260603
4260604
4260605
4260606
4260607
4260608
4260609
4260610
4260611
4260612
4260613
4260614
4260615
4260616
4260617
4260618
4260619
4260620
4260621
4260622
4260623
4260624
4260625
4260626
4260627
4260628
4260629
4260630
4260631
4260632
4260633
4260634
4260635
4260636
4260637
4260638
4260639
4260640
4260641
4260642
4260643
4260644
4260645
4260646
4260647
4260648
4260649
4260650
4260651
4260652
4260653
4260654
4260655
4260656
4260657
4260658
4260659
4260660
4260661
4260662
4260663
4260664
4260665
4260666
4260667
4260668
4260669
4260670
4260671
4260672
4260673
4260674
4260675
4260676
4260677
4260678
4260679
4260680
4260681
4260682
4260683
4260684
4260685
4260686
4260687
4260688
4260689
4260690
4260691
4260692
4260693
4260694
4260695
4260696
4260697
4260698
4260699
4260700
4260701
4260702
4260703
4260704
4260705
4260706
4260707
4260708
4260709
4260710
4260711
4260712
4260713
4260714
4260715
4260716
4260717
4260718
4260719
4260720
4260721
4260722
4260723
4260724
4260725
4260726
4260727
4260728
4260729
4260730
4260731
4260732
4260733
4260734
4260735
4260736
4260737
4260738
4260739
4260740
4260741
4260742
4260743
4260744
4260745
4260746
4260747
4260748
4260749
4260750
4260751
4260752
4260753
4260754
4260755
4260756
4260757
4260758
4260759
4260760
4260761
4260762
4260763
4260764
4260765
4260766
4260767
4260768
4260769
4260770
4260771
4260772
4260773
4260774
4260775
4260776
4260777
4260778
4260779
4260780
4260781
4260782
4260783
4260784
4260785
4260786
4260787
4260788
4260789
4260790
4260791
4260792
4260793
4260794
4260795
4260796
4260797
4260798
4260799
4260800
4260801
4260802
4260803
4260804
4260805
4260806
4260807
4260808
4260809
4260810
4260811
4260812
4260813
4260814
4260815
4260816
4260817
4260818
4260819
4260820
4260821
4260822
4260823
4260824
4260825
4260826
4260827
4260828
4260829
4260830
4260831
4260832
4260833
4260834
4260835
4260836
4260837
4260838
4260839
4260840
4260841
4260842
4260843
4260844
4260845
4260846
4260847
4260848
4260849
4260850
4260851
4260852
4260853
4260854
4260855
4260856
4260857
4260858
4260859
4260860
4260861
4260862
4260863
4260864
4260865
4260866
4260867
4260868
4260869
4260870
4260871
4260872
4260873
4260874
4260875
4260876
4260877
4260878
4260879
4260880
4260881
4260882
4260883
4260884
4260885
4260886
4260887
4260888
4260889
4260890
4260891
4260892
4260893
4260894
4260895
4260896
4260897
4260898
4260899
4260900
4260901
4260902
4260903
4260904
4260905
4260906
4260907
4260908
4260909
4260910
4260911
4260912
4260913
4260914
4260915
4260916
4260917
4260918
4260919
4260920
4260921
4260922
4260923
4260924
4260925
4260926
4260927
4260928
4260929
4260930
4260931
4260932
4260933
4260934
4260935
4260936
4260937
4260938
4260939
4260940
4260941
4260942
4260943
4260944
4260945
4260946
4260947
4260948
4260949
4260950
4260951
4260952
4260953
4260954
4260955
4260956
4260957
4260958
4260959
4260960
4260961
4260962
4260963
4260964
4260965
4260966
4260967
4260968
4260969
4260970
4260971
4260972
4260973
4260974
4260975
4260976
4260977
4260978
4260979
4260980
4260981
4260982
4260983
4260984
4260985
4260986
4260987
4260988
4260989
4260990
4260991
4260992
4260993
4260994
4260995
4260996
4260997
4260998
4260999
4261000
4261001
4261002
4261003
4261004
4261005
4261006
4261007
4261008
4261009
4261010
4261011
4261012
4261013
4261014
4261015
4261016
4261017
4261018
4261019
4261020
4261021
4261022
4261023
4261024
4261025
4261026
4261027
4261028
4261029
4261030
4261031
4261032
4261033
4261034
4261035
4261036
4261037
4261038
4261039
4261040
4261041
4261042
4261043
4261044
4261045
4261046
4261047
4261048
4261049
4261050
4261051
4261052
4261053
4261054
4261055
4261056
4261057
4261058
4261059
4261060
4261061
4261062
4261063
4261064
4261065
4261066
4261067
4261068
4261069
4261070
4261071
4261072
4261073
4261074
4261075
4261076
4261077
4261078
4261079
4261080
4261081
4261082
4261083
4261084
4261085
4261086
4261087
4261088
4261089
4261090
4261091
4261092
4261093
4261094
4261095
4261096
4261097
4261098
4261099
4261100
4261101
4261102
4261103
4261104
4261105
4261106
4261107
4261108
4261109
4261110
4261111
4261112
4261113
4261114
4261115
4261116
4261117
4261118
4261119
4261120
4261121
4261122
4261123
4261124
4261125
4261126
4261127
4261128
4261129
4261130
4261131
4261132
4261133
4261134
4261135
4261136
4261137
4261138
4261139
4261140
4261141
4261142
4261143
4261144
4261145
4261146
4261147
4261148
4261149
4261150
4261151
4261152
4261153
4261154
4261155
4261156
4261157
4261158
4261159
4261160
4261161
4261162
4261163
4261164
4261165
4261166
4261167
4261168
4261169
4261170
4261171
4261172
4261173
4261174
4261175
4261176
4261177
4261178
4261179
4261180
4261181
4261182
4261183
4261184
4261185
4261186
4261187
4261188
4261189
4261190
4261191
4261192
4261193
4261194
4261195
4261196
4261197
4261198
4261199
4261200
4261201
4261202
4261203
4261204
4261205
4261206
4261207
4261208
4261209
4261210
4261211
4261212
4261213
4261214
4261215
4261216
4261217
4261218
4261219
4261220
4261221
4261222
4261223
4261224
4261225
4261226
4261227
4261228
4261229
4261230
4261231
4261232
4261233
4261234
4261235
4261236
4261237
4261238
4261239
4261240
4261241
4261242
4261243
4261244
4261245
4261246
4261247
4261248
4261249
4261250
4261251
4261252
4261253
4261254
4261255
4261256
4261257
4261258
4261259
4261260
4261261
4261262
4261263
4261264
4261265
4261266
4261267
4261268
4261269
4261270
4261271
4261272
4261273
4261274
4261275
4261276
4261277
4261278
4261279
4261280
4261281
4261282
4261283
4261284
4261285
4261286
4261287
4261288
4261289
4261290
4261291
4261292
4261293
4261294
4261295
4261296
4261297
4261298
4261299
4261300
4261301
4261302
4261303
4261304
4261305
4261306
4261307
4261308
4261309
4261310
4261311
4261312
4261313
4261314
4261315
4261316
4261317
4261318
4261319
4261320
4261321
4261322
4261323
4261324
4261325
4261326
4261327
4261328
4261329
4261330
4261331
4261332
4261333
4261334
4261335
4261336
4261337
4261338
4261339
4261340
4261341
4261342
4261343
4261344
4261345
4261346
4261347
4261348
4261349
4261350
4261351
4261352
4261353
4261354
4261355
4261356
4261357
4261358
4261359
4261360
4261361
4261362
4261363
4261364
4261365
4261366
4261367
4261368
4261369
4261370
4261371
4261372
4261373
4261374
4261375
4261376
4261377
4261378
4261379
4261380
4261381
4261382
4261383
4261384
4261385
4261386
4261387
4261388
4261389
4261390
4261391
4261392
4261393
4261394
4261395
4261396
4261397
4261398
4261399
4261400
4261401
4261402
4261403
4261404
4261405
4261406
4261407
4261408
4261409
4261410
4261411
4261412
4261413
4261414
4261415
4261416
4261417
4261418
4261419
4261420
4261421
4261422
4261423
4261424
4261425
4261426
4261427
4261428
4261429
4261430
4261431
4261432
4261433
4261434
4261435
4261436
4261437
4261438
4261439
4261440
4261441
4261442
4261443
4261444
4261445
4261446
4261447
4261448
4261449
4261450
4261451
4261452
4261453
4261454
4261455
4261456
4261457
4261458
4261459
4261460
4261461
4261462
4261463
4261464
4261465
4261466
4261467
4261468
4261469
4261470
4261471
4261472
4261473
4261474
4261475
4261476
4261477
4261478
4261479
4261480
4261481
4261482
4261483
4261484
4261485
4261486
4261487
4261488
4261489
4261490
4261491
4261492
4261493
4261494
4261495
4261496
4261497
4261498
4261499
4261500
4261501
4261502
4261503
4261504
4261505
4261506
4261507
4261508
4261509
4261510
4261511
4261512
4261513
4261514
4261515
4261516
4261517
4261518
4261519
4261520
4261521
4261522
4261523
4261524
4261525
4261526
4261527
4261528
4261529
4261530
4261531
4261532
4261533
4261534
4261535
4261536
4261537
4261538
4261539
4261540
4261541
4261542
4261543
4261544
4261545
4261546
4261547
4261548
4261549
4261550
4261551
4261552
4261553
4261554
4261555
4261556
4261557
4261558
4261559
4261560
4261561
4261562
4261563
4261564
4261565
4261566
4261567
4261568
4261569
4261570
4261571
4261572
4261573
4261574
4261575
4261576
4261577
4261578
4261579
4261580
4261581
4261582
4261583
4261584
4261585
4261586
4261587
4261588
4261589
4261590
4261591
4261592
4261593
4261594
4261595
4261596
4261597
4261598
4261599
4261600
4261601
4261602
4261603
4261604
4261605
4261606
4261607
4261608
4261609
4261610
4261611
4261612
4261613
4261614
4261615
4261616
4261617
4261618
4261619
4261620
4261621
4261622
4261623
4261624
4261625
4261626
4261627
4261628
4261629
4261630
4261631
4261632
4261633
4261634
4261635
4261636
4261637
4261638
4261639
4261640
4261641
4261642
4261643
4261644
4261645
4261646
4261647
4261648
4261649
4261650
4261651
4261652
4261653
4261654
4261655
4261656
4261657
4261658
4261659
4261660
4261661
4261662
4261663
4261664
4261665
4261666
4261667
4261668
4261669
4261670
4261671
4261672
4261673
4261674
4261675
4261676
4261677
4261678
4261679
4261680
4261681
4261682
4261683
4261684
4261685
4261686
4261687
4261688
4261689
4261690
4261691
4261692
4261693
4261694
4261695
4261696
4261697
4261698
4261699
4261700
4261701
4261702
4261703
4261704
4261705
4261706
4261707
4261708
4261709
4261710
4261711
4261712
4261713
4261714
4261715
4261716
4261717
4261718
4261719
4261720
4261721
4261722
4261723
4261724
4261725
4261726
4261727
4261728
4261729
4261730
4261731
4261732
4261733
4261734
4261735
4261736
4261737
4261738
4261739
4261740
4261741
4261742
4261743
4261744
4261745
4261746
4261747
4261748
4261749
4261750
4261751
4261752
4261753
4261754
4261755
4261756
4261757
4261758
4261759
4261760
4261761
4261762
4261763
4261764
4261765
4261766
4261767
4261768
4261769
4261770
4261771
4261772
4261773
4261774
4261775
4261776
4261777
4261778
4261779
4261780
4261781
4261782
4261783
4261784
4261785
4261786
4261787
4261788
4261789
4261790
4261791
4261792
4261793
4261794
4261795
4261796
4261797
4261798
4261799
4261800
4261801
4261802
4261803
4261804
4261805
4261806
4261807
4261808
4261809
4261810
4261811
4261812
4261813
4261814
4261815
4261816
4261817
4261818
4261819
4261820
4261821
4261822
4261823
4261824
4261825
4261826
4261827
4261828
4261829
4261830
4261831
4261832
4261833
4261834
4261835
4261836
4261837
4261838
4261839
4261840
4261841
4261842
4261843
4261844
4261845
4261846
4261847
4261848
4261849
4261850
4261851
4261852
4261853
4261854
4261855
4261856
4261857
4261858
4261859
4261860
4261861
4261862
4261863
4261864
4261865
4261866
4261867
4261868
4261869
4261870
4261871
4261872
4261873
4261874
4261875
4261876
4261877
4261878
4261879
4261880
4261881
4261882
4261883
4261884
4261885
4261886
4261887
4261888
4261889
4261890
4261891
4261892
4261893
4261894
4261895
4261896
4261897
4261898
4261899
4261900
4261901
4261902
4261903
4261904
4261905
4261906
4261907
4261908
4261909
4261910
4261911
4261912
4261913
4261914
4261915
4261916
4261917
4261918
4261919
4261920
4261921
4261922
4261923
4261924
4261925
4261926
4261927
4261928
4261929
4261930
4261931
4261932
4261933
4261934
4261935
4261936
4261937
4261938
4261939
4261940
4261941
4261942
4261943
4261944
4261945
4261946
4261947
4261948
4261949
4261950
4261951
4261952
4261953
4261954
4261955
4261956
4261957
4261958
4261959
4261960
4261961
4261962
4261963
4261964
4261965
4261966
4261967
4261968
4261969
4261970
4261971
4261972
4261973
4261974
4261975
4261976
4261977
4261978
4261979
4261980
4261981
4261982
4261983
4261984
4261985
4261986
4261987
4261988
4261989
4261990
4261991
4261992
4261993
4261994
4261995
4261996
4261997
4261998
4261999
4262000
4262001
4262002
4262003
4262004
4262005
4262006
4262007
4262008
4262009
4262010
4262011
4262012
4262013
4262014
4262015
4262016
4262017
4262018
4262019
4262020
4262021
4262022
4262023
4262024
4262025
4262026
4262027
4262028
4262029
4262030
4262031
4262032
4262033
4262034
4262035
4262036
4262037
4262038
4262039
4262040
4262041
4262042
4262043
4262044
4262045
4262046
4262047
4262048
4262049
4262050
4262051
4262052
4262053
4262054
4262055
4262056
4262057
4262058
4262059
4262060
4262061
4262062
4262063
4262064
4262065
4262066
4262067
4262068
4262069
4262070
4262071
4262072
4262073
4262074
4262075
4262076
4262077
4262078
4262079
4262080
4262081
4262082
4262083
4262084
4262085
4262086
4262087
4262088
4262089
4262090
4262091
4262092
4262093
4262094
4262095
4262096
4262097
4262098
4262099
4262100
4262101
4262102
4262103
4262104
4262105
4262106
4262107
4262108
4262109
4262110
4262111
4262112
4262113
4262114
4262115
4262116
4262117
4262118
4262119
4262120
4262121
4262122
4262123
4262124
4262125
4262126
4262127
4262128
4262129
4262130
4262131
4262132
4262133
4262134
4262135
4262136
4262137
4262138
4262139
4262140
4262141
4262142
4262143
4262144
4262145
4262146
4262147
4262148
4262149
4262150
4262151
4262152
4262153
4262154
4262155
4262156
4262157
4262158
4262159
4262160
4262161
4262162
4262163
4262164
4262165
4262166
4262167
4262168
4262169
4262170
4262171
4262172
4262173
4262174
4262175
4262176
4262177
4262178
4262179
4262180
4262181
4262182
4262183
4262184
4262185
4262186
4262187
4262188
4262189
4262190
4262191
4262192
4262193
4262194
4262195
4262196
4262197
4262198
4262199
4262200
4262201
4262202
4262203
4262204
4262205
4262206
4262207
4262208
4262209
4262210
4262211
4262212
4262213
4262214
4262215
4262216
4262217
4262218
4262219
4262220
4262221
4262222
4262223
4262224
4262225
4262226
4262227
4262228
4262229
4262230
4262231
4262232
4262233
4262234
4262235
4262236
4262237
4262238
4262239
4262240
4262241
4262242
4262243
4262244
4262245
4262246
4262247
4262248
4262249
4262250
4262251
4262252
4262253
4262254
4262255
4262256
4262257
4262258
4262259
4262260
4262261
4262262
4262263
4262264
4262265
4262266
4262267
4262268
4262269
4262270
4262271
4262272
4262273
4262274
4262275
4262276
4262277
4262278
4262279
4262280
4262281
4262282
4262283
4262284
4262285
4262286
4262287
4262288
4262289
4262290
4262291
4262292
4262293
4262294
4262295
4262296
4262297
4262298
4262299
4262300
4262301
4262302
4262303
4262304
4262305
4262306
4262307
4262308
4262309
4262310
4262311
4262312
4262313
4262314
4262315
4262316
4262317
4262318
4262319
4262320
4262321
4262322
4262323
4262324
4262325
4262326
4262327
4262328
4262329
4262330
4262331
4262332
4262333
4262334
4262335
4262336
4262337
4262338
4262339
4262340
4262341
4262342
4262343
4262344
4262345
4262346
4262347
4262348
4262349
4262350
4262351
4262352
4262353
4262354
4262355
4262356
4262357
4262358
4262359
4262360
4262361
4262362
4262363
4262364
4262365
4262366
4262367
4262368
4262369
4262370
4262371
4262372
4262373
4262374
4262375
4262376
4262377
4262378
4262379
4262380
4262381
4262382
4262383
4262384
4262385
4262386
4262387
4262388
4262389
4262390
4262391
4262392
4262393
4262394
4262395
4262396
4262397
4262398
4262399
4262400
4262401
4262402
4262403
4262404
4262405
4262406
4262407
4262408
4262409
4262410
4262411
4262412
4262413
4262414
4262415
4262416
4262417
4262418
4262419
4262420
4262421
4262422
4262423
4262424
4262425
4262426
4262427
4262428
4262429
4262430
4262431
4262432
4262433
4262434
4262435
4262436
4262437
4262438
4262439
4262440
4262441
4262442
4262443
4262444
4262445
4262446
4262447
4262448
4262449
4262450
4262451
4262452
4262453
4262454
4262455
4262456
4262457
4262458
4262459
4262460
4262461
4262462
4262463
4262464
4262465
4262466
4262467
4262468
4262469
4262470
4262471
4262472
4262473
4262474
4262475
4262476
4262477
4262478
4262479
4262480
4262481
4262482
4262483
4262484
4262485
4262486
4262487
4262488
4262489
4262490
4262491
4262492
4262493
4262494
4262495
4262496
4262497
4262498
4262499
4262500
4262501
4262502
4262503
4262504
4262505
4262506
4262507
4262508
4262509
4262510
4262511
4262512
4262513
4262514
4262515
4262516
4262517
4262518
4262519
4262520
4262521
4262522
4262523
4262524
4262525
4262526
4262527
4262528
4262529
4262530
4262531
4262532
4262533
4262534
4262535
4262536
4262537
4262538
4262539
4262540
4262541
4262542
4262543
4262544
4262545
4262546
4262547
4262548
4262549
4262550
4262551
4262552
4262553
4262554
4262555
4262556
4262557
4262558
4262559
4262560
4262561
4262562
4262563
4262564
4262565
4262566
4262567
4262568
4262569
4262570
4262571
4262572
4262573
4262574
4262575
4262576
4262577
4262578
4262579
4262580
4262581
4262582
4262583
4262584
4262585
4262586
4262587
4262588
4262589
4262590
4262591
4262592
4262593
4262594
4262595
4262596
4262597
4262598
4262599
4262600
4262601
4262602
4262603
4262604
4262605
4262606
4262607
4262608
4262609
4262610
4262611
4262612
4262613
4262614
4262615
4262616
4262617
4262618
4262619
4262620
4262621
4262622
4262623
4262624
4262625
4262626
4262627
4262628
4262629
4262630
4262631
4262632
4262633
4262634
4262635
4262636
4262637
4262638
4262639
4262640
4262641
4262642
4262643
4262644
4262645
4262646
4262647
4262648
4262649
4262650
4262651
4262652
4262653
4262654
4262655
4262656
4262657
4262658
4262659
4262660
4262661
4262662
4262663
4262664
4262665
4262666
4262667
4262668
4262669
4262670
4262671
4262672
4262673
4262674
4262675
4262676
4262677
4262678
4262679
4262680
4262681
4262682
4262683
4262684
4262685
4262686
4262687
4262688
4262689
4262690
4262691
4262692
4262693
4262694
4262695
4262696
4262697
4262698
4262699
4262700
4262701
4262702
4262703
4262704
4262705
4262706
4262707
4262708
4262709
4262710
4262711
4262712
4262713
4262714
4262715
4262716
4262717
4262718
4262719
4262720
4262721
4262722
4262723
4262724
4262725
4262726
4262727
4262728
4262729
4262730
4262731
4262732
4262733
4262734
4262735
4262736
4262737
4262738
4262739
4262740
4262741
4262742
4262743
4262744
4262745
4262746
4262747
4262748
4262749
4262750
4262751
4262752
4262753
4262754
4262755
4262756
4262757
4262758
4262759
4262760
4262761
4262762
4262763
4262764
4262765
4262766
4262767
4262768
4262769
4262770
4262771
4262772
4262773
4262774
4262775
4262776
4262777
4262778
4262779
4262780
4262781
4262782
4262783
4262784
4262785
4262786
4262787
4262788
4262789
4262790
4262791
4262792
4262793
4262794
4262795
4262796
4262797
4262798
4262799
4262800
4262801
4262802
4262803
4262804
4262805
4262806
4262807
4262808
4262809
4262810
4262811
4262812
4262813
4262814
4262815
4262816
4262817
4262818
4262819
4262820
4262821
4262822
4262823
4262824
4262825
4262826
4262827
4262828
4262829
4262830
4262831
4262832
4262833
4262834
4262835
4262836
4262837
4262838
4262839
4262840
4262841
4262842
4262843
4262844
4262845
4262846
4262847
4262848
4262849
4262850
4262851
4262852
4262853
4262854
4262855
4262856
4262857
4262858
4262859
4262860
4262861
4262862
4262863
4262864
4262865
4262866
4262867
4262868
4262869
4262870
4262871
4262872
4262873
4262874
4262875
4262876
4262877
4262878
4262879
4262880
4262881
4262882
4262883
4262884
4262885
4262886
4262887
4262888
4262889
4262890
4262891
4262892
4262893
4262894
4262895
4262896
4262897
4262898
4262899
4262900
4262901
4262902
4262903
4262904
4262905
4262906
4262907
4262908
4262909
4262910
4262911
4262912
4262913
4262914
4262915
4262916
4262917
4262918
4262919
4262920
4262921
4262922
4262923
4262924
4262925
4262926
4262927
4262928
4262929
4262930
4262931
4262932
4262933
4262934
4262935
4262936
4262937
4262938
4262939
4262940
4262941
4262942
4262943
4262944
4262945
4262946
4262947
4262948
4262949
4262950
4262951
4262952
4262953
4262954
4262955
4262956
4262957
4262958
4262959
4262960
4262961
4262962
4262963
4262964
4262965
4262966
4262967
4262968
4262969
4262970
4262971
4262972
4262973
4262974
4262975
4262976
4262977
4262978
4262979
4262980
4262981
4262982
4262983
4262984
4262985
4262986
4262987
4262988
4262989
4262990
4262991
4262992
4262993
4262994
4262995
4262996
4262997
4262998
4262999
4263000
4263001
4263002
4263003
4263004
4263005
4263006
4263007
4263008
4263009
4263010
4263011
4263012
4263013
4263014
4263015
4263016
4263017
4263018
4263019
4263020
4263021
4263022
4263023
4263024
4263025
4263026
4263027
4263028
4263029
4263030
4263031
4263032
4263033
4263034
4263035
4263036
4263037
4263038
4263039
4263040
4263041
4263042
4263043
4263044
4263045
4263046
4263047
4263048
4263049
4263050
4263051
4263052
4263053
4263054
4263055
4263056
4263057
4263058
4263059
4263060
4263061
4263062
4263063
4263064
4263065
4263066
4263067
4263068
4263069
4263070
4263071
4263072
4263073
4263074
4263075
4263076
4263077
4263078
4263079
4263080
4263081
4263082
4263083
4263084
4263085
4263086
4263087
4263088
4263089
4263090
4263091
4263092
4263093
4263094
4263095
4263096
4263097
4263098
4263099
4263100
4263101
4263102
4263103
4263104
4263105
4263106
4263107
4263108
4263109
4263110
4263111
4263112
4263113
4263114
4263115
4263116
4263117
4263118
4263119
4263120
4263121
4263122
4263123
4263124
4263125
4263126
4263127
4263128
4263129
4263130
4263131
4263132
4263133
4263134
4263135
4263136
4263137
4263138
4263139
4263140
4263141
4263142
4263143
4263144
4263145
4263146
4263147
4263148
4263149
4263150
4263151
4263152
4263153
4263154
4263155
4263156
4263157
4263158
4263159
4263160
4263161
4263162
4263163
4263164
4263165
4263166
4263167
4263168
4263169
4263170
4263171
4263172
4263173
4263174
4263175
4263176
4263177
4263178
4263179
4263180
4263181
4263182
4263183
4263184
4263185
4263186
4263187
4263188
4263189
4263190
4263191
4263192
4263193
4263194
4263195
4263196
4263197
4263198
4263199
4263200
4263201
4263202
4263203
4263204
4263205
4263206
4263207
4263208
4263209
4263210
4263211
4263212
4263213
4263214
4263215
4263216
4263217
4263218
4263219
4263220
4263221
4263222
4263223
4263224
4263225
4263226
4263227
4263228
4263229
4263230
4263231
4263232
4263233
4263234
4263235
4263236
4263237
4263238
4263239
4263240
4263241
4263242
4263243
4263244
4263245
4263246
4263247
4263248
4263249
4263250
4263251
4263252
4263253
4263254
4263255
4263256
4263257
4263258
4263259
4263260
4263261
4263262
4263263
4263264
4263265
4263266
4263267
4263268
4263269
4263270
4263271
4263272
4263273
4263274
4263275
4263276
4263277
4263278
4263279
4263280
4263281
4263282
4263283
4263284
4263285
4263286
4263287
4263288
4263289
4263290
4263291
4263292
4263293
4263294
4263295
4263296
4263297
4263298
4263299
4263300
4263301
4263302
4263303
4263304
4263305
4263306
4263307
4263308
4263309
4263310
4263311
4263312
4263313
4263314
4263315
4263316
4263317
4263318
4263319
4263320
4263321
4263322
4263323
4263324
4263325
4263326
4263327
4263328
4263329
4263330
4263331
4263332
4263333
4263334
4263335
4263336
4263337
4263338
4263339
4263340
4263341
4263342
4263343
4263344
4263345
4263346
4263347
4263348
4263349
4263350
4263351
4263352
4263353
4263354
4263355
4263356
4263357
4263358
4263359
4263360
4263361
4263362
4263363
4263364
4263365
4263366
4263367
4263368
4263369
4263370
4263371
4263372
4263373
4263374
4263375
4263376
4263377
4263378
4263379
4263380
4263381
4263382
4263383
4263384
4263385
4263386
4263387
4263388
4263389
4263390
4263391
4263392
4263393
4263394
4263395
4263396
4263397
4263398
4263399
4263400
4263401
4263402
4263403
4263404
4263405
4263406
4263407
4263408
4263409
4263410
4263411
4263412
4263413
4263414
4263415
4263416
4263417
4263418
4263419
4263420
4263421
4263422
4263423
4263424
4263425
4263426
4263427
4263428
4263429
4263430
4263431
4263432
4263433
4263434
4263435
4263436
4263437
4263438
4263439
4263440
4263441
4263442
4263443
4263444
4263445
4263446
4263447
4263448
4263449
4263450
4263451
4263452
4263453
4263454
4263455
4263456
4263457
4263458
4263459
4263460
4263461
4263462
4263463
4263464
4263465
4263466
4263467
4263468
4263469
4263470
4263471
4263472
4263473
4263474
4263475
4263476
4263477
4263478
4263479
4263480
4263481
4263482
4263483
4263484
4263485
4263486
4263487
4263488
4263489
4263490
4263491
4263492
4263493
4263494
4263495
4263496
4263497
4263498
4263499
4263500
4263501
4263502
4263503
4263504
4263505
4263506
4263507
4263508
4263509
4263510
4263511
4263512
4263513
4263514
4263515
4263516
4263517
4263518
4263519
4263520
4263521
4263522
4263523
4263524
4263525
4263526
4263527
4263528
4263529
4263530
4263531
4263532
4263533
4263534
4263535
4263536
4263537
4263538
4263539
4263540
4263541
4263542
4263543
4263544
4263545
4263546
4263547
4263548
4263549
4263550
4263551
4263552
4263553
4263554
4263555
4263556
4263557
4263558
4263559
4263560
4263561
4263562
4263563
4263564
4263565
4263566
4263567
4263568
4263569
4263570
4263571
4263572
4263573
4263574
4263575
4263576
4263577
4263578
4263579
4263580
4263581
4263582
4263583
4263584
4263585
4263586
4263587
4263588
4263589
4263590
4263591
4263592
4263593
4263594
4263595
4263596
4263597
4263598
4263599
4263600
4263601
4263602
4263603
4263604
4263605
4263606
4263607
4263608
4263609
4263610
4263611
4263612
4263613
4263614
4263615
4263616
4263617
4263618
4263619
4263620
4263621
4263622
4263623
4263624
4263625
4263626
4263627
4263628
4263629
4263630
4263631
4263632
4263633
4263634
4263635
4263636
4263637
4263638
4263639
4263640
4263641
4263642
4263643
4263644
4263645
4263646
4263647
4263648
4263649
4263650
4263651
4263652
4263653
4263654
4263655
4263656
4263657
4263658
4263659
4263660
4263661
4263662
4263663
4263664
4263665
4263666
4263667
4263668
4263669
4263670
4263671
4263672
4263673
4263674
4263675
4263676
4263677
4263678
4263679
4263680
4263681
4263682
4263683
4263684
4263685
4263686
4263687
4263688
4263689
4263690
4263691
4263692
4263693
4263694
4263695
4263696
4263697
4263698
4263699
4263700
4263701
4263702
4263703
4263704
4263705
4263706
4263707
4263708
4263709
4263710
4263711
4263712
4263713
4263714
4263715
4263716
4263717
4263718
4263719
4263720
4263721
4263722
4263723
4263724
4263725
4263726
4263727
4263728
4263729
4263730
4263731
4263732
4263733
4263734
4263735
4263736
4263737
4263738
4263739
4263740
4263741
4263742
4263743
4263744
4263745
4263746
4263747
4263748
4263749
4263750
4263751
4263752
4263753
4263754
4263755
4263756
4263757
4263758
4263759
4263760
4263761
4263762
4263763
4263764
4263765
4263766
4263767
4263768
4263769
4263770
4263771
4263772
4263773
4263774
4263775
4263776
4263777
4263778
4263779
4263780
4263781
4263782
4263783
4263784
4263785
4263786
4263787
4263788
4263789
4263790
4263791
4263792
4263793
4263794
4263795
4263796
4263797
4263798
4263799
4263800
4263801
4263802
4263803
4263804
4263805
4263806
4263807
4263808
4263809
4263810
4263811
4263812
4263813
4263814
4263815
4263816
4263817
4263818
4263819
4263820
4263821
4263822
4263823
4263824
4263825
4263826
4263827
4263828
4263829
4263830
4263831
4263832
4263833
4263834
4263835
4263836
4263837
4263838
4263839
4263840
4263841
4263842
4263843
4263844
4263845
4263846
4263847
4263848
4263849
4263850
4263851
4263852
4263853
4263854
4263855
4263856
4263857
4263858
4263859
4263860
4263861
4263862
4263863
4263864
4263865
4263866
4263867
4263868
4263869
4263870
4263871
4263872
4263873
4263874
4263875
4263876
4263877
4263878
4263879
4263880
4263881
4263882
4263883
4263884
4263885
4263886
4263887
4263888
4263889
4263890
4263891
4263892
4263893
4263894
4263895
4263896
4263897
4263898
4263899
4263900
4263901
4263902
4263903
4263904
4263905
4263906
4263907
4263908
4263909
4263910
4263911
4263912
4263913
4263914
4263915
4263916
4263917
4263918
4263919
4263920
4263921
4263922
4263923
4263924
4263925
4263926
4263927
4263928
4263929
4263930
4263931
4263932
4263933
4263934
4263935
4263936
4263937
4263938
4263939
4263940
4263941
4263942
4263943
4263944
4263945
4263946
4263947
4263948
4263949
4263950
4263951
4263952
4263953
4263954
4263955
4263956
4263957
4263958
4263959
4263960
4263961
4263962
4263963
4263964
4263965
4263966
4263967
4263968
4263969
4263970
4263971
4263972
4263973
4263974
4263975
4263976
4263977
4263978
4263979
4263980
4263981
4263982
4263983
4263984
4263985
4263986
4263987
4263988
4263989
4263990
4263991
4263992
4263993
4263994
4263995
4263996
4263997
4263998
4263999
4264000
4264001
4264002
4264003
4264004
4264005
4264006
4264007
4264008
4264009
4264010
4264011
4264012
4264013
4264014
4264015
4264016
4264017
4264018
4264019
4264020
4264021
4264022
4264023
4264024
4264025
4264026
4264027
4264028
4264029
4264030
4264031
4264032
4264033
4264034
4264035
4264036
4264037
4264038
4264039
4264040
4264041
4264042
4264043
4264044
4264045
4264046
4264047
4264048
4264049
4264050
4264051
4264052
4264053
4264054
4264055
4264056
4264057
4264058
4264059
4264060
4264061
4264062
4264063
4264064
4264065
4264066
4264067
4264068
4264069
4264070
4264071
4264072
4264073
4264074
4264075
4264076
4264077
4264078
4264079
4264080
4264081
4264082
4264083
4264084
4264085
4264086
4264087
4264088
4264089
4264090
4264091
4264092
4264093
4264094
4264095
4264096
4264097
4264098
4264099
4264100
4264101
4264102
4264103
4264104
4264105
4264106
4264107
4264108
4264109
4264110
4264111
4264112
4264113
4264114
4264115
4264116
4264117
4264118
4264119
4264120
4264121
4264122
4264123
4264124
4264125
4264126
4264127
4264128
4264129
4264130
4264131
4264132
4264133
4264134
4264135
4264136
4264137
4264138
4264139
4264140
4264141
4264142
4264143
4264144
4264145
4264146
4264147
4264148
4264149
4264150
4264151
4264152
4264153
4264154
4264155
4264156
4264157
4264158
4264159
4264160
4264161
4264162
4264163
4264164
4264165
4264166
4264167
4264168
4264169
4264170
4264171
4264172
4264173
4264174
4264175
4264176
4264177
4264178
4264179
4264180
4264181
4264182
4264183
4264184
4264185
4264186
4264187
4264188
4264189
4264190
4264191
4264192
4264193
4264194
4264195
4264196
4264197
4264198
4264199
4264200
4264201
4264202
4264203
4264204
4264205
4264206
4264207
4264208
4264209
4264210
4264211
4264212
4264213
4264214
4264215
4264216
4264217
4264218
4264219
4264220
4264221
4264222
4264223
4264224
4264225
4264226
4264227
4264228
4264229
4264230
4264231
4264232
4264233
4264234
4264235
4264236
4264237
4264238
4264239
4264240
4264241
4264242
4264243
4264244
4264245
4264246
4264247
4264248
4264249
4264250
4264251
4264252
4264253
4264254
4264255
4264256
4264257
4264258
4264259
4264260
4264261
4264262
4264263
4264264
4264265
4264266
4264267
4264268
4264269
4264270
4264271
4264272
4264273
4264274
4264275
4264276
4264277
4264278
4264279
4264280
4264281
4264282
4264283
4264284
4264285
4264286
4264287
4264288
4264289
4264290
4264291
4264292
4264293
4264294
4264295
4264296
4264297
4264298
4264299
4264300
4264301
4264302
4264303
4264304
4264305
4264306
4264307
4264308
4264309
4264310
4264311
4264312
4264313
4264314
4264315
4264316
4264317
4264318
4264319
4264320
4264321
4264322
4264323
4264324
4264325
4264326
4264327
4264328
4264329
4264330
4264331
4264332
4264333
4264334
4264335
4264336
4264337
4264338
4264339
4264340
4264341
4264342
4264343
4264344
4264345
4264346
4264347
4264348
4264349
4264350
4264351
4264352
4264353
4264354
4264355
4264356
4264357
4264358
4264359
4264360
4264361
4264362
4264363
4264364
4264365
4264366
4264367
4264368
4264369
4264370
4264371
4264372
4264373
4264374
4264375
4264376
4264377
4264378
4264379
4264380
4264381
4264382
4264383
4264384
4264385
4264386
4264387
4264388
4264389
4264390
4264391
4264392
4264393
4264394
4264395
4264396
4264397
4264398
4264399
4264400
4264401
4264402
4264403
4264404
4264405
4264406
4264407
4264408
4264409
4264410
4264411
4264412
4264413
4264414
4264415
4264416
4264417
4264418
4264419
4264420
4264421
4264422
4264423
4264424
4264425
4264426
4264427
4264428
4264429
4264430
4264431
4264432
4264433
4264434
4264435
4264436
4264437
4264438
4264439
4264440
4264441
4264442
4264443
4264444
4264445
4264446
4264447
4264448
4264449
4264450
4264451
4264452
4264453
4264454
4264455
4264456
4264457
4264458
4264459
4264460
4264461
4264462
4264463
4264464
4264465
4264466
4264467
4264468
4264469
4264470
4264471
4264472
4264473
4264474
4264475
4264476
4264477
4264478
4264479
4264480
4264481
4264482
4264483
4264484
4264485
4264486
4264487
4264488
4264489
4264490
4264491
4264492
4264493
4264494
4264495
4264496
4264497
4264498
4264499
4264500
4264501
4264502
4264503
4264504
4264505
4264506
4264507
4264508
4264509
4264510
4264511
4264512
4264513
4264514
4264515
4264516
4264517
4264518
4264519
4264520
4264521
4264522
4264523
4264524
4264525
4264526
4264527
4264528
4264529
4264530
4264531
4264532
4264533
4264534
4264535
4264536
4264537
4264538
4264539
4264540
4264541
4264542
4264543
4264544
4264545
4264546
4264547
4264548
4264549
4264550
4264551
4264552
4264553
4264554
4264555
4264556
4264557
4264558
4264559
4264560
4264561
4264562
4264563
4264564
4264565
4264566
4264567
4264568
4264569
4264570
4264571
4264572
4264573
4264574
4264575
4264576
4264577
4264578
4264579
4264580
4264581
4264582
4264583
4264584
4264585
4264586
4264587
4264588
4264589
4264590
4264591
4264592
4264593
4264594
4264595
4264596
4264597
4264598
4264599
4264600
4264601
4264602
4264603
4264604
4264605
4264606
4264607
4264608
4264609
4264610
4264611
4264612
4264613
4264614
4264615
4264616
4264617
4264618
4264619
4264620
4264621
4264622
4264623
4264624
4264625
4264626
4264627
4264628
4264629
4264630
4264631
4264632
4264633
4264634
4264635
4264636
4264637
4264638
4264639
4264640
4264641
4264642
4264643
4264644
4264645
4264646
4264647
4264648
4264649
4264650
4264651
4264652
4264653
4264654
4264655
4264656
4264657
4264658
4264659
4264660
4264661
4264662
4264663
4264664
4264665
4264666
4264667
4264668
4264669
4264670
4264671
4264672
4264673
4264674
4264675
4264676
4264677
4264678
4264679
4264680
4264681
4264682
4264683
4264684
4264685
4264686
4264687
4264688
4264689
4264690
4264691
4264692
4264693
4264694
4264695
4264696
4264697
4264698
4264699
4264700
4264701
4264702
4264703
4264704
4264705
4264706
4264707
4264708
4264709
4264710
4264711
4264712
4264713
4264714
4264715
4264716
4264717
4264718
4264719
4264720
4264721
4264722
4264723
4264724
4264725
4264726
4264727
4264728
4264729
4264730
4264731
4264732
4264733
4264734
4264735
4264736
4264737
4264738
4264739
4264740
4264741
4264742
4264743
4264744
4264745
4264746
4264747
4264748
4264749
4264750
4264751
4264752
4264753
4264754
4264755
4264756
4264757
4264758
4264759
4264760
4264761
4264762
4264763
4264764
4264765
4264766
4264767
4264768
4264769
4264770
4264771
4264772
4264773
4264774
4264775
4264776
4264777
4264778
4264779
4264780
4264781
4264782
4264783
4264784
4264785
4264786
4264787
4264788
4264789
4264790
4264791
4264792
4264793
4264794
4264795
4264796
4264797
4264798
4264799
4264800
4264801
4264802
4264803
4264804
4264805
4264806
4264807
4264808
4264809
4264810
4264811
4264812
4264813
4264814
4264815
4264816
4264817
4264818
4264819
4264820
4264821
4264822
4264823
4264824
4264825
4264826
4264827
4264828
4264829
4264830
4264831
4264832
4264833
4264834
4264835
4264836
4264837
4264838
4264839
4264840
4264841
4264842
4264843
4264844
4264845
4264846
4264847
4264848
4264849
4264850
4264851
4264852
4264853
4264854
4264855
4264856
4264857
4264858
4264859
4264860
4264861
4264862
4264863
4264864
4264865
4264866
4264867
4264868
4264869
4264870
4264871
4264872
4264873
4264874
4264875
4264876
4264877
4264878
4264879
4264880
4264881
4264882
4264883
4264884
4264885
4264886
4264887
4264888
4264889
4264890
4264891
4264892
4264893
4264894
4264895
4264896
4264897
4264898
4264899
4264900
4264901
4264902
4264903
4264904
4264905
4264906
4264907
4264908
4264909
4264910
4264911
4264912
4264913
4264914
4264915
4264916
4264917
4264918
4264919
4264920
4264921
4264922
4264923
4264924
4264925
4264926
4264927
4264928
4264929
4264930
4264931
4264932
4264933
4264934
4264935
4264936
4264937
4264938
4264939
4264940
4264941
4264942
4264943
4264944
4264945
4264946
4264947
4264948
4264949
4264950
4264951
4264952
4264953
4264954
4264955
4264956
4264957
4264958
4264959
4264960
4264961
4264962
4264963
4264964
4264965
4264966
4264967
4264968
4264969
4264970
4264971
4264972
4264973
4264974
4264975
4264976
4264977
4264978
4264979
4264980
4264981
4264982
4264983
4264984
4264985
4264986
4264987
4264988
4264989
4264990
4264991
4264992
4264993
4264994
4264995
4264996
4264997
4264998
4264999
4265000
4265001
4265002
4265003
4265004
4265005
4265006
4265007
4265008
4265009
4265010
4265011
4265012
4265013
4265014
4265015
4265016
4265017
4265018
4265019
4265020
4265021
4265022
4265023
4265024
4265025
4265026
4265027
4265028
4265029
4265030
4265031
4265032
4265033
4265034
4265035
4265036
4265037
4265038
4265039
4265040
4265041
4265042
4265043
4265044
4265045
4265046
4265047
4265048
4265049
4265050
4265051
4265052
4265053
4265054
4265055
4265056
4265057
4265058
4265059
4265060
4265061
4265062
4265063
4265064
4265065
4265066
4265067
4265068
4265069
4265070
4265071
4265072
4265073
4265074
4265075
4265076
4265077
4265078
4265079
4265080
4265081
4265082
4265083
4265084
4265085
4265086
4265087
4265088
4265089
4265090
4265091
4265092
4265093
4265094
4265095
4265096
4265097
4265098
4265099
4265100
4265101
4265102
4265103
4265104
4265105
4265106
4265107
4265108
4265109
4265110
4265111
4265112
4265113
4265114
4265115
4265116
4265117
4265118
4265119
4265120
4265121
4265122
4265123
4265124
4265125
4265126
4265127
4265128
4265129
4265130
4265131
4265132
4265133
4265134
4265135
4265136
4265137
4265138
4265139
4265140
4265141
4265142
4265143
4265144
4265145
4265146
4265147
4265148
4265149
4265150
4265151
4265152
4265153
4265154
4265155
4265156
4265157
4265158
4265159
4265160
4265161
4265162
4265163
4265164
4265165
4265166
4265167
4265168
4265169
4265170
4265171
4265172
4265173
4265174
4265175
4265176
4265177
4265178
4265179
4265180
4265181
4265182
4265183
4265184
4265185
4265186
4265187
4265188
4265189
4265190
4265191
4265192
4265193
4265194
4265195
4265196
4265197
4265198
4265199
4265200
4265201
4265202
4265203
4265204
4265205
4265206
4265207
4265208
4265209
4265210
4265211
4265212
4265213
4265214
4265215
4265216
4265217
4265218
4265219
4265220
4265221
4265222
4265223
4265224
4265225
4265226
4265227
4265228
4265229
4265230
4265231
4265232
4265233
4265234
4265235
4265236
4265237
4265238
4265239
4265240
4265241
4265242
4265243
4265244
4265245
4265246
4265247
4265248
4265249
4265250
4265251
4265252
4265253
4265254
4265255
4265256
4265257
4265258
4265259
4265260
4265261
4265262
4265263
4265264
4265265
4265266
4265267
4265268
4265269
4265270
4265271
4265272
4265273
4265274
4265275
4265276
4265277
4265278
4265279
4265280
4265281
4265282
4265283
4265284
4265285
4265286
4265287
4265288
4265289
4265290
4265291
4265292
4265293
4265294
4265295
4265296
4265297
4265298
4265299
4265300
4265301
4265302
4265303
4265304
4265305
4265306
4265307
4265308
4265309
4265310
4265311
4265312
4265313
4265314
4265315
4265316
4265317
4265318
4265319
4265320
4265321
4265322
4265323
4265324
4265325
4265326
4265327
4265328
4265329
4265330
4265331
4265332
4265333
4265334
4265335
4265336
4265337
4265338
4265339
4265340
4265341
4265342
4265343
4265344
4265345
4265346
4265347
4265348
4265349
4265350
4265351
4265352
4265353
4265354
4265355
4265356
4265357
4265358
4265359
4265360
4265361
4265362
4265363
4265364
4265365
4265366
4265367
4265368
4265369
4265370
4265371
4265372
4265373
4265374
4265375
4265376
4265377
4265378
4265379
4265380
4265381
4265382
4265383
4265384
4265385
4265386
4265387
4265388
4265389
4265390
4265391
4265392
4265393
4265394
4265395
4265396
4265397
4265398
4265399
4265400
4265401
4265402
4265403
4265404
4265405
4265406
4265407
4265408
4265409
4265410
4265411
4265412
4265413
4265414
4265415
4265416
4265417
4265418
4265419
4265420
4265421
4265422
4265423
4265424
4265425
4265426
4265427
4265428
4265429
4265430
4265431
4265432
4265433
4265434
4265435
4265436
4265437
4265438
4265439
4265440
4265441
4265442
4265443
4265444
4265445
4265446
4265447
4265448
4265449
4265450
4265451
4265452
4265453
4265454
4265455
4265456
4265457
4265458
4265459
4265460
4265461
4265462
4265463
4265464
4265465
4265466
4265467
4265468
4265469
4265470
4265471
4265472
4265473
4265474
4265475
4265476
4265477
4265478
4265479
4265480
4265481
4265482
4265483
4265484
4265485
4265486
4265487
4265488
4265489
4265490
4265491
4265492
4265493
4265494
4265495
4265496
4265497
4265498
4265499
4265500
4265501
4265502
4265503
4265504
4265505
4265506
4265507
4265508
4265509
4265510
4265511
4265512
4265513
4265514
4265515
4265516
4265517
4265518
4265519
4265520
4265521
4265522
4265523
4265524
4265525
4265526
4265527
4265528
4265529
4265530
4265531
4265532
4265533
4265534
4265535
4265536
4265537
4265538
4265539
4265540
4265541
4265542
4265543
4265544
4265545
4265546
4265547
4265548
4265549
4265550
4265551
4265552
4265553
4265554
4265555
4265556
4265557
4265558
4265559
4265560
4265561
4265562
4265563
4265564
4265565
4265566
4265567
4265568
4265569
4265570
4265571
4265572
4265573
4265574
4265575
4265576
4265577
4265578
4265579
4265580
4265581
4265582
4265583
4265584
4265585
4265586
4265587
4265588
4265589
4265590
4265591
4265592
4265593
4265594
4265595
4265596
4265597
4265598
4265599
4265600
4265601
4265602
4265603
4265604
4265605
4265606
4265607
4265608
4265609
4265610
4265611
4265612
4265613
4265614
4265615
4265616
4265617
4265618
4265619
4265620
4265621
4265622
4265623
4265624
4265625
4265626
4265627
4265628
4265629
4265630
4265631
4265632
4265633
4265634
4265635
4265636
4265637
4265638
4265639
4265640
4265641
4265642
4265643
4265644
4265645
4265646
4265647
4265648
4265649
4265650
4265651
4265652
4265653
4265654
4265655
4265656
4265657
4265658
4265659
4265660
4265661
4265662
4265663
4265664
4265665
4265666
4265667
4265668
4265669
4265670
4265671
4265672
4265673
4265674
4265675
4265676
4265677
4265678
4265679
4265680
4265681
4265682
4265683
4265684
4265685
4265686
4265687
4265688
4265689
4265690
4265691
4265692
4265693
4265694
4265695
4265696
4265697
4265698
4265699
4265700
4265701
4265702
4265703
4265704
4265705
4265706
4265707
4265708
4265709
4265710
4265711
4265712
4265713
4265714
4265715
4265716
4265717
4265718
4265719
4265720
4265721
4265722
4265723
4265724
4265725
4265726
4265727
4265728
4265729
4265730
4265731
4265732
4265733
4265734
4265735
4265736
4265737
4265738
4265739
4265740
4265741
4265742
4265743
4265744
4265745
4265746
4265747
4265748
4265749
4265750
4265751
4265752
4265753
4265754
4265755
4265756
4265757
4265758
4265759
4265760
4265761
4265762
4265763
4265764
4265765
4265766
4265767
4265768
4265769
4265770
4265771
4265772
4265773
4265774
4265775
4265776
4265777
4265778
4265779
4265780
4265781
4265782
4265783
4265784
4265785
4265786
4265787
4265788
4265789
4265790
4265791
4265792
4265793
4265794
4265795
4265796
4265797
4265798
4265799
4265800
4265801
4265802
4265803
4265804
4265805
4265806
4265807
4265808
4265809
4265810
4265811
4265812
4265813
4265814
4265815
4265816
4265817
4265818
4265819
4265820
4265821
4265822
4265823
4265824
4265825
4265826
4265827
4265828
4265829
4265830
4265831
4265832
4265833
4265834
4265835
4265836
4265837
4265838
4265839
4265840
4265841
4265842
4265843
4265844
4265845
4265846
4265847
4265848
4265849
4265850
4265851
4265852
4265853
4265854
4265855
4265856
4265857
4265858
4265859
4265860
4265861
4265862
4265863
4265864
4265865
4265866
4265867
4265868
4265869
4265870
4265871
4265872
4265873
4265874
4265875
4265876
4265877
4265878
4265879
4265880
4265881
4265882
4265883
4265884
4265885
4265886
4265887
4265888
4265889
4265890
4265891
4265892
4265893
4265894
4265895
4265896
4265897
4265898
4265899
4265900
4265901
4265902
4265903
4265904
4265905
4265906
4265907
4265908
4265909
4265910
4265911
4265912
4265913
4265914
4265915
4265916
4265917
4265918
4265919
4265920
4265921
4265922
4265923
4265924
4265925
4265926
4265927
4265928
4265929
4265930
4265931
4265932
4265933
4265934
4265935
4265936
4265937
4265938
4265939
4265940
4265941
4265942
4265943
4265944
4265945
4265946
4265947
4265948
4265949
4265950
4265951
4265952
4265953
4265954
4265955
4265956
4265957
4265958
4265959
4265960
4265961
4265962
4265963
4265964
4265965
4265966
4265967
4265968
4265969
4265970
4265971
4265972
4265973
4265974
4265975
4265976
4265977
4265978
4265979
4265980
4265981
4265982
4265983
4265984
4265985
4265986
4265987
4265988
4265989
4265990
4265991
4265992
4265993
4265994
4265995
4265996
4265997
4265998
4265999
4266000
4266001
4266002
4266003
4266004
4266005
4266006
4266007
4266008
4266009
4266010
4266011
4266012
4266013
4266014
4266015
4266016
4266017
4266018
4266019
4266020
4266021
4266022
4266023
4266024
4266025
4266026
4266027
4266028
4266029
4266030
4266031
4266032
4266033
4266034
4266035
4266036
4266037
4266038
4266039
4266040
4266041
4266042
4266043
4266044
4266045
4266046
4266047
4266048
4266049
4266050
4266051
4266052
4266053
4266054
4266055
4266056
4266057
4266058
4266059
4266060
4266061
4266062
4266063
4266064
4266065
4266066
4266067
4266068
4266069
4266070
4266071
4266072
4266073
4266074
4266075
4266076
4266077
4266078
4266079
4266080
4266081
4266082
4266083
4266084
4266085
4266086
4266087
4266088
4266089
4266090
4266091
4266092
4266093
4266094
4266095
4266096
4266097
4266098
4266099
4266100
4266101
4266102
4266103
4266104
4266105
4266106
4266107
4266108
4266109
4266110
4266111
4266112
4266113
4266114
4266115
4266116
4266117
4266118
4266119
4266120
4266121
4266122
4266123
4266124
4266125
4266126
4266127
4266128
4266129
4266130
4266131
4266132
4266133
4266134
4266135
4266136
4266137
4266138
4266139
4266140
4266141
4266142
4266143
4266144
4266145
4266146
4266147
4266148
4266149
4266150
4266151
4266152
4266153
4266154
4266155
4266156
4266157
4266158
4266159
4266160
4266161
4266162
4266163
4266164
4266165
4266166
4266167
4266168
4266169
4266170
4266171
4266172
4266173
4266174
4266175
4266176
4266177
4266178
4266179
4266180
4266181
4266182
4266183
4266184
4266185
4266186
4266187
4266188
4266189
4266190
4266191
4266192
4266193
4266194
4266195
4266196
4266197
4266198
4266199
4266200
4266201
4266202
4266203
4266204
4266205
4266206
4266207
4266208
4266209
4266210
4266211
4266212
4266213
4266214
4266215
4266216
4266217
4266218
4266219
4266220
4266221
4266222
4266223
4266224
4266225
4266226
4266227
4266228
4266229
4266230
4266231
4266232
4266233
4266234
4266235
4266236
4266237
4266238
4266239
4266240
4266241
4266242
4266243
4266244
4266245
4266246
4266247
4266248
4266249
4266250
4266251
4266252
4266253
4266254
4266255
4266256
4266257
4266258
4266259
4266260
4266261
4266262
4266263
4266264
4266265
4266266
4266267
4266268
4266269
4266270
4266271
4266272
4266273
4266274
4266275
4266276
4266277
4266278
4266279
4266280
4266281
4266282
4266283
4266284
4266285
4266286
4266287
4266288
4266289
4266290
4266291
4266292
4266293
4266294
4266295
4266296
4266297
4266298
4266299
4266300
4266301
4266302
4266303
4266304
4266305
4266306
4266307
4266308
4266309
4266310
4266311
4266312
4266313
4266314
4266315
4266316
4266317
4266318
4266319
4266320
4266321
4266322
4266323
4266324
4266325
4266326
4266327
4266328
4266329
4266330
4266331
4266332
4266333
4266334
4266335
4266336
4266337
4266338
4266339
4266340
4266341
4266342
4266343
4266344
4266345
4266346
4266347
4266348
4266349
4266350
4266351
4266352
4266353
4266354
4266355
4266356
4266357
4266358
4266359
4266360
4266361
4266362
4266363
4266364
4266365
4266366
4266367
4266368
4266369
4266370
4266371
4266372
4266373
4266374
4266375
4266376
4266377
4266378
4266379
4266380
4266381
4266382
4266383
4266384
4266385
4266386
4266387
4266388
4266389
4266390
4266391
4266392
4266393
4266394
4266395
4266396
4266397
4266398
4266399
4266400
4266401
4266402
4266403
4266404
4266405
4266406
4266407
4266408
4266409
4266410
4266411
4266412
4266413
4266414
4266415
4266416
4266417
4266418
4266419
4266420
4266421
4266422
4266423
4266424
4266425
4266426
4266427
4266428
4266429
4266430
4266431
4266432
4266433
4266434
4266435
4266436
4266437
4266438
4266439
4266440
4266441
4266442
4266443
4266444
4266445
4266446
4266447
4266448
4266449
4266450
4266451
4266452
4266453
4266454
4266455
4266456
4266457
4266458
4266459
4266460
4266461
4266462
4266463
4266464
4266465
4266466
4266467
4266468
4266469
4266470
4266471
4266472
4266473
4266474
4266475
4266476
4266477
4266478
4266479
4266480
4266481
4266482
4266483
4266484
4266485
4266486
4266487
4266488
4266489
4266490
4266491
4266492
4266493
4266494
4266495
4266496
4266497
4266498
4266499
4266500
4266501
4266502
4266503
4266504
4266505
4266506
4266507
4266508
4266509
4266510
4266511
4266512
4266513
4266514
4266515
4266516
4266517
4266518
4266519
4266520
4266521
4266522
4266523
4266524
4266525
4266526
4266527
4266528
4266529
4266530
4266531
4266532
4266533
4266534
4266535
4266536
4266537
4266538
4266539
4266540
4266541
4266542
4266543
4266544
4266545
4266546
4266547
4266548
4266549
4266550
4266551
4266552
4266553
4266554
4266555
4266556
4266557
4266558
4266559
4266560
4266561
4266562
4266563
4266564
4266565
4266566
4266567
4266568
4266569
4266570
4266571
4266572
4266573
4266574
4266575
4266576
4266577
4266578
4266579
4266580
4266581
4266582
4266583
4266584
4266585
4266586
4266587
4266588
4266589
4266590
4266591
4266592
4266593
4266594
4266595
4266596
4266597
4266598
4266599
4266600
4266601
4266602
4266603
4266604
4266605
4266606
4266607
4266608
4266609
4266610
4266611
4266612
4266613
4266614
4266615
4266616
4266617
4266618
4266619
4266620
4266621
4266622
4266623
4266624
4266625
4266626
4266627
4266628
4266629
4266630
4266631
4266632
4266633
4266634
4266635
4266636
4266637
4266638
4266639
4266640
4266641
4266642
4266643
4266644
4266645
4266646
4266647
4266648
4266649
4266650
4266651
4266652
4266653
4266654
4266655
4266656
4266657
4266658
4266659
4266660
4266661
4266662
4266663
4266664
4266665
4266666
4266667
4266668
4266669
4266670
4266671
4266672
4266673
4266674
4266675
4266676
4266677
4266678
4266679
4266680
4266681
4266682
4266683
4266684
4266685
4266686
4266687
4266688
4266689
4266690
4266691
4266692
4266693
4266694
4266695
4266696
4266697
4266698
4266699
4266700
4266701
4266702
4266703
4266704
4266705
4266706
4266707
4266708
4266709
4266710
4266711
4266712
4266713
4266714
4266715
4266716
4266717
4266718
4266719
4266720
4266721
4266722
4266723
4266724
4266725
4266726
4266727
4266728
4266729
4266730
4266731
4266732
4266733
4266734
4266735
4266736
4266737
4266738
4266739
4266740
4266741
4266742
4266743
4266744
4266745
4266746
4266747
4266748
4266749
4266750
4266751
4266752
4266753
4266754
4266755
4266756
4266757
4266758
4266759
4266760
4266761
4266762
4266763
4266764
4266765
4266766
4266767
4266768
4266769
4266770
4266771
4266772
4266773
4266774
4266775
4266776
4266777
4266778
4266779
4266780
4266781
4266782
4266783
4266784
4266785
4266786
4266787
4266788
4266789
4266790
4266791
4266792
4266793
4266794
4266795
4266796
4266797
4266798
4266799
4266800
4266801
4266802
4266803
4266804
4266805
4266806
4266807
4266808
4266809
4266810
4266811
4266812
4266813
4266814
4266815
4266816
4266817
4266818
4266819
4266820
4266821
4266822
4266823
4266824
4266825
4266826
4266827
4266828
4266829
4266830
4266831
4266832
4266833
4266834
4266835
4266836
4266837
4266838
4266839
4266840
4266841
4266842
4266843
4266844
4266845
4266846
4266847
4266848
4266849
4266850
4266851
4266852
4266853
4266854
4266855
4266856
4266857
4266858
4266859
4266860
4266861
4266862
4266863
4266864
4266865
4266866
4266867
4266868
4266869
4266870
4266871
4266872
4266873
4266874
4266875
4266876
4266877
4266878
4266879
4266880
4266881
4266882
4266883
4266884
4266885
4266886
4266887
4266888
4266889
4266890
4266891
4266892
4266893
4266894
4266895
4266896
4266897
4266898
4266899
4266900
4266901
4266902
4266903
4266904
4266905
4266906
4266907
4266908
4266909
4266910
4266911
4266912
4266913
4266914
4266915
4266916
4266917
4266918
4266919
4266920
4266921
4266922
4266923
4266924
4266925
4266926
4266927
4266928
4266929
4266930
4266931
4266932
4266933
4266934
4266935
4266936
4266937
4266938
4266939
4266940
4266941
4266942
4266943
4266944
4266945
4266946
4266947
4266948
4266949
4266950
4266951
4266952
4266953
4266954
4266955
4266956
4266957
4266958
4266959
4266960
4266961
4266962
4266963
4266964
4266965
4266966
4266967
4266968
4266969
4266970
4266971
4266972
4266973
4266974
4266975
4266976
4266977
4266978
4266979
4266980
4266981
4266982
4266983
4266984
4266985
4266986
4266987
4266988
4266989
4266990
4266991
4266992
4266993
4266994
4266995
4266996
4266997
4266998
4266999
4267000
4267001
4267002
4267003
4267004
4267005
4267006
4267007
4267008
4267009
4267010
4267011
4267012
4267013
4267014
4267015
4267016
4267017
4267018
4267019
4267020
4267021
4267022
4267023
4267024
4267025
4267026
4267027
4267028
4267029
4267030
4267031
4267032
4267033
4267034
4267035
4267036
4267037
4267038
4267039
4267040
4267041
4267042
4267043
4267044
4267045
4267046
4267047
4267048
4267049
4267050
4267051
4267052
4267053
4267054
4267055
4267056
4267057
4267058
4267059
4267060
4267061
4267062
4267063
4267064
4267065
4267066
4267067
4267068
4267069
4267070
4267071
4267072
4267073
4267074
4267075
4267076
4267077
4267078
4267079
4267080
4267081
4267082
4267083
4267084
4267085
4267086
4267087
4267088
4267089
4267090
4267091
4267092
4267093
4267094
4267095
4267096
4267097
4267098
4267099
4267100
4267101
4267102
4267103
4267104
4267105
4267106
4267107
4267108
4267109
4267110
4267111
4267112
4267113
4267114
4267115
4267116
4267117
4267118
4267119
4267120
4267121
4267122
4267123
4267124
4267125
4267126
4267127
4267128
4267129
4267130
4267131
4267132
4267133
4267134
4267135
4267136
4267137
4267138
4267139
4267140
4267141
4267142
4267143
4267144
4267145
4267146
4267147
4267148
4267149
4267150
4267151
4267152
4267153
4267154
4267155
4267156
4267157
4267158
4267159
4267160
4267161
4267162
4267163
4267164
4267165
4267166
4267167
4267168
4267169
4267170
4267171
4267172
4267173
4267174
4267175
4267176
4267177
4267178
4267179
4267180
4267181
4267182
4267183
4267184
4267185
4267186
4267187
4267188
4267189
4267190
4267191
4267192
4267193
4267194
4267195
4267196
4267197
4267198
4267199
4267200
4267201
4267202
4267203
4267204
4267205
4267206
4267207
4267208
4267209
4267210
4267211
4267212
4267213
4267214
4267215
4267216
4267217
4267218
4267219
4267220
4267221
4267222
4267223
4267224
4267225
4267226
4267227
4267228
4267229
4267230
4267231
4267232
4267233
4267234
4267235
4267236
4267237
4267238
4267239
4267240
4267241
4267242
4267243
4267244
4267245
4267246
4267247
4267248
4267249
4267250
4267251
4267252
4267253
4267254
4267255
4267256
4267257
4267258
4267259
4267260
4267261
4267262
4267263
4267264
4267265
4267266
4267267
4267268
4267269
4267270
4267271
4267272
4267273
4267274
4267275
4267276
4267277
4267278
4267279
4267280
4267281
4267282
4267283
4267284
4267285
4267286
4267287
4267288
4267289
4267290
4267291
4267292
4267293
4267294
4267295
4267296
4267297
4267298
4267299
4267300
4267301
4267302
4267303
4267304
4267305
4267306
4267307
4267308
4267309
4267310
4267311
4267312
4267313
4267314
4267315
4267316
4267317
4267318
4267319
4267320
4267321
4267322
4267323
4267324
4267325
4267326
4267327
4267328
4267329
4267330
4267331
4267332
4267333
4267334
4267335
4267336
4267337
4267338
4267339
4267340
4267341
4267342
4267343
4267344
4267345
4267346
4267347
4267348
4267349
4267350
4267351
4267352
4267353
4267354
4267355
4267356
4267357
4267358
4267359
4267360
4267361
4267362
4267363
4267364
4267365
4267366
4267367
4267368
4267369
4267370
4267371
4267372
4267373
4267374
4267375
4267376
4267377
4267378
4267379
4267380
4267381
4267382
4267383
4267384
4267385
4267386
4267387
4267388
4267389
4267390
4267391
4267392
4267393
4267394
4267395
4267396
4267397
4267398
4267399
4267400
4267401
4267402
4267403
4267404
4267405
4267406
4267407
4267408
4267409
4267410
4267411
4267412
4267413
4267414
4267415
4267416
4267417
4267418
4267419
4267420
4267421
4267422
4267423
4267424
4267425
4267426
4267427
4267428
4267429
4267430
4267431
4267432
4267433
4267434
4267435
4267436
4267437
4267438
4267439
4267440
4267441
4267442
4267443
4267444
4267445
4267446
4267447
4267448
4267449
4267450
4267451
4267452
4267453
4267454
4267455
4267456
4267457
4267458
4267459
4267460
4267461
4267462
4267463
4267464
4267465
4267466
4267467
4267468
4267469
4267470
4267471
4267472
4267473
4267474
4267475
4267476
4267477
4267478
4267479
4267480
4267481
4267482
4267483
4267484
4267485
4267486
4267487
4267488
4267489
4267490
4267491
4267492
4267493
4267494
4267495
4267496
4267497
4267498
4267499
4267500
4267501
4267502
4267503
4267504
4267505
4267506
4267507
4267508
4267509
4267510
4267511
4267512
4267513
4267514
4267515
4267516
4267517
4267518
4267519
4267520
4267521
4267522
4267523
4267524
4267525
4267526
4267527
4267528
4267529
4267530
4267531
4267532
4267533
4267534
4267535
4267536
4267537
4267538
4267539
4267540
4267541
4267542
4267543
4267544
4267545
4267546
4267547
4267548
4267549
4267550
4267551
4267552
4267553
4267554
4267555
4267556
4267557
4267558
4267559
4267560
4267561
4267562
4267563
4267564
4267565
4267566
4267567
4267568
4267569
4267570
4267571
4267572
4267573
4267574
4267575
4267576
4267577
4267578
4267579
4267580
4267581
4267582
4267583
4267584
4267585
4267586
4267587
4267588
4267589
4267590
4267591
4267592
4267593
4267594
4267595
4267596
4267597
4267598
4267599
4267600
4267601
4267602
4267603
4267604
4267605
4267606
4267607
4267608
4267609
4267610
4267611
4267612
4267613
4267614
4267615
4267616
4267617
4267618
4267619
4267620
4267621
4267622
4267623
4267624
4267625
4267626
4267627
4267628
4267629
4267630
4267631
4267632
4267633
4267634
4267635
4267636
4267637
4267638
4267639
4267640
4267641
4267642
4267643
4267644
4267645
4267646
4267647
4267648
4267649
4267650
4267651
4267652
4267653
4267654
4267655
4267656
4267657
4267658
4267659
4267660
4267661
4267662
4267663
4267664
4267665
4267666
4267667
4267668
4267669
4267670
4267671
4267672
4267673
4267674
4267675
4267676
4267677
4267678
4267679
4267680
4267681
4267682
4267683
4267684
4267685
4267686
4267687
4267688
4267689
4267690
4267691
4267692
4267693
4267694
4267695
4267696
4267697
4267698
4267699
4267700
4267701
4267702
4267703
4267704
4267705
4267706
4267707
4267708
4267709
4267710
4267711
4267712
4267713
4267714
4267715
4267716
4267717
4267718
4267719
4267720
4267721
4267722
4267723
4267724
4267725
4267726
4267727
4267728
4267729
4267730
4267731
4267732
4267733
4267734
4267735
4267736
4267737
4267738
4267739
4267740
4267741
4267742
4267743
4267744
4267745
4267746
4267747
4267748
4267749
4267750
4267751
4267752
4267753
4267754
4267755
4267756
4267757
4267758
4267759
4267760
4267761
4267762
4267763
4267764
4267765
4267766
4267767
4267768
4267769
4267770
4267771
4267772
4267773
4267774
4267775
4267776
4267777
4267778
4267779
4267780
4267781
4267782
4267783
4267784
4267785
4267786
4267787
4267788
4267789
4267790
4267791
4267792
4267793
4267794
4267795
4267796
4267797
4267798
4267799
4267800
4267801
4267802
4267803
4267804
4267805
4267806
4267807
4267808
4267809
4267810
4267811
4267812
4267813
4267814
4267815
4267816
4267817
4267818
4267819
4267820
4267821
4267822
4267823
4267824
4267825
4267826
4267827
4267828
4267829
4267830
4267831
4267832
4267833
4267834
4267835
4267836
4267837
4267838
4267839
4267840
4267841
4267842
4267843
4267844
4267845
4267846
4267847
4267848
4267849
4267850
4267851
4267852
4267853
4267854
4267855
4267856
4267857
4267858
4267859
4267860
4267861
4267862
4267863
4267864
4267865
4267866
4267867
4267868
4267869
4267870
4267871
4267872
4267873
4267874
4267875
4267876
4267877
4267878
4267879
4267880
4267881
4267882
4267883
4267884
4267885
4267886
4267887
4267888
4267889
4267890
4267891
4267892
4267893
4267894
4267895
4267896
4267897
4267898
4267899
4267900
4267901
4267902
4267903
4267904
4267905
4267906
4267907
4267908
4267909
4267910
4267911
4267912
4267913
4267914
4267915
4267916
4267917
4267918
4267919
4267920
4267921
4267922
4267923
4267924
4267925
4267926
4267927
4267928
4267929
4267930
4267931
4267932
4267933
4267934
4267935
4267936
4267937
4267938
4267939
4267940
4267941
4267942
4267943
4267944
4267945
4267946
4267947
4267948
4267949
4267950
4267951
4267952
4267953
4267954
4267955
4267956
4267957
4267958
4267959
4267960
4267961
4267962
4267963
4267964
4267965
4267966
4267967
4267968
4267969
4267970
4267971
4267972
4267973
4267974
4267975
4267976
4267977
4267978
4267979
4267980
4267981
4267982
4267983
4267984
4267985
4267986
4267987
4267988
4267989
4267990
4267991
4267992
4267993
4267994
4267995
4267996
4267997
4267998
4267999
4268000
4268001
4268002
4268003
4268004
4268005
4268006
4268007
4268008
4268009
4268010
4268011
4268012
4268013
4268014
4268015
4268016
4268017
4268018
4268019
4268020
4268021
4268022
4268023
4268024
4268025
4268026
4268027
4268028
4268029
4268030
4268031
4268032
4268033
4268034
4268035
4268036
4268037
4268038
4268039
4268040
4268041
4268042
4268043
4268044
4268045
4268046
4268047
4268048
4268049
4268050
4268051
4268052
4268053
4268054
4268055
4268056
4268057
4268058
4268059
4268060
4268061
4268062
4268063
4268064
4268065
4268066
4268067
4268068
4268069
4268070
4268071
4268072
4268073
4268074
4268075
4268076
4268077
4268078
4268079
4268080
4268081
4268082
4268083
4268084
4268085
4268086
4268087
4268088
4268089
4268090
4268091
4268092
4268093
4268094
4268095
4268096
4268097
4268098
4268099
4268100
4268101
4268102
4268103
4268104
4268105
4268106
4268107
4268108
4268109
4268110
4268111
4268112
4268113
4268114
4268115
4268116
4268117
4268118
4268119
4268120
4268121
4268122
4268123
4268124
4268125
4268126
4268127
4268128
4268129
4268130
4268131
4268132
4268133
4268134
4268135
4268136
4268137
4268138
4268139
4268140
4268141
4268142
4268143
4268144
4268145
4268146
4268147
4268148
4268149
4268150
4268151
4268152
4268153
4268154
4268155
4268156
4268157
4268158
4268159
4268160
4268161
4268162
4268163
4268164
4268165
4268166
4268167
4268168
4268169
4268170
4268171
4268172
4268173
4268174
4268175
4268176
4268177
4268178
4268179
4268180
4268181
4268182
4268183
4268184
4268185
4268186
4268187
4268188
4268189
4268190
4268191
4268192
4268193
4268194
4268195
4268196
4268197
4268198
4268199
4268200
4268201
4268202
4268203
4268204
4268205
4268206
4268207
4268208
4268209
4268210
4268211
4268212
4268213
4268214
4268215
4268216
4268217
4268218
4268219
4268220
4268221
4268222
4268223
4268224
4268225
4268226
4268227
4268228
4268229
4268230
4268231
4268232
4268233
4268234
4268235
4268236
4268237
4268238
4268239
4268240
4268241
4268242
4268243
4268244
4268245
4268246
4268247
4268248
4268249
4268250
4268251
4268252
4268253
4268254
4268255
4268256
4268257
4268258
4268259
4268260
4268261
4268262
4268263
4268264
4268265
4268266
4268267
4268268
4268269
4268270
4268271
4268272
4268273
4268274
4268275
4268276
4268277
4268278
4268279
4268280
4268281
4268282
4268283
4268284
4268285
4268286
4268287
4268288
4268289
4268290
4268291
4268292
4268293
4268294
4268295
4268296
4268297
4268298
4268299
4268300
4268301
4268302
4268303
4268304
4268305
4268306
4268307
4268308
4268309
4268310
4268311
4268312
4268313
4268314
4268315
4268316
4268317
4268318
4268319
4268320
4268321
4268322
4268323
4268324
4268325
4268326
4268327
4268328
4268329
4268330
4268331
4268332
4268333
4268334
4268335
4268336
4268337
4268338
4268339
4268340
4268341
4268342
4268343
4268344
4268345
4268346
4268347
4268348
4268349
4268350
4268351
4268352
4268353
4268354
4268355
4268356
4268357
4268358
4268359
4268360
4268361
4268362
4268363
4268364
4268365
4268366
4268367
4268368
4268369
4268370
4268371
4268372
4268373
4268374
4268375
4268376
4268377
4268378
4268379
4268380
4268381
4268382
4268383
4268384
4268385
4268386
4268387
4268388
4268389
4268390
4268391
4268392
4268393
4268394
4268395
4268396
4268397
4268398
4268399
4268400
4268401
4268402
4268403
4268404
4268405
4268406
4268407
4268408
4268409
4268410
4268411
4268412
4268413
4268414
4268415
4268416
4268417
4268418
4268419
4268420
4268421
4268422
4268423
4268424
4268425
4268426
4268427
4268428
4268429
4268430
4268431
4268432
4268433
4268434
4268435
4268436
4268437
4268438
4268439
4268440
4268441
4268442
4268443
4268444
4268445
4268446
4268447
4268448
4268449
4268450
4268451
4268452
4268453
4268454
4268455
4268456
4268457
4268458
4268459
4268460
4268461
4268462
4268463
4268464
4268465
4268466
4268467
4268468
4268469
4268470
4268471
4268472
4268473
4268474
4268475
4268476
4268477
4268478
4268479
4268480
4268481
4268482
4268483
4268484
4268485
4268486
4268487
4268488
4268489
4268490
4268491
4268492
4268493
4268494
4268495
4268496
4268497
4268498
4268499
4268500
4268501
4268502
4268503
4268504
4268505
4268506
4268507
4268508
4268509
4268510
4268511
4268512
4268513
4268514
4268515
4268516
4268517
4268518
4268519
4268520
4268521
4268522
4268523
4268524
4268525
4268526
4268527
4268528
4268529
4268530
4268531
4268532
4268533
4268534
4268535
4268536
4268537
4268538
4268539
4268540
4268541
4268542
4268543
4268544
4268545
4268546
4268547
4268548
4268549
4268550
4268551
4268552
4268553
4268554
4268555
4268556
4268557
4268558
4268559
4268560
4268561
4268562
4268563
4268564
4268565
4268566
4268567
4268568
4268569
4268570
4268571
4268572
4268573
4268574
4268575
4268576
4268577
4268578
4268579
4268580
4268581
4268582
4268583
4268584
4268585
4268586
4268587
4268588
4268589
4268590
4268591
4268592
4268593
4268594
4268595
4268596
4268597
4268598
4268599
4268600
4268601
4268602
4268603
4268604
4268605
4268606
4268607
4268608
4268609
4268610
4268611
4268612
4268613
4268614
4268615
4268616
4268617
4268618
4268619
4268620
4268621
4268622
4268623
4268624
4268625
4268626
4268627
4268628
4268629
4268630
4268631
4268632
4268633
4268634
4268635
4268636
4268637
4268638
4268639
4268640
4268641
4268642
4268643
4268644
4268645
4268646
4268647
4268648
4268649
4268650
4268651
4268652
4268653
4268654
4268655
4268656
4268657
4268658
4268659
4268660
4268661
4268662
4268663
4268664
4268665
4268666
4268667
4268668
4268669
4268670
4268671
4268672
4268673
4268674
4268675
4268676
4268677
4268678
4268679
4268680
4268681
4268682
4268683
4268684
4268685
4268686
4268687
4268688
4268689
4268690
4268691
4268692
4268693
4268694
4268695
4268696
4268697
4268698
4268699
4268700
4268701
4268702
4268703
4268704
4268705
4268706
4268707
4268708
4268709
4268710
4268711
4268712
4268713
4268714
4268715
4268716
4268717
4268718
4268719
4268720
4268721
4268722
4268723
4268724
4268725
4268726
4268727
4268728
4268729
4268730
4268731
4268732
4268733
4268734
4268735
4268736
4268737
4268738
4268739
4268740
4268741
4268742
4268743
4268744
4268745
4268746
4268747
4268748
4268749
4268750
4268751
4268752
4268753
4268754
4268755
4268756
4268757
4268758
4268759
4268760
4268761
4268762
4268763
4268764
4268765
4268766
4268767
4268768
4268769
4268770
4268771
4268772
4268773
4268774
4268775
4268776
4268777
4268778
4268779
4268780
4268781
4268782
4268783
4268784
4268785
4268786
4268787
4268788
4268789
4268790
4268791
4268792
4268793
4268794
4268795
4268796
4268797
4268798
4268799
4268800
4268801
4268802
4268803
4268804
4268805
4268806
4268807
4268808
4268809
4268810
4268811
4268812
4268813
4268814
4268815
4268816
4268817
4268818
4268819
4268820
4268821
4268822
4268823
4268824
4268825
4268826
4268827
4268828
4268829
4268830
4268831
4268832
4268833
4268834
4268835
4268836
4268837
4268838
4268839
4268840
4268841
4268842
4268843
4268844
4268845
4268846
4268847
4268848
4268849
4268850
4268851
4268852
4268853
4268854
4268855
4268856
4268857
4268858
4268859
4268860
4268861
4268862
4268863
4268864
4268865
4268866
4268867
4268868
4268869
4268870
4268871
4268872
4268873
4268874
4268875
4268876
4268877
4268878
4268879
4268880
4268881
4268882
4268883
4268884
4268885
4268886
4268887
4268888
4268889
4268890
4268891
4268892
4268893
4268894
4268895
4268896
4268897
4268898
4268899
4268900
4268901
4268902
4268903
4268904
4268905
4268906
4268907
4268908
4268909
4268910
4268911
4268912
4268913
4268914
4268915
4268916
4268917
4268918
4268919
4268920
4268921
4268922
4268923
4268924
4268925
4268926
4268927
4268928
4268929
4268930
4268931
4268932
4268933
4268934
4268935
4268936
4268937
4268938
4268939
4268940
4268941
4268942
4268943
4268944
4268945
4268946
4268947
4268948
4268949
4268950
4268951
4268952
4268953
4268954
4268955
4268956
4268957
4268958
4268959
4268960
4268961
4268962
4268963
4268964
4268965
4268966
4268967
4268968
4268969
4268970
4268971
4268972
4268973
4268974
4268975
4268976
4268977
4268978
4268979
4268980
4268981
4268982
4268983
4268984
4268985
4268986
4268987
4268988
4268989
4268990
4268991
4268992
4268993
4268994
4268995
4268996
4268997
4268998
4268999
4269000
4269001
4269002
4269003
4269004
4269005
4269006
4269007
4269008
4269009
4269010
4269011
4269012
4269013
4269014
4269015
4269016
4269017
4269018
4269019
4269020
4269021
4269022
4269023
4269024
4269025
4269026
4269027
4269028
4269029
4269030
4269031
4269032
4269033
4269034
4269035
4269036
4269037
4269038
4269039
4269040
4269041
4269042
4269043
4269044
4269045
4269046
4269047
4269048
4269049
4269050
4269051
4269052
4269053
4269054
4269055
4269056
4269057
4269058
4269059
4269060
4269061
4269062
4269063
4269064
4269065
4269066
4269067
4269068
4269069
4269070
4269071
4269072
4269073
4269074
4269075
4269076
4269077
4269078
4269079
4269080
4269081
4269082
4269083
4269084
4269085
4269086
4269087
4269088
4269089
4269090
4269091
4269092
4269093
4269094
4269095
4269096
4269097
4269098
4269099
4269100
4269101
4269102
4269103
4269104
4269105
4269106
4269107
4269108
4269109
4269110
4269111
4269112
4269113
4269114
4269115
4269116
4269117
4269118
4269119
4269120
4269121
4269122
4269123
4269124
4269125
4269126
4269127
4269128
4269129
4269130
4269131
4269132
4269133
4269134
4269135
4269136
4269137
4269138
4269139
4269140
4269141
4269142
4269143
4269144
4269145
4269146
4269147
4269148
4269149
4269150
4269151
4269152
4269153
4269154
4269155
4269156
4269157
4269158
4269159
4269160
4269161
4269162
4269163
4269164
4269165
4269166
4269167
4269168
4269169
4269170
4269171
4269172
4269173
4269174
4269175
4269176
4269177
4269178
4269179
4269180
4269181
4269182
4269183
4269184
4269185
4269186
4269187
4269188
4269189
4269190
4269191
4269192
4269193
4269194
4269195
4269196
4269197
4269198
4269199
4269200
4269201
4269202
4269203
4269204
4269205
4269206
4269207
4269208
4269209
4269210
4269211
4269212
4269213
4269214
4269215
4269216
4269217
4269218
4269219
4269220
4269221
4269222
4269223
4269224
4269225
4269226
4269227
4269228
4269229
4269230
4269231
4269232
4269233
4269234
4269235
4269236
4269237
4269238
4269239
4269240
4269241
4269242
4269243
4269244
4269245
4269246
4269247
4269248
4269249
4269250
4269251
4269252
4269253
4269254
4269255
4269256
4269257
4269258
4269259
4269260
4269261
4269262
4269263
4269264
4269265
4269266
4269267
4269268
4269269
4269270
4269271
4269272
4269273
4269274
4269275
4269276
4269277
4269278
4269279
4269280
4269281
4269282
4269283
4269284
4269285
4269286
4269287
4269288
4269289
4269290
4269291
4269292
4269293
4269294
4269295
4269296
4269297
4269298
4269299
4269300
4269301
4269302
4269303
4269304
4269305
4269306
4269307
4269308
4269309
4269310
4269311
4269312
4269313
4269314
4269315
4269316
4269317
4269318
4269319
4269320
4269321
4269322
4269323
4269324
4269325
4269326
4269327
4269328
4269329
4269330
4269331
4269332
4269333
4269334
4269335
4269336
4269337
4269338
4269339
4269340
4269341
4269342
4269343
4269344
4269345
4269346
4269347
4269348
4269349
4269350
4269351
4269352
4269353
4269354
4269355
4269356
4269357
4269358
4269359
4269360
4269361
4269362
4269363
4269364
4269365
4269366
4269367
4269368
4269369
4269370
4269371
4269372
4269373
4269374
4269375
4269376
4269377
4269378
4269379
4269380
4269381
4269382
4269383
4269384
4269385
4269386
4269387
4269388
4269389
4269390
4269391
4269392
4269393
4269394
4269395
4269396
4269397
4269398
4269399
4269400
4269401
4269402
4269403
4269404
4269405
4269406
4269407
4269408
4269409
4269410
4269411
4269412
4269413
4269414
4269415
4269416
4269417
4269418
4269419
4269420
4269421
4269422
4269423
4269424
4269425
4269426
4269427
4269428
4269429
4269430
4269431
4269432
4269433
4269434
4269435
4269436
4269437
4269438
4269439
4269440
4269441
4269442
4269443
4269444
4269445
4269446
4269447
4269448
4269449
4269450
4269451
4269452
4269453
4269454
4269455
4269456
4269457
4269458
4269459
4269460
4269461
4269462
4269463
4269464
4269465
4269466
4269467
4269468
4269469
4269470
4269471
4269472
4269473
4269474
4269475
4269476
4269477
4269478
4269479
4269480
4269481
4269482
4269483
4269484
4269485
4269486
4269487
4269488
4269489
4269490
4269491
4269492
4269493
4269494
4269495
4269496
4269497
4269498
4269499
4269500
4269501
4269502
4269503
4269504
4269505
4269506
4269507
4269508
4269509
4269510
4269511
4269512
4269513
4269514
4269515
4269516
4269517
4269518
4269519
4269520
4269521
4269522
4269523
4269524
4269525
4269526
4269527
4269528
4269529
4269530
4269531
4269532
4269533
4269534
4269535
4269536
4269537
4269538
4269539
4269540
4269541
4269542
4269543
4269544
4269545
4269546
4269547
4269548
4269549
4269550
4269551
4269552
4269553
4269554
4269555
4269556
4269557
4269558
4269559
4269560
4269561
4269562
4269563
4269564
4269565
4269566
4269567
4269568
4269569
4269570
4269571
4269572
4269573
4269574
4269575
4269576
4269577
4269578
4269579
4269580
4269581
4269582
4269583
4269584
4269585
4269586
4269587
4269588
4269589
4269590
4269591
4269592
4269593
4269594
4269595
4269596
4269597
4269598
4269599
4269600
4269601
4269602
4269603
4269604
4269605
4269606
4269607
4269608
4269609
4269610
4269611
4269612
4269613
4269614
4269615
4269616
4269617
4269618
4269619
4269620
4269621
4269622
4269623
4269624
4269625
4269626
4269627
4269628
4269629
4269630
4269631
4269632
4269633
4269634
4269635
4269636
4269637
4269638
4269639
4269640
4269641
4269642
4269643
4269644
4269645
4269646
4269647
4269648
4269649
4269650
4269651
4269652
4269653
4269654
4269655
4269656
4269657
4269658
4269659
4269660
4269661
4269662
4269663
4269664
4269665
4269666
4269667
4269668
4269669
4269670
4269671
4269672
4269673
4269674
4269675
4269676
4269677
4269678
4269679
4269680
4269681
4269682
4269683
4269684
4269685
4269686
4269687
4269688
4269689
4269690
4269691
4269692
4269693
4269694
4269695
4269696
4269697
4269698
4269699
4269700
4269701
4269702
4269703
4269704
4269705
4269706
4269707
4269708
4269709
4269710
4269711
4269712
4269713
4269714
4269715
4269716
4269717
4269718
4269719
4269720
4269721
4269722
4269723
4269724
4269725
4269726
4269727
4269728
4269729
4269730
4269731
4269732
4269733
4269734
4269735
4269736
4269737
4269738
4269739
4269740
4269741
4269742
4269743
4269744
4269745
4269746
4269747
4269748
4269749
4269750
4269751
4269752
4269753
4269754
4269755
4269756
4269757
4269758
4269759
4269760
4269761
4269762
4269763
4269764
4269765
4269766
4269767
4269768
4269769
4269770
4269771
4269772
4269773
4269774
4269775
4269776
4269777
4269778
4269779
4269780
4269781
4269782
4269783
4269784
4269785
4269786
4269787
4269788
4269789
4269790
4269791
4269792
4269793
4269794
4269795
4269796
4269797
4269798
4269799
4269800
4269801
4269802
4269803
4269804
4269805
4269806
4269807
4269808
4269809
4269810
4269811
4269812
4269813
4269814
4269815
4269816
4269817
4269818
4269819
4269820
4269821
4269822
4269823
4269824
4269825
4269826
4269827
4269828
4269829
4269830
4269831
4269832
4269833
4269834
4269835
4269836
4269837
4269838
4269839
4269840
4269841
4269842
4269843
4269844
4269845
4269846
4269847
4269848
4269849
4269850
4269851
4269852
4269853
4269854
4269855
4269856
4269857
4269858
4269859
4269860
4269861
4269862
4269863
4269864
4269865
4269866
4269867
4269868
4269869
4269870
4269871
4269872
4269873
4269874
4269875
4269876
4269877
4269878
4269879
4269880
4269881
4269882
4269883
4269884
4269885
4269886
4269887
4269888
4269889
4269890
4269891
4269892
4269893
4269894
4269895
4269896
4269897
4269898
4269899
4269900
4269901
4269902
4269903
4269904
4269905
4269906
4269907
4269908
4269909
4269910
4269911
4269912
4269913
4269914
4269915
4269916
4269917
4269918
4269919
4269920
4269921
4269922
4269923
4269924
4269925
4269926
4269927
4269928
4269929
4269930
4269931
4269932
4269933
4269934
4269935
4269936
4269937
4269938
4269939
4269940
4269941
4269942
4269943
4269944
4269945
4269946
4269947
4269948
4269949
4269950
4269951
4269952
4269953
4269954
4269955
4269956
4269957
4269958
4269959
4269960
4269961
4269962
4269963
4269964
4269965
4269966
4269967
4269968
4269969
4269970
4269971
4269972
4269973
4269974
4269975
4269976
4269977
4269978
4269979
4269980
4269981
4269982
4269983
4269984
4269985
4269986
4269987
4269988
4269989
4269990
4269991
4269992
4269993
4269994
4269995
4269996
4269997
4269998
4269999
4270000
