4240001
4240002
4240003
4240004
4240005
4240006
4240007
4240008
4240009
4240010
4240011
4240012
4240013
4240014
4240015
4240016
4240017
4240018
4240019
4240020
4240021
4240022
4240023
4240024
4240025
4240026
4240027
4240028
4240029
4240030
4240031
4240032
4240033
4240034
4240035
4240036
4240037
4240038
4240039
4240040
4240041
4240042
4240043
4240044
4240045
4240046
4240047
4240048
4240049
4240050
4240051
4240052
4240053
4240054
4240055
4240056
4240057
4240058
4240059
4240060
4240061
4240062
4240063
4240064
4240065
4240066
4240067
4240068
4240069
4240070
4240071
4240072
4240073
4240074
4240075
4240076
4240077
4240078
4240079
4240080
4240081
4240082
4240083
4240084
4240085
4240086
4240087
4240088
4240089
4240090
4240091
4240092
4240093
4240094
4240095
4240096
4240097
4240098
4240099
4240100
4240101
4240102
4240103
4240104
4240105
4240106
4240107
4240108
4240109
4240110
4240111
4240112
4240113
4240114
4240115
4240116
4240117
4240118
4240119
4240120
4240121
4240122
4240123
4240124
4240125
4240126
4240127
4240128
4240129
4240130
4240131
4240132
4240133
4240134
4240135
4240136
4240137
4240138
4240139
4240140
4240141
4240142
4240143
4240144
4240145
4240146
4240147
4240148
4240149
4240150
4240151
4240152
4240153
4240154
4240155
4240156
4240157
4240158
4240159
4240160
4240161
4240162
4240163
4240164
4240165
4240166
4240167
4240168
4240169
4240170
4240171
4240172
4240173
4240174
4240175
4240176
4240177
4240178
4240179
4240180
4240181
4240182
4240183
4240184
4240185
4240186
4240187
4240188
4240189
4240190
4240191
4240192
4240193
4240194
4240195
4240196
4240197
4240198
4240199
4240200
4240201
4240202
4240203
4240204
4240205
4240206
4240207
4240208
4240209
4240210
4240211
4240212
4240213
4240214
4240215
4240216
4240217
4240218
4240219
4240220
4240221
4240222
4240223
4240224
4240225
4240226
4240227
4240228
4240229
4240230
4240231
4240232
4240233
4240234
4240235
4240236
4240237
4240238
4240239
4240240
4240241
4240242
4240243
4240244
4240245
4240246
4240247
4240248
4240249
4240250
4240251
4240252
4240253
4240254
4240255
4240256
4240257
4240258
4240259
4240260
4240261
4240262
4240263
4240264
4240265
4240266
4240267
4240268
4240269
4240270
4240271
4240272
4240273
4240274
4240275
4240276
4240277
4240278
4240279
4240280
4240281
4240282
4240283
4240284
4240285
4240286
4240287
4240288
4240289
4240290
4240291
4240292
4240293
4240294
4240295
4240296
4240297
4240298
4240299
4240300
4240301
4240302
4240303
4240304
4240305
4240306
4240307
4240308
4240309
4240310
4240311
4240312
4240313
4240314
4240315
4240316
4240317
4240318
4240319
4240320
4240321
4240322
4240323
4240324
4240325
4240326
4240327
4240328
4240329
4240330
4240331
4240332
4240333
4240334
4240335
4240336
4240337
4240338
4240339
4240340
4240341
4240342
4240343
4240344
4240345
4240346
4240347
4240348
4240349
4240350
4240351
4240352
4240353
4240354
4240355
4240356
4240357
4240358
4240359
4240360
4240361
4240362
4240363
4240364
4240365
4240366
4240367
4240368
4240369
4240370
4240371
4240372
4240373
4240374
4240375
4240376
4240377
4240378
4240379
4240380
4240381
4240382
4240383
4240384
4240385
4240386
4240387
4240388
4240389
4240390
4240391
4240392
4240393
4240394
4240395
4240396
4240397
4240398
4240399
4240400
4240401
4240402
4240403
4240404
4240405
4240406
4240407
4240408
4240409
4240410
4240411
4240412
4240413
4240414
4240415
4240416
4240417
4240418
4240419
4240420
4240421
4240422
4240423
4240424
4240425
4240426
4240427
4240428
4240429
4240430
4240431
4240432
4240433
4240434
4240435
4240436
4240437
4240438
4240439
4240440
4240441
4240442
4240443
4240444
4240445
4240446
4240447
4240448
4240449
4240450
4240451
4240452
4240453
4240454
4240455
4240456
4240457
4240458
4240459
4240460
4240461
4240462
4240463
4240464
4240465
4240466
4240467
4240468
4240469
4240470
4240471
4240472
4240473
4240474
4240475
4240476
4240477
4240478
4240479
4240480
4240481
4240482
4240483
4240484
4240485
4240486
4240487
4240488
4240489
4240490
4240491
4240492
4240493
4240494
4240495
4240496
4240497
4240498
4240499
4240500
4240501
4240502
4240503
4240504
4240505
4240506
4240507
4240508
4240509
4240510
4240511
4240512
4240513
4240514
4240515
4240516
4240517
4240518
4240519
4240520
4240521
4240522
4240523
4240524
4240525
4240526
4240527
4240528
4240529
4240530
4240531
4240532
4240533
4240534
4240535
4240536
4240537
4240538
4240539
4240540
4240541
4240542
4240543
4240544
4240545
4240546
4240547
4240548
4240549
4240550
4240551
4240552
4240553
4240554
4240555
4240556
4240557
4240558
4240559
4240560
4240561
4240562
4240563
4240564
4240565
4240566
4240567
4240568
4240569
4240570
4240571
4240572
4240573
4240574
4240575
4240576
4240577
4240578
4240579
4240580
4240581
4240582
4240583
4240584
4240585
4240586
4240587
4240588
4240589
4240590
4240591
4240592
4240593
4240594
4240595
4240596
4240597
4240598
4240599
4240600
4240601
4240602
4240603
4240604
4240605
4240606
4240607
4240608
4240609
4240610
4240611
4240612
4240613
4240614
4240615
4240616
4240617
4240618
4240619
4240620
4240621
4240622
4240623
4240624
4240625
4240626
4240627
4240628
4240629
4240630
4240631
4240632
4240633
4240634
4240635
4240636
4240637
4240638
4240639
4240640
4240641
4240642
4240643
4240644
4240645
4240646
4240647
4240648
4240649
4240650
4240651
4240652
4240653
4240654
4240655
4240656
4240657
4240658
4240659
4240660
4240661
4240662
4240663
4240664
4240665
4240666
4240667
4240668
4240669
4240670
4240671
4240672
4240673
4240674
4240675
4240676
4240677
4240678
4240679
4240680
4240681
4240682
4240683
4240684
4240685
4240686
4240687
4240688
4240689
4240690
4240691
4240692
4240693
4240694
4240695
4240696
4240697
4240698
4240699
4240700
4240701
4240702
4240703
4240704
4240705
4240706
4240707
4240708
4240709
4240710
4240711
4240712
4240713
4240714
4240715
4240716
4240717
4240718
4240719
4240720
4240721
4240722
4240723
4240724
4240725
4240726
4240727
4240728
4240729
4240730
4240731
4240732
4240733
4240734
4240735
4240736
4240737
4240738
4240739
4240740
4240741
4240742
4240743
4240744
4240745
4240746
4240747
4240748
4240749
4240750
4240751
4240752
4240753
4240754
4240755
4240756
4240757
4240758
4240759
4240760
4240761
4240762
4240763
4240764
4240765
4240766
4240767
4240768
4240769
4240770
4240771
4240772
4240773
4240774
4240775
4240776
4240777
4240778
4240779
4240780
4240781
4240782
4240783
4240784
4240785
4240786
4240787
4240788
4240789
4240790
4240791
4240792
4240793
4240794
4240795
4240796
4240797
4240798
4240799
4240800
4240801
4240802
4240803
4240804
4240805
4240806
4240807
4240808
4240809
4240810
4240811
4240812
4240813
4240814
4240815
4240816
4240817
4240818
4240819
4240820
4240821
4240822
4240823
4240824
4240825
4240826
4240827
4240828
4240829
4240830
4240831
4240832
4240833
4240834
4240835
4240836
4240837
4240838
4240839
4240840
4240841
4240842
4240843
4240844
4240845
4240846
4240847
4240848
4240849
4240850
4240851
4240852
4240853
4240854
4240855
4240856
4240857
4240858
4240859
4240860
4240861
4240862
4240863
4240864
4240865
4240866
4240867
4240868
4240869
4240870
4240871
4240872
4240873
4240874
4240875
4240876
4240877
4240878
4240879
4240880
4240881
4240882
4240883
4240884
4240885
4240886
4240887
4240888
4240889
4240890
4240891
4240892
4240893
4240894
4240895
4240896
4240897
4240898
4240899
4240900
4240901
4240902
4240903
4240904
4240905
4240906
4240907
4240908
4240909
4240910
4240911
4240912
4240913
4240914
4240915
4240916
4240917
4240918
4240919
4240920
4240921
4240922
4240923
4240924
4240925
4240926
4240927
4240928
4240929
4240930
4240931
4240932
4240933
4240934
4240935
4240936
4240937
4240938
4240939
4240940
4240941
4240942
4240943
4240944
4240945
4240946
4240947
4240948
4240949
4240950
4240951
4240952
4240953
4240954
4240955
4240956
4240957
4240958
4240959
4240960
4240961
4240962
4240963
4240964
4240965
4240966
4240967
4240968
4240969
4240970
4240971
4240972
4240973
4240974
4240975
4240976
4240977
4240978
4240979
4240980
4240981
4240982
4240983
4240984
4240985
4240986
4240987
4240988
4240989
4240990
4240991
4240992
4240993
4240994
4240995
4240996
4240997
4240998
4240999
4241000
4241001
4241002
4241003
4241004
4241005
4241006
4241007
4241008
4241009
4241010
4241011
4241012
4241013
4241014
4241015
4241016
4241017
4241018
4241019
4241020
4241021
4241022
4241023
4241024
4241025
4241026
4241027
4241028
4241029
4241030
4241031
4241032
4241033
4241034
4241035
4241036
4241037
4241038
4241039
4241040
4241041
4241042
4241043
4241044
4241045
4241046
4241047
4241048
4241049
4241050
4241051
4241052
4241053
4241054
4241055
4241056
4241057
4241058
4241059
4241060
4241061
4241062
4241063
4241064
4241065
4241066
4241067
4241068
4241069
4241070
4241071
4241072
4241073
4241074
4241075
4241076
4241077
4241078
4241079
4241080
4241081
4241082
4241083
4241084
4241085
4241086
4241087
4241088
4241089
4241090
4241091
4241092
4241093
4241094
4241095
4241096
4241097
4241098
4241099
4241100
4241101
4241102
4241103
4241104
4241105
4241106
4241107
4241108
4241109
4241110
4241111
4241112
4241113
4241114
4241115
4241116
4241117
4241118
4241119
4241120
4241121
4241122
4241123
4241124
4241125
4241126
4241127
4241128
4241129
4241130
4241131
4241132
4241133
4241134
4241135
4241136
4241137
4241138
4241139
4241140
4241141
4241142
4241143
4241144
4241145
4241146
4241147
4241148
4241149
4241150
4241151
4241152
4241153
4241154
4241155
4241156
4241157
4241158
4241159
4241160
4241161
4241162
4241163
4241164
4241165
4241166
4241167
4241168
4241169
4241170
4241171
4241172
4241173
4241174
4241175
4241176
4241177
4241178
4241179
4241180
4241181
4241182
4241183
4241184
4241185
4241186
4241187
4241188
4241189
4241190
4241191
4241192
4241193
4241194
4241195
4241196
4241197
4241198
4241199
4241200
4241201
4241202
4241203
4241204
4241205
4241206
4241207
4241208
4241209
4241210
4241211
4241212
4241213
4241214
4241215
4241216
4241217
4241218
4241219
4241220
4241221
4241222
4241223
4241224
4241225
4241226
4241227
4241228
4241229
4241230
4241231
4241232
4241233
4241234
4241235
4241236
4241237
4241238
4241239
4241240
4241241
4241242
4241243
4241244
4241245
4241246
4241247
4241248
4241249
4241250
4241251
4241252
4241253
4241254
4241255
4241256
4241257
4241258
4241259
4241260
4241261
4241262
4241263
4241264
4241265
4241266
4241267
4241268
4241269
4241270
4241271
4241272
4241273
4241274
4241275
4241276
4241277
4241278
4241279
4241280
4241281
4241282
4241283
4241284
4241285
4241286
4241287
4241288
4241289
4241290
4241291
4241292
4241293
4241294
4241295
4241296
4241297
4241298
4241299
4241300
4241301
4241302
4241303
4241304
4241305
4241306
4241307
4241308
4241309
4241310
4241311
4241312
4241313
4241314
4241315
4241316
4241317
4241318
4241319
4241320
4241321
4241322
4241323
4241324
4241325
4241326
4241327
4241328
4241329
4241330
4241331
4241332
4241333
4241334
4241335
4241336
4241337
4241338
4241339
4241340
4241341
4241342
4241343
4241344
4241345
4241346
4241347
4241348
4241349
4241350
4241351
4241352
4241353
4241354
4241355
4241356
4241357
4241358
4241359
4241360
4241361
4241362
4241363
4241364
4241365
4241366
4241367
4241368
4241369
4241370
4241371
4241372
4241373
4241374
4241375
4241376
4241377
4241378
4241379
4241380
4241381
4241382
4241383
4241384
4241385
4241386
4241387
4241388
4241389
4241390
4241391
4241392
4241393
4241394
4241395
4241396
4241397
4241398
4241399
4241400
4241401
4241402
4241403
4241404
4241405
4241406
4241407
4241408
4241409
4241410
4241411
4241412
4241413
4241414
4241415
4241416
4241417
4241418
4241419
4241420
4241421
4241422
4241423
4241424
4241425
4241426
4241427
4241428
4241429
4241430
4241431
4241432
4241433
4241434
4241435
4241436
4241437
4241438
4241439
4241440
4241441
4241442
4241443
4241444
4241445
4241446
4241447
4241448
4241449
4241450
4241451
4241452
4241453
4241454
4241455
4241456
4241457
4241458
4241459
4241460
4241461
4241462
4241463
4241464
4241465
4241466
4241467
4241468
4241469
4241470
4241471
4241472
4241473
4241474
4241475
4241476
4241477
4241478
4241479
4241480
4241481
4241482
4241483
4241484
4241485
4241486
4241487
4241488
4241489
4241490
4241491
4241492
4241493
4241494
4241495
4241496
4241497
4241498
4241499
4241500
4241501
4241502
4241503
4241504
4241505
4241506
4241507
4241508
4241509
4241510
4241511
4241512
4241513
4241514
4241515
4241516
4241517
4241518
4241519
4241520
4241521
4241522
4241523
4241524
4241525
4241526
4241527
4241528
4241529
4241530
4241531
4241532
4241533
4241534
4241535
4241536
4241537
4241538
4241539
4241540
4241541
4241542
4241543
4241544
4241545
4241546
4241547
4241548
4241549
4241550
4241551
4241552
4241553
4241554
4241555
4241556
4241557
4241558
4241559
4241560
4241561
4241562
4241563
4241564
4241565
4241566
4241567
4241568
4241569
4241570
4241571
4241572
4241573
4241574
4241575
4241576
4241577
4241578
4241579
4241580
4241581
4241582
4241583
4241584
4241585
4241586
4241587
4241588
4241589
4241590
4241591
4241592
4241593
4241594
4241595
4241596
4241597
4241598
4241599
4241600
4241601
4241602
4241603
4241604
4241605
4241606
4241607
4241608
4241609
4241610
4241611
4241612
4241613
4241614
4241615
4241616
4241617
4241618
4241619
4241620
4241621
4241622
4241623
4241624
4241625
4241626
4241627
4241628
4241629
4241630
4241631
4241632
4241633
4241634
4241635
4241636
4241637
4241638
4241639
4241640
4241641
4241642
4241643
4241644
4241645
4241646
4241647
4241648
4241649
4241650
4241651
4241652
4241653
4241654
4241655
4241656
4241657
4241658
4241659
4241660
4241661
4241662
4241663
4241664
4241665
4241666
4241667
4241668
4241669
4241670
4241671
4241672
4241673
4241674
4241675
4241676
4241677
4241678
4241679
4241680
4241681
4241682
4241683
4241684
4241685
4241686
4241687
4241688
4241689
4241690
4241691
4241692
4241693
4241694
4241695
4241696
4241697
4241698
4241699
4241700
4241701
4241702
4241703
4241704
4241705
4241706
4241707
4241708
4241709
4241710
4241711
4241712
4241713
4241714
4241715
4241716
4241717
4241718
4241719
4241720
4241721
4241722
4241723
4241724
4241725
4241726
4241727
4241728
4241729
4241730
4241731
4241732
4241733
4241734
4241735
4241736
4241737
4241738
4241739
4241740
4241741
4241742
4241743
4241744
4241745
4241746
4241747
4241748
4241749
4241750
4241751
4241752
4241753
4241754
4241755
4241756
4241757
4241758
4241759
4241760
4241761
4241762
4241763
4241764
4241765
4241766
4241767
4241768
4241769
4241770
4241771
4241772
4241773
4241774
4241775
4241776
4241777
4241778
4241779
4241780
4241781
4241782
4241783
4241784
4241785
4241786
4241787
4241788
4241789
4241790
4241791
4241792
4241793
4241794
4241795
4241796
4241797
4241798
4241799
4241800
4241801
4241802
4241803
4241804
4241805
4241806
4241807
4241808
4241809
4241810
4241811
4241812
4241813
4241814
4241815
4241816
4241817
4241818
4241819
4241820
4241821
4241822
4241823
4241824
4241825
4241826
4241827
4241828
4241829
4241830
4241831
4241832
4241833
4241834
4241835
4241836
4241837
4241838
4241839
4241840
4241841
4241842
4241843
4241844
4241845
4241846
4241847
4241848
4241849
4241850
4241851
4241852
4241853
4241854
4241855
4241856
4241857
4241858
4241859
4241860
4241861
4241862
4241863
4241864
4241865
4241866
4241867
4241868
4241869
4241870
4241871
4241872
4241873
4241874
4241875
4241876
4241877
4241878
4241879
4241880
4241881
4241882
4241883
4241884
4241885
4241886
4241887
4241888
4241889
4241890
4241891
4241892
4241893
4241894
4241895
4241896
4241897
4241898
4241899
4241900
4241901
4241902
4241903
4241904
4241905
4241906
4241907
4241908
4241909
4241910
4241911
4241912
4241913
4241914
4241915
4241916
4241917
4241918
4241919
4241920
4241921
4241922
4241923
4241924
4241925
4241926
4241927
4241928
4241929
4241930
4241931
4241932
4241933
4241934
4241935
4241936
4241937
4241938
4241939
4241940
4241941
4241942
4241943
4241944
4241945
4241946
4241947
4241948
4241949
4241950
4241951
4241952
4241953
4241954
4241955
4241956
4241957
4241958
4241959
4241960
4241961
4241962
4241963
4241964
4241965
4241966
4241967
4241968
4241969
4241970
4241971
4241972
4241973
4241974
4241975
4241976
4241977
4241978
4241979
4241980
4241981
4241982
4241983
4241984
4241985
4241986
4241987
4241988
4241989
4241990
4241991
4241992
4241993
4241994
4241995
4241996
4241997
4241998
4241999
4242000
4242001
4242002
4242003
4242004
4242005
4242006
4242007
4242008
4242009
4242010
4242011
4242012
4242013
4242014
4242015
4242016
4242017
4242018
4242019
4242020
4242021
4242022
4242023
4242024
4242025
4242026
4242027
4242028
4242029
4242030
4242031
4242032
4242033
4242034
4242035
4242036
4242037
4242038
4242039
4242040
4242041
4242042
4242043
4242044
4242045
4242046
4242047
4242048
4242049
4242050
4242051
4242052
4242053
4242054
4242055
4242056
4242057
4242058
4242059
4242060
4242061
4242062
4242063
4242064
4242065
4242066
4242067
4242068
4242069
4242070
4242071
4242072
4242073
4242074
4242075
4242076
4242077
4242078
4242079
4242080
4242081
4242082
4242083
4242084
4242085
4242086
4242087
4242088
4242089
4242090
4242091
4242092
4242093
4242094
4242095
4242096
4242097
4242098
4242099
4242100
4242101
4242102
4242103
4242104
4242105
4242106
4242107
4242108
4242109
4242110
4242111
4242112
4242113
4242114
4242115
4242116
4242117
4242118
4242119
4242120
4242121
4242122
4242123
4242124
4242125
4242126
4242127
4242128
4242129
4242130
4242131
4242132
4242133
4242134
4242135
4242136
4242137
4242138
4242139
4242140
4242141
4242142
4242143
4242144
4242145
4242146
4242147
4242148
4242149
4242150
4242151
4242152
4242153
4242154
4242155
4242156
4242157
4242158
4242159
4242160
4242161
4242162
4242163
4242164
4242165
4242166
4242167
4242168
4242169
4242170
4242171
4242172
4242173
4242174
4242175
4242176
4242177
4242178
4242179
4242180
4242181
4242182
4242183
4242184
4242185
4242186
4242187
4242188
4242189
4242190
4242191
4242192
4242193
4242194
4242195
4242196
4242197
4242198
4242199
4242200
4242201
4242202
4242203
4242204
4242205
4242206
4242207
4242208
4242209
4242210
4242211
4242212
4242213
4242214
4242215
4242216
4242217
4242218
4242219
4242220
4242221
4242222
4242223
4242224
4242225
4242226
4242227
4242228
4242229
4242230
4242231
4242232
4242233
4242234
4242235
4242236
4242237
4242238
4242239
4242240
4242241
4242242
4242243
4242244
4242245
4242246
4242247
4242248
4242249
4242250
4242251
4242252
4242253
4242254
4242255
4242256
4242257
4242258
4242259
4242260
4242261
4242262
4242263
4242264
4242265
4242266
4242267
4242268
4242269
4242270
4242271
4242272
4242273
4242274
4242275
4242276
4242277
4242278
4242279
4242280
4242281
4242282
4242283
4242284
4242285
4242286
4242287
4242288
4242289
4242290
4242291
4242292
4242293
4242294
4242295
4242296
4242297
4242298
4242299
4242300
4242301
4242302
4242303
4242304
4242305
4242306
4242307
4242308
4242309
4242310
4242311
4242312
4242313
4242314
4242315
4242316
4242317
4242318
4242319
4242320
4242321
4242322
4242323
4242324
4242325
4242326
4242327
4242328
4242329
4242330
4242331
4242332
4242333
4242334
4242335
4242336
4242337
4242338
4242339
4242340
4242341
4242342
4242343
4242344
4242345
4242346
4242347
4242348
4242349
4242350
4242351
4242352
4242353
4242354
4242355
4242356
4242357
4242358
4242359
4242360
4242361
4242362
4242363
4242364
4242365
4242366
4242367
4242368
4242369
4242370
4242371
4242372
4242373
4242374
4242375
4242376
4242377
4242378
4242379
4242380
4242381
4242382
4242383
4242384
4242385
4242386
4242387
4242388
4242389
4242390
4242391
4242392
4242393
4242394
4242395
4242396
4242397
4242398
4242399
4242400
4242401
4242402
4242403
4242404
4242405
4242406
4242407
4242408
4242409
4242410
4242411
4242412
4242413
4242414
4242415
4242416
4242417
4242418
4242419
4242420
4242421
4242422
4242423
4242424
4242425
4242426
4242427
4242428
4242429
4242430
4242431
4242432
4242433
4242434
4242435
4242436
4242437
4242438
4242439
4242440
4242441
4242442
4242443
4242444
4242445
4242446
4242447
4242448
4242449
4242450
4242451
4242452
4242453
4242454
4242455
4242456
4242457
4242458
4242459
4242460
4242461
4242462
4242463
4242464
4242465
4242466
4242467
4242468
4242469
4242470
4242471
4242472
4242473
4242474
4242475
4242476
4242477
4242478
4242479
4242480
4242481
4242482
4242483
4242484
4242485
4242486
4242487
4242488
4242489
4242490
4242491
4242492
4242493
4242494
4242495
4242496
4242497
4242498
4242499
4242500
4242501
4242502
4242503
4242504
4242505
4242506
4242507
4242508
4242509
4242510
4242511
4242512
4242513
4242514
4242515
4242516
4242517
4242518
4242519
4242520
4242521
4242522
4242523
4242524
4242525
4242526
4242527
4242528
4242529
4242530
4242531
4242532
4242533
4242534
4242535
4242536
4242537
4242538
4242539
4242540
4242541
4242542
4242543
4242544
4242545
4242546
4242547
4242548
4242549
4242550
4242551
4242552
4242553
4242554
4242555
4242556
4242557
4242558
4242559
4242560
4242561
4242562
4242563
4242564
4242565
4242566
4242567
4242568
4242569
4242570
4242571
4242572
4242573
4242574
4242575
4242576
4242577
4242578
4242579
4242580
4242581
4242582
4242583
4242584
4242585
4242586
4242587
4242588
4242589
4242590
4242591
4242592
4242593
4242594
4242595
4242596
4242597
4242598
4242599
4242600
4242601
4242602
4242603
4242604
4242605
4242606
4242607
4242608
4242609
4242610
4242611
4242612
4242613
4242614
4242615
4242616
4242617
4242618
4242619
4242620
4242621
4242622
4242623
4242624
4242625
4242626
4242627
4242628
4242629
4242630
4242631
4242632
4242633
4242634
4242635
4242636
4242637
4242638
4242639
4242640
4242641
4242642
4242643
4242644
4242645
4242646
4242647
4242648
4242649
4242650
4242651
4242652
4242653
4242654
4242655
4242656
4242657
4242658
4242659
4242660
4242661
4242662
4242663
4242664
4242665
4242666
4242667
4242668
4242669
4242670
4242671
4242672
4242673
4242674
4242675
4242676
4242677
4242678
4242679
4242680
4242681
4242682
4242683
4242684
4242685
4242686
4242687
4242688
4242689
4242690
4242691
4242692
4242693
4242694
4242695
4242696
4242697
4242698
4242699
4242700
4242701
4242702
4242703
4242704
4242705
4242706
4242707
4242708
4242709
4242710
4242711
4242712
4242713
4242714
4242715
4242716
4242717
4242718
4242719
4242720
4242721
4242722
4242723
4242724
4242725
4242726
4242727
4242728
4242729
4242730
4242731
4242732
4242733
4242734
4242735
4242736
4242737
4242738
4242739
4242740
4242741
4242742
4242743
4242744
4242745
4242746
4242747
4242748
4242749
4242750
4242751
4242752
4242753
4242754
4242755
4242756
4242757
4242758
4242759
4242760
4242761
4242762
4242763
4242764
4242765
4242766
4242767
4242768
4242769
4242770
4242771
4242772
4242773
4242774
4242775
4242776
4242777
4242778
4242779
4242780
4242781
4242782
4242783
4242784
4242785
4242786
4242787
4242788
4242789
4242790
4242791
4242792
4242793
4242794
4242795
4242796
4242797
4242798
4242799
4242800
4242801
4242802
4242803
4242804
4242805
4242806
4242807
4242808
4242809
4242810
4242811
4242812
4242813
4242814
4242815
4242816
4242817
4242818
4242819
4242820
4242821
4242822
4242823
4242824
4242825
4242826
4242827
4242828
4242829
4242830
4242831
4242832
4242833
4242834
4242835
4242836
4242837
4242838
4242839
4242840
4242841
4242842
4242843
4242844
4242845
4242846
4242847
4242848
4242849
4242850
4242851
4242852
4242853
4242854
4242855
4242856
4242857
4242858
4242859
4242860
4242861
4242862
4242863
4242864
4242865
4242866
4242867
4242868
4242869
4242870
4242871
4242872
4242873
4242874
4242875
4242876
4242877
4242878
4242879
4242880
4242881
4242882
4242883
4242884
4242885
4242886
4242887
4242888
4242889
4242890
4242891
4242892
4242893
4242894
4242895
4242896
4242897
4242898
4242899
4242900
4242901
4242902
4242903
4242904
4242905
4242906
4242907
4242908
4242909
4242910
4242911
4242912
4242913
4242914
4242915
4242916
4242917
4242918
4242919
4242920
4242921
4242922
4242923
4242924
4242925
4242926
4242927
4242928
4242929
4242930
4242931
4242932
4242933
4242934
4242935
4242936
4242937
4242938
4242939
4242940
4242941
4242942
4242943
4242944
4242945
4242946
4242947
4242948
4242949
4242950
4242951
4242952
4242953
4242954
4242955
4242956
4242957
4242958
4242959
4242960
4242961
4242962
4242963
4242964
4242965
4242966
4242967
4242968
4242969
4242970
4242971
4242972
4242973
4242974
4242975
4242976
4242977
4242978
4242979
4242980
4242981
4242982
4242983
4242984
4242985
4242986
4242987
4242988
4242989
4242990
4242991
4242992
4242993
4242994
4242995
4242996
4242997
4242998
4242999
4243000
4243001
4243002
4243003
4243004
4243005
4243006
4243007
4243008
4243009
4243010
4243011
4243012
4243013
4243014
4243015
4243016
4243017
4243018
4243019
4243020
4243021
4243022
4243023
4243024
4243025
4243026
4243027
4243028
4243029
4243030
4243031
4243032
4243033
4243034
4243035
4243036
4243037
4243038
4243039
4243040
4243041
4243042
4243043
4243044
4243045
4243046
4243047
4243048
4243049
4243050
4243051
4243052
4243053
4243054
4243055
4243056
4243057
4243058
4243059
4243060
4243061
4243062
4243063
4243064
4243065
4243066
4243067
4243068
4243069
4243070
4243071
4243072
4243073
4243074
4243075
4243076
4243077
4243078
4243079
4243080
4243081
4243082
4243083
4243084
4243085
4243086
4243087
4243088
4243089
4243090
4243091
4243092
4243093
4243094
4243095
4243096
4243097
4243098
4243099
4243100
4243101
4243102
4243103
4243104
4243105
4243106
4243107
4243108
4243109
4243110
4243111
4243112
4243113
4243114
4243115
4243116
4243117
4243118
4243119
4243120
4243121
4243122
4243123
4243124
4243125
4243126
4243127
4243128
4243129
4243130
4243131
4243132
4243133
4243134
4243135
4243136
4243137
4243138
4243139
4243140
4243141
4243142
4243143
4243144
4243145
4243146
4243147
4243148
4243149
4243150
4243151
4243152
4243153
4243154
4243155
4243156
4243157
4243158
4243159
4243160
4243161
4243162
4243163
4243164
4243165
4243166
4243167
4243168
4243169
4243170
4243171
4243172
4243173
4243174
4243175
4243176
4243177
4243178
4243179
4243180
4243181
4243182
4243183
4243184
4243185
4243186
4243187
4243188
4243189
4243190
4243191
4243192
4243193
4243194
4243195
4243196
4243197
4243198
4243199
4243200
4243201
4243202
4243203
4243204
4243205
4243206
4243207
4243208
4243209
4243210
4243211
4243212
4243213
4243214
4243215
4243216
4243217
4243218
4243219
4243220
4243221
4243222
4243223
4243224
4243225
4243226
4243227
4243228
4243229
4243230
4243231
4243232
4243233
4243234
4243235
4243236
4243237
4243238
4243239
4243240
4243241
4243242
4243243
4243244
4243245
4243246
4243247
4243248
4243249
4243250
4243251
4243252
4243253
4243254
4243255
4243256
4243257
4243258
4243259
4243260
4243261
4243262
4243263
4243264
4243265
4243266
4243267
4243268
4243269
4243270
4243271
4243272
4243273
4243274
4243275
4243276
4243277
4243278
4243279
4243280
4243281
4243282
4243283
4243284
4243285
4243286
4243287
4243288
4243289
4243290
4243291
4243292
4243293
4243294
4243295
4243296
4243297
4243298
4243299
4243300
4243301
4243302
4243303
4243304
4243305
4243306
4243307
4243308
4243309
4243310
4243311
4243312
4243313
4243314
4243315
4243316
4243317
4243318
4243319
4243320
4243321
4243322
4243323
4243324
4243325
4243326
4243327
4243328
4243329
4243330
4243331
4243332
4243333
4243334
4243335
4243336
4243337
4243338
4243339
4243340
4243341
4243342
4243343
4243344
4243345
4243346
4243347
4243348
4243349
4243350
4243351
4243352
4243353
4243354
4243355
4243356
4243357
4243358
4243359
4243360
4243361
4243362
4243363
4243364
4243365
4243366
4243367
4243368
4243369
4243370
4243371
4243372
4243373
4243374
4243375
4243376
4243377
4243378
4243379
4243380
4243381
4243382
4243383
4243384
4243385
4243386
4243387
4243388
4243389
4243390
4243391
4243392
4243393
4243394
4243395
4243396
4243397
4243398
4243399
4243400
4243401
4243402
4243403
4243404
4243405
4243406
4243407
4243408
4243409
4243410
4243411
4243412
4243413
4243414
4243415
4243416
4243417
4243418
4243419
4243420
4243421
4243422
4243423
4243424
4243425
4243426
4243427
4243428
4243429
4243430
4243431
4243432
4243433
4243434
4243435
4243436
4243437
4243438
4243439
4243440
4243441
4243442
4243443
4243444
4243445
4243446
4243447
4243448
4243449
4243450
4243451
4243452
4243453
4243454
4243455
4243456
4243457
4243458
4243459
4243460
4243461
4243462
4243463
4243464
4243465
4243466
4243467
4243468
4243469
4243470
4243471
4243472
4243473
4243474
4243475
4243476
4243477
4243478
4243479
4243480
4243481
4243482
4243483
4243484
4243485
4243486
4243487
4243488
4243489
4243490
4243491
4243492
4243493
4243494
4243495
4243496
4243497
4243498
4243499
4243500
4243501
4243502
4243503
4243504
4243505
4243506
4243507
4243508
4243509
4243510
4243511
4243512
4243513
4243514
4243515
4243516
4243517
4243518
4243519
4243520
4243521
4243522
4243523
4243524
4243525
4243526
4243527
4243528
4243529
4243530
4243531
4243532
4243533
4243534
4243535
4243536
4243537
4243538
4243539
4243540
4243541
4243542
4243543
4243544
4243545
4243546
4243547
4243548
4243549
4243550
4243551
4243552
4243553
4243554
4243555
4243556
4243557
4243558
4243559
4243560
4243561
4243562
4243563
4243564
4243565
4243566
4243567
4243568
4243569
4243570
4243571
4243572
4243573
4243574
4243575
4243576
4243577
4243578
4243579
4243580
4243581
4243582
4243583
4243584
4243585
4243586
4243587
4243588
4243589
4243590
4243591
4243592
4243593
4243594
4243595
4243596
4243597
4243598
4243599
4243600
4243601
4243602
4243603
4243604
4243605
4243606
4243607
4243608
4243609
4243610
4243611
4243612
4243613
4243614
4243615
4243616
4243617
4243618
4243619
4243620
4243621
4243622
4243623
4243624
4243625
4243626
4243627
4243628
4243629
4243630
4243631
4243632
4243633
4243634
4243635
4243636
4243637
4243638
4243639
4243640
4243641
4243642
4243643
4243644
4243645
4243646
4243647
4243648
4243649
4243650
4243651
4243652
4243653
4243654
4243655
4243656
4243657
4243658
4243659
4243660
4243661
4243662
4243663
4243664
4243665
4243666
4243667
4243668
4243669
4243670
4243671
4243672
4243673
4243674
4243675
4243676
4243677
4243678
4243679
4243680
4243681
4243682
4243683
4243684
4243685
4243686
4243687
4243688
4243689
4243690
4243691
4243692
4243693
4243694
4243695
4243696
4243697
4243698
4243699
4243700
4243701
4243702
4243703
4243704
4243705
4243706
4243707
4243708
4243709
4243710
4243711
4243712
4243713
4243714
4243715
4243716
4243717
4243718
4243719
4243720
4243721
4243722
4243723
4243724
4243725
4243726
4243727
4243728
4243729
4243730
4243731
4243732
4243733
4243734
4243735
4243736
4243737
4243738
4243739
4243740
4243741
4243742
4243743
4243744
4243745
4243746
4243747
4243748
4243749
4243750
4243751
4243752
4243753
4243754
4243755
4243756
4243757
4243758
4243759
4243760
4243761
4243762
4243763
4243764
4243765
4243766
4243767
4243768
4243769
4243770
4243771
4243772
4243773
4243774
4243775
4243776
4243777
4243778
4243779
4243780
4243781
4243782
4243783
4243784
4243785
4243786
4243787
4243788
4243789
4243790
4243791
4243792
4243793
4243794
4243795
4243796
4243797
4243798
4243799
4243800
4243801
4243802
4243803
4243804
4243805
4243806
4243807
4243808
4243809
4243810
4243811
4243812
4243813
4243814
4243815
4243816
4243817
4243818
4243819
4243820
4243821
4243822
4243823
4243824
4243825
4243826
4243827
4243828
4243829
4243830
4243831
4243832
4243833
4243834
4243835
4243836
4243837
4243838
4243839
4243840
4243841
4243842
4243843
4243844
4243845
4243846
4243847
4243848
4243849
4243850
4243851
4243852
4243853
4243854
4243855
4243856
4243857
4243858
4243859
4243860
4243861
4243862
4243863
4243864
4243865
4243866
4243867
4243868
4243869
4243870
4243871
4243872
4243873
4243874
4243875
4243876
4243877
4243878
4243879
4243880
4243881
4243882
4243883
4243884
4243885
4243886
4243887
4243888
4243889
4243890
4243891
4243892
4243893
4243894
4243895
4243896
4243897
4243898
4243899
4243900
4243901
4243902
4243903
4243904
4243905
4243906
4243907
4243908
4243909
4243910
4243911
4243912
4243913
4243914
4243915
4243916
4243917
4243918
4243919
4243920
4243921
4243922
4243923
4243924
4243925
4243926
4243927
4243928
4243929
4243930
4243931
4243932
4243933
4243934
4243935
4243936
4243937
4243938
4243939
4243940
4243941
4243942
4243943
4243944
4243945
4243946
4243947
4243948
4243949
4243950
4243951
4243952
4243953
4243954
4243955
4243956
4243957
4243958
4243959
4243960
4243961
4243962
4243963
4243964
4243965
4243966
4243967
4243968
4243969
4243970
4243971
4243972
4243973
4243974
4243975
4243976
4243977
4243978
4243979
4243980
4243981
4243982
4243983
4243984
4243985
4243986
4243987
4243988
4243989
4243990
4243991
4243992
4243993
4243994
4243995
4243996
4243997
4243998
4243999
4244000
4244001
4244002
4244003
4244004
4244005
4244006
4244007
4244008
4244009
4244010
4244011
4244012
4244013
4244014
4244015
4244016
4244017
4244018
4244019
4244020
4244021
4244022
4244023
4244024
4244025
4244026
4244027
4244028
4244029
4244030
4244031
4244032
4244033
4244034
4244035
4244036
4244037
4244038
4244039
4244040
4244041
4244042
4244043
4244044
4244045
4244046
4244047
4244048
4244049
4244050
4244051
4244052
4244053
4244054
4244055
4244056
4244057
4244058
4244059
4244060
4244061
4244062
4244063
4244064
4244065
4244066
4244067
4244068
4244069
4244070
4244071
4244072
4244073
4244074
4244075
4244076
4244077
4244078
4244079
4244080
4244081
4244082
4244083
4244084
4244085
4244086
4244087
4244088
4244089
4244090
4244091
4244092
4244093
4244094
4244095
4244096
4244097
4244098
4244099
4244100
4244101
4244102
4244103
4244104
4244105
4244106
4244107
4244108
4244109
4244110
4244111
4244112
4244113
4244114
4244115
4244116
4244117
4244118
4244119
4244120
4244121
4244122
4244123
4244124
4244125
4244126
4244127
4244128
4244129
4244130
4244131
4244132
4244133
4244134
4244135
4244136
4244137
4244138
4244139
4244140
4244141
4244142
4244143
4244144
4244145
4244146
4244147
4244148
4244149
4244150
4244151
4244152
4244153
4244154
4244155
4244156
4244157
4244158
4244159
4244160
4244161
4244162
4244163
4244164
4244165
4244166
4244167
4244168
4244169
4244170
4244171
4244172
4244173
4244174
4244175
4244176
4244177
4244178
4244179
4244180
4244181
4244182
4244183
4244184
4244185
4244186
4244187
4244188
4244189
4244190
4244191
4244192
4244193
4244194
4244195
4244196
4244197
4244198
4244199
4244200
4244201
4244202
4244203
4244204
4244205
4244206
4244207
4244208
4244209
4244210
4244211
4244212
4244213
4244214
4244215
4244216
4244217
4244218
4244219
4244220
4244221
4244222
4244223
4244224
4244225
4244226
4244227
4244228
4244229
4244230
4244231
4244232
4244233
4244234
4244235
4244236
4244237
4244238
4244239
4244240
4244241
4244242
4244243
4244244
4244245
4244246
4244247
4244248
4244249
4244250
4244251
4244252
4244253
4244254
4244255
4244256
4244257
4244258
4244259
4244260
4244261
4244262
4244263
4244264
4244265
4244266
4244267
4244268
4244269
4244270
4244271
4244272
4244273
4244274
4244275
4244276
4244277
4244278
4244279
4244280
4244281
4244282
4244283
4244284
4244285
4244286
4244287
4244288
4244289
4244290
4244291
4244292
4244293
4244294
4244295
4244296
4244297
4244298
4244299
4244300
4244301
4244302
4244303
4244304
4244305
4244306
4244307
4244308
4244309
4244310
4244311
4244312
4244313
4244314
4244315
4244316
4244317
4244318
4244319
4244320
4244321
4244322
4244323
4244324
4244325
4244326
4244327
4244328
4244329
4244330
4244331
4244332
4244333
4244334
4244335
4244336
4244337
4244338
4244339
4244340
4244341
4244342
4244343
4244344
4244345
4244346
4244347
4244348
4244349
4244350
4244351
4244352
4244353
4244354
4244355
4244356
4244357
4244358
4244359
4244360
4244361
4244362
4244363
4244364
4244365
4244366
4244367
4244368
4244369
4244370
4244371
4244372
4244373
4244374
4244375
4244376
4244377
4244378
4244379
4244380
4244381
4244382
4244383
4244384
4244385
4244386
4244387
4244388
4244389
4244390
4244391
4244392
4244393
4244394
4244395
4244396
4244397
4244398
4244399
4244400
4244401
4244402
4244403
4244404
4244405
4244406
4244407
4244408
4244409
4244410
4244411
4244412
4244413
4244414
4244415
4244416
4244417
4244418
4244419
4244420
4244421
4244422
4244423
4244424
4244425
4244426
4244427
4244428
4244429
4244430
4244431
4244432
4244433
4244434
4244435
4244436
4244437
4244438
4244439
4244440
4244441
4244442
4244443
4244444
4244445
4244446
4244447
4244448
4244449
4244450
4244451
4244452
4244453
4244454
4244455
4244456
4244457
4244458
4244459
4244460
4244461
4244462
4244463
4244464
4244465
4244466
4244467
4244468
4244469
4244470
4244471
4244472
4244473
4244474
4244475
4244476
4244477
4244478
4244479
4244480
4244481
4244482
4244483
4244484
4244485
4244486
4244487
4244488
4244489
4244490
4244491
4244492
4244493
4244494
4244495
4244496
4244497
4244498
4244499
4244500
4244501
4244502
4244503
4244504
4244505
4244506
4244507
4244508
4244509
4244510
4244511
4244512
4244513
4244514
4244515
4244516
4244517
4244518
4244519
4244520
4244521
4244522
4244523
4244524
4244525
4244526
4244527
4244528
4244529
4244530
4244531
4244532
4244533
4244534
4244535
4244536
4244537
4244538
4244539
4244540
4244541
4244542
4244543
4244544
4244545
4244546
4244547
4244548
4244549
4244550
4244551
4244552
4244553
4244554
4244555
4244556
4244557
4244558
4244559
4244560
4244561
4244562
4244563
4244564
4244565
4244566
4244567
4244568
4244569
4244570
4244571
4244572
4244573
4244574
4244575
4244576
4244577
4244578
4244579
4244580
4244581
4244582
4244583
4244584
4244585
4244586
4244587
4244588
4244589
4244590
4244591
4244592
4244593
4244594
4244595
4244596
4244597
4244598
4244599
4244600
4244601
4244602
4244603
4244604
4244605
4244606
4244607
4244608
4244609
4244610
4244611
4244612
4244613
4244614
4244615
4244616
4244617
4244618
4244619
4244620
4244621
4244622
4244623
4244624
4244625
4244626
4244627
4244628
4244629
4244630
4244631
4244632
4244633
4244634
4244635
4244636
4244637
4244638
4244639
4244640
4244641
4244642
4244643
4244644
4244645
4244646
4244647
4244648
4244649
4244650
4244651
4244652
4244653
4244654
4244655
4244656
4244657
4244658
4244659
4244660
4244661
4244662
4244663
4244664
4244665
4244666
4244667
4244668
4244669
4244670
4244671
4244672
4244673
4244674
4244675
4244676
4244677
4244678
4244679
4244680
4244681
4244682
4244683
4244684
4244685
4244686
4244687
4244688
4244689
4244690
4244691
4244692
4244693
4244694
4244695
4244696
4244697
4244698
4244699
4244700
4244701
4244702
4244703
4244704
4244705
4244706
4244707
4244708
4244709
4244710
4244711
4244712
4244713
4244714
4244715
4244716
4244717
4244718
4244719
4244720
4244721
4244722
4244723
4244724
4244725
4244726
4244727
4244728
4244729
4244730
4244731
4244732
4244733
4244734
4244735
4244736
4244737
4244738
4244739
4244740
4244741
4244742
4244743
4244744
4244745
4244746
4244747
4244748
4244749
4244750
4244751
4244752
4244753
4244754
4244755
4244756
4244757
4244758
4244759
4244760
4244761
4244762
4244763
4244764
4244765
4244766
4244767
4244768
4244769
4244770
4244771
4244772
4244773
4244774
4244775
4244776
4244777
4244778
4244779
4244780
4244781
4244782
4244783
4244784
4244785
4244786
4244787
4244788
4244789
4244790
4244791
4244792
4244793
4244794
4244795
4244796
4244797
4244798
4244799
4244800
4244801
4244802
4244803
4244804
4244805
4244806
4244807
4244808
4244809
4244810
4244811
4244812
4244813
4244814
4244815
4244816
4244817
4244818
4244819
4244820
4244821
4244822
4244823
4244824
4244825
4244826
4244827
4244828
4244829
4244830
4244831
4244832
4244833
4244834
4244835
4244836
4244837
4244838
4244839
4244840
4244841
4244842
4244843
4244844
4244845
4244846
4244847
4244848
4244849
4244850
4244851
4244852
4244853
4244854
4244855
4244856
4244857
4244858
4244859
4244860
4244861
4244862
4244863
4244864
4244865
4244866
4244867
4244868
4244869
4244870
4244871
4244872
4244873
4244874
4244875
4244876
4244877
4244878
4244879
4244880
4244881
4244882
4244883
4244884
4244885
4244886
4244887
4244888
4244889
4244890
4244891
4244892
4244893
4244894
4244895
4244896
4244897
4244898
4244899
4244900
4244901
4244902
4244903
4244904
4244905
4244906
4244907
4244908
4244909
4244910
4244911
4244912
4244913
4244914
4244915
4244916
4244917
4244918
4244919
4244920
4244921
4244922
4244923
4244924
4244925
4244926
4244927
4244928
4244929
4244930
4244931
4244932
4244933
4244934
4244935
4244936
4244937
4244938
4244939
4244940
4244941
4244942
4244943
4244944
4244945
4244946
4244947
4244948
4244949
4244950
4244951
4244952
4244953
4244954
4244955
4244956
4244957
4244958
4244959
4244960
4244961
4244962
4244963
4244964
4244965
4244966
4244967
4244968
4244969
4244970
4244971
4244972
4244973
4244974
4244975
4244976
4244977
4244978
4244979
4244980
4244981
4244982
4244983
4244984
4244985
4244986
4244987
4244988
4244989
4244990
4244991
4244992
4244993
4244994
4244995
4244996
4244997
4244998
4244999
4245000
4245001
4245002
4245003
4245004
4245005
4245006
4245007
4245008
4245009
4245010
4245011
4245012
4245013
4245014
4245015
4245016
4245017
4245018
4245019
4245020
4245021
4245022
4245023
4245024
4245025
4245026
4245027
4245028
4245029
4245030
4245031
4245032
4245033
4245034
4245035
4245036
4245037
4245038
4245039
4245040
4245041
4245042
4245043
4245044
4245045
4245046
4245047
4245048
4245049
4245050
4245051
4245052
4245053
4245054
4245055
4245056
4245057
4245058
4245059
4245060
4245061
4245062
4245063
4245064
4245065
4245066
4245067
4245068
4245069
4245070
4245071
4245072
4245073
4245074
4245075
4245076
4245077
4245078
4245079
4245080
4245081
4245082
4245083
4245084
4245085
4245086
4245087
4245088
4245089
4245090
4245091
4245092
4245093
4245094
4245095
4245096
4245097
4245098
4245099
4245100
4245101
4245102
4245103
4245104
4245105
4245106
4245107
4245108
4245109
4245110
4245111
4245112
4245113
4245114
4245115
4245116
4245117
4245118
4245119
4245120
4245121
4245122
4245123
4245124
4245125
4245126
4245127
4245128
4245129
4245130
4245131
4245132
4245133
4245134
4245135
4245136
4245137
4245138
4245139
4245140
4245141
4245142
4245143
4245144
4245145
4245146
4245147
4245148
4245149
4245150
4245151
4245152
4245153
4245154
4245155
4245156
4245157
4245158
4245159
4245160
4245161
4245162
4245163
4245164
4245165
4245166
4245167
4245168
4245169
4245170
4245171
4245172
4245173
4245174
4245175
4245176
4245177
4245178
4245179
4245180
4245181
4245182
4245183
4245184
4245185
4245186
4245187
4245188
4245189
4245190
4245191
4245192
4245193
4245194
4245195
4245196
4245197
4245198
4245199
4245200
4245201
4245202
4245203
4245204
4245205
4245206
4245207
4245208
4245209
4245210
4245211
4245212
4245213
4245214
4245215
4245216
4245217
4245218
4245219
4245220
4245221
4245222
4245223
4245224
4245225
4245226
4245227
4245228
4245229
4245230
4245231
4245232
4245233
4245234
4245235
4245236
4245237
4245238
4245239
4245240
4245241
4245242
4245243
4245244
4245245
4245246
4245247
4245248
4245249
4245250
4245251
4245252
4245253
4245254
4245255
4245256
4245257
4245258
4245259
4245260
4245261
4245262
4245263
4245264
4245265
4245266
4245267
4245268
4245269
4245270
4245271
4245272
4245273
4245274
4245275
4245276
4245277
4245278
4245279
4245280
4245281
4245282
4245283
4245284
4245285
4245286
4245287
4245288
4245289
4245290
4245291
4245292
4245293
4245294
4245295
4245296
4245297
4245298
4245299
4245300
4245301
4245302
4245303
4245304
4245305
4245306
4245307
4245308
4245309
4245310
4245311
4245312
4245313
4245314
4245315
4245316
4245317
4245318
4245319
4245320
4245321
4245322
4245323
4245324
4245325
4245326
4245327
4245328
4245329
4245330
4245331
4245332
4245333
4245334
4245335
4245336
4245337
4245338
4245339
4245340
4245341
4245342
4245343
4245344
4245345
4245346
4245347
4245348
4245349
4245350
4245351
4245352
4245353
4245354
4245355
4245356
4245357
4245358
4245359
4245360
4245361
4245362
4245363
4245364
4245365
4245366
4245367
4245368
4245369
4245370
4245371
4245372
4245373
4245374
4245375
4245376
4245377
4245378
4245379
4245380
4245381
4245382
4245383
4245384
4245385
4245386
4245387
4245388
4245389
4245390
4245391
4245392
4245393
4245394
4245395
4245396
4245397
4245398
4245399
4245400
4245401
4245402
4245403
4245404
4245405
4245406
4245407
4245408
4245409
4245410
4245411
4245412
4245413
4245414
4245415
4245416
4245417
4245418
4245419
4245420
4245421
4245422
4245423
4245424
4245425
4245426
4245427
4245428
4245429
4245430
4245431
4245432
4245433
4245434
4245435
4245436
4245437
4245438
4245439
4245440
4245441
4245442
4245443
4245444
4245445
4245446
4245447
4245448
4245449
4245450
4245451
4245452
4245453
4245454
4245455
4245456
4245457
4245458
4245459
4245460
4245461
4245462
4245463
4245464
4245465
4245466
4245467
4245468
4245469
4245470
4245471
4245472
4245473
4245474
4245475
4245476
4245477
4245478
4245479
4245480
4245481
4245482
4245483
4245484
4245485
4245486
4245487
4245488
4245489
4245490
4245491
4245492
4245493
4245494
4245495
4245496
4245497
4245498
4245499
4245500
4245501
4245502
4245503
4245504
4245505
4245506
4245507
4245508
4245509
4245510
4245511
4245512
4245513
4245514
4245515
4245516
4245517
4245518
4245519
4245520
4245521
4245522
4245523
4245524
4245525
4245526
4245527
4245528
4245529
4245530
4245531
4245532
4245533
4245534
4245535
4245536
4245537
4245538
4245539
4245540
4245541
4245542
4245543
4245544
4245545
4245546
4245547
4245548
4245549
4245550
4245551
4245552
4245553
4245554
4245555
4245556
4245557
4245558
4245559
4245560
4245561
4245562
4245563
4245564
4245565
4245566
4245567
4245568
4245569
4245570
4245571
4245572
4245573
4245574
4245575
4245576
4245577
4245578
4245579
4245580
4245581
4245582
4245583
4245584
4245585
4245586
4245587
4245588
4245589
4245590
4245591
4245592
4245593
4245594
4245595
4245596
4245597
4245598
4245599
4245600
4245601
4245602
4245603
4245604
4245605
4245606
4245607
4245608
4245609
4245610
4245611
4245612
4245613
4245614
4245615
4245616
4245617
4245618
4245619
4245620
4245621
4245622
4245623
4245624
4245625
4245626
4245627
4245628
4245629
4245630
4245631
4245632
4245633
4245634
4245635
4245636
4245637
4245638
4245639
4245640
4245641
4245642
4245643
4245644
4245645
4245646
4245647
4245648
4245649
4245650
4245651
4245652
4245653
4245654
4245655
4245656
4245657
4245658
4245659
4245660
4245661
4245662
4245663
4245664
4245665
4245666
4245667
4245668
4245669
4245670
4245671
4245672
4245673
4245674
4245675
4245676
4245677
4245678
4245679
4245680
4245681
4245682
4245683
4245684
4245685
4245686
4245687
4245688
4245689
4245690
4245691
4245692
4245693
4245694
4245695
4245696
4245697
4245698
4245699
4245700
4245701
4245702
4245703
4245704
4245705
4245706
4245707
4245708
4245709
4245710
4245711
4245712
4245713
4245714
4245715
4245716
4245717
4245718
4245719
4245720
4245721
4245722
4245723
4245724
4245725
4245726
4245727
4245728
4245729
4245730
4245731
4245732
4245733
4245734
4245735
4245736
4245737
4245738
4245739
4245740
4245741
4245742
4245743
4245744
4245745
4245746
4245747
4245748
4245749
4245750
4245751
4245752
4245753
4245754
4245755
4245756
4245757
4245758
4245759
4245760
4245761
4245762
4245763
4245764
4245765
4245766
4245767
4245768
4245769
4245770
4245771
4245772
4245773
4245774
4245775
4245776
4245777
4245778
4245779
4245780
4245781
4245782
4245783
4245784
4245785
4245786
4245787
4245788
4245789
4245790
4245791
4245792
4245793
4245794
4245795
4245796
4245797
4245798
4245799
4245800
4245801
4245802
4245803
4245804
4245805
4245806
4245807
4245808
4245809
4245810
4245811
4245812
4245813
4245814
4245815
4245816
4245817
4245818
4245819
4245820
4245821
4245822
4245823
4245824
4245825
4245826
4245827
4245828
4245829
4245830
4245831
4245832
4245833
4245834
4245835
4245836
4245837
4245838
4245839
4245840
4245841
4245842
4245843
4245844
4245845
4245846
4245847
4245848
4245849
4245850
4245851
4245852
4245853
4245854
4245855
4245856
4245857
4245858
4245859
4245860
4245861
4245862
4245863
4245864
4245865
4245866
4245867
4245868
4245869
4245870
4245871
4245872
4245873
4245874
4245875
4245876
4245877
4245878
4245879
4245880
4245881
4245882
4245883
4245884
4245885
4245886
4245887
4245888
4245889
4245890
4245891
4245892
4245893
4245894
4245895
4245896
4245897
4245898
4245899
4245900
4245901
4245902
4245903
4245904
4245905
4245906
4245907
4245908
4245909
4245910
4245911
4245912
4245913
4245914
4245915
4245916
4245917
4245918
4245919
4245920
4245921
4245922
4245923
4245924
4245925
4245926
4245927
4245928
4245929
4245930
4245931
4245932
4245933
4245934
4245935
4245936
4245937
4245938
4245939
4245940
4245941
4245942
4245943
4245944
4245945
4245946
4245947
4245948
4245949
4245950
4245951
4245952
4245953
4245954
4245955
4245956
4245957
4245958
4245959
4245960
4245961
4245962
4245963
4245964
4245965
4245966
4245967
4245968
4245969
4245970
4245971
4245972
4245973
4245974
4245975
4245976
4245977
4245978
4245979
4245980
4245981
4245982
4245983
4245984
4245985
4245986
4245987
4245988
4245989
4245990
4245991
4245992
4245993
4245994
4245995
4245996
4245997
4245998
4245999
4246000
4246001
4246002
4246003
4246004
4246005
4246006
4246007
4246008
4246009
4246010
4246011
4246012
4246013
4246014
4246015
4246016
4246017
4246018
4246019
4246020
4246021
4246022
4246023
4246024
4246025
4246026
4246027
4246028
4246029
4246030
4246031
4246032
4246033
4246034
4246035
4246036
4246037
4246038
4246039
4246040
4246041
4246042
4246043
4246044
4246045
4246046
4246047
4246048
4246049
4246050
4246051
4246052
4246053
4246054
4246055
4246056
4246057
4246058
4246059
4246060
4246061
4246062
4246063
4246064
4246065
4246066
4246067
4246068
4246069
4246070
4246071
4246072
4246073
4246074
4246075
4246076
4246077
4246078
4246079
4246080
4246081
4246082
4246083
4246084
4246085
4246086
4246087
4246088
4246089
4246090
4246091
4246092
4246093
4246094
4246095
4246096
4246097
4246098
4246099
4246100
4246101
4246102
4246103
4246104
4246105
4246106
4246107
4246108
4246109
4246110
4246111
4246112
4246113
4246114
4246115
4246116
4246117
4246118
4246119
4246120
4246121
4246122
4246123
4246124
4246125
4246126
4246127
4246128
4246129
4246130
4246131
4246132
4246133
4246134
4246135
4246136
4246137
4246138
4246139
4246140
4246141
4246142
4246143
4246144
4246145
4246146
4246147
4246148
4246149
4246150
4246151
4246152
4246153
4246154
4246155
4246156
4246157
4246158
4246159
4246160
4246161
4246162
4246163
4246164
4246165
4246166
4246167
4246168
4246169
4246170
4246171
4246172
4246173
4246174
4246175
4246176
4246177
4246178
4246179
4246180
4246181
4246182
4246183
4246184
4246185
4246186
4246187
4246188
4246189
4246190
4246191
4246192
4246193
4246194
4246195
4246196
4246197
4246198
4246199
4246200
4246201
4246202
4246203
4246204
4246205
4246206
4246207
4246208
4246209
4246210
4246211
4246212
4246213
4246214
4246215
4246216
4246217
4246218
4246219
4246220
4246221
4246222
4246223
4246224
4246225
4246226
4246227
4246228
4246229
4246230
4246231
4246232
4246233
4246234
4246235
4246236
4246237
4246238
4246239
4246240
4246241
4246242
4246243
4246244
4246245
4246246
4246247
4246248
4246249
4246250
4246251
4246252
4246253
4246254
4246255
4246256
4246257
4246258
4246259
4246260
4246261
4246262
4246263
4246264
4246265
4246266
4246267
4246268
4246269
4246270
4246271
4246272
4246273
4246274
4246275
4246276
4246277
4246278
4246279
4246280
4246281
4246282
4246283
4246284
4246285
4246286
4246287
4246288
4246289
4246290
4246291
4246292
4246293
4246294
4246295
4246296
4246297
4246298
4246299
4246300
4246301
4246302
4246303
4246304
4246305
4246306
4246307
4246308
4246309
4246310
4246311
4246312
4246313
4246314
4246315
4246316
4246317
4246318
4246319
4246320
4246321
4246322
4246323
4246324
4246325
4246326
4246327
4246328
4246329
4246330
4246331
4246332
4246333
4246334
4246335
4246336
4246337
4246338
4246339
4246340
4246341
4246342
4246343
4246344
4246345
4246346
4246347
4246348
4246349
4246350
4246351
4246352
4246353
4246354
4246355
4246356
4246357
4246358
4246359
4246360
4246361
4246362
4246363
4246364
4246365
4246366
4246367
4246368
4246369
4246370
4246371
4246372
4246373
4246374
4246375
4246376
4246377
4246378
4246379
4246380
4246381
4246382
4246383
4246384
4246385
4246386
4246387
4246388
4246389
4246390
4246391
4246392
4246393
4246394
4246395
4246396
4246397
4246398
4246399
4246400
4246401
4246402
4246403
4246404
4246405
4246406
4246407
4246408
4246409
4246410
4246411
4246412
4246413
4246414
4246415
4246416
4246417
4246418
4246419
4246420
4246421
4246422
4246423
4246424
4246425
4246426
4246427
4246428
4246429
4246430
4246431
4246432
4246433
4246434
4246435
4246436
4246437
4246438
4246439
4246440
4246441
4246442
4246443
4246444
4246445
4246446
4246447
4246448
4246449
4246450
4246451
4246452
4246453
4246454
4246455
4246456
4246457
4246458
4246459
4246460
4246461
4246462
4246463
4246464
4246465
4246466
4246467
4246468
4246469
4246470
4246471
4246472
4246473
4246474
4246475
4246476
4246477
4246478
4246479
4246480
4246481
4246482
4246483
4246484
4246485
4246486
4246487
4246488
4246489
4246490
4246491
4246492
4246493
4246494
4246495
4246496
4246497
4246498
4246499
4246500
4246501
4246502
4246503
4246504
4246505
4246506
4246507
4246508
4246509
4246510
4246511
4246512
4246513
4246514
4246515
4246516
4246517
4246518
4246519
4246520
4246521
4246522
4246523
4246524
4246525
4246526
4246527
4246528
4246529
4246530
4246531
4246532
4246533
4246534
4246535
4246536
4246537
4246538
4246539
4246540
4246541
4246542
4246543
4246544
4246545
4246546
4246547
4246548
4246549
4246550
4246551
4246552
4246553
4246554
4246555
4246556
4246557
4246558
4246559
4246560
4246561
4246562
4246563
4246564
4246565
4246566
4246567
4246568
4246569
4246570
4246571
4246572
4246573
4246574
4246575
4246576
4246577
4246578
4246579
4246580
4246581
4246582
4246583
4246584
4246585
4246586
4246587
4246588
4246589
4246590
4246591
4246592
4246593
4246594
4246595
4246596
4246597
4246598
4246599
4246600
4246601
4246602
4246603
4246604
4246605
4246606
4246607
4246608
4246609
4246610
4246611
4246612
4246613
4246614
4246615
4246616
4246617
4246618
4246619
4246620
4246621
4246622
4246623
4246624
4246625
4246626
4246627
4246628
4246629
4246630
4246631
4246632
4246633
4246634
4246635
4246636
4246637
4246638
4246639
4246640
4246641
4246642
4246643
4246644
4246645
4246646
4246647
4246648
4246649
4246650
4246651
4246652
4246653
4246654
4246655
4246656
4246657
4246658
4246659
4246660
4246661
4246662
4246663
4246664
4246665
4246666
4246667
4246668
4246669
4246670
4246671
4246672
4246673
4246674
4246675
4246676
4246677
4246678
4246679
4246680
4246681
4246682
4246683
4246684
4246685
4246686
4246687
4246688
4246689
4246690
4246691
4246692
4246693
4246694
4246695
4246696
4246697
4246698
4246699
4246700
4246701
4246702
4246703
4246704
4246705
4246706
4246707
4246708
4246709
4246710
4246711
4246712
4246713
4246714
4246715
4246716
4246717
4246718
4246719
4246720
4246721
4246722
4246723
4246724
4246725
4246726
4246727
4246728
4246729
4246730
4246731
4246732
4246733
4246734
4246735
4246736
4246737
4246738
4246739
4246740
4246741
4246742
4246743
4246744
4246745
4246746
4246747
4246748
4246749
4246750
4246751
4246752
4246753
4246754
4246755
4246756
4246757
4246758
4246759
4246760
4246761
4246762
4246763
4246764
4246765
4246766
4246767
4246768
4246769
4246770
4246771
4246772
4246773
4246774
4246775
4246776
4246777
4246778
4246779
4246780
4246781
4246782
4246783
4246784
4246785
4246786
4246787
4246788
4246789
4246790
4246791
4246792
4246793
4246794
4246795
4246796
4246797
4246798
4246799
4246800
4246801
4246802
4246803
4246804
4246805
4246806
4246807
4246808
4246809
4246810
4246811
4246812
4246813
4246814
4246815
4246816
4246817
4246818
4246819
4246820
4246821
4246822
4246823
4246824
4246825
4246826
4246827
4246828
4246829
4246830
4246831
4246832
4246833
4246834
4246835
4246836
4246837
4246838
4246839
4246840
4246841
4246842
4246843
4246844
4246845
4246846
4246847
4246848
4246849
4246850
4246851
4246852
4246853
4246854
4246855
4246856
4246857
4246858
4246859
4246860
4246861
4246862
4246863
4246864
4246865
4246866
4246867
4246868
4246869
4246870
4246871
4246872
4246873
4246874
4246875
4246876
4246877
4246878
4246879
4246880
4246881
4246882
4246883
4246884
4246885
4246886
4246887
4246888
4246889
4246890
4246891
4246892
4246893
4246894
4246895
4246896
4246897
4246898
4246899
4246900
4246901
4246902
4246903
4246904
4246905
4246906
4246907
4246908
4246909
4246910
4246911
4246912
4246913
4246914
4246915
4246916
4246917
4246918
4246919
4246920
4246921
4246922
4246923
4246924
4246925
4246926
4246927
4246928
4246929
4246930
4246931
4246932
4246933
4246934
4246935
4246936
4246937
4246938
4246939
4246940
4246941
4246942
4246943
4246944
4246945
4246946
4246947
4246948
4246949
4246950
4246951
4246952
4246953
4246954
4246955
4246956
4246957
4246958
4246959
4246960
4246961
4246962
4246963
4246964
4246965
4246966
4246967
4246968
4246969
4246970
4246971
4246972
4246973
4246974
4246975
4246976
4246977
4246978
4246979
4246980
4246981
4246982
4246983
4246984
4246985
4246986
4246987
4246988
4246989
4246990
4246991
4246992
4246993
4246994
4246995
4246996
4246997
4246998
4246999
4247000
4247001
4247002
4247003
4247004
4247005
4247006
4247007
4247008
4247009
4247010
4247011
4247012
4247013
4247014
4247015
4247016
4247017
4247018
4247019
4247020
4247021
4247022
4247023
4247024
4247025
4247026
4247027
4247028
4247029
4247030
4247031
4247032
4247033
4247034
4247035
4247036
4247037
4247038
4247039
4247040
4247041
4247042
4247043
4247044
4247045
4247046
4247047
4247048
4247049
4247050
4247051
4247052
4247053
4247054
4247055
4247056
4247057
4247058
4247059
4247060
4247061
4247062
4247063
4247064
4247065
4247066
4247067
4247068
4247069
4247070
4247071
4247072
4247073
4247074
4247075
4247076
4247077
4247078
4247079
4247080
4247081
4247082
4247083
4247084
4247085
4247086
4247087
4247088
4247089
4247090
4247091
4247092
4247093
4247094
4247095
4247096
4247097
4247098
4247099
4247100
4247101
4247102
4247103
4247104
4247105
4247106
4247107
4247108
4247109
4247110
4247111
4247112
4247113
4247114
4247115
4247116
4247117
4247118
4247119
4247120
4247121
4247122
4247123
4247124
4247125
4247126
4247127
4247128
4247129
4247130
4247131
4247132
4247133
4247134
4247135
4247136
4247137
4247138
4247139
4247140
4247141
4247142
4247143
4247144
4247145
4247146
4247147
4247148
4247149
4247150
4247151
4247152
4247153
4247154
4247155
4247156
4247157
4247158
4247159
4247160
4247161
4247162
4247163
4247164
4247165
4247166
4247167
4247168
4247169
4247170
4247171
4247172
4247173
4247174
4247175
4247176
4247177
4247178
4247179
4247180
4247181
4247182
4247183
4247184
4247185
4247186
4247187
4247188
4247189
4247190
4247191
4247192
4247193
4247194
4247195
4247196
4247197
4247198
4247199
4247200
4247201
4247202
4247203
4247204
4247205
4247206
4247207
4247208
4247209
4247210
4247211
4247212
4247213
4247214
4247215
4247216
4247217
4247218
4247219
4247220
4247221
4247222
4247223
4247224
4247225
4247226
4247227
4247228
4247229
4247230
4247231
4247232
4247233
4247234
4247235
4247236
4247237
4247238
4247239
4247240
4247241
4247242
4247243
4247244
4247245
4247246
4247247
4247248
4247249
4247250
4247251
4247252
4247253
4247254
4247255
4247256
4247257
4247258
4247259
4247260
4247261
4247262
4247263
4247264
4247265
4247266
4247267
4247268
4247269
4247270
4247271
4247272
4247273
4247274
4247275
4247276
4247277
4247278
4247279
4247280
4247281
4247282
4247283
4247284
4247285
4247286
4247287
4247288
4247289
4247290
4247291
4247292
4247293
4247294
4247295
4247296
4247297
4247298
4247299
4247300
4247301
4247302
4247303
4247304
4247305
4247306
4247307
4247308
4247309
4247310
4247311
4247312
4247313
4247314
4247315
4247316
4247317
4247318
4247319
4247320
4247321
4247322
4247323
4247324
4247325
4247326
4247327
4247328
4247329
4247330
4247331
4247332
4247333
4247334
4247335
4247336
4247337
4247338
4247339
4247340
4247341
4247342
4247343
4247344
4247345
4247346
4247347
4247348
4247349
4247350
4247351
4247352
4247353
4247354
4247355
4247356
4247357
4247358
4247359
4247360
4247361
4247362
4247363
4247364
4247365
4247366
4247367
4247368
4247369
4247370
4247371
4247372
4247373
4247374
4247375
4247376
4247377
4247378
4247379
4247380
4247381
4247382
4247383
4247384
4247385
4247386
4247387
4247388
4247389
4247390
4247391
4247392
4247393
4247394
4247395
4247396
4247397
4247398
4247399
4247400
4247401
4247402
4247403
4247404
4247405
4247406
4247407
4247408
4247409
4247410
4247411
4247412
4247413
4247414
4247415
4247416
4247417
4247418
4247419
4247420
4247421
4247422
4247423
4247424
4247425
4247426
4247427
4247428
4247429
4247430
4247431
4247432
4247433
4247434
4247435
4247436
4247437
4247438
4247439
4247440
4247441
4247442
4247443
4247444
4247445
4247446
4247447
4247448
4247449
4247450
4247451
4247452
4247453
4247454
4247455
4247456
4247457
4247458
4247459
4247460
4247461
4247462
4247463
4247464
4247465
4247466
4247467
4247468
4247469
4247470
4247471
4247472
4247473
4247474
4247475
4247476
4247477
4247478
4247479
4247480
4247481
4247482
4247483
4247484
4247485
4247486
4247487
4247488
4247489
4247490
4247491
4247492
4247493
4247494
4247495
4247496
4247497
4247498
4247499
4247500
4247501
4247502
4247503
4247504
4247505
4247506
4247507
4247508
4247509
4247510
4247511
4247512
4247513
4247514
4247515
4247516
4247517
4247518
4247519
4247520
4247521
4247522
4247523
4247524
4247525
4247526
4247527
4247528
4247529
4247530
4247531
4247532
4247533
4247534
4247535
4247536
4247537
4247538
4247539
4247540
4247541
4247542
4247543
4247544
4247545
4247546
4247547
4247548
4247549
4247550
4247551
4247552
4247553
4247554
4247555
4247556
4247557
4247558
4247559
4247560
4247561
4247562
4247563
4247564
4247565
4247566
4247567
4247568
4247569
4247570
4247571
4247572
4247573
4247574
4247575
4247576
4247577
4247578
4247579
4247580
4247581
4247582
4247583
4247584
4247585
4247586
4247587
4247588
4247589
4247590
4247591
4247592
4247593
4247594
4247595
4247596
4247597
4247598
4247599
4247600
4247601
4247602
4247603
4247604
4247605
4247606
4247607
4247608
4247609
4247610
4247611
4247612
4247613
4247614
4247615
4247616
4247617
4247618
4247619
4247620
4247621
4247622
4247623
4247624
4247625
4247626
4247627
4247628
4247629
4247630
4247631
4247632
4247633
4247634
4247635
4247636
4247637
4247638
4247639
4247640
4247641
4247642
4247643
4247644
4247645
4247646
4247647
4247648
4247649
4247650
4247651
4247652
4247653
4247654
4247655
4247656
4247657
4247658
4247659
4247660
4247661
4247662
4247663
4247664
4247665
4247666
4247667
4247668
4247669
4247670
4247671
4247672
4247673
4247674
4247675
4247676
4247677
4247678
4247679
4247680
4247681
4247682
4247683
4247684
4247685
4247686
4247687
4247688
4247689
4247690
4247691
4247692
4247693
4247694
4247695
4247696
4247697
4247698
4247699
4247700
4247701
4247702
4247703
4247704
4247705
4247706
4247707
4247708
4247709
4247710
4247711
4247712
4247713
4247714
4247715
4247716
4247717
4247718
4247719
4247720
4247721
4247722
4247723
4247724
4247725
4247726
4247727
4247728
4247729
4247730
4247731
4247732
4247733
4247734
4247735
4247736
4247737
4247738
4247739
4247740
4247741
4247742
4247743
4247744
4247745
4247746
4247747
4247748
4247749
4247750
4247751
4247752
4247753
4247754
4247755
4247756
4247757
4247758
4247759
4247760
4247761
4247762
4247763
4247764
4247765
4247766
4247767
4247768
4247769
4247770
4247771
4247772
4247773
4247774
4247775
4247776
4247777
4247778
4247779
4247780
4247781
4247782
4247783
4247784
4247785
4247786
4247787
4247788
4247789
4247790
4247791
4247792
4247793
4247794
4247795
4247796
4247797
4247798
4247799
4247800
4247801
4247802
4247803
4247804
4247805
4247806
4247807
4247808
4247809
4247810
4247811
4247812
4247813
4247814
4247815
4247816
4247817
4247818
4247819
4247820
4247821
4247822
4247823
4247824
4247825
4247826
4247827
4247828
4247829
4247830
4247831
4247832
4247833
4247834
4247835
4247836
4247837
4247838
4247839
4247840
4247841
4247842
4247843
4247844
4247845
4247846
4247847
4247848
4247849
4247850
4247851
4247852
4247853
4247854
4247855
4247856
4247857
4247858
4247859
4247860
4247861
4247862
4247863
4247864
4247865
4247866
4247867
4247868
4247869
4247870
4247871
4247872
4247873
4247874
4247875
4247876
4247877
4247878
4247879
4247880
4247881
4247882
4247883
4247884
4247885
4247886
4247887
4247888
4247889
4247890
4247891
4247892
4247893
4247894
4247895
4247896
4247897
4247898
4247899
4247900
4247901
4247902
4247903
4247904
4247905
4247906
4247907
4247908
4247909
4247910
4247911
4247912
4247913
4247914
4247915
4247916
4247917
4247918
4247919
4247920
4247921
4247922
4247923
4247924
4247925
4247926
4247927
4247928
4247929
4247930
4247931
4247932
4247933
4247934
4247935
4247936
4247937
4247938
4247939
4247940
4247941
4247942
4247943
4247944
4247945
4247946
4247947
4247948
4247949
4247950
4247951
4247952
4247953
4247954
4247955
4247956
4247957
4247958
4247959
4247960
4247961
4247962
4247963
4247964
4247965
4247966
4247967
4247968
4247969
4247970
4247971
4247972
4247973
4247974
4247975
4247976
4247977
4247978
4247979
4247980
4247981
4247982
4247983
4247984
4247985
4247986
4247987
4247988
4247989
4247990
4247991
4247992
4247993
4247994
4247995
4247996
4247997
4247998
4247999
4248000
4248001
4248002
4248003
4248004
4248005
4248006
4248007
4248008
4248009
4248010
4248011
4248012
4248013
4248014
4248015
4248016
4248017
4248018
4248019
4248020
4248021
4248022
4248023
4248024
4248025
4248026
4248027
4248028
4248029
4248030
4248031
4248032
4248033
4248034
4248035
4248036
4248037
4248038
4248039
4248040
4248041
4248042
4248043
4248044
4248045
4248046
4248047
4248048
4248049
4248050
4248051
4248052
4248053
4248054
4248055
4248056
4248057
4248058
4248059
4248060
4248061
4248062
4248063
4248064
4248065
4248066
4248067
4248068
4248069
4248070
4248071
4248072
4248073
4248074
4248075
4248076
4248077
4248078
4248079
4248080
4248081
4248082
4248083
4248084
4248085
4248086
4248087
4248088
4248089
4248090
4248091
4248092
4248093
4248094
4248095
4248096
4248097
4248098
4248099
4248100
4248101
4248102
4248103
4248104
4248105
4248106
4248107
4248108
4248109
4248110
4248111
4248112
4248113
4248114
4248115
4248116
4248117
4248118
4248119
4248120
4248121
4248122
4248123
4248124
4248125
4248126
4248127
4248128
4248129
4248130
4248131
4248132
4248133
4248134
4248135
4248136
4248137
4248138
4248139
4248140
4248141
4248142
4248143
4248144
4248145
4248146
4248147
4248148
4248149
4248150
4248151
4248152
4248153
4248154
4248155
4248156
4248157
4248158
4248159
4248160
4248161
4248162
4248163
4248164
4248165
4248166
4248167
4248168
4248169
4248170
4248171
4248172
4248173
4248174
4248175
4248176
4248177
4248178
4248179
4248180
4248181
4248182
4248183
4248184
4248185
4248186
4248187
4248188
4248189
4248190
4248191
4248192
4248193
4248194
4248195
4248196
4248197
4248198
4248199
4248200
4248201
4248202
4248203
4248204
4248205
4248206
4248207
4248208
4248209
4248210
4248211
4248212
4248213
4248214
4248215
4248216
4248217
4248218
4248219
4248220
4248221
4248222
4248223
4248224
4248225
4248226
4248227
4248228
4248229
4248230
4248231
4248232
4248233
4248234
4248235
4248236
4248237
4248238
4248239
4248240
4248241
4248242
4248243
4248244
4248245
4248246
4248247
4248248
4248249
4248250
4248251
4248252
4248253
4248254
4248255
4248256
4248257
4248258
4248259
4248260
4248261
4248262
4248263
4248264
4248265
4248266
4248267
4248268
4248269
4248270
4248271
4248272
4248273
4248274
4248275
4248276
4248277
4248278
4248279
4248280
4248281
4248282
4248283
4248284
4248285
4248286
4248287
4248288
4248289
4248290
4248291
4248292
4248293
4248294
4248295
4248296
4248297
4248298
4248299
4248300
4248301
4248302
4248303
4248304
4248305
4248306
4248307
4248308
4248309
4248310
4248311
4248312
4248313
4248314
4248315
4248316
4248317
4248318
4248319
4248320
4248321
4248322
4248323
4248324
4248325
4248326
4248327
4248328
4248329
4248330
4248331
4248332
4248333
4248334
4248335
4248336
4248337
4248338
4248339
4248340
4248341
4248342
4248343
4248344
4248345
4248346
4248347
4248348
4248349
4248350
4248351
4248352
4248353
4248354
4248355
4248356
4248357
4248358
4248359
4248360
4248361
4248362
4248363
4248364
4248365
4248366
4248367
4248368
4248369
4248370
4248371
4248372
4248373
4248374
4248375
4248376
4248377
4248378
4248379
4248380
4248381
4248382
4248383
4248384
4248385
4248386
4248387
4248388
4248389
4248390
4248391
4248392
4248393
4248394
4248395
4248396
4248397
4248398
4248399
4248400
4248401
4248402
4248403
4248404
4248405
4248406
4248407
4248408
4248409
4248410
4248411
4248412
4248413
4248414
4248415
4248416
4248417
4248418
4248419
4248420
4248421
4248422
4248423
4248424
4248425
4248426
4248427
4248428
4248429
4248430
4248431
4248432
4248433
4248434
4248435
4248436
4248437
4248438
4248439
4248440
4248441
4248442
4248443
4248444
4248445
4248446
4248447
4248448
4248449
4248450
4248451
4248452
4248453
4248454
4248455
4248456
4248457
4248458
4248459
4248460
4248461
4248462
4248463
4248464
4248465
4248466
4248467
4248468
4248469
4248470
4248471
4248472
4248473
4248474
4248475
4248476
4248477
4248478
4248479
4248480
4248481
4248482
4248483
4248484
4248485
4248486
4248487
4248488
4248489
4248490
4248491
4248492
4248493
4248494
4248495
4248496
4248497
4248498
4248499
4248500
4248501
4248502
4248503
4248504
4248505
4248506
4248507
4248508
4248509
4248510
4248511
4248512
4248513
4248514
4248515
4248516
4248517
4248518
4248519
4248520
4248521
4248522
4248523
4248524
4248525
4248526
4248527
4248528
4248529
4248530
4248531
4248532
4248533
4248534
4248535
4248536
4248537
4248538
4248539
4248540
4248541
4248542
4248543
4248544
4248545
4248546
4248547
4248548
4248549
4248550
4248551
4248552
4248553
4248554
4248555
4248556
4248557
4248558
4248559
4248560
4248561
4248562
4248563
4248564
4248565
4248566
4248567
4248568
4248569
4248570
4248571
4248572
4248573
4248574
4248575
4248576
4248577
4248578
4248579
4248580
4248581
4248582
4248583
4248584
4248585
4248586
4248587
4248588
4248589
4248590
4248591
4248592
4248593
4248594
4248595
4248596
4248597
4248598
4248599
4248600
4248601
4248602
4248603
4248604
4248605
4248606
4248607
4248608
4248609
4248610
4248611
4248612
4248613
4248614
4248615
4248616
4248617
4248618
4248619
4248620
4248621
4248622
4248623
4248624
4248625
4248626
4248627
4248628
4248629
4248630
4248631
4248632
4248633
4248634
4248635
4248636
4248637
4248638
4248639
4248640
4248641
4248642
4248643
4248644
4248645
4248646
4248647
4248648
4248649
4248650
4248651
4248652
4248653
4248654
4248655
4248656
4248657
4248658
4248659
4248660
4248661
4248662
4248663
4248664
4248665
4248666
4248667
4248668
4248669
4248670
4248671
4248672
4248673
4248674
4248675
4248676
4248677
4248678
4248679
4248680
4248681
4248682
4248683
4248684
4248685
4248686
4248687
4248688
4248689
4248690
4248691
4248692
4248693
4248694
4248695
4248696
4248697
4248698
4248699
4248700
4248701
4248702
4248703
4248704
4248705
4248706
4248707
4248708
4248709
4248710
4248711
4248712
4248713
4248714
4248715
4248716
4248717
4248718
4248719
4248720
4248721
4248722
4248723
4248724
4248725
4248726
4248727
4248728
4248729
4248730
4248731
4248732
4248733
4248734
4248735
4248736
4248737
4248738
4248739
4248740
4248741
4248742
4248743
4248744
4248745
4248746
4248747
4248748
4248749
4248750
4248751
4248752
4248753
4248754
4248755
4248756
4248757
4248758
4248759
4248760
4248761
4248762
4248763
4248764
4248765
4248766
4248767
4248768
4248769
4248770
4248771
4248772
4248773
4248774
4248775
4248776
4248777
4248778
4248779
4248780
4248781
4248782
4248783
4248784
4248785
4248786
4248787
4248788
4248789
4248790
4248791
4248792
4248793
4248794
4248795
4248796
4248797
4248798
4248799
4248800
4248801
4248802
4248803
4248804
4248805
4248806
4248807
4248808
4248809
4248810
4248811
4248812
4248813
4248814
4248815
4248816
4248817
4248818
4248819
4248820
4248821
4248822
4248823
4248824
4248825
4248826
4248827
4248828
4248829
4248830
4248831
4248832
4248833
4248834
4248835
4248836
4248837
4248838
4248839
4248840
4248841
4248842
4248843
4248844
4248845
4248846
4248847
4248848
4248849
4248850
4248851
4248852
4248853
4248854
4248855
4248856
4248857
4248858
4248859
4248860
4248861
4248862
4248863
4248864
4248865
4248866
4248867
4248868
4248869
4248870
4248871
4248872
4248873
4248874
4248875
4248876
4248877
4248878
4248879
4248880
4248881
4248882
4248883
4248884
4248885
4248886
4248887
4248888
4248889
4248890
4248891
4248892
4248893
4248894
4248895
4248896
4248897
4248898
4248899
4248900
4248901
4248902
4248903
4248904
4248905
4248906
4248907
4248908
4248909
4248910
4248911
4248912
4248913
4248914
4248915
4248916
4248917
4248918
4248919
4248920
4248921
4248922
4248923
4248924
4248925
4248926
4248927
4248928
4248929
4248930
4248931
4248932
4248933
4248934
4248935
4248936
4248937
4248938
4248939
4248940
4248941
4248942
4248943
4248944
4248945
4248946
4248947
4248948
4248949
4248950
4248951
4248952
4248953
4248954
4248955
4248956
4248957
4248958
4248959
4248960
4248961
4248962
4248963
4248964
4248965
4248966
4248967
4248968
4248969
4248970
4248971
4248972
4248973
4248974
4248975
4248976
4248977
4248978
4248979
4248980
4248981
4248982
4248983
4248984
4248985
4248986
4248987
4248988
4248989
4248990
4248991
4248992
4248993
4248994
4248995
4248996
4248997
4248998
4248999
4249000
4249001
4249002
4249003
4249004
4249005
4249006
4249007
4249008
4249009
4249010
4249011
4249012
4249013
4249014
4249015
4249016
4249017
4249018
4249019
4249020
4249021
4249022
4249023
4249024
4249025
4249026
4249027
4249028
4249029
4249030
4249031
4249032
4249033
4249034
4249035
4249036
4249037
4249038
4249039
4249040
4249041
4249042
4249043
4249044
4249045
4249046
4249047
4249048
4249049
4249050
4249051
4249052
4249053
4249054
4249055
4249056
4249057
4249058
4249059
4249060
4249061
4249062
4249063
4249064
4249065
4249066
4249067
4249068
4249069
4249070
4249071
4249072
4249073
4249074
4249075
4249076
4249077
4249078
4249079
4249080
4249081
4249082
4249083
4249084
4249085
4249086
4249087
4249088
4249089
4249090
4249091
4249092
4249093
4249094
4249095
4249096
4249097
4249098
4249099
4249100
4249101
4249102
4249103
4249104
4249105
4249106
4249107
4249108
4249109
4249110
4249111
4249112
4249113
4249114
4249115
4249116
4249117
4249118
4249119
4249120
4249121
4249122
4249123
4249124
4249125
4249126
4249127
4249128
4249129
4249130
4249131
4249132
4249133
4249134
4249135
4249136
4249137
4249138
4249139
4249140
4249141
4249142
4249143
4249144
4249145
4249146
4249147
4249148
4249149
4249150
4249151
4249152
4249153
4249154
4249155
4249156
4249157
4249158
4249159
4249160
4249161
4249162
4249163
4249164
4249165
4249166
4249167
4249168
4249169
4249170
4249171
4249172
4249173
4249174
4249175
4249176
4249177
4249178
4249179
4249180
4249181
4249182
4249183
4249184
4249185
4249186
4249187
4249188
4249189
4249190
4249191
4249192
4249193
4249194
4249195
4249196
4249197
4249198
4249199
4249200
4249201
4249202
4249203
4249204
4249205
4249206
4249207
4249208
4249209
4249210
4249211
4249212
4249213
4249214
4249215
4249216
4249217
4249218
4249219
4249220
4249221
4249222
4249223
4249224
4249225
4249226
4249227
4249228
4249229
4249230
4249231
4249232
4249233
4249234
4249235
4249236
4249237
4249238
4249239
4249240
4249241
4249242
4249243
4249244
4249245
4249246
4249247
4249248
4249249
4249250
4249251
4249252
4249253
4249254
4249255
4249256
4249257
4249258
4249259
4249260
4249261
4249262
4249263
4249264
4249265
4249266
4249267
4249268
4249269
4249270
4249271
4249272
4249273
4249274
4249275
4249276
4249277
4249278
4249279
4249280
4249281
4249282
4249283
4249284
4249285
4249286
4249287
4249288
4249289
4249290
4249291
4249292
4249293
4249294
4249295
4249296
4249297
4249298
4249299
4249300
4249301
4249302
4249303
4249304
4249305
4249306
4249307
4249308
4249309
4249310
4249311
4249312
4249313
4249314
4249315
4249316
4249317
4249318
4249319
4249320
4249321
4249322
4249323
4249324
4249325
4249326
4249327
4249328
4249329
4249330
4249331
4249332
4249333
4249334
4249335
4249336
4249337
4249338
4249339
4249340
4249341
4249342
4249343
4249344
4249345
4249346
4249347
4249348
4249349
4249350
4249351
4249352
4249353
4249354
4249355
4249356
4249357
4249358
4249359
4249360
4249361
4249362
4249363
4249364
4249365
4249366
4249367
4249368
4249369
4249370
4249371
4249372
4249373
4249374
4249375
4249376
4249377
4249378
4249379
4249380
4249381
4249382
4249383
4249384
4249385
4249386
4249387
4249388
4249389
4249390
4249391
4249392
4249393
4249394
4249395
4249396
4249397
4249398
4249399
4249400
4249401
4249402
4249403
4249404
4249405
4249406
4249407
4249408
4249409
4249410
4249411
4249412
4249413
4249414
4249415
4249416
4249417
4249418
4249419
4249420
4249421
4249422
4249423
4249424
4249425
4249426
4249427
4249428
4249429
4249430
4249431
4249432
4249433
4249434
4249435
4249436
4249437
4249438
4249439
4249440
4249441
4249442
4249443
4249444
4249445
4249446
4249447
4249448
4249449
4249450
4249451
4249452
4249453
4249454
4249455
4249456
4249457
4249458
4249459
4249460
4249461
4249462
4249463
4249464
4249465
4249466
4249467
4249468
4249469
4249470
4249471
4249472
4249473
4249474
4249475
4249476
4249477
4249478
4249479
4249480
4249481
4249482
4249483
4249484
4249485
4249486
4249487
4249488
4249489
4249490
4249491
4249492
4249493
4249494
4249495
4249496
4249497
4249498
4249499
4249500
4249501
4249502
4249503
4249504
4249505
4249506
4249507
4249508
4249509
4249510
4249511
4249512
4249513
4249514
4249515
4249516
4249517
4249518
4249519
4249520
4249521
4249522
4249523
4249524
4249525
4249526
4249527
4249528
4249529
4249530
4249531
4249532
4249533
4249534
4249535
4249536
4249537
4249538
4249539
4249540
4249541
4249542
4249543
4249544
4249545
4249546
4249547
4249548
4249549
4249550
4249551
4249552
4249553
4249554
4249555
4249556
4249557
4249558
4249559
4249560
4249561
4249562
4249563
4249564
4249565
4249566
4249567
4249568
4249569
4249570
4249571
4249572
4249573
4249574
4249575
4249576
4249577
4249578
4249579
4249580
4249581
4249582
4249583
4249584
4249585
4249586
4249587
4249588
4249589
4249590
4249591
4249592
4249593
4249594
4249595
4249596
4249597
4249598
4249599
4249600
4249601
4249602
4249603
4249604
4249605
4249606
4249607
4249608
4249609
4249610
4249611
4249612
4249613
4249614
4249615
4249616
4249617
4249618
4249619
4249620
4249621
4249622
4249623
4249624
4249625
4249626
4249627
4249628
4249629
4249630
4249631
4249632
4249633
4249634
4249635
4249636
4249637
4249638
4249639
4249640
4249641
4249642
4249643
4249644
4249645
4249646
4249647
4249648
4249649
4249650
4249651
4249652
4249653
4249654
4249655
4249656
4249657
4249658
4249659
4249660
4249661
4249662
4249663
4249664
4249665
4249666
4249667
4249668
4249669
4249670
4249671
4249672
4249673
4249674
4249675
4249676
4249677
4249678
4249679
4249680
4249681
4249682
4249683
4249684
4249685
4249686
4249687
4249688
4249689
4249690
4249691
4249692
4249693
4249694
4249695
4249696
4249697
4249698
4249699
4249700
4249701
4249702
4249703
4249704
4249705
4249706
4249707
4249708
4249709
4249710
4249711
4249712
4249713
4249714
4249715
4249716
4249717
4249718
4249719
4249720
4249721
4249722
4249723
4249724
4249725
4249726
4249727
4249728
4249729
4249730
4249731
4249732
4249733
4249734
4249735
4249736
4249737
4249738
4249739
4249740
4249741
4249742
4249743
4249744
4249745
4249746
4249747
4249748
4249749
4249750
4249751
4249752
4249753
4249754
4249755
4249756
4249757
4249758
4249759
4249760
4249761
4249762
4249763
4249764
4249765
4249766
4249767
4249768
4249769
4249770
4249771
4249772
4249773
4249774
4249775
4249776
4249777
4249778
4249779
4249780
4249781
4249782
4249783
4249784
4249785
4249786
4249787
4249788
4249789
4249790
4249791
4249792
4249793
4249794
4249795
4249796
4249797
4249798
4249799
4249800
4249801
4249802
4249803
4249804
4249805
4249806
4249807
4249808
4249809
4249810
4249811
4249812
4249813
4249814
4249815
4249816
4249817
4249818
4249819
4249820
4249821
4249822
4249823
4249824
4249825
4249826
4249827
4249828
4249829
4249830
4249831
4249832
4249833
4249834
4249835
4249836
4249837
4249838
4249839
4249840
4249841
4249842
4249843
4249844
4249845
4249846
4249847
4249848
4249849
4249850
4249851
4249852
4249853
4249854
4249855
4249856
4249857
4249858
4249859
4249860
4249861
4249862
4249863
4249864
4249865
4249866
4249867
4249868
4249869
4249870
4249871
4249872
4249873
4249874
4249875
4249876
4249877
4249878
4249879
4249880
4249881
4249882
4249883
4249884
4249885
4249886
4249887
4249888
4249889
4249890
4249891
4249892
4249893
4249894
4249895
4249896
4249897
4249898
4249899
4249900
4249901
4249902
4249903
4249904
4249905
4249906
4249907
4249908
4249909
4249910
4249911
4249912
4249913
4249914
4249915
4249916
4249917
4249918
4249919
4249920
4249921
4249922
4249923
4249924
4249925
4249926
4249927
4249928
4249929
4249930
4249931
4249932
4249933
4249934
4249935
4249936
4249937
4249938
4249939
4249940
4249941
4249942
4249943
4249944
4249945
4249946
4249947
4249948
4249949
4249950
4249951
4249952
4249953
4249954
4249955
4249956
4249957
4249958
4249959
4249960
4249961
4249962
4249963
4249964
4249965
4249966
4249967
4249968
4249969
4249970
4249971
4249972
4249973
4249974
4249975
4249976
4249977
4249978
4249979
4249980
4249981
4249982
4249983
4249984
4249985
4249986
4249987
4249988
4249989
4249990
4249991
4249992
4249993
4249994
4249995
4249996
4249997
4249998
4249999
4250000
