4420001
4420002
4420003
4420004
4420005
4420006
4420007
4420008
4420009
4420010
4420011
4420012
4420013
4420014
4420015
4420016
4420017
4420018
4420019
4420020
4420021
4420022
4420023
4420024
4420025
4420026
4420027
4420028
4420029
4420030
4420031
4420032
4420033
4420034
4420035
4420036
4420037
4420038
4420039
4420040
4420041
4420042
4420043
4420044
4420045
4420046
4420047
4420048
4420049
4420050
4420051
4420052
4420053
4420054
4420055
4420056
4420057
4420058
4420059
4420060
4420061
4420062
4420063
4420064
4420065
4420066
4420067
4420068
4420069
4420070
4420071
4420072
4420073
4420074
4420075
4420076
4420077
4420078
4420079
4420080
4420081
4420082
4420083
4420084
4420085
4420086
4420087
4420088
4420089
4420090
4420091
4420092
4420093
4420094
4420095
4420096
4420097
4420098
4420099
4420100
4420101
4420102
4420103
4420104
4420105
4420106
4420107
4420108
4420109
4420110
4420111
4420112
4420113
4420114
4420115
4420116
4420117
4420118
4420119
4420120
4420121
4420122
4420123
4420124
4420125
4420126
4420127
4420128
4420129
4420130
4420131
4420132
4420133
4420134
4420135
4420136
4420137
4420138
4420139
4420140
4420141
4420142
4420143
4420144
4420145
4420146
4420147
4420148
4420149
4420150
4420151
4420152
4420153
4420154
4420155
4420156
4420157
4420158
4420159
4420160
4420161
4420162
4420163
4420164
4420165
4420166
4420167
4420168
4420169
4420170
4420171
4420172
4420173
4420174
4420175
4420176
4420177
4420178
4420179
4420180
4420181
4420182
4420183
4420184
4420185
4420186
4420187
4420188
4420189
4420190
4420191
4420192
4420193
4420194
4420195
4420196
4420197
4420198
4420199
4420200
4420201
4420202
4420203
4420204
4420205
4420206
4420207
4420208
4420209
4420210
4420211
4420212
4420213
4420214
4420215
4420216
4420217
4420218
4420219
4420220
4420221
4420222
4420223
4420224
4420225
4420226
4420227
4420228
4420229
4420230
4420231
4420232
4420233
4420234
4420235
4420236
4420237
4420238
4420239
4420240
4420241
4420242
4420243
4420244
4420245
4420246
4420247
4420248
4420249
4420250
4420251
4420252
4420253
4420254
4420255
4420256
4420257
4420258
4420259
4420260
4420261
4420262
4420263
4420264
4420265
4420266
4420267
4420268
4420269
4420270
4420271
4420272
4420273
4420274
4420275
4420276
4420277
4420278
4420279
4420280
4420281
4420282
4420283
4420284
4420285
4420286
4420287
4420288
4420289
4420290
4420291
4420292
4420293
4420294
4420295
4420296
4420297
4420298
4420299
4420300
4420301
4420302
4420303
4420304
4420305
4420306
4420307
4420308
4420309
4420310
4420311
4420312
4420313
4420314
4420315
4420316
4420317
4420318
4420319
4420320
4420321
4420322
4420323
4420324
4420325
4420326
4420327
4420328
4420329
4420330
4420331
4420332
4420333
4420334
4420335
4420336
4420337
4420338
4420339
4420340
4420341
4420342
4420343
4420344
4420345
4420346
4420347
4420348
4420349
4420350
4420351
4420352
4420353
4420354
4420355
4420356
4420357
4420358
4420359
4420360
4420361
4420362
4420363
4420364
4420365
4420366
4420367
4420368
4420369
4420370
4420371
4420372
4420373
4420374
4420375
4420376
4420377
4420378
4420379
4420380
4420381
4420382
4420383
4420384
4420385
4420386
4420387
4420388
4420389
4420390
4420391
4420392
4420393
4420394
4420395
4420396
4420397
4420398
4420399
4420400
4420401
4420402
4420403
4420404
4420405
4420406
4420407
4420408
4420409
4420410
4420411
4420412
4420413
4420414
4420415
4420416
4420417
4420418
4420419
4420420
4420421
4420422
4420423
4420424
4420425
4420426
4420427
4420428
4420429
4420430
4420431
4420432
4420433
4420434
4420435
4420436
4420437
4420438
4420439
4420440
4420441
4420442
4420443
4420444
4420445
4420446
4420447
4420448
4420449
4420450
4420451
4420452
4420453
4420454
4420455
4420456
4420457
4420458
4420459
4420460
4420461
4420462
4420463
4420464
4420465
4420466
4420467
4420468
4420469
4420470
4420471
4420472
4420473
4420474
4420475
4420476
4420477
4420478
4420479
4420480
4420481
4420482
4420483
4420484
4420485
4420486
4420487
4420488
4420489
4420490
4420491
4420492
4420493
4420494
4420495
4420496
4420497
4420498
4420499
4420500
4420501
4420502
4420503
4420504
4420505
4420506
4420507
4420508
4420509
4420510
4420511
4420512
4420513
4420514
4420515
4420516
4420517
4420518
4420519
4420520
4420521
4420522
4420523
4420524
4420525
4420526
4420527
4420528
4420529
4420530
4420531
4420532
4420533
4420534
4420535
4420536
4420537
4420538
4420539
4420540
4420541
4420542
4420543
4420544
4420545
4420546
4420547
4420548
4420549
4420550
4420551
4420552
4420553
4420554
4420555
4420556
4420557
4420558
4420559
4420560
4420561
4420562
4420563
4420564
4420565
4420566
4420567
4420568
4420569
4420570
4420571
4420572
4420573
4420574
4420575
4420576
4420577
4420578
4420579
4420580
4420581
4420582
4420583
4420584
4420585
4420586
4420587
4420588
4420589
4420590
4420591
4420592
4420593
4420594
4420595
4420596
4420597
4420598
4420599
4420600
4420601
4420602
4420603
4420604
4420605
4420606
4420607
4420608
4420609
4420610
4420611
4420612
4420613
4420614
4420615
4420616
4420617
4420618
4420619
4420620
4420621
4420622
4420623
4420624
4420625
4420626
4420627
4420628
4420629
4420630
4420631
4420632
4420633
4420634
4420635
4420636
4420637
4420638
4420639
4420640
4420641
4420642
4420643
4420644
4420645
4420646
4420647
4420648
4420649
4420650
4420651
4420652
4420653
4420654
4420655
4420656
4420657
4420658
4420659
4420660
4420661
4420662
4420663
4420664
4420665
4420666
4420667
4420668
4420669
4420670
4420671
4420672
4420673
4420674
4420675
4420676
4420677
4420678
4420679
4420680
4420681
4420682
4420683
4420684
4420685
4420686
4420687
4420688
4420689
4420690
4420691
4420692
4420693
4420694
4420695
4420696
4420697
4420698
4420699
4420700
4420701
4420702
4420703
4420704
4420705
4420706
4420707
4420708
4420709
4420710
4420711
4420712
4420713
4420714
4420715
4420716
4420717
4420718
4420719
4420720
4420721
4420722
4420723
4420724
4420725
4420726
4420727
4420728
4420729
4420730
4420731
4420732
4420733
4420734
4420735
4420736
4420737
4420738
4420739
4420740
4420741
4420742
4420743
4420744
4420745
4420746
4420747
4420748
4420749
4420750
4420751
4420752
4420753
4420754
4420755
4420756
4420757
4420758
4420759
4420760
4420761
4420762
4420763
4420764
4420765
4420766
4420767
4420768
4420769
4420770
4420771
4420772
4420773
4420774
4420775
4420776
4420777
4420778
4420779
4420780
4420781
4420782
4420783
4420784
4420785
4420786
4420787
4420788
4420789
4420790
4420791
4420792
4420793
4420794
4420795
4420796
4420797
4420798
4420799
4420800
4420801
4420802
4420803
4420804
4420805
4420806
4420807
4420808
4420809
4420810
4420811
4420812
4420813
4420814
4420815
4420816
4420817
4420818
4420819
4420820
4420821
4420822
4420823
4420824
4420825
4420826
4420827
4420828
4420829
4420830
4420831
4420832
4420833
4420834
4420835
4420836
4420837
4420838
4420839
4420840
4420841
4420842
4420843
4420844
4420845
4420846
4420847
4420848
4420849
4420850
4420851
4420852
4420853
4420854
4420855
4420856
4420857
4420858
4420859
4420860
4420861
4420862
4420863
4420864
4420865
4420866
4420867
4420868
4420869
4420870
4420871
4420872
4420873
4420874
4420875
4420876
4420877
4420878
4420879
4420880
4420881
4420882
4420883
4420884
4420885
4420886
4420887
4420888
4420889
4420890
4420891
4420892
4420893
4420894
4420895
4420896
4420897
4420898
4420899
4420900
4420901
4420902
4420903
4420904
4420905
4420906
4420907
4420908
4420909
4420910
4420911
4420912
4420913
4420914
4420915
4420916
4420917
4420918
4420919
4420920
4420921
4420922
4420923
4420924
4420925
4420926
4420927
4420928
4420929
4420930
4420931
4420932
4420933
4420934
4420935
4420936
4420937
4420938
4420939
4420940
4420941
4420942
4420943
4420944
4420945
4420946
4420947
4420948
4420949
4420950
4420951
4420952
4420953
4420954
4420955
4420956
4420957
4420958
4420959
4420960
4420961
4420962
4420963
4420964
4420965
4420966
4420967
4420968
4420969
4420970
4420971
4420972
4420973
4420974
4420975
4420976
4420977
4420978
4420979
4420980
4420981
4420982
4420983
4420984
4420985
4420986
4420987
4420988
4420989
4420990
4420991
4420992
4420993
4420994
4420995
4420996
4420997
4420998
4420999
4421000
4421001
4421002
4421003
4421004
4421005
4421006
4421007
4421008
4421009
4421010
4421011
4421012
4421013
4421014
4421015
4421016
4421017
4421018
4421019
4421020
4421021
4421022
4421023
4421024
4421025
4421026
4421027
4421028
4421029
4421030
4421031
4421032
4421033
4421034
4421035
4421036
4421037
4421038
4421039
4421040
4421041
4421042
4421043
4421044
4421045
4421046
4421047
4421048
4421049
4421050
4421051
4421052
4421053
4421054
4421055
4421056
4421057
4421058
4421059
4421060
4421061
4421062
4421063
4421064
4421065
4421066
4421067
4421068
4421069
4421070
4421071
4421072
4421073
4421074
4421075
4421076
4421077
4421078
4421079
4421080
4421081
4421082
4421083
4421084
4421085
4421086
4421087
4421088
4421089
4421090
4421091
4421092
4421093
4421094
4421095
4421096
4421097
4421098
4421099
4421100
4421101
4421102
4421103
4421104
4421105
4421106
4421107
4421108
4421109
4421110
4421111
4421112
4421113
4421114
4421115
4421116
4421117
4421118
4421119
4421120
4421121
4421122
4421123
4421124
4421125
4421126
4421127
4421128
4421129
4421130
4421131
4421132
4421133
4421134
4421135
4421136
4421137
4421138
4421139
4421140
4421141
4421142
4421143
4421144
4421145
4421146
4421147
4421148
4421149
4421150
4421151
4421152
4421153
4421154
4421155
4421156
4421157
4421158
4421159
4421160
4421161
4421162
4421163
4421164
4421165
4421166
4421167
4421168
4421169
4421170
4421171
4421172
4421173
4421174
4421175
4421176
4421177
4421178
4421179
4421180
4421181
4421182
4421183
4421184
4421185
4421186
4421187
4421188
4421189
4421190
4421191
4421192
4421193
4421194
4421195
4421196
4421197
4421198
4421199
4421200
4421201
4421202
4421203
4421204
4421205
4421206
4421207
4421208
4421209
4421210
4421211
4421212
4421213
4421214
4421215
4421216
4421217
4421218
4421219
4421220
4421221
4421222
4421223
4421224
4421225
4421226
4421227
4421228
4421229
4421230
4421231
4421232
4421233
4421234
4421235
4421236
4421237
4421238
4421239
4421240
4421241
4421242
4421243
4421244
4421245
4421246
4421247
4421248
4421249
4421250
4421251
4421252
4421253
4421254
4421255
4421256
4421257
4421258
4421259
4421260
4421261
4421262
4421263
4421264
4421265
4421266
4421267
4421268
4421269
4421270
4421271
4421272
4421273
4421274
4421275
4421276
4421277
4421278
4421279
4421280
4421281
4421282
4421283
4421284
4421285
4421286
4421287
4421288
4421289
4421290
4421291
4421292
4421293
4421294
4421295
4421296
4421297
4421298
4421299
4421300
4421301
4421302
4421303
4421304
4421305
4421306
4421307
4421308
4421309
4421310
4421311
4421312
4421313
4421314
4421315
4421316
4421317
4421318
4421319
4421320
4421321
4421322
4421323
4421324
4421325
4421326
4421327
4421328
4421329
4421330
4421331
4421332
4421333
4421334
4421335
4421336
4421337
4421338
4421339
4421340
4421341
4421342
4421343
4421344
4421345
4421346
4421347
4421348
4421349
4421350
4421351
4421352
4421353
4421354
4421355
4421356
4421357
4421358
4421359
4421360
4421361
4421362
4421363
4421364
4421365
4421366
4421367
4421368
4421369
4421370
4421371
4421372
4421373
4421374
4421375
4421376
4421377
4421378
4421379
4421380
4421381
4421382
4421383
4421384
4421385
4421386
4421387
4421388
4421389
4421390
4421391
4421392
4421393
4421394
4421395
4421396
4421397
4421398
4421399
4421400
4421401
4421402
4421403
4421404
4421405
4421406
4421407
4421408
4421409
4421410
4421411
4421412
4421413
4421414
4421415
4421416
4421417
4421418
4421419
4421420
4421421
4421422
4421423
4421424
4421425
4421426
4421427
4421428
4421429
4421430
4421431
4421432
4421433
4421434
4421435
4421436
4421437
4421438
4421439
4421440
4421441
4421442
4421443
4421444
4421445
4421446
4421447
4421448
4421449
4421450
4421451
4421452
4421453
4421454
4421455
4421456
4421457
4421458
4421459
4421460
4421461
4421462
4421463
4421464
4421465
4421466
4421467
4421468
4421469
4421470
4421471
4421472
4421473
4421474
4421475
4421476
4421477
4421478
4421479
4421480
4421481
4421482
4421483
4421484
4421485
4421486
4421487
4421488
4421489
4421490
4421491
4421492
4421493
4421494
4421495
4421496
4421497
4421498
4421499
4421500
4421501
4421502
4421503
4421504
4421505
4421506
4421507
4421508
4421509
4421510
4421511
4421512
4421513
4421514
4421515
4421516
4421517
4421518
4421519
4421520
4421521
4421522
4421523
4421524
4421525
4421526
4421527
4421528
4421529
4421530
4421531
4421532
4421533
4421534
4421535
4421536
4421537
4421538
4421539
4421540
4421541
4421542
4421543
4421544
4421545
4421546
4421547
4421548
4421549
4421550
4421551
4421552
4421553
4421554
4421555
4421556
4421557
4421558
4421559
4421560
4421561
4421562
4421563
4421564
4421565
4421566
4421567
4421568
4421569
4421570
4421571
4421572
4421573
4421574
4421575
4421576
4421577
4421578
4421579
4421580
4421581
4421582
4421583
4421584
4421585
4421586
4421587
4421588
4421589
4421590
4421591
4421592
4421593
4421594
4421595
4421596
4421597
4421598
4421599
4421600
4421601
4421602
4421603
4421604
4421605
4421606
4421607
4421608
4421609
4421610
4421611
4421612
4421613
4421614
4421615
4421616
4421617
4421618
4421619
4421620
4421621
4421622
4421623
4421624
4421625
4421626
4421627
4421628
4421629
4421630
4421631
4421632
4421633
4421634
4421635
4421636
4421637
4421638
4421639
4421640
4421641
4421642
4421643
4421644
4421645
4421646
4421647
4421648
4421649
4421650
4421651
4421652
4421653
4421654
4421655
4421656
4421657
4421658
4421659
4421660
4421661
4421662
4421663
4421664
4421665
4421666
4421667
4421668
4421669
4421670
4421671
4421672
4421673
4421674
4421675
4421676
4421677
4421678
4421679
4421680
4421681
4421682
4421683
4421684
4421685
4421686
4421687
4421688
4421689
4421690
4421691
4421692
4421693
4421694
4421695
4421696
4421697
4421698
4421699
4421700
4421701
4421702
4421703
4421704
4421705
4421706
4421707
4421708
4421709
4421710
4421711
4421712
4421713
4421714
4421715
4421716
4421717
4421718
4421719
4421720
4421721
4421722
4421723
4421724
4421725
4421726
4421727
4421728
4421729
4421730
4421731
4421732
4421733
4421734
4421735
4421736
4421737
4421738
4421739
4421740
4421741
4421742
4421743
4421744
4421745
4421746
4421747
4421748
4421749
4421750
4421751
4421752
4421753
4421754
4421755
4421756
4421757
4421758
4421759
4421760
4421761
4421762
4421763
4421764
4421765
4421766
4421767
4421768
4421769
4421770
4421771
4421772
4421773
4421774
4421775
4421776
4421777
4421778
4421779
4421780
4421781
4421782
4421783
4421784
4421785
4421786
4421787
4421788
4421789
4421790
4421791
4421792
4421793
4421794
4421795
4421796
4421797
4421798
4421799
4421800
4421801
4421802
4421803
4421804
4421805
4421806
4421807
4421808
4421809
4421810
4421811
4421812
4421813
4421814
4421815
4421816
4421817
4421818
4421819
4421820
4421821
4421822
4421823
4421824
4421825
4421826
4421827
4421828
4421829
4421830
4421831
4421832
4421833
4421834
4421835
4421836
4421837
4421838
4421839
4421840
4421841
4421842
4421843
4421844
4421845
4421846
4421847
4421848
4421849
4421850
4421851
4421852
4421853
4421854
4421855
4421856
4421857
4421858
4421859
4421860
4421861
4421862
4421863
4421864
4421865
4421866
4421867
4421868
4421869
4421870
4421871
4421872
4421873
4421874
4421875
4421876
4421877
4421878
4421879
4421880
4421881
4421882
4421883
4421884
4421885
4421886
4421887
4421888
4421889
4421890
4421891
4421892
4421893
4421894
4421895
4421896
4421897
4421898
4421899
4421900
4421901
4421902
4421903
4421904
4421905
4421906
4421907
4421908
4421909
4421910
4421911
4421912
4421913
4421914
4421915
4421916
4421917
4421918
4421919
4421920
4421921
4421922
4421923
4421924
4421925
4421926
4421927
4421928
4421929
4421930
4421931
4421932
4421933
4421934
4421935
4421936
4421937
4421938
4421939
4421940
4421941
4421942
4421943
4421944
4421945
4421946
4421947
4421948
4421949
4421950
4421951
4421952
4421953
4421954
4421955
4421956
4421957
4421958
4421959
4421960
4421961
4421962
4421963
4421964
4421965
4421966
4421967
4421968
4421969
4421970
4421971
4421972
4421973
4421974
4421975
4421976
4421977
4421978
4421979
4421980
4421981
4421982
4421983
4421984
4421985
4421986
4421987
4421988
4421989
4421990
4421991
4421992
4421993
4421994
4421995
4421996
4421997
4421998
4421999
4422000
4422001
4422002
4422003
4422004
4422005
4422006
4422007
4422008
4422009
4422010
4422011
4422012
4422013
4422014
4422015
4422016
4422017
4422018
4422019
4422020
4422021
4422022
4422023
4422024
4422025
4422026
4422027
4422028
4422029
4422030
4422031
4422032
4422033
4422034
4422035
4422036
4422037
4422038
4422039
4422040
4422041
4422042
4422043
4422044
4422045
4422046
4422047
4422048
4422049
4422050
4422051
4422052
4422053
4422054
4422055
4422056
4422057
4422058
4422059
4422060
4422061
4422062
4422063
4422064
4422065
4422066
4422067
4422068
4422069
4422070
4422071
4422072
4422073
4422074
4422075
4422076
4422077
4422078
4422079
4422080
4422081
4422082
4422083
4422084
4422085
4422086
4422087
4422088
4422089
4422090
4422091
4422092
4422093
4422094
4422095
4422096
4422097
4422098
4422099
4422100
4422101
4422102
4422103
4422104
4422105
4422106
4422107
4422108
4422109
4422110
4422111
4422112
4422113
4422114
4422115
4422116
4422117
4422118
4422119
4422120
4422121
4422122
4422123
4422124
4422125
4422126
4422127
4422128
4422129
4422130
4422131
4422132
4422133
4422134
4422135
4422136
4422137
4422138
4422139
4422140
4422141
4422142
4422143
4422144
4422145
4422146
4422147
4422148
4422149
4422150
4422151
4422152
4422153
4422154
4422155
4422156
4422157
4422158
4422159
4422160
4422161
4422162
4422163
4422164
4422165
4422166
4422167
4422168
4422169
4422170
4422171
4422172
4422173
4422174
4422175
4422176
4422177
4422178
4422179
4422180
4422181
4422182
4422183
4422184
4422185
4422186
4422187
4422188
4422189
4422190
4422191
4422192
4422193
4422194
4422195
4422196
4422197
4422198
4422199
4422200
4422201
4422202
4422203
4422204
4422205
4422206
4422207
4422208
4422209
4422210
4422211
4422212
4422213
4422214
4422215
4422216
4422217
4422218
4422219
4422220
4422221
4422222
4422223
4422224
4422225
4422226
4422227
4422228
4422229
4422230
4422231
4422232
4422233
4422234
4422235
4422236
4422237
4422238
4422239
4422240
4422241
4422242
4422243
4422244
4422245
4422246
4422247
4422248
4422249
4422250
4422251
4422252
4422253
4422254
4422255
4422256
4422257
4422258
4422259
4422260
4422261
4422262
4422263
4422264
4422265
4422266
4422267
4422268
4422269
4422270
4422271
4422272
4422273
4422274
4422275
4422276
4422277
4422278
4422279
4422280
4422281
4422282
4422283
4422284
4422285
4422286
4422287
4422288
4422289
4422290
4422291
4422292
4422293
4422294
4422295
4422296
4422297
4422298
4422299
4422300
4422301
4422302
4422303
4422304
4422305
4422306
4422307
4422308
4422309
4422310
4422311
4422312
4422313
4422314
4422315
4422316
4422317
4422318
4422319
4422320
4422321
4422322
4422323
4422324
4422325
4422326
4422327
4422328
4422329
4422330
4422331
4422332
4422333
4422334
4422335
4422336
4422337
4422338
4422339
4422340
4422341
4422342
4422343
4422344
4422345
4422346
4422347
4422348
4422349
4422350
4422351
4422352
4422353
4422354
4422355
4422356
4422357
4422358
4422359
4422360
4422361
4422362
4422363
4422364
4422365
4422366
4422367
4422368
4422369
4422370
4422371
4422372
4422373
4422374
4422375
4422376
4422377
4422378
4422379
4422380
4422381
4422382
4422383
4422384
4422385
4422386
4422387
4422388
4422389
4422390
4422391
4422392
4422393
4422394
4422395
4422396
4422397
4422398
4422399
4422400
4422401
4422402
4422403
4422404
4422405
4422406
4422407
4422408
4422409
4422410
4422411
4422412
4422413
4422414
4422415
4422416
4422417
4422418
4422419
4422420
4422421
4422422
4422423
4422424
4422425
4422426
4422427
4422428
4422429
4422430
4422431
4422432
4422433
4422434
4422435
4422436
4422437
4422438
4422439
4422440
4422441
4422442
4422443
4422444
4422445
4422446
4422447
4422448
4422449
4422450
4422451
4422452
4422453
4422454
4422455
4422456
4422457
4422458
4422459
4422460
4422461
4422462
4422463
4422464
4422465
4422466
4422467
4422468
4422469
4422470
4422471
4422472
4422473
4422474
4422475
4422476
4422477
4422478
4422479
4422480
4422481
4422482
4422483
4422484
4422485
4422486
4422487
4422488
4422489
4422490
4422491
4422492
4422493
4422494
4422495
4422496
4422497
4422498
4422499
4422500
4422501
4422502
4422503
4422504
4422505
4422506
4422507
4422508
4422509
4422510
4422511
4422512
4422513
4422514
4422515
4422516
4422517
4422518
4422519
4422520
4422521
4422522
4422523
4422524
4422525
4422526
4422527
4422528
4422529
4422530
4422531
4422532
4422533
4422534
4422535
4422536
4422537
4422538
4422539
4422540
4422541
4422542
4422543
4422544
4422545
4422546
4422547
4422548
4422549
4422550
4422551
4422552
4422553
4422554
4422555
4422556
4422557
4422558
4422559
4422560
4422561
4422562
4422563
4422564
4422565
4422566
4422567
4422568
4422569
4422570
4422571
4422572
4422573
4422574
4422575
4422576
4422577
4422578
4422579
4422580
4422581
4422582
4422583
4422584
4422585
4422586
4422587
4422588
4422589
4422590
4422591
4422592
4422593
4422594
4422595
4422596
4422597
4422598
4422599
4422600
4422601
4422602
4422603
4422604
4422605
4422606
4422607
4422608
4422609
4422610
4422611
4422612
4422613
4422614
4422615
4422616
4422617
4422618
4422619
4422620
4422621
4422622
4422623
4422624
4422625
4422626
4422627
4422628
4422629
4422630
4422631
4422632
4422633
4422634
4422635
4422636
4422637
4422638
4422639
4422640
4422641
4422642
4422643
4422644
4422645
4422646
4422647
4422648
4422649
4422650
4422651
4422652
4422653
4422654
4422655
4422656
4422657
4422658
4422659
4422660
4422661
4422662
4422663
4422664
4422665
4422666
4422667
4422668
4422669
4422670
4422671
4422672
4422673
4422674
4422675
4422676
4422677
4422678
4422679
4422680
4422681
4422682
4422683
4422684
4422685
4422686
4422687
4422688
4422689
4422690
4422691
4422692
4422693
4422694
4422695
4422696
4422697
4422698
4422699
4422700
4422701
4422702
4422703
4422704
4422705
4422706
4422707
4422708
4422709
4422710
4422711
4422712
4422713
4422714
4422715
4422716
4422717
4422718
4422719
4422720
4422721
4422722
4422723
4422724
4422725
4422726
4422727
4422728
4422729
4422730
4422731
4422732
4422733
4422734
4422735
4422736
4422737
4422738
4422739
4422740
4422741
4422742
4422743
4422744
4422745
4422746
4422747
4422748
4422749
4422750
4422751
4422752
4422753
4422754
4422755
4422756
4422757
4422758
4422759
4422760
4422761
4422762
4422763
4422764
4422765
4422766
4422767
4422768
4422769
4422770
4422771
4422772
4422773
4422774
4422775
4422776
4422777
4422778
4422779
4422780
4422781
4422782
4422783
4422784
4422785
4422786
4422787
4422788
4422789
4422790
4422791
4422792
4422793
4422794
4422795
4422796
4422797
4422798
4422799
4422800
4422801
4422802
4422803
4422804
4422805
4422806
4422807
4422808
4422809
4422810
4422811
4422812
4422813
4422814
4422815
4422816
4422817
4422818
4422819
4422820
4422821
4422822
4422823
4422824
4422825
4422826
4422827
4422828
4422829
4422830
4422831
4422832
4422833
4422834
4422835
4422836
4422837
4422838
4422839
4422840
4422841
4422842
4422843
4422844
4422845
4422846
4422847
4422848
4422849
4422850
4422851
4422852
4422853
4422854
4422855
4422856
4422857
4422858
4422859
4422860
4422861
4422862
4422863
4422864
4422865
4422866
4422867
4422868
4422869
4422870
4422871
4422872
4422873
4422874
4422875
4422876
4422877
4422878
4422879
4422880
4422881
4422882
4422883
4422884
4422885
4422886
4422887
4422888
4422889
4422890
4422891
4422892
4422893
4422894
4422895
4422896
4422897
4422898
4422899
4422900
4422901
4422902
4422903
4422904
4422905
4422906
4422907
4422908
4422909
4422910
4422911
4422912
4422913
4422914
4422915
4422916
4422917
4422918
4422919
4422920
4422921
4422922
4422923
4422924
4422925
4422926
4422927
4422928
4422929
4422930
4422931
4422932
4422933
4422934
4422935
4422936
4422937
4422938
4422939
4422940
4422941
4422942
4422943
4422944
4422945
4422946
4422947
4422948
4422949
4422950
4422951
4422952
4422953
4422954
4422955
4422956
4422957
4422958
4422959
4422960
4422961
4422962
4422963
4422964
4422965
4422966
4422967
4422968
4422969
4422970
4422971
4422972
4422973
4422974
4422975
4422976
4422977
4422978
4422979
4422980
4422981
4422982
4422983
4422984
4422985
4422986
4422987
4422988
4422989
4422990
4422991
4422992
4422993
4422994
4422995
4422996
4422997
4422998
4422999
4423000
4423001
4423002
4423003
4423004
4423005
4423006
4423007
4423008
4423009
4423010
4423011
4423012
4423013
4423014
4423015
4423016
4423017
4423018
4423019
4423020
4423021
4423022
4423023
4423024
4423025
4423026
4423027
4423028
4423029
4423030
4423031
4423032
4423033
4423034
4423035
4423036
4423037
4423038
4423039
4423040
4423041
4423042
4423043
4423044
4423045
4423046
4423047
4423048
4423049
4423050
4423051
4423052
4423053
4423054
4423055
4423056
4423057
4423058
4423059
4423060
4423061
4423062
4423063
4423064
4423065
4423066
4423067
4423068
4423069
4423070
4423071
4423072
4423073
4423074
4423075
4423076
4423077
4423078
4423079
4423080
4423081
4423082
4423083
4423084
4423085
4423086
4423087
4423088
4423089
4423090
4423091
4423092
4423093
4423094
4423095
4423096
4423097
4423098
4423099
4423100
4423101
4423102
4423103
4423104
4423105
4423106
4423107
4423108
4423109
4423110
4423111
4423112
4423113
4423114
4423115
4423116
4423117
4423118
4423119
4423120
4423121
4423122
4423123
4423124
4423125
4423126
4423127
4423128
4423129
4423130
4423131
4423132
4423133
4423134
4423135
4423136
4423137
4423138
4423139
4423140
4423141
4423142
4423143
4423144
4423145
4423146
4423147
4423148
4423149
4423150
4423151
4423152
4423153
4423154
4423155
4423156
4423157
4423158
4423159
4423160
4423161
4423162
4423163
4423164
4423165
4423166
4423167
4423168
4423169
4423170
4423171
4423172
4423173
4423174
4423175
4423176
4423177
4423178
4423179
4423180
4423181
4423182
4423183
4423184
4423185
4423186
4423187
4423188
4423189
4423190
4423191
4423192
4423193
4423194
4423195
4423196
4423197
4423198
4423199
4423200
4423201
4423202
4423203
4423204
4423205
4423206
4423207
4423208
4423209
4423210
4423211
4423212
4423213
4423214
4423215
4423216
4423217
4423218
4423219
4423220
4423221
4423222
4423223
4423224
4423225
4423226
4423227
4423228
4423229
4423230
4423231
4423232
4423233
4423234
4423235
4423236
4423237
4423238
4423239
4423240
4423241
4423242
4423243
4423244
4423245
4423246
4423247
4423248
4423249
4423250
4423251
4423252
4423253
4423254
4423255
4423256
4423257
4423258
4423259
4423260
4423261
4423262
4423263
4423264
4423265
4423266
4423267
4423268
4423269
4423270
4423271
4423272
4423273
4423274
4423275
4423276
4423277
4423278
4423279
4423280
4423281
4423282
4423283
4423284
4423285
4423286
4423287
4423288
4423289
4423290
4423291
4423292
4423293
4423294
4423295
4423296
4423297
4423298
4423299
4423300
4423301
4423302
4423303
4423304
4423305
4423306
4423307
4423308
4423309
4423310
4423311
4423312
4423313
4423314
4423315
4423316
4423317
4423318
4423319
4423320
4423321
4423322
4423323
4423324
4423325
4423326
4423327
4423328
4423329
4423330
4423331
4423332
4423333
4423334
4423335
4423336
4423337
4423338
4423339
4423340
4423341
4423342
4423343
4423344
4423345
4423346
4423347
4423348
4423349
4423350
4423351
4423352
4423353
4423354
4423355
4423356
4423357
4423358
4423359
4423360
4423361
4423362
4423363
4423364
4423365
4423366
4423367
4423368
4423369
4423370
4423371
4423372
4423373
4423374
4423375
4423376
4423377
4423378
4423379
4423380
4423381
4423382
4423383
4423384
4423385
4423386
4423387
4423388
4423389
4423390
4423391
4423392
4423393
4423394
4423395
4423396
4423397
4423398
4423399
4423400
4423401
4423402
4423403
4423404
4423405
4423406
4423407
4423408
4423409
4423410
4423411
4423412
4423413
4423414
4423415
4423416
4423417
4423418
4423419
4423420
4423421
4423422
4423423
4423424
4423425
4423426
4423427
4423428
4423429
4423430
4423431
4423432
4423433
4423434
4423435
4423436
4423437
4423438
4423439
4423440
4423441
4423442
4423443
4423444
4423445
4423446
4423447
4423448
4423449
4423450
4423451
4423452
4423453
4423454
4423455
4423456
4423457
4423458
4423459
4423460
4423461
4423462
4423463
4423464
4423465
4423466
4423467
4423468
4423469
4423470
4423471
4423472
4423473
4423474
4423475
4423476
4423477
4423478
4423479
4423480
4423481
4423482
4423483
4423484
4423485
4423486
4423487
4423488
4423489
4423490
4423491
4423492
4423493
4423494
4423495
4423496
4423497
4423498
4423499
4423500
4423501
4423502
4423503
4423504
4423505
4423506
4423507
4423508
4423509
4423510
4423511
4423512
4423513
4423514
4423515
4423516
4423517
4423518
4423519
4423520
4423521
4423522
4423523
4423524
4423525
4423526
4423527
4423528
4423529
4423530
4423531
4423532
4423533
4423534
4423535
4423536
4423537
4423538
4423539
4423540
4423541
4423542
4423543
4423544
4423545
4423546
4423547
4423548
4423549
4423550
4423551
4423552
4423553
4423554
4423555
4423556
4423557
4423558
4423559
4423560
4423561
4423562
4423563
4423564
4423565
4423566
4423567
4423568
4423569
4423570
4423571
4423572
4423573
4423574
4423575
4423576
4423577
4423578
4423579
4423580
4423581
4423582
4423583
4423584
4423585
4423586
4423587
4423588
4423589
4423590
4423591
4423592
4423593
4423594
4423595
4423596
4423597
4423598
4423599
4423600
4423601
4423602
4423603
4423604
4423605
4423606
4423607
4423608
4423609
4423610
4423611
4423612
4423613
4423614
4423615
4423616
4423617
4423618
4423619
4423620
4423621
4423622
4423623
4423624
4423625
4423626
4423627
4423628
4423629
4423630
4423631
4423632
4423633
4423634
4423635
4423636
4423637
4423638
4423639
4423640
4423641
4423642
4423643
4423644
4423645
4423646
4423647
4423648
4423649
4423650
4423651
4423652
4423653
4423654
4423655
4423656
4423657
4423658
4423659
4423660
4423661
4423662
4423663
4423664
4423665
4423666
4423667
4423668
4423669
4423670
4423671
4423672
4423673
4423674
4423675
4423676
4423677
4423678
4423679
4423680
4423681
4423682
4423683
4423684
4423685
4423686
4423687
4423688
4423689
4423690
4423691
4423692
4423693
4423694
4423695
4423696
4423697
4423698
4423699
4423700
4423701
4423702
4423703
4423704
4423705
4423706
4423707
4423708
4423709
4423710
4423711
4423712
4423713
4423714
4423715
4423716
4423717
4423718
4423719
4423720
4423721
4423722
4423723
4423724
4423725
4423726
4423727
4423728
4423729
4423730
4423731
4423732
4423733
4423734
4423735
4423736
4423737
4423738
4423739
4423740
4423741
4423742
4423743
4423744
4423745
4423746
4423747
4423748
4423749
4423750
4423751
4423752
4423753
4423754
4423755
4423756
4423757
4423758
4423759
4423760
4423761
4423762
4423763
4423764
4423765
4423766
4423767
4423768
4423769
4423770
4423771
4423772
4423773
4423774
4423775
4423776
4423777
4423778
4423779
4423780
4423781
4423782
4423783
4423784
4423785
4423786
4423787
4423788
4423789
4423790
4423791
4423792
4423793
4423794
4423795
4423796
4423797
4423798
4423799
4423800
4423801
4423802
4423803
4423804
4423805
4423806
4423807
4423808
4423809
4423810
4423811
4423812
4423813
4423814
4423815
4423816
4423817
4423818
4423819
4423820
4423821
4423822
4423823
4423824
4423825
4423826
4423827
4423828
4423829
4423830
4423831
4423832
4423833
4423834
4423835
4423836
4423837
4423838
4423839
4423840
4423841
4423842
4423843
4423844
4423845
4423846
4423847
4423848
4423849
4423850
4423851
4423852
4423853
4423854
4423855
4423856
4423857
4423858
4423859
4423860
4423861
4423862
4423863
4423864
4423865
4423866
4423867
4423868
4423869
4423870
4423871
4423872
4423873
4423874
4423875
4423876
4423877
4423878
4423879
4423880
4423881
4423882
4423883
4423884
4423885
4423886
4423887
4423888
4423889
4423890
4423891
4423892
4423893
4423894
4423895
4423896
4423897
4423898
4423899
4423900
4423901
4423902
4423903
4423904
4423905
4423906
4423907
4423908
4423909
4423910
4423911
4423912
4423913
4423914
4423915
4423916
4423917
4423918
4423919
4423920
4423921
4423922
4423923
4423924
4423925
4423926
4423927
4423928
4423929
4423930
4423931
4423932
4423933
4423934
4423935
4423936
4423937
4423938
4423939
4423940
4423941
4423942
4423943
4423944
4423945
4423946
4423947
4423948
4423949
4423950
4423951
4423952
4423953
4423954
4423955
4423956
4423957
4423958
4423959
4423960
4423961
4423962
4423963
4423964
4423965
4423966
4423967
4423968
4423969
4423970
4423971
4423972
4423973
4423974
4423975
4423976
4423977
4423978
4423979
4423980
4423981
4423982
4423983
4423984
4423985
4423986
4423987
4423988
4423989
4423990
4423991
4423992
4423993
4423994
4423995
4423996
4423997
4423998
4423999
4424000
4424001
4424002
4424003
4424004
4424005
4424006
4424007
4424008
4424009
4424010
4424011
4424012
4424013
4424014
4424015
4424016
4424017
4424018
4424019
4424020
4424021
4424022
4424023
4424024
4424025
4424026
4424027
4424028
4424029
4424030
4424031
4424032
4424033
4424034
4424035
4424036
4424037
4424038
4424039
4424040
4424041
4424042
4424043
4424044
4424045
4424046
4424047
4424048
4424049
4424050
4424051
4424052
4424053
4424054
4424055
4424056
4424057
4424058
4424059
4424060
4424061
4424062
4424063
4424064
4424065
4424066
4424067
4424068
4424069
4424070
4424071
4424072
4424073
4424074
4424075
4424076
4424077
4424078
4424079
4424080
4424081
4424082
4424083
4424084
4424085
4424086
4424087
4424088
4424089
4424090
4424091
4424092
4424093
4424094
4424095
4424096
4424097
4424098
4424099
4424100
4424101
4424102
4424103
4424104
4424105
4424106
4424107
4424108
4424109
4424110
4424111
4424112
4424113
4424114
4424115
4424116
4424117
4424118
4424119
4424120
4424121
4424122
4424123
4424124
4424125
4424126
4424127
4424128
4424129
4424130
4424131
4424132
4424133
4424134
4424135
4424136
4424137
4424138
4424139
4424140
4424141
4424142
4424143
4424144
4424145
4424146
4424147
4424148
4424149
4424150
4424151
4424152
4424153
4424154
4424155
4424156
4424157
4424158
4424159
4424160
4424161
4424162
4424163
4424164
4424165
4424166
4424167
4424168
4424169
4424170
4424171
4424172
4424173
4424174
4424175
4424176
4424177
4424178
4424179
4424180
4424181
4424182
4424183
4424184
4424185
4424186
4424187
4424188
4424189
4424190
4424191
4424192
4424193
4424194
4424195
4424196
4424197
4424198
4424199
4424200
4424201
4424202
4424203
4424204
4424205
4424206
4424207
4424208
4424209
4424210
4424211
4424212
4424213
4424214
4424215
4424216
4424217
4424218
4424219
4424220
4424221
4424222
4424223
4424224
4424225
4424226
4424227
4424228
4424229
4424230
4424231
4424232
4424233
4424234
4424235
4424236
4424237
4424238
4424239
4424240
4424241
4424242
4424243
4424244
4424245
4424246
4424247
4424248
4424249
4424250
4424251
4424252
4424253
4424254
4424255
4424256
4424257
4424258
4424259
4424260
4424261
4424262
4424263
4424264
4424265
4424266
4424267
4424268
4424269
4424270
4424271
4424272
4424273
4424274
4424275
4424276
4424277
4424278
4424279
4424280
4424281
4424282
4424283
4424284
4424285
4424286
4424287
4424288
4424289
4424290
4424291
4424292
4424293
4424294
4424295
4424296
4424297
4424298
4424299
4424300
4424301
4424302
4424303
4424304
4424305
4424306
4424307
4424308
4424309
4424310
4424311
4424312
4424313
4424314
4424315
4424316
4424317
4424318
4424319
4424320
4424321
4424322
4424323
4424324
4424325
4424326
4424327
4424328
4424329
4424330
4424331
4424332
4424333
4424334
4424335
4424336
4424337
4424338
4424339
4424340
4424341
4424342
4424343
4424344
4424345
4424346
4424347
4424348
4424349
4424350
4424351
4424352
4424353
4424354
4424355
4424356
4424357
4424358
4424359
4424360
4424361
4424362
4424363
4424364
4424365
4424366
4424367
4424368
4424369
4424370
4424371
4424372
4424373
4424374
4424375
4424376
4424377
4424378
4424379
4424380
4424381
4424382
4424383
4424384
4424385
4424386
4424387
4424388
4424389
4424390
4424391
4424392
4424393
4424394
4424395
4424396
4424397
4424398
4424399
4424400
4424401
4424402
4424403
4424404
4424405
4424406
4424407
4424408
4424409
4424410
4424411
4424412
4424413
4424414
4424415
4424416
4424417
4424418
4424419
4424420
4424421
4424422
4424423
4424424
4424425
4424426
4424427
4424428
4424429
4424430
4424431
4424432
4424433
4424434
4424435
4424436
4424437
4424438
4424439
4424440
4424441
4424442
4424443
4424444
4424445
4424446
4424447
4424448
4424449
4424450
4424451
4424452
4424453
4424454
4424455
4424456
4424457
4424458
4424459
4424460
4424461
4424462
4424463
4424464
4424465
4424466
4424467
4424468
4424469
4424470
4424471
4424472
4424473
4424474
4424475
4424476
4424477
4424478
4424479
4424480
4424481
4424482
4424483
4424484
4424485
4424486
4424487
4424488
4424489
4424490
4424491
4424492
4424493
4424494
4424495
4424496
4424497
4424498
4424499
4424500
4424501
4424502
4424503
4424504
4424505
4424506
4424507
4424508
4424509
4424510
4424511
4424512
4424513
4424514
4424515
4424516
4424517
4424518
4424519
4424520
4424521
4424522
4424523
4424524
4424525
4424526
4424527
4424528
4424529
4424530
4424531
4424532
4424533
4424534
4424535
4424536
4424537
4424538
4424539
4424540
4424541
4424542
4424543
4424544
4424545
4424546
4424547
4424548
4424549
4424550
4424551
4424552
4424553
4424554
4424555
4424556
4424557
4424558
4424559
4424560
4424561
4424562
4424563
4424564
4424565
4424566
4424567
4424568
4424569
4424570
4424571
4424572
4424573
4424574
4424575
4424576
4424577
4424578
4424579
4424580
4424581
4424582
4424583
4424584
4424585
4424586
4424587
4424588
4424589
4424590
4424591
4424592
4424593
4424594
4424595
4424596
4424597
4424598
4424599
4424600
4424601
4424602
4424603
4424604
4424605
4424606
4424607
4424608
4424609
4424610
4424611
4424612
4424613
4424614
4424615
4424616
4424617
4424618
4424619
4424620
4424621
4424622
4424623
4424624
4424625
4424626
4424627
4424628
4424629
4424630
4424631
4424632
4424633
4424634
4424635
4424636
4424637
4424638
4424639
4424640
4424641
4424642
4424643
4424644
4424645
4424646
4424647
4424648
4424649
4424650
4424651
4424652
4424653
4424654
4424655
4424656
4424657
4424658
4424659
4424660
4424661
4424662
4424663
4424664
4424665
4424666
4424667
4424668
4424669
4424670
4424671
4424672
4424673
4424674
4424675
4424676
4424677
4424678
4424679
4424680
4424681
4424682
4424683
4424684
4424685
4424686
4424687
4424688
4424689
4424690
4424691
4424692
4424693
4424694
4424695
4424696
4424697
4424698
4424699
4424700
4424701
4424702
4424703
4424704
4424705
4424706
4424707
4424708
4424709
4424710
4424711
4424712
4424713
4424714
4424715
4424716
4424717
4424718
4424719
4424720
4424721
4424722
4424723
4424724
4424725
4424726
4424727
4424728
4424729
4424730
4424731
4424732
4424733
4424734
4424735
4424736
4424737
4424738
4424739
4424740
4424741
4424742
4424743
4424744
4424745
4424746
4424747
4424748
4424749
4424750
4424751
4424752
4424753
4424754
4424755
4424756
4424757
4424758
4424759
4424760
4424761
4424762
4424763
4424764
4424765
4424766
4424767
4424768
4424769
4424770
4424771
4424772
4424773
4424774
4424775
4424776
4424777
4424778
4424779
4424780
4424781
4424782
4424783
4424784
4424785
4424786
4424787
4424788
4424789
4424790
4424791
4424792
4424793
4424794
4424795
4424796
4424797
4424798
4424799
4424800
4424801
4424802
4424803
4424804
4424805
4424806
4424807
4424808
4424809
4424810
4424811
4424812
4424813
4424814
4424815
4424816
4424817
4424818
4424819
4424820
4424821
4424822
4424823
4424824
4424825
4424826
4424827
4424828
4424829
4424830
4424831
4424832
4424833
4424834
4424835
4424836
4424837
4424838
4424839
4424840
4424841
4424842
4424843
4424844
4424845
4424846
4424847
4424848
4424849
4424850
4424851
4424852
4424853
4424854
4424855
4424856
4424857
4424858
4424859
4424860
4424861
4424862
4424863
4424864
4424865
4424866
4424867
4424868
4424869
4424870
4424871
4424872
4424873
4424874
4424875
4424876
4424877
4424878
4424879
4424880
4424881
4424882
4424883
4424884
4424885
4424886
4424887
4424888
4424889
4424890
4424891
4424892
4424893
4424894
4424895
4424896
4424897
4424898
4424899
4424900
4424901
4424902
4424903
4424904
4424905
4424906
4424907
4424908
4424909
4424910
4424911
4424912
4424913
4424914
4424915
4424916
4424917
4424918
4424919
4424920
4424921
4424922
4424923
4424924
4424925
4424926
4424927
4424928
4424929
4424930
4424931
4424932
4424933
4424934
4424935
4424936
4424937
4424938
4424939
4424940
4424941
4424942
4424943
4424944
4424945
4424946
4424947
4424948
4424949
4424950
4424951
4424952
4424953
4424954
4424955
4424956
4424957
4424958
4424959
4424960
4424961
4424962
4424963
4424964
4424965
4424966
4424967
4424968
4424969
4424970
4424971
4424972
4424973
4424974
4424975
4424976
4424977
4424978
4424979
4424980
4424981
4424982
4424983
4424984
4424985
4424986
4424987
4424988
4424989
4424990
4424991
4424992
4424993
4424994
4424995
4424996
4424997
4424998
4424999
4425000
4425001
4425002
4425003
4425004
4425005
4425006
4425007
4425008
4425009
4425010
4425011
4425012
4425013
4425014
4425015
4425016
4425017
4425018
4425019
4425020
4425021
4425022
4425023
4425024
4425025
4425026
4425027
4425028
4425029
4425030
4425031
4425032
4425033
4425034
4425035
4425036
4425037
4425038
4425039
4425040
4425041
4425042
4425043
4425044
4425045
4425046
4425047
4425048
4425049
4425050
4425051
4425052
4425053
4425054
4425055
4425056
4425057
4425058
4425059
4425060
4425061
4425062
4425063
4425064
4425065
4425066
4425067
4425068
4425069
4425070
4425071
4425072
4425073
4425074
4425075
4425076
4425077
4425078
4425079
4425080
4425081
4425082
4425083
4425084
4425085
4425086
4425087
4425088
4425089
4425090
4425091
4425092
4425093
4425094
4425095
4425096
4425097
4425098
4425099
4425100
4425101
4425102
4425103
4425104
4425105
4425106
4425107
4425108
4425109
4425110
4425111
4425112
4425113
4425114
4425115
4425116
4425117
4425118
4425119
4425120
4425121
4425122
4425123
4425124
4425125
4425126
4425127
4425128
4425129
4425130
4425131
4425132
4425133
4425134
4425135
4425136
4425137
4425138
4425139
4425140
4425141
4425142
4425143
4425144
4425145
4425146
4425147
4425148
4425149
4425150
4425151
4425152
4425153
4425154
4425155
4425156
4425157
4425158
4425159
4425160
4425161
4425162
4425163
4425164
4425165
4425166
4425167
4425168
4425169
4425170
4425171
4425172
4425173
4425174
4425175
4425176
4425177
4425178
4425179
4425180
4425181
4425182
4425183
4425184
4425185
4425186
4425187
4425188
4425189
4425190
4425191
4425192
4425193
4425194
4425195
4425196
4425197
4425198
4425199
4425200
4425201
4425202
4425203
4425204
4425205
4425206
4425207
4425208
4425209
4425210
4425211
4425212
4425213
4425214
4425215
4425216
4425217
4425218
4425219
4425220
4425221
4425222
4425223
4425224
4425225
4425226
4425227
4425228
4425229
4425230
4425231
4425232
4425233
4425234
4425235
4425236
4425237
4425238
4425239
4425240
4425241
4425242
4425243
4425244
4425245
4425246
4425247
4425248
4425249
4425250
4425251
4425252
4425253
4425254
4425255
4425256
4425257
4425258
4425259
4425260
4425261
4425262
4425263
4425264
4425265
4425266
4425267
4425268
4425269
4425270
4425271
4425272
4425273
4425274
4425275
4425276
4425277
4425278
4425279
4425280
4425281
4425282
4425283
4425284
4425285
4425286
4425287
4425288
4425289
4425290
4425291
4425292
4425293
4425294
4425295
4425296
4425297
4425298
4425299
4425300
4425301
4425302
4425303
4425304
4425305
4425306
4425307
4425308
4425309
4425310
4425311
4425312
4425313
4425314
4425315
4425316
4425317
4425318
4425319
4425320
4425321
4425322
4425323
4425324
4425325
4425326
4425327
4425328
4425329
4425330
4425331
4425332
4425333
4425334
4425335
4425336
4425337
4425338
4425339
4425340
4425341
4425342
4425343
4425344
4425345
4425346
4425347
4425348
4425349
4425350
4425351
4425352
4425353
4425354
4425355
4425356
4425357
4425358
4425359
4425360
4425361
4425362
4425363
4425364
4425365
4425366
4425367
4425368
4425369
4425370
4425371
4425372
4425373
4425374
4425375
4425376
4425377
4425378
4425379
4425380
4425381
4425382
4425383
4425384
4425385
4425386
4425387
4425388
4425389
4425390
4425391
4425392
4425393
4425394
4425395
4425396
4425397
4425398
4425399
4425400
4425401
4425402
4425403
4425404
4425405
4425406
4425407
4425408
4425409
4425410
4425411
4425412
4425413
4425414
4425415
4425416
4425417
4425418
4425419
4425420
4425421
4425422
4425423
4425424
4425425
4425426
4425427
4425428
4425429
4425430
4425431
4425432
4425433
4425434
4425435
4425436
4425437
4425438
4425439
4425440
4425441
4425442
4425443
4425444
4425445
4425446
4425447
4425448
4425449
4425450
4425451
4425452
4425453
4425454
4425455
4425456
4425457
4425458
4425459
4425460
4425461
4425462
4425463
4425464
4425465
4425466
4425467
4425468
4425469
4425470
4425471
4425472
4425473
4425474
4425475
4425476
4425477
4425478
4425479
4425480
4425481
4425482
4425483
4425484
4425485
4425486
4425487
4425488
4425489
4425490
4425491
4425492
4425493
4425494
4425495
4425496
4425497
4425498
4425499
4425500
4425501
4425502
4425503
4425504
4425505
4425506
4425507
4425508
4425509
4425510
4425511
4425512
4425513
4425514
4425515
4425516
4425517
4425518
4425519
4425520
4425521
4425522
4425523
4425524
4425525
4425526
4425527
4425528
4425529
4425530
4425531
4425532
4425533
4425534
4425535
4425536
4425537
4425538
4425539
4425540
4425541
4425542
4425543
4425544
4425545
4425546
4425547
4425548
4425549
4425550
4425551
4425552
4425553
4425554
4425555
4425556
4425557
4425558
4425559
4425560
4425561
4425562
4425563
4425564
4425565
4425566
4425567
4425568
4425569
4425570
4425571
4425572
4425573
4425574
4425575
4425576
4425577
4425578
4425579
4425580
4425581
4425582
4425583
4425584
4425585
4425586
4425587
4425588
4425589
4425590
4425591
4425592
4425593
4425594
4425595
4425596
4425597
4425598
4425599
4425600
4425601
4425602
4425603
4425604
4425605
4425606
4425607
4425608
4425609
4425610
4425611
4425612
4425613
4425614
4425615
4425616
4425617
4425618
4425619
4425620
4425621
4425622
4425623
4425624
4425625
4425626
4425627
4425628
4425629
4425630
4425631
4425632
4425633
4425634
4425635
4425636
4425637
4425638
4425639
4425640
4425641
4425642
4425643
4425644
4425645
4425646
4425647
4425648
4425649
4425650
4425651
4425652
4425653
4425654
4425655
4425656
4425657
4425658
4425659
4425660
4425661
4425662
4425663
4425664
4425665
4425666
4425667
4425668
4425669
4425670
4425671
4425672
4425673
4425674
4425675
4425676
4425677
4425678
4425679
4425680
4425681
4425682
4425683
4425684
4425685
4425686
4425687
4425688
4425689
4425690
4425691
4425692
4425693
4425694
4425695
4425696
4425697
4425698
4425699
4425700
4425701
4425702
4425703
4425704
4425705
4425706
4425707
4425708
4425709
4425710
4425711
4425712
4425713
4425714
4425715
4425716
4425717
4425718
4425719
4425720
4425721
4425722
4425723
4425724
4425725
4425726
4425727
4425728
4425729
4425730
4425731
4425732
4425733
4425734
4425735
4425736
4425737
4425738
4425739
4425740
4425741
4425742
4425743
4425744
4425745
4425746
4425747
4425748
4425749
4425750
4425751
4425752
4425753
4425754
4425755
4425756
4425757
4425758
4425759
4425760
4425761
4425762
4425763
4425764
4425765
4425766
4425767
4425768
4425769
4425770
4425771
4425772
4425773
4425774
4425775
4425776
4425777
4425778
4425779
4425780
4425781
4425782
4425783
4425784
4425785
4425786
4425787
4425788
4425789
4425790
4425791
4425792
4425793
4425794
4425795
4425796
4425797
4425798
4425799
4425800
4425801
4425802
4425803
4425804
4425805
4425806
4425807
4425808
4425809
4425810
4425811
4425812
4425813
4425814
4425815
4425816
4425817
4425818
4425819
4425820
4425821
4425822
4425823
4425824
4425825
4425826
4425827
4425828
4425829
4425830
4425831
4425832
4425833
4425834
4425835
4425836
4425837
4425838
4425839
4425840
4425841
4425842
4425843
4425844
4425845
4425846
4425847
4425848
4425849
4425850
4425851
4425852
4425853
4425854
4425855
4425856
4425857
4425858
4425859
4425860
4425861
4425862
4425863
4425864
4425865
4425866
4425867
4425868
4425869
4425870
4425871
4425872
4425873
4425874
4425875
4425876
4425877
4425878
4425879
4425880
4425881
4425882
4425883
4425884
4425885
4425886
4425887
4425888
4425889
4425890
4425891
4425892
4425893
4425894
4425895
4425896
4425897
4425898
4425899
4425900
4425901
4425902
4425903
4425904
4425905
4425906
4425907
4425908
4425909
4425910
4425911
4425912
4425913
4425914
4425915
4425916
4425917
4425918
4425919
4425920
4425921
4425922
4425923
4425924
4425925
4425926
4425927
4425928
4425929
4425930
4425931
4425932
4425933
4425934
4425935
4425936
4425937
4425938
4425939
4425940
4425941
4425942
4425943
4425944
4425945
4425946
4425947
4425948
4425949
4425950
4425951
4425952
4425953
4425954
4425955
4425956
4425957
4425958
4425959
4425960
4425961
4425962
4425963
4425964
4425965
4425966
4425967
4425968
4425969
4425970
4425971
4425972
4425973
4425974
4425975
4425976
4425977
4425978
4425979
4425980
4425981
4425982
4425983
4425984
4425985
4425986
4425987
4425988
4425989
4425990
4425991
4425992
4425993
4425994
4425995
4425996
4425997
4425998
4425999
4426000
4426001
4426002
4426003
4426004
4426005
4426006
4426007
4426008
4426009
4426010
4426011
4426012
4426013
4426014
4426015
4426016
4426017
4426018
4426019
4426020
4426021
4426022
4426023
4426024
4426025
4426026
4426027
4426028
4426029
4426030
4426031
4426032
4426033
4426034
4426035
4426036
4426037
4426038
4426039
4426040
4426041
4426042
4426043
4426044
4426045
4426046
4426047
4426048
4426049
4426050
4426051
4426052
4426053
4426054
4426055
4426056
4426057
4426058
4426059
4426060
4426061
4426062
4426063
4426064
4426065
4426066
4426067
4426068
4426069
4426070
4426071
4426072
4426073
4426074
4426075
4426076
4426077
4426078
4426079
4426080
4426081
4426082
4426083
4426084
4426085
4426086
4426087
4426088
4426089
4426090
4426091
4426092
4426093
4426094
4426095
4426096
4426097
4426098
4426099
4426100
4426101
4426102
4426103
4426104
4426105
4426106
4426107
4426108
4426109
4426110
4426111
4426112
4426113
4426114
4426115
4426116
4426117
4426118
4426119
4426120
4426121
4426122
4426123
4426124
4426125
4426126
4426127
4426128
4426129
4426130
4426131
4426132
4426133
4426134
4426135
4426136
4426137
4426138
4426139
4426140
4426141
4426142
4426143
4426144
4426145
4426146
4426147
4426148
4426149
4426150
4426151
4426152
4426153
4426154
4426155
4426156
4426157
4426158
4426159
4426160
4426161
4426162
4426163
4426164
4426165
4426166
4426167
4426168
4426169
4426170
4426171
4426172
4426173
4426174
4426175
4426176
4426177
4426178
4426179
4426180
4426181
4426182
4426183
4426184
4426185
4426186
4426187
4426188
4426189
4426190
4426191
4426192
4426193
4426194
4426195
4426196
4426197
4426198
4426199
4426200
4426201
4426202
4426203
4426204
4426205
4426206
4426207
4426208
4426209
4426210
4426211
4426212
4426213
4426214
4426215
4426216
4426217
4426218
4426219
4426220
4426221
4426222
4426223
4426224
4426225
4426226
4426227
4426228
4426229
4426230
4426231
4426232
4426233
4426234
4426235
4426236
4426237
4426238
4426239
4426240
4426241
4426242
4426243
4426244
4426245
4426246
4426247
4426248
4426249
4426250
4426251
4426252
4426253
4426254
4426255
4426256
4426257
4426258
4426259
4426260
4426261
4426262
4426263
4426264
4426265
4426266
4426267
4426268
4426269
4426270
4426271
4426272
4426273
4426274
4426275
4426276
4426277
4426278
4426279
4426280
4426281
4426282
4426283
4426284
4426285
4426286
4426287
4426288
4426289
4426290
4426291
4426292
4426293
4426294
4426295
4426296
4426297
4426298
4426299
4426300
4426301
4426302
4426303
4426304
4426305
4426306
4426307
4426308
4426309
4426310
4426311
4426312
4426313
4426314
4426315
4426316
4426317
4426318
4426319
4426320
4426321
4426322
4426323
4426324
4426325
4426326
4426327
4426328
4426329
4426330
4426331
4426332
4426333
4426334
4426335
4426336
4426337
4426338
4426339
4426340
4426341
4426342
4426343
4426344
4426345
4426346
4426347
4426348
4426349
4426350
4426351
4426352
4426353
4426354
4426355
4426356
4426357
4426358
4426359
4426360
4426361
4426362
4426363
4426364
4426365
4426366
4426367
4426368
4426369
4426370
4426371
4426372
4426373
4426374
4426375
4426376
4426377
4426378
4426379
4426380
4426381
4426382
4426383
4426384
4426385
4426386
4426387
4426388
4426389
4426390
4426391
4426392
4426393
4426394
4426395
4426396
4426397
4426398
4426399
4426400
4426401
4426402
4426403
4426404
4426405
4426406
4426407
4426408
4426409
4426410
4426411
4426412
4426413
4426414
4426415
4426416
4426417
4426418
4426419
4426420
4426421
4426422
4426423
4426424
4426425
4426426
4426427
4426428
4426429
4426430
4426431
4426432
4426433
4426434
4426435
4426436
4426437
4426438
4426439
4426440
4426441
4426442
4426443
4426444
4426445
4426446
4426447
4426448
4426449
4426450
4426451
4426452
4426453
4426454
4426455
4426456
4426457
4426458
4426459
4426460
4426461
4426462
4426463
4426464
4426465
4426466
4426467
4426468
4426469
4426470
4426471
4426472
4426473
4426474
4426475
4426476
4426477
4426478
4426479
4426480
4426481
4426482
4426483
4426484
4426485
4426486
4426487
4426488
4426489
4426490
4426491
4426492
4426493
4426494
4426495
4426496
4426497
4426498
4426499
4426500
4426501
4426502
4426503
4426504
4426505
4426506
4426507
4426508
4426509
4426510
4426511
4426512
4426513
4426514
4426515
4426516
4426517
4426518
4426519
4426520
4426521
4426522
4426523
4426524
4426525
4426526
4426527
4426528
4426529
4426530
4426531
4426532
4426533
4426534
4426535
4426536
4426537
4426538
4426539
4426540
4426541
4426542
4426543
4426544
4426545
4426546
4426547
4426548
4426549
4426550
4426551
4426552
4426553
4426554
4426555
4426556
4426557
4426558
4426559
4426560
4426561
4426562
4426563
4426564
4426565
4426566
4426567
4426568
4426569
4426570
4426571
4426572
4426573
4426574
4426575
4426576
4426577
4426578
4426579
4426580
4426581
4426582
4426583
4426584
4426585
4426586
4426587
4426588
4426589
4426590
4426591
4426592
4426593
4426594
4426595
4426596
4426597
4426598
4426599
4426600
4426601
4426602
4426603
4426604
4426605
4426606
4426607
4426608
4426609
4426610
4426611
4426612
4426613
4426614
4426615
4426616
4426617
4426618
4426619
4426620
4426621
4426622
4426623
4426624
4426625
4426626
4426627
4426628
4426629
4426630
4426631
4426632
4426633
4426634
4426635
4426636
4426637
4426638
4426639
4426640
4426641
4426642
4426643
4426644
4426645
4426646
4426647
4426648
4426649
4426650
4426651
4426652
4426653
4426654
4426655
4426656
4426657
4426658
4426659
4426660
4426661
4426662
4426663
4426664
4426665
4426666
4426667
4426668
4426669
4426670
4426671
4426672
4426673
4426674
4426675
4426676
4426677
4426678
4426679
4426680
4426681
4426682
4426683
4426684
4426685
4426686
4426687
4426688
4426689
4426690
4426691
4426692
4426693
4426694
4426695
4426696
4426697
4426698
4426699
4426700
4426701
4426702
4426703
4426704
4426705
4426706
4426707
4426708
4426709
4426710
4426711
4426712
4426713
4426714
4426715
4426716
4426717
4426718
4426719
4426720
4426721
4426722
4426723
4426724
4426725
4426726
4426727
4426728
4426729
4426730
4426731
4426732
4426733
4426734
4426735
4426736
4426737
4426738
4426739
4426740
4426741
4426742
4426743
4426744
4426745
4426746
4426747
4426748
4426749
4426750
4426751
4426752
4426753
4426754
4426755
4426756
4426757
4426758
4426759
4426760
4426761
4426762
4426763
4426764
4426765
4426766
4426767
4426768
4426769
4426770
4426771
4426772
4426773
4426774
4426775
4426776
4426777
4426778
4426779
4426780
4426781
4426782
4426783
4426784
4426785
4426786
4426787
4426788
4426789
4426790
4426791
4426792
4426793
4426794
4426795
4426796
4426797
4426798
4426799
4426800
4426801
4426802
4426803
4426804
4426805
4426806
4426807
4426808
4426809
4426810
4426811
4426812
4426813
4426814
4426815
4426816
4426817
4426818
4426819
4426820
4426821
4426822
4426823
4426824
4426825
4426826
4426827
4426828
4426829
4426830
4426831
4426832
4426833
4426834
4426835
4426836
4426837
4426838
4426839
4426840
4426841
4426842
4426843
4426844
4426845
4426846
4426847
4426848
4426849
4426850
4426851
4426852
4426853
4426854
4426855
4426856
4426857
4426858
4426859
4426860
4426861
4426862
4426863
4426864
4426865
4426866
4426867
4426868
4426869
4426870
4426871
4426872
4426873
4426874
4426875
4426876
4426877
4426878
4426879
4426880
4426881
4426882
4426883
4426884
4426885
4426886
4426887
4426888
4426889
4426890
4426891
4426892
4426893
4426894
4426895
4426896
4426897
4426898
4426899
4426900
4426901
4426902
4426903
4426904
4426905
4426906
4426907
4426908
4426909
4426910
4426911
4426912
4426913
4426914
4426915
4426916
4426917
4426918
4426919
4426920
4426921
4426922
4426923
4426924
4426925
4426926
4426927
4426928
4426929
4426930
4426931
4426932
4426933
4426934
4426935
4426936
4426937
4426938
4426939
4426940
4426941
4426942
4426943
4426944
4426945
4426946
4426947
4426948
4426949
4426950
4426951
4426952
4426953
4426954
4426955
4426956
4426957
4426958
4426959
4426960
4426961
4426962
4426963
4426964
4426965
4426966
4426967
4426968
4426969
4426970
4426971
4426972
4426973
4426974
4426975
4426976
4426977
4426978
4426979
4426980
4426981
4426982
4426983
4426984
4426985
4426986
4426987
4426988
4426989
4426990
4426991
4426992
4426993
4426994
4426995
4426996
4426997
4426998
4426999
4427000
4427001
4427002
4427003
4427004
4427005
4427006
4427007
4427008
4427009
4427010
4427011
4427012
4427013
4427014
4427015
4427016
4427017
4427018
4427019
4427020
4427021
4427022
4427023
4427024
4427025
4427026
4427027
4427028
4427029
4427030
4427031
4427032
4427033
4427034
4427035
4427036
4427037
4427038
4427039
4427040
4427041
4427042
4427043
4427044
4427045
4427046
4427047
4427048
4427049
4427050
4427051
4427052
4427053
4427054
4427055
4427056
4427057
4427058
4427059
4427060
4427061
4427062
4427063
4427064
4427065
4427066
4427067
4427068
4427069
4427070
4427071
4427072
4427073
4427074
4427075
4427076
4427077
4427078
4427079
4427080
4427081
4427082
4427083
4427084
4427085
4427086
4427087
4427088
4427089
4427090
4427091
4427092
4427093
4427094
4427095
4427096
4427097
4427098
4427099
4427100
4427101
4427102
4427103
4427104
4427105
4427106
4427107
4427108
4427109
4427110
4427111
4427112
4427113
4427114
4427115
4427116
4427117
4427118
4427119
4427120
4427121
4427122
4427123
4427124
4427125
4427126
4427127
4427128
4427129
4427130
4427131
4427132
4427133
4427134
4427135
4427136
4427137
4427138
4427139
4427140
4427141
4427142
4427143
4427144
4427145
4427146
4427147
4427148
4427149
4427150
4427151
4427152
4427153
4427154
4427155
4427156
4427157
4427158
4427159
4427160
4427161
4427162
4427163
4427164
4427165
4427166
4427167
4427168
4427169
4427170
4427171
4427172
4427173
4427174
4427175
4427176
4427177
4427178
4427179
4427180
4427181
4427182
4427183
4427184
4427185
4427186
4427187
4427188
4427189
4427190
4427191
4427192
4427193
4427194
4427195
4427196
4427197
4427198
4427199
4427200
4427201
4427202
4427203
4427204
4427205
4427206
4427207
4427208
4427209
4427210
4427211
4427212
4427213
4427214
4427215
4427216
4427217
4427218
4427219
4427220
4427221
4427222
4427223
4427224
4427225
4427226
4427227
4427228
4427229
4427230
4427231
4427232
4427233
4427234
4427235
4427236
4427237
4427238
4427239
4427240
4427241
4427242
4427243
4427244
4427245
4427246
4427247
4427248
4427249
4427250
4427251
4427252
4427253
4427254
4427255
4427256
4427257
4427258
4427259
4427260
4427261
4427262
4427263
4427264
4427265
4427266
4427267
4427268
4427269
4427270
4427271
4427272
4427273
4427274
4427275
4427276
4427277
4427278
4427279
4427280
4427281
4427282
4427283
4427284
4427285
4427286
4427287
4427288
4427289
4427290
4427291
4427292
4427293
4427294
4427295
4427296
4427297
4427298
4427299
4427300
4427301
4427302
4427303
4427304
4427305
4427306
4427307
4427308
4427309
4427310
4427311
4427312
4427313
4427314
4427315
4427316
4427317
4427318
4427319
4427320
4427321
4427322
4427323
4427324
4427325
4427326
4427327
4427328
4427329
4427330
4427331
4427332
4427333
4427334
4427335
4427336
4427337
4427338
4427339
4427340
4427341
4427342
4427343
4427344
4427345
4427346
4427347
4427348
4427349
4427350
4427351
4427352
4427353
4427354
4427355
4427356
4427357
4427358
4427359
4427360
4427361
4427362
4427363
4427364
4427365
4427366
4427367
4427368
4427369
4427370
4427371
4427372
4427373
4427374
4427375
4427376
4427377
4427378
4427379
4427380
4427381
4427382
4427383
4427384
4427385
4427386
4427387
4427388
4427389
4427390
4427391
4427392
4427393
4427394
4427395
4427396
4427397
4427398
4427399
4427400
4427401
4427402
4427403
4427404
4427405
4427406
4427407
4427408
4427409
4427410
4427411
4427412
4427413
4427414
4427415
4427416
4427417
4427418
4427419
4427420
4427421
4427422
4427423
4427424
4427425
4427426
4427427
4427428
4427429
4427430
4427431
4427432
4427433
4427434
4427435
4427436
4427437
4427438
4427439
4427440
4427441
4427442
4427443
4427444
4427445
4427446
4427447
4427448
4427449
4427450
4427451
4427452
4427453
4427454
4427455
4427456
4427457
4427458
4427459
4427460
4427461
4427462
4427463
4427464
4427465
4427466
4427467
4427468
4427469
4427470
4427471
4427472
4427473
4427474
4427475
4427476
4427477
4427478
4427479
4427480
4427481
4427482
4427483
4427484
4427485
4427486
4427487
4427488
4427489
4427490
4427491
4427492
4427493
4427494
4427495
4427496
4427497
4427498
4427499
4427500
4427501
4427502
4427503
4427504
4427505
4427506
4427507
4427508
4427509
4427510
4427511
4427512
4427513
4427514
4427515
4427516
4427517
4427518
4427519
4427520
4427521
4427522
4427523
4427524
4427525
4427526
4427527
4427528
4427529
4427530
4427531
4427532
4427533
4427534
4427535
4427536
4427537
4427538
4427539
4427540
4427541
4427542
4427543
4427544
4427545
4427546
4427547
4427548
4427549
4427550
4427551
4427552
4427553
4427554
4427555
4427556
4427557
4427558
4427559
4427560
4427561
4427562
4427563
4427564
4427565
4427566
4427567
4427568
4427569
4427570
4427571
4427572
4427573
4427574
4427575
4427576
4427577
4427578
4427579
4427580
4427581
4427582
4427583
4427584
4427585
4427586
4427587
4427588
4427589
4427590
4427591
4427592
4427593
4427594
4427595
4427596
4427597
4427598
4427599
4427600
4427601
4427602
4427603
4427604
4427605
4427606
4427607
4427608
4427609
4427610
4427611
4427612
4427613
4427614
4427615
4427616
4427617
4427618
4427619
4427620
4427621
4427622
4427623
4427624
4427625
4427626
4427627
4427628
4427629
4427630
4427631
4427632
4427633
4427634
4427635
4427636
4427637
4427638
4427639
4427640
4427641
4427642
4427643
4427644
4427645
4427646
4427647
4427648
4427649
4427650
4427651
4427652
4427653
4427654
4427655
4427656
4427657
4427658
4427659
4427660
4427661
4427662
4427663
4427664
4427665
4427666
4427667
4427668
4427669
4427670
4427671
4427672
4427673
4427674
4427675
4427676
4427677
4427678
4427679
4427680
4427681
4427682
4427683
4427684
4427685
4427686
4427687
4427688
4427689
4427690
4427691
4427692
4427693
4427694
4427695
4427696
4427697
4427698
4427699
4427700
4427701
4427702
4427703
4427704
4427705
4427706
4427707
4427708
4427709
4427710
4427711
4427712
4427713
4427714
4427715
4427716
4427717
4427718
4427719
4427720
4427721
4427722
4427723
4427724
4427725
4427726
4427727
4427728
4427729
4427730
4427731
4427732
4427733
4427734
4427735
4427736
4427737
4427738
4427739
4427740
4427741
4427742
4427743
4427744
4427745
4427746
4427747
4427748
4427749
4427750
4427751
4427752
4427753
4427754
4427755
4427756
4427757
4427758
4427759
4427760
4427761
4427762
4427763
4427764
4427765
4427766
4427767
4427768
4427769
4427770
4427771
4427772
4427773
4427774
4427775
4427776
4427777
4427778
4427779
4427780
4427781
4427782
4427783
4427784
4427785
4427786
4427787
4427788
4427789
4427790
4427791
4427792
4427793
4427794
4427795
4427796
4427797
4427798
4427799
4427800
4427801
4427802
4427803
4427804
4427805
4427806
4427807
4427808
4427809
4427810
4427811
4427812
4427813
4427814
4427815
4427816
4427817
4427818
4427819
4427820
4427821
4427822
4427823
4427824
4427825
4427826
4427827
4427828
4427829
4427830
4427831
4427832
4427833
4427834
4427835
4427836
4427837
4427838
4427839
4427840
4427841
4427842
4427843
4427844
4427845
4427846
4427847
4427848
4427849
4427850
4427851
4427852
4427853
4427854
4427855
4427856
4427857
4427858
4427859
4427860
4427861
4427862
4427863
4427864
4427865
4427866
4427867
4427868
4427869
4427870
4427871
4427872
4427873
4427874
4427875
4427876
4427877
4427878
4427879
4427880
4427881
4427882
4427883
4427884
4427885
4427886
4427887
4427888
4427889
4427890
4427891
4427892
4427893
4427894
4427895
4427896
4427897
4427898
4427899
4427900
4427901
4427902
4427903
4427904
4427905
4427906
4427907
4427908
4427909
4427910
4427911
4427912
4427913
4427914
4427915
4427916
4427917
4427918
4427919
4427920
4427921
4427922
4427923
4427924
4427925
4427926
4427927
4427928
4427929
4427930
4427931
4427932
4427933
4427934
4427935
4427936
4427937
4427938
4427939
4427940
4427941
4427942
4427943
4427944
4427945
4427946
4427947
4427948
4427949
4427950
4427951
4427952
4427953
4427954
4427955
4427956
4427957
4427958
4427959
4427960
4427961
4427962
4427963
4427964
4427965
4427966
4427967
4427968
4427969
4427970
4427971
4427972
4427973
4427974
4427975
4427976
4427977
4427978
4427979
4427980
4427981
4427982
4427983
4427984
4427985
4427986
4427987
4427988
4427989
4427990
4427991
4427992
4427993
4427994
4427995
4427996
4427997
4427998
4427999
4428000
4428001
4428002
4428003
4428004
4428005
4428006
4428007
4428008
4428009
4428010
4428011
4428012
4428013
4428014
4428015
4428016
4428017
4428018
4428019
4428020
4428021
4428022
4428023
4428024
4428025
4428026
4428027
4428028
4428029
4428030
4428031
4428032
4428033
4428034
4428035
4428036
4428037
4428038
4428039
4428040
4428041
4428042
4428043
4428044
4428045
4428046
4428047
4428048
4428049
4428050
4428051
4428052
4428053
4428054
4428055
4428056
4428057
4428058
4428059
4428060
4428061
4428062
4428063
4428064
4428065
4428066
4428067
4428068
4428069
4428070
4428071
4428072
4428073
4428074
4428075
4428076
4428077
4428078
4428079
4428080
4428081
4428082
4428083
4428084
4428085
4428086
4428087
4428088
4428089
4428090
4428091
4428092
4428093
4428094
4428095
4428096
4428097
4428098
4428099
4428100
4428101
4428102
4428103
4428104
4428105
4428106
4428107
4428108
4428109
4428110
4428111
4428112
4428113
4428114
4428115
4428116
4428117
4428118
4428119
4428120
4428121
4428122
4428123
4428124
4428125
4428126
4428127
4428128
4428129
4428130
4428131
4428132
4428133
4428134
4428135
4428136
4428137
4428138
4428139
4428140
4428141
4428142
4428143
4428144
4428145
4428146
4428147
4428148
4428149
4428150
4428151
4428152
4428153
4428154
4428155
4428156
4428157
4428158
4428159
4428160
4428161
4428162
4428163
4428164
4428165
4428166
4428167
4428168
4428169
4428170
4428171
4428172
4428173
4428174
4428175
4428176
4428177
4428178
4428179
4428180
4428181
4428182
4428183
4428184
4428185
4428186
4428187
4428188
4428189
4428190
4428191
4428192
4428193
4428194
4428195
4428196
4428197
4428198
4428199
4428200
4428201
4428202
4428203
4428204
4428205
4428206
4428207
4428208
4428209
4428210
4428211
4428212
4428213
4428214
4428215
4428216
4428217
4428218
4428219
4428220
4428221
4428222
4428223
4428224
4428225
4428226
4428227
4428228
4428229
4428230
4428231
4428232
4428233
4428234
4428235
4428236
4428237
4428238
4428239
4428240
4428241
4428242
4428243
4428244
4428245
4428246
4428247
4428248
4428249
4428250
4428251
4428252
4428253
4428254
4428255
4428256
4428257
4428258
4428259
4428260
4428261
4428262
4428263
4428264
4428265
4428266
4428267
4428268
4428269
4428270
4428271
4428272
4428273
4428274
4428275
4428276
4428277
4428278
4428279
4428280
4428281
4428282
4428283
4428284
4428285
4428286
4428287
4428288
4428289
4428290
4428291
4428292
4428293
4428294
4428295
4428296
4428297
4428298
4428299
4428300
4428301
4428302
4428303
4428304
4428305
4428306
4428307
4428308
4428309
4428310
4428311
4428312
4428313
4428314
4428315
4428316
4428317
4428318
4428319
4428320
4428321
4428322
4428323
4428324
4428325
4428326
4428327
4428328
4428329
4428330
4428331
4428332
4428333
4428334
4428335
4428336
4428337
4428338
4428339
4428340
4428341
4428342
4428343
4428344
4428345
4428346
4428347
4428348
4428349
4428350
4428351
4428352
4428353
4428354
4428355
4428356
4428357
4428358
4428359
4428360
4428361
4428362
4428363
4428364
4428365
4428366
4428367
4428368
4428369
4428370
4428371
4428372
4428373
4428374
4428375
4428376
4428377
4428378
4428379
4428380
4428381
4428382
4428383
4428384
4428385
4428386
4428387
4428388
4428389
4428390
4428391
4428392
4428393
4428394
4428395
4428396
4428397
4428398
4428399
4428400
4428401
4428402
4428403
4428404
4428405
4428406
4428407
4428408
4428409
4428410
4428411
4428412
4428413
4428414
4428415
4428416
4428417
4428418
4428419
4428420
4428421
4428422
4428423
4428424
4428425
4428426
4428427
4428428
4428429
4428430
4428431
4428432
4428433
4428434
4428435
4428436
4428437
4428438
4428439
4428440
4428441
4428442
4428443
4428444
4428445
4428446
4428447
4428448
4428449
4428450
4428451
4428452
4428453
4428454
4428455
4428456
4428457
4428458
4428459
4428460
4428461
4428462
4428463
4428464
4428465
4428466
4428467
4428468
4428469
4428470
4428471
4428472
4428473
4428474
4428475
4428476
4428477
4428478
4428479
4428480
4428481
4428482
4428483
4428484
4428485
4428486
4428487
4428488
4428489
4428490
4428491
4428492
4428493
4428494
4428495
4428496
4428497
4428498
4428499
4428500
4428501
4428502
4428503
4428504
4428505
4428506
4428507
4428508
4428509
4428510
4428511
4428512
4428513
4428514
4428515
4428516
4428517
4428518
4428519
4428520
4428521
4428522
4428523
4428524
4428525
4428526
4428527
4428528
4428529
4428530
4428531
4428532
4428533
4428534
4428535
4428536
4428537
4428538
4428539
4428540
4428541
4428542
4428543
4428544
4428545
4428546
4428547
4428548
4428549
4428550
4428551
4428552
4428553
4428554
4428555
4428556
4428557
4428558
4428559
4428560
4428561
4428562
4428563
4428564
4428565
4428566
4428567
4428568
4428569
4428570
4428571
4428572
4428573
4428574
4428575
4428576
4428577
4428578
4428579
4428580
4428581
4428582
4428583
4428584
4428585
4428586
4428587
4428588
4428589
4428590
4428591
4428592
4428593
4428594
4428595
4428596
4428597
4428598
4428599
4428600
4428601
4428602
4428603
4428604
4428605
4428606
4428607
4428608
4428609
4428610
4428611
4428612
4428613
4428614
4428615
4428616
4428617
4428618
4428619
4428620
4428621
4428622
4428623
4428624
4428625
4428626
4428627
4428628
4428629
4428630
4428631
4428632
4428633
4428634
4428635
4428636
4428637
4428638
4428639
4428640
4428641
4428642
4428643
4428644
4428645
4428646
4428647
4428648
4428649
4428650
4428651
4428652
4428653
4428654
4428655
4428656
4428657
4428658
4428659
4428660
4428661
4428662
4428663
4428664
4428665
4428666
4428667
4428668
4428669
4428670
4428671
4428672
4428673
4428674
4428675
4428676
4428677
4428678
4428679
4428680
4428681
4428682
4428683
4428684
4428685
4428686
4428687
4428688
4428689
4428690
4428691
4428692
4428693
4428694
4428695
4428696
4428697
4428698
4428699
4428700
4428701
4428702
4428703
4428704
4428705
4428706
4428707
4428708
4428709
4428710
4428711
4428712
4428713
4428714
4428715
4428716
4428717
4428718
4428719
4428720
4428721
4428722
4428723
4428724
4428725
4428726
4428727
4428728
4428729
4428730
4428731
4428732
4428733
4428734
4428735
4428736
4428737
4428738
4428739
4428740
4428741
4428742
4428743
4428744
4428745
4428746
4428747
4428748
4428749
4428750
4428751
4428752
4428753
4428754
4428755
4428756
4428757
4428758
4428759
4428760
4428761
4428762
4428763
4428764
4428765
4428766
4428767
4428768
4428769
4428770
4428771
4428772
4428773
4428774
4428775
4428776
4428777
4428778
4428779
4428780
4428781
4428782
4428783
4428784
4428785
4428786
4428787
4428788
4428789
4428790
4428791
4428792
4428793
4428794
4428795
4428796
4428797
4428798
4428799
4428800
4428801
4428802
4428803
4428804
4428805
4428806
4428807
4428808
4428809
4428810
4428811
4428812
4428813
4428814
4428815
4428816
4428817
4428818
4428819
4428820
4428821
4428822
4428823
4428824
4428825
4428826
4428827
4428828
4428829
4428830
4428831
4428832
4428833
4428834
4428835
4428836
4428837
4428838
4428839
4428840
4428841
4428842
4428843
4428844
4428845
4428846
4428847
4428848
4428849
4428850
4428851
4428852
4428853
4428854
4428855
4428856
4428857
4428858
4428859
4428860
4428861
4428862
4428863
4428864
4428865
4428866
4428867
4428868
4428869
4428870
4428871
4428872
4428873
4428874
4428875
4428876
4428877
4428878
4428879
4428880
4428881
4428882
4428883
4428884
4428885
4428886
4428887
4428888
4428889
4428890
4428891
4428892
4428893
4428894
4428895
4428896
4428897
4428898
4428899
4428900
4428901
4428902
4428903
4428904
4428905
4428906
4428907
4428908
4428909
4428910
4428911
4428912
4428913
4428914
4428915
4428916
4428917
4428918
4428919
4428920
4428921
4428922
4428923
4428924
4428925
4428926
4428927
4428928
4428929
4428930
4428931
4428932
4428933
4428934
4428935
4428936
4428937
4428938
4428939
4428940
4428941
4428942
4428943
4428944
4428945
4428946
4428947
4428948
4428949
4428950
4428951
4428952
4428953
4428954
4428955
4428956
4428957
4428958
4428959
4428960
4428961
4428962
4428963
4428964
4428965
4428966
4428967
4428968
4428969
4428970
4428971
4428972
4428973
4428974
4428975
4428976
4428977
4428978
4428979
4428980
4428981
4428982
4428983
4428984
4428985
4428986
4428987
4428988
4428989
4428990
4428991
4428992
4428993
4428994
4428995
4428996
4428997
4428998
4428999
4429000
4429001
4429002
4429003
4429004
4429005
4429006
4429007
4429008
4429009
4429010
4429011
4429012
4429013
4429014
4429015
4429016
4429017
4429018
4429019
4429020
4429021
4429022
4429023
4429024
4429025
4429026
4429027
4429028
4429029
4429030
4429031
4429032
4429033
4429034
4429035
4429036
4429037
4429038
4429039
4429040
4429041
4429042
4429043
4429044
4429045
4429046
4429047
4429048
4429049
4429050
4429051
4429052
4429053
4429054
4429055
4429056
4429057
4429058
4429059
4429060
4429061
4429062
4429063
4429064
4429065
4429066
4429067
4429068
4429069
4429070
4429071
4429072
4429073
4429074
4429075
4429076
4429077
4429078
4429079
4429080
4429081
4429082
4429083
4429084
4429085
4429086
4429087
4429088
4429089
4429090
4429091
4429092
4429093
4429094
4429095
4429096
4429097
4429098
4429099
4429100
4429101
4429102
4429103
4429104
4429105
4429106
4429107
4429108
4429109
4429110
4429111
4429112
4429113
4429114
4429115
4429116
4429117
4429118
4429119
4429120
4429121
4429122
4429123
4429124
4429125
4429126
4429127
4429128
4429129
4429130
4429131
4429132
4429133
4429134
4429135
4429136
4429137
4429138
4429139
4429140
4429141
4429142
4429143
4429144
4429145
4429146
4429147
4429148
4429149
4429150
4429151
4429152
4429153
4429154
4429155
4429156
4429157
4429158
4429159
4429160
4429161
4429162
4429163
4429164
4429165
4429166
4429167
4429168
4429169
4429170
4429171
4429172
4429173
4429174
4429175
4429176
4429177
4429178
4429179
4429180
4429181
4429182
4429183
4429184
4429185
4429186
4429187
4429188
4429189
4429190
4429191
4429192
4429193
4429194
4429195
4429196
4429197
4429198
4429199
4429200
4429201
4429202
4429203
4429204
4429205
4429206
4429207
4429208
4429209
4429210
4429211
4429212
4429213
4429214
4429215
4429216
4429217
4429218
4429219
4429220
4429221
4429222
4429223
4429224
4429225
4429226
4429227
4429228
4429229
4429230
4429231
4429232
4429233
4429234
4429235
4429236
4429237
4429238
4429239
4429240
4429241
4429242
4429243
4429244
4429245
4429246
4429247
4429248
4429249
4429250
4429251
4429252
4429253
4429254
4429255
4429256
4429257
4429258
4429259
4429260
4429261
4429262
4429263
4429264
4429265
4429266
4429267
4429268
4429269
4429270
4429271
4429272
4429273
4429274
4429275
4429276
4429277
4429278
4429279
4429280
4429281
4429282
4429283
4429284
4429285
4429286
4429287
4429288
4429289
4429290
4429291
4429292
4429293
4429294
4429295
4429296
4429297
4429298
4429299
4429300
4429301
4429302
4429303
4429304
4429305
4429306
4429307
4429308
4429309
4429310
4429311
4429312
4429313
4429314
4429315
4429316
4429317
4429318
4429319
4429320
4429321
4429322
4429323
4429324
4429325
4429326
4429327
4429328
4429329
4429330
4429331
4429332
4429333
4429334
4429335
4429336
4429337
4429338
4429339
4429340
4429341
4429342
4429343
4429344
4429345
4429346
4429347
4429348
4429349
4429350
4429351
4429352
4429353
4429354
4429355
4429356
4429357
4429358
4429359
4429360
4429361
4429362
4429363
4429364
4429365
4429366
4429367
4429368
4429369
4429370
4429371
4429372
4429373
4429374
4429375
4429376
4429377
4429378
4429379
4429380
4429381
4429382
4429383
4429384
4429385
4429386
4429387
4429388
4429389
4429390
4429391
4429392
4429393
4429394
4429395
4429396
4429397
4429398
4429399
4429400
4429401
4429402
4429403
4429404
4429405
4429406
4429407
4429408
4429409
4429410
4429411
4429412
4429413
4429414
4429415
4429416
4429417
4429418
4429419
4429420
4429421
4429422
4429423
4429424
4429425
4429426
4429427
4429428
4429429
4429430
4429431
4429432
4429433
4429434
4429435
4429436
4429437
4429438
4429439
4429440
4429441
4429442
4429443
4429444
4429445
4429446
4429447
4429448
4429449
4429450
4429451
4429452
4429453
4429454
4429455
4429456
4429457
4429458
4429459
4429460
4429461
4429462
4429463
4429464
4429465
4429466
4429467
4429468
4429469
4429470
4429471
4429472
4429473
4429474
4429475
4429476
4429477
4429478
4429479
4429480
4429481
4429482
4429483
4429484
4429485
4429486
4429487
4429488
4429489
4429490
4429491
4429492
4429493
4429494
4429495
4429496
4429497
4429498
4429499
4429500
4429501
4429502
4429503
4429504
4429505
4429506
4429507
4429508
4429509
4429510
4429511
4429512
4429513
4429514
4429515
4429516
4429517
4429518
4429519
4429520
4429521
4429522
4429523
4429524
4429525
4429526
4429527
4429528
4429529
4429530
4429531
4429532
4429533
4429534
4429535
4429536
4429537
4429538
4429539
4429540
4429541
4429542
4429543
4429544
4429545
4429546
4429547
4429548
4429549
4429550
4429551
4429552
4429553
4429554
4429555
4429556
4429557
4429558
4429559
4429560
4429561
4429562
4429563
4429564
4429565
4429566
4429567
4429568
4429569
4429570
4429571
4429572
4429573
4429574
4429575
4429576
4429577
4429578
4429579
4429580
4429581
4429582
4429583
4429584
4429585
4429586
4429587
4429588
4429589
4429590
4429591
4429592
4429593
4429594
4429595
4429596
4429597
4429598
4429599
4429600
4429601
4429602
4429603
4429604
4429605
4429606
4429607
4429608
4429609
4429610
4429611
4429612
4429613
4429614
4429615
4429616
4429617
4429618
4429619
4429620
4429621
4429622
4429623
4429624
4429625
4429626
4429627
4429628
4429629
4429630
4429631
4429632
4429633
4429634
4429635
4429636
4429637
4429638
4429639
4429640
4429641
4429642
4429643
4429644
4429645
4429646
4429647
4429648
4429649
4429650
4429651
4429652
4429653
4429654
4429655
4429656
4429657
4429658
4429659
4429660
4429661
4429662
4429663
4429664
4429665
4429666
4429667
4429668
4429669
4429670
4429671
4429672
4429673
4429674
4429675
4429676
4429677
4429678
4429679
4429680
4429681
4429682
4429683
4429684
4429685
4429686
4429687
4429688
4429689
4429690
4429691
4429692
4429693
4429694
4429695
4429696
4429697
4429698
4429699
4429700
4429701
4429702
4429703
4429704
4429705
4429706
4429707
4429708
4429709
4429710
4429711
4429712
4429713
4429714
4429715
4429716
4429717
4429718
4429719
4429720
4429721
4429722
4429723
4429724
4429725
4429726
4429727
4429728
4429729
4429730
4429731
4429732
4429733
4429734
4429735
4429736
4429737
4429738
4429739
4429740
4429741
4429742
4429743
4429744
4429745
4429746
4429747
4429748
4429749
4429750
4429751
4429752
4429753
4429754
4429755
4429756
4429757
4429758
4429759
4429760
4429761
4429762
4429763
4429764
4429765
4429766
4429767
4429768
4429769
4429770
4429771
4429772
4429773
4429774
4429775
4429776
4429777
4429778
4429779
4429780
4429781
4429782
4429783
4429784
4429785
4429786
4429787
4429788
4429789
4429790
4429791
4429792
4429793
4429794
4429795
4429796
4429797
4429798
4429799
4429800
4429801
4429802
4429803
4429804
4429805
4429806
4429807
4429808
4429809
4429810
4429811
4429812
4429813
4429814
4429815
4429816
4429817
4429818
4429819
4429820
4429821
4429822
4429823
4429824
4429825
4429826
4429827
4429828
4429829
4429830
4429831
4429832
4429833
4429834
4429835
4429836
4429837
4429838
4429839
4429840
4429841
4429842
4429843
4429844
4429845
4429846
4429847
4429848
4429849
4429850
4429851
4429852
4429853
4429854
4429855
4429856
4429857
4429858
4429859
4429860
4429861
4429862
4429863
4429864
4429865
4429866
4429867
4429868
4429869
4429870
4429871
4429872
4429873
4429874
4429875
4429876
4429877
4429878
4429879
4429880
4429881
4429882
4429883
4429884
4429885
4429886
4429887
4429888
4429889
4429890
4429891
4429892
4429893
4429894
4429895
4429896
4429897
4429898
4429899
4429900
4429901
4429902
4429903
4429904
4429905
4429906
4429907
4429908
4429909
4429910
4429911
4429912
4429913
4429914
4429915
4429916
4429917
4429918
4429919
4429920
4429921
4429922
4429923
4429924
4429925
4429926
4429927
4429928
4429929
4429930
4429931
4429932
4429933
4429934
4429935
4429936
4429937
4429938
4429939
4429940
4429941
4429942
4429943
4429944
4429945
4429946
4429947
4429948
4429949
4429950
4429951
4429952
4429953
4429954
4429955
4429956
4429957
4429958
4429959
4429960
4429961
4429962
4429963
4429964
4429965
4429966
4429967
4429968
4429969
4429970
4429971
4429972
4429973
4429974
4429975
4429976
4429977
4429978
4429979
4429980
4429981
4429982
4429983
4429984
4429985
4429986
4429987
4429988
4429989
4429990
4429991
4429992
4429993
4429994
4429995
4429996
4429997
4429998
4429999
4430000
