4400001
4400002
4400003
4400004
4400005
4400006
4400007
4400008
4400009
4400010
4400011
4400012
4400013
4400014
4400015
4400016
4400017
4400018
4400019
4400020
4400021
4400022
4400023
4400024
4400025
4400026
4400027
4400028
4400029
4400030
4400031
4400032
4400033
4400034
4400035
4400036
4400037
4400038
4400039
4400040
4400041
4400042
4400043
4400044
4400045
4400046
4400047
4400048
4400049
4400050
4400051
4400052
4400053
4400054
4400055
4400056
4400057
4400058
4400059
4400060
4400061
4400062
4400063
4400064
4400065
4400066
4400067
4400068
4400069
4400070
4400071
4400072
4400073
4400074
4400075
4400076
4400077
4400078
4400079
4400080
4400081
4400082
4400083
4400084
4400085
4400086
4400087
4400088
4400089
4400090
4400091
4400092
4400093
4400094
4400095
4400096
4400097
4400098
4400099
4400100
4400101
4400102
4400103
4400104
4400105
4400106
4400107
4400108
4400109
4400110
4400111
4400112
4400113
4400114
4400115
4400116
4400117
4400118
4400119
4400120
4400121
4400122
4400123
4400124
4400125
4400126
4400127
4400128
4400129
4400130
4400131
4400132
4400133
4400134
4400135
4400136
4400137
4400138
4400139
4400140
4400141
4400142
4400143
4400144
4400145
4400146
4400147
4400148
4400149
4400150
4400151
4400152
4400153
4400154
4400155
4400156
4400157
4400158
4400159
4400160
4400161
4400162
4400163
4400164
4400165
4400166
4400167
4400168
4400169
4400170
4400171
4400172
4400173
4400174
4400175
4400176
4400177
4400178
4400179
4400180
4400181
4400182
4400183
4400184
4400185
4400186
4400187
4400188
4400189
4400190
4400191
4400192
4400193
4400194
4400195
4400196
4400197
4400198
4400199
4400200
4400201
4400202
4400203
4400204
4400205
4400206
4400207
4400208
4400209
4400210
4400211
4400212
4400213
4400214
4400215
4400216
4400217
4400218
4400219
4400220
4400221
4400222
4400223
4400224
4400225
4400226
4400227
4400228
4400229
4400230
4400231
4400232
4400233
4400234
4400235
4400236
4400237
4400238
4400239
4400240
4400241
4400242
4400243
4400244
4400245
4400246
4400247
4400248
4400249
4400250
4400251
4400252
4400253
4400254
4400255
4400256
4400257
4400258
4400259
4400260
4400261
4400262
4400263
4400264
4400265
4400266
4400267
4400268
4400269
4400270
4400271
4400272
4400273
4400274
4400275
4400276
4400277
4400278
4400279
4400280
4400281
4400282
4400283
4400284
4400285
4400286
4400287
4400288
4400289
4400290
4400291
4400292
4400293
4400294
4400295
4400296
4400297
4400298
4400299
4400300
4400301
4400302
4400303
4400304
4400305
4400306
4400307
4400308
4400309
4400310
4400311
4400312
4400313
4400314
4400315
4400316
4400317
4400318
4400319
4400320
4400321
4400322
4400323
4400324
4400325
4400326
4400327
4400328
4400329
4400330
4400331
4400332
4400333
4400334
4400335
4400336
4400337
4400338
4400339
4400340
4400341
4400342
4400343
4400344
4400345
4400346
4400347
4400348
4400349
4400350
4400351
4400352
4400353
4400354
4400355
4400356
4400357
4400358
4400359
4400360
4400361
4400362
4400363
4400364
4400365
4400366
4400367
4400368
4400369
4400370
4400371
4400372
4400373
4400374
4400375
4400376
4400377
4400378
4400379
4400380
4400381
4400382
4400383
4400384
4400385
4400386
4400387
4400388
4400389
4400390
4400391
4400392
4400393
4400394
4400395
4400396
4400397
4400398
4400399
4400400
4400401
4400402
4400403
4400404
4400405
4400406
4400407
4400408
4400409
4400410
4400411
4400412
4400413
4400414
4400415
4400416
4400417
4400418
4400419
4400420
4400421
4400422
4400423
4400424
4400425
4400426
4400427
4400428
4400429
4400430
4400431
4400432
4400433
4400434
4400435
4400436
4400437
4400438
4400439
4400440
4400441
4400442
4400443
4400444
4400445
4400446
4400447
4400448
4400449
4400450
4400451
4400452
4400453
4400454
4400455
4400456
4400457
4400458
4400459
4400460
4400461
4400462
4400463
4400464
4400465
4400466
4400467
4400468
4400469
4400470
4400471
4400472
4400473
4400474
4400475
4400476
4400477
4400478
4400479
4400480
4400481
4400482
4400483
4400484
4400485
4400486
4400487
4400488
4400489
4400490
4400491
4400492
4400493
4400494
4400495
4400496
4400497
4400498
4400499
4400500
4400501
4400502
4400503
4400504
4400505
4400506
4400507
4400508
4400509
4400510
4400511
4400512
4400513
4400514
4400515
4400516
4400517
4400518
4400519
4400520
4400521
4400522
4400523
4400524
4400525
4400526
4400527
4400528
4400529
4400530
4400531
4400532
4400533
4400534
4400535
4400536
4400537
4400538
4400539
4400540
4400541
4400542
4400543
4400544
4400545
4400546
4400547
4400548
4400549
4400550
4400551
4400552
4400553
4400554
4400555
4400556
4400557
4400558
4400559
4400560
4400561
4400562
4400563
4400564
4400565
4400566
4400567
4400568
4400569
4400570
4400571
4400572
4400573
4400574
4400575
4400576
4400577
4400578
4400579
4400580
4400581
4400582
4400583
4400584
4400585
4400586
4400587
4400588
4400589
4400590
4400591
4400592
4400593
4400594
4400595
4400596
4400597
4400598
4400599
4400600
4400601
4400602
4400603
4400604
4400605
4400606
4400607
4400608
4400609
4400610
4400611
4400612
4400613
4400614
4400615
4400616
4400617
4400618
4400619
4400620
4400621
4400622
4400623
4400624
4400625
4400626
4400627
4400628
4400629
4400630
4400631
4400632
4400633
4400634
4400635
4400636
4400637
4400638
4400639
4400640
4400641
4400642
4400643
4400644
4400645
4400646
4400647
4400648
4400649
4400650
4400651
4400652
4400653
4400654
4400655
4400656
4400657
4400658
4400659
4400660
4400661
4400662
4400663
4400664
4400665
4400666
4400667
4400668
4400669
4400670
4400671
4400672
4400673
4400674
4400675
4400676
4400677
4400678
4400679
4400680
4400681
4400682
4400683
4400684
4400685
4400686
4400687
4400688
4400689
4400690
4400691
4400692
4400693
4400694
4400695
4400696
4400697
4400698
4400699
4400700
4400701
4400702
4400703
4400704
4400705
4400706
4400707
4400708
4400709
4400710
4400711
4400712
4400713
4400714
4400715
4400716
4400717
4400718
4400719
4400720
4400721
4400722
4400723
4400724
4400725
4400726
4400727
4400728
4400729
4400730
4400731
4400732
4400733
4400734
4400735
4400736
4400737
4400738
4400739
4400740
4400741
4400742
4400743
4400744
4400745
4400746
4400747
4400748
4400749
4400750
4400751
4400752
4400753
4400754
4400755
4400756
4400757
4400758
4400759
4400760
4400761
4400762
4400763
4400764
4400765
4400766
4400767
4400768
4400769
4400770
4400771
4400772
4400773
4400774
4400775
4400776
4400777
4400778
4400779
4400780
4400781
4400782
4400783
4400784
4400785
4400786
4400787
4400788
4400789
4400790
4400791
4400792
4400793
4400794
4400795
4400796
4400797
4400798
4400799
4400800
4400801
4400802
4400803
4400804
4400805
4400806
4400807
4400808
4400809
4400810
4400811
4400812
4400813
4400814
4400815
4400816
4400817
4400818
4400819
4400820
4400821
4400822
4400823
4400824
4400825
4400826
4400827
4400828
4400829
4400830
4400831
4400832
4400833
4400834
4400835
4400836
4400837
4400838
4400839
4400840
4400841
4400842
4400843
4400844
4400845
4400846
4400847
4400848
4400849
4400850
4400851
4400852
4400853
4400854
4400855
4400856
4400857
4400858
4400859
4400860
4400861
4400862
4400863
4400864
4400865
4400866
4400867
4400868
4400869
4400870
4400871
4400872
4400873
4400874
4400875
4400876
4400877
4400878
4400879
4400880
4400881
4400882
4400883
4400884
4400885
4400886
4400887
4400888
4400889
4400890
4400891
4400892
4400893
4400894
4400895
4400896
4400897
4400898
4400899
4400900
4400901
4400902
4400903
4400904
4400905
4400906
4400907
4400908
4400909
4400910
4400911
4400912
4400913
4400914
4400915
4400916
4400917
4400918
4400919
4400920
4400921
4400922
4400923
4400924
4400925
4400926
4400927
4400928
4400929
4400930
4400931
4400932
4400933
4400934
4400935
4400936
4400937
4400938
4400939
4400940
4400941
4400942
4400943
4400944
4400945
4400946
4400947
4400948
4400949
4400950
4400951
4400952
4400953
4400954
4400955
4400956
4400957
4400958
4400959
4400960
4400961
4400962
4400963
4400964
4400965
4400966
4400967
4400968
4400969
4400970
4400971
4400972
4400973
4400974
4400975
4400976
4400977
4400978
4400979
4400980
4400981
4400982
4400983
4400984
4400985
4400986
4400987
4400988
4400989
4400990
4400991
4400992
4400993
4400994
4400995
4400996
4400997
4400998
4400999
4401000
4401001
4401002
4401003
4401004
4401005
4401006
4401007
4401008
4401009
4401010
4401011
4401012
4401013
4401014
4401015
4401016
4401017
4401018
4401019
4401020
4401021
4401022
4401023
4401024
4401025
4401026
4401027
4401028
4401029
4401030
4401031
4401032
4401033
4401034
4401035
4401036
4401037
4401038
4401039
4401040
4401041
4401042
4401043
4401044
4401045
4401046
4401047
4401048
4401049
4401050
4401051
4401052
4401053
4401054
4401055
4401056
4401057
4401058
4401059
4401060
4401061
4401062
4401063
4401064
4401065
4401066
4401067
4401068
4401069
4401070
4401071
4401072
4401073
4401074
4401075
4401076
4401077
4401078
4401079
4401080
4401081
4401082
4401083
4401084
4401085
4401086
4401087
4401088
4401089
4401090
4401091
4401092
4401093
4401094
4401095
4401096
4401097
4401098
4401099
4401100
4401101
4401102
4401103
4401104
4401105
4401106
4401107
4401108
4401109
4401110
4401111
4401112
4401113
4401114
4401115
4401116
4401117
4401118
4401119
4401120
4401121
4401122
4401123
4401124
4401125
4401126
4401127
4401128
4401129
4401130
4401131
4401132
4401133
4401134
4401135
4401136
4401137
4401138
4401139
4401140
4401141
4401142
4401143
4401144
4401145
4401146
4401147
4401148
4401149
4401150
4401151
4401152
4401153
4401154
4401155
4401156
4401157
4401158
4401159
4401160
4401161
4401162
4401163
4401164
4401165
4401166
4401167
4401168
4401169
4401170
4401171
4401172
4401173
4401174
4401175
4401176
4401177
4401178
4401179
4401180
4401181
4401182
4401183
4401184
4401185
4401186
4401187
4401188
4401189
4401190
4401191
4401192
4401193
4401194
4401195
4401196
4401197
4401198
4401199
4401200
4401201
4401202
4401203
4401204
4401205
4401206
4401207
4401208
4401209
4401210
4401211
4401212
4401213
4401214
4401215
4401216
4401217
4401218
4401219
4401220
4401221
4401222
4401223
4401224
4401225
4401226
4401227
4401228
4401229
4401230
4401231
4401232
4401233
4401234
4401235
4401236
4401237
4401238
4401239
4401240
4401241
4401242
4401243
4401244
4401245
4401246
4401247
4401248
4401249
4401250
4401251
4401252
4401253
4401254
4401255
4401256
4401257
4401258
4401259
4401260
4401261
4401262
4401263
4401264
4401265
4401266
4401267
4401268
4401269
4401270
4401271
4401272
4401273
4401274
4401275
4401276
4401277
4401278
4401279
4401280
4401281
4401282
4401283
4401284
4401285
4401286
4401287
4401288
4401289
4401290
4401291
4401292
4401293
4401294
4401295
4401296
4401297
4401298
4401299
4401300
4401301
4401302
4401303
4401304
4401305
4401306
4401307
4401308
4401309
4401310
4401311
4401312
4401313
4401314
4401315
4401316
4401317
4401318
4401319
4401320
4401321
4401322
4401323
4401324
4401325
4401326
4401327
4401328
4401329
4401330
4401331
4401332
4401333
4401334
4401335
4401336
4401337
4401338
4401339
4401340
4401341
4401342
4401343
4401344
4401345
4401346
4401347
4401348
4401349
4401350
4401351
4401352
4401353
4401354
4401355
4401356
4401357
4401358
4401359
4401360
4401361
4401362
4401363
4401364
4401365
4401366
4401367
4401368
4401369
4401370
4401371
4401372
4401373
4401374
4401375
4401376
4401377
4401378
4401379
4401380
4401381
4401382
4401383
4401384
4401385
4401386
4401387
4401388
4401389
4401390
4401391
4401392
4401393
4401394
4401395
4401396
4401397
4401398
4401399
4401400
4401401
4401402
4401403
4401404
4401405
4401406
4401407
4401408
4401409
4401410
4401411
4401412
4401413
4401414
4401415
4401416
4401417
4401418
4401419
4401420
4401421
4401422
4401423
4401424
4401425
4401426
4401427
4401428
4401429
4401430
4401431
4401432
4401433
4401434
4401435
4401436
4401437
4401438
4401439
4401440
4401441
4401442
4401443
4401444
4401445
4401446
4401447
4401448
4401449
4401450
4401451
4401452
4401453
4401454
4401455
4401456
4401457
4401458
4401459
4401460
4401461
4401462
4401463
4401464
4401465
4401466
4401467
4401468
4401469
4401470
4401471
4401472
4401473
4401474
4401475
4401476
4401477
4401478
4401479
4401480
4401481
4401482
4401483
4401484
4401485
4401486
4401487
4401488
4401489
4401490
4401491
4401492
4401493
4401494
4401495
4401496
4401497
4401498
4401499
4401500
4401501
4401502
4401503
4401504
4401505
4401506
4401507
4401508
4401509
4401510
4401511
4401512
4401513
4401514
4401515
4401516
4401517
4401518
4401519
4401520
4401521
4401522
4401523
4401524
4401525
4401526
4401527
4401528
4401529
4401530
4401531
4401532
4401533
4401534
4401535
4401536
4401537
4401538
4401539
4401540
4401541
4401542
4401543
4401544
4401545
4401546
4401547
4401548
4401549
4401550
4401551
4401552
4401553
4401554
4401555
4401556
4401557
4401558
4401559
4401560
4401561
4401562
4401563
4401564
4401565
4401566
4401567
4401568
4401569
4401570
4401571
4401572
4401573
4401574
4401575
4401576
4401577
4401578
4401579
4401580
4401581
4401582
4401583
4401584
4401585
4401586
4401587
4401588
4401589
4401590
4401591
4401592
4401593
4401594
4401595
4401596
4401597
4401598
4401599
4401600
4401601
4401602
4401603
4401604
4401605
4401606
4401607
4401608
4401609
4401610
4401611
4401612
4401613
4401614
4401615
4401616
4401617
4401618
4401619
4401620
4401621
4401622
4401623
4401624
4401625
4401626
4401627
4401628
4401629
4401630
4401631
4401632
4401633
4401634
4401635
4401636
4401637
4401638
4401639
4401640
4401641
4401642
4401643
4401644
4401645
4401646
4401647
4401648
4401649
4401650
4401651
4401652
4401653
4401654
4401655
4401656
4401657
4401658
4401659
4401660
4401661
4401662
4401663
4401664
4401665
4401666
4401667
4401668
4401669
4401670
4401671
4401672
4401673
4401674
4401675
4401676
4401677
4401678
4401679
4401680
4401681
4401682
4401683
4401684
4401685
4401686
4401687
4401688
4401689
4401690
4401691
4401692
4401693
4401694
4401695
4401696
4401697
4401698
4401699
4401700
4401701
4401702
4401703
4401704
4401705
4401706
4401707
4401708
4401709
4401710
4401711
4401712
4401713
4401714
4401715
4401716
4401717
4401718
4401719
4401720
4401721
4401722
4401723
4401724
4401725
4401726
4401727
4401728
4401729
4401730
4401731
4401732
4401733
4401734
4401735
4401736
4401737
4401738
4401739
4401740
4401741
4401742
4401743
4401744
4401745
4401746
4401747
4401748
4401749
4401750
4401751
4401752
4401753
4401754
4401755
4401756
4401757
4401758
4401759
4401760
4401761
4401762
4401763
4401764
4401765
4401766
4401767
4401768
4401769
4401770
4401771
4401772
4401773
4401774
4401775
4401776
4401777
4401778
4401779
4401780
4401781
4401782
4401783
4401784
4401785
4401786
4401787
4401788
4401789
4401790
4401791
4401792
4401793
4401794
4401795
4401796
4401797
4401798
4401799
4401800
4401801
4401802
4401803
4401804
4401805
4401806
4401807
4401808
4401809
4401810
4401811
4401812
4401813
4401814
4401815
4401816
4401817
4401818
4401819
4401820
4401821
4401822
4401823
4401824
4401825
4401826
4401827
4401828
4401829
4401830
4401831
4401832
4401833
4401834
4401835
4401836
4401837
4401838
4401839
4401840
4401841
4401842
4401843
4401844
4401845
4401846
4401847
4401848
4401849
4401850
4401851
4401852
4401853
4401854
4401855
4401856
4401857
4401858
4401859
4401860
4401861
4401862
4401863
4401864
4401865
4401866
4401867
4401868
4401869
4401870
4401871
4401872
4401873
4401874
4401875
4401876
4401877
4401878
4401879
4401880
4401881
4401882
4401883
4401884
4401885
4401886
4401887
4401888
4401889
4401890
4401891
4401892
4401893
4401894
4401895
4401896
4401897
4401898
4401899
4401900
4401901
4401902
4401903
4401904
4401905
4401906
4401907
4401908
4401909
4401910
4401911
4401912
4401913
4401914
4401915
4401916
4401917
4401918
4401919
4401920
4401921
4401922
4401923
4401924
4401925
4401926
4401927
4401928
4401929
4401930
4401931
4401932
4401933
4401934
4401935
4401936
4401937
4401938
4401939
4401940
4401941
4401942
4401943
4401944
4401945
4401946
4401947
4401948
4401949
4401950
4401951
4401952
4401953
4401954
4401955
4401956
4401957
4401958
4401959
4401960
4401961
4401962
4401963
4401964
4401965
4401966
4401967
4401968
4401969
4401970
4401971
4401972
4401973
4401974
4401975
4401976
4401977
4401978
4401979
4401980
4401981
4401982
4401983
4401984
4401985
4401986
4401987
4401988
4401989
4401990
4401991
4401992
4401993
4401994
4401995
4401996
4401997
4401998
4401999
4402000
4402001
4402002
4402003
4402004
4402005
4402006
4402007
4402008
4402009
4402010
4402011
4402012
4402013
4402014
4402015
4402016
4402017
4402018
4402019
4402020
4402021
4402022
4402023
4402024
4402025
4402026
4402027
4402028
4402029
4402030
4402031
4402032
4402033
4402034
4402035
4402036
4402037
4402038
4402039
4402040
4402041
4402042
4402043
4402044
4402045
4402046
4402047
4402048
4402049
4402050
4402051
4402052
4402053
4402054
4402055
4402056
4402057
4402058
4402059
4402060
4402061
4402062
4402063
4402064
4402065
4402066
4402067
4402068
4402069
4402070
4402071
4402072
4402073
4402074
4402075
4402076
4402077
4402078
4402079
4402080
4402081
4402082
4402083
4402084
4402085
4402086
4402087
4402088
4402089
4402090
4402091
4402092
4402093
4402094
4402095
4402096
4402097
4402098
4402099
4402100
4402101
4402102
4402103
4402104
4402105
4402106
4402107
4402108
4402109
4402110
4402111
4402112
4402113
4402114
4402115
4402116
4402117
4402118
4402119
4402120
4402121
4402122
4402123
4402124
4402125
4402126
4402127
4402128
4402129
4402130
4402131
4402132
4402133
4402134
4402135
4402136
4402137
4402138
4402139
4402140
4402141
4402142
4402143
4402144
4402145
4402146
4402147
4402148
4402149
4402150
4402151
4402152
4402153
4402154
4402155
4402156
4402157
4402158
4402159
4402160
4402161
4402162
4402163
4402164
4402165
4402166
4402167
4402168
4402169
4402170
4402171
4402172
4402173
4402174
4402175
4402176
4402177
4402178
4402179
4402180
4402181
4402182
4402183
4402184
4402185
4402186
4402187
4402188
4402189
4402190
4402191
4402192
4402193
4402194
4402195
4402196
4402197
4402198
4402199
4402200
4402201
4402202
4402203
4402204
4402205
4402206
4402207
4402208
4402209
4402210
4402211
4402212
4402213
4402214
4402215
4402216
4402217
4402218
4402219
4402220
4402221
4402222
4402223
4402224
4402225
4402226
4402227
4402228
4402229
4402230
4402231
4402232
4402233
4402234
4402235
4402236
4402237
4402238
4402239
4402240
4402241
4402242
4402243
4402244
4402245
4402246
4402247
4402248
4402249
4402250
4402251
4402252
4402253
4402254
4402255
4402256
4402257
4402258
4402259
4402260
4402261
4402262
4402263
4402264
4402265
4402266
4402267
4402268
4402269
4402270
4402271
4402272
4402273
4402274
4402275
4402276
4402277
4402278
4402279
4402280
4402281
4402282
4402283
4402284
4402285
4402286
4402287
4402288
4402289
4402290
4402291
4402292
4402293
4402294
4402295
4402296
4402297
4402298
4402299
4402300
4402301
4402302
4402303
4402304
4402305
4402306
4402307
4402308
4402309
4402310
4402311
4402312
4402313
4402314
4402315
4402316
4402317
4402318
4402319
4402320
4402321
4402322
4402323
4402324
4402325
4402326
4402327
4402328
4402329
4402330
4402331
4402332
4402333
4402334
4402335
4402336
4402337
4402338
4402339
4402340
4402341
4402342
4402343
4402344
4402345
4402346
4402347
4402348
4402349
4402350
4402351
4402352
4402353
4402354
4402355
4402356
4402357
4402358
4402359
4402360
4402361
4402362
4402363
4402364
4402365
4402366
4402367
4402368
4402369
4402370
4402371
4402372
4402373
4402374
4402375
4402376
4402377
4402378
4402379
4402380
4402381
4402382
4402383
4402384
4402385
4402386
4402387
4402388
4402389
4402390
4402391
4402392
4402393
4402394
4402395
4402396
4402397
4402398
4402399
4402400
4402401
4402402
4402403
4402404
4402405
4402406
4402407
4402408
4402409
4402410
4402411
4402412
4402413
4402414
4402415
4402416
4402417
4402418
4402419
4402420
4402421
4402422
4402423
4402424
4402425
4402426
4402427
4402428
4402429
4402430
4402431
4402432
4402433
4402434
4402435
4402436
4402437
4402438
4402439
4402440
4402441
4402442
4402443
4402444
4402445
4402446
4402447
4402448
4402449
4402450
4402451
4402452
4402453
4402454
4402455
4402456
4402457
4402458
4402459
4402460
4402461
4402462
4402463
4402464
4402465
4402466
4402467
4402468
4402469
4402470
4402471
4402472
4402473
4402474
4402475
4402476
4402477
4402478
4402479
4402480
4402481
4402482
4402483
4402484
4402485
4402486
4402487
4402488
4402489
4402490
4402491
4402492
4402493
4402494
4402495
4402496
4402497
4402498
4402499
4402500
4402501
4402502
4402503
4402504
4402505
4402506
4402507
4402508
4402509
4402510
4402511
4402512
4402513
4402514
4402515
4402516
4402517
4402518
4402519
4402520
4402521
4402522
4402523
4402524
4402525
4402526
4402527
4402528
4402529
4402530
4402531
4402532
4402533
4402534
4402535
4402536
4402537
4402538
4402539
4402540
4402541
4402542
4402543
4402544
4402545
4402546
4402547
4402548
4402549
4402550
4402551
4402552
4402553
4402554
4402555
4402556
4402557
4402558
4402559
4402560
4402561
4402562
4402563
4402564
4402565
4402566
4402567
4402568
4402569
4402570
4402571
4402572
4402573
4402574
4402575
4402576
4402577
4402578
4402579
4402580
4402581
4402582
4402583
4402584
4402585
4402586
4402587
4402588
4402589
4402590
4402591
4402592
4402593
4402594
4402595
4402596
4402597
4402598
4402599
4402600
4402601
4402602
4402603
4402604
4402605
4402606
4402607
4402608
4402609
4402610
4402611
4402612
4402613
4402614
4402615
4402616
4402617
4402618
4402619
4402620
4402621
4402622
4402623
4402624
4402625
4402626
4402627
4402628
4402629
4402630
4402631
4402632
4402633
4402634
4402635
4402636
4402637
4402638
4402639
4402640
4402641
4402642
4402643
4402644
4402645
4402646
4402647
4402648
4402649
4402650
4402651
4402652
4402653
4402654
4402655
4402656
4402657
4402658
4402659
4402660
4402661
4402662
4402663
4402664
4402665
4402666
4402667
4402668
4402669
4402670
4402671
4402672
4402673
4402674
4402675
4402676
4402677
4402678
4402679
4402680
4402681
4402682
4402683
4402684
4402685
4402686
4402687
4402688
4402689
4402690
4402691
4402692
4402693
4402694
4402695
4402696
4402697
4402698
4402699
4402700
4402701
4402702
4402703
4402704
4402705
4402706
4402707
4402708
4402709
4402710
4402711
4402712
4402713
4402714
4402715
4402716
4402717
4402718
4402719
4402720
4402721
4402722
4402723
4402724
4402725
4402726
4402727
4402728
4402729
4402730
4402731
4402732
4402733
4402734
4402735
4402736
4402737
4402738
4402739
4402740
4402741
4402742
4402743
4402744
4402745
4402746
4402747
4402748
4402749
4402750
4402751
4402752
4402753
4402754
4402755
4402756
4402757
4402758
4402759
4402760
4402761
4402762
4402763
4402764
4402765
4402766
4402767
4402768
4402769
4402770
4402771
4402772
4402773
4402774
4402775
4402776
4402777
4402778
4402779
4402780
4402781
4402782
4402783
4402784
4402785
4402786
4402787
4402788
4402789
4402790
4402791
4402792
4402793
4402794
4402795
4402796
4402797
4402798
4402799
4402800
4402801
4402802
4402803
4402804
4402805
4402806
4402807
4402808
4402809
4402810
4402811
4402812
4402813
4402814
4402815
4402816
4402817
4402818
4402819
4402820
4402821
4402822
4402823
4402824
4402825
4402826
4402827
4402828
4402829
4402830
4402831
4402832
4402833
4402834
4402835
4402836
4402837
4402838
4402839
4402840
4402841
4402842
4402843
4402844
4402845
4402846
4402847
4402848
4402849
4402850
4402851
4402852
4402853
4402854
4402855
4402856
4402857
4402858
4402859
4402860
4402861
4402862
4402863
4402864
4402865
4402866
4402867
4402868
4402869
4402870
4402871
4402872
4402873
4402874
4402875
4402876
4402877
4402878
4402879
4402880
4402881
4402882
4402883
4402884
4402885
4402886
4402887
4402888
4402889
4402890
4402891
4402892
4402893
4402894
4402895
4402896
4402897
4402898
4402899
4402900
4402901
4402902
4402903
4402904
4402905
4402906
4402907
4402908
4402909
4402910
4402911
4402912
4402913
4402914
4402915
4402916
4402917
4402918
4402919
4402920
4402921
4402922
4402923
4402924
4402925
4402926
4402927
4402928
4402929
4402930
4402931
4402932
4402933
4402934
4402935
4402936
4402937
4402938
4402939
4402940
4402941
4402942
4402943
4402944
4402945
4402946
4402947
4402948
4402949
4402950
4402951
4402952
4402953
4402954
4402955
4402956
4402957
4402958
4402959
4402960
4402961
4402962
4402963
4402964
4402965
4402966
4402967
4402968
4402969
4402970
4402971
4402972
4402973
4402974
4402975
4402976
4402977
4402978
4402979
4402980
4402981
4402982
4402983
4402984
4402985
4402986
4402987
4402988
4402989
4402990
4402991
4402992
4402993
4402994
4402995
4402996
4402997
4402998
4402999
4403000
4403001
4403002
4403003
4403004
4403005
4403006
4403007
4403008
4403009
4403010
4403011
4403012
4403013
4403014
4403015
4403016
4403017
4403018
4403019
4403020
4403021
4403022
4403023
4403024
4403025
4403026
4403027
4403028
4403029
4403030
4403031
4403032
4403033
4403034
4403035
4403036
4403037
4403038
4403039
4403040
4403041
4403042
4403043
4403044
4403045
4403046
4403047
4403048
4403049
4403050
4403051
4403052
4403053
4403054
4403055
4403056
4403057
4403058
4403059
4403060
4403061
4403062
4403063
4403064
4403065
4403066
4403067
4403068
4403069
4403070
4403071
4403072
4403073
4403074
4403075
4403076
4403077
4403078
4403079
4403080
4403081
4403082
4403083
4403084
4403085
4403086
4403087
4403088
4403089
4403090
4403091
4403092
4403093
4403094
4403095
4403096
4403097
4403098
4403099
4403100
4403101
4403102
4403103
4403104
4403105
4403106
4403107
4403108
4403109
4403110
4403111
4403112
4403113
4403114
4403115
4403116
4403117
4403118
4403119
4403120
4403121
4403122
4403123
4403124
4403125
4403126
4403127
4403128
4403129
4403130
4403131
4403132
4403133
4403134
4403135
4403136
4403137
4403138
4403139
4403140
4403141
4403142
4403143
4403144
4403145
4403146
4403147
4403148
4403149
4403150
4403151
4403152
4403153
4403154
4403155
4403156
4403157
4403158
4403159
4403160
4403161
4403162
4403163
4403164
4403165
4403166
4403167
4403168
4403169
4403170
4403171
4403172
4403173
4403174
4403175
4403176
4403177
4403178
4403179
4403180
4403181
4403182
4403183
4403184
4403185
4403186
4403187
4403188
4403189
4403190
4403191
4403192
4403193
4403194
4403195
4403196
4403197
4403198
4403199
4403200
4403201
4403202
4403203
4403204
4403205
4403206
4403207
4403208
4403209
4403210
4403211
4403212
4403213
4403214
4403215
4403216
4403217
4403218
4403219
4403220
4403221
4403222
4403223
4403224
4403225
4403226
4403227
4403228
4403229
4403230
4403231
4403232
4403233
4403234
4403235
4403236
4403237
4403238
4403239
4403240
4403241
4403242
4403243
4403244
4403245
4403246
4403247
4403248
4403249
4403250
4403251
4403252
4403253
4403254
4403255
4403256
4403257
4403258
4403259
4403260
4403261
4403262
4403263
4403264
4403265
4403266
4403267
4403268
4403269
4403270
4403271
4403272
4403273
4403274
4403275
4403276
4403277
4403278
4403279
4403280
4403281
4403282
4403283
4403284
4403285
4403286
4403287
4403288
4403289
4403290
4403291
4403292
4403293
4403294
4403295
4403296
4403297
4403298
4403299
4403300
4403301
4403302
4403303
4403304
4403305
4403306
4403307
4403308
4403309
4403310
4403311
4403312
4403313
4403314
4403315
4403316
4403317
4403318
4403319
4403320
4403321
4403322
4403323
4403324
4403325
4403326
4403327
4403328
4403329
4403330
4403331
4403332
4403333
4403334
4403335
4403336
4403337
4403338
4403339
4403340
4403341
4403342
4403343
4403344
4403345
4403346
4403347
4403348
4403349
4403350
4403351
4403352
4403353
4403354
4403355
4403356
4403357
4403358
4403359
4403360
4403361
4403362
4403363
4403364
4403365
4403366
4403367
4403368
4403369
4403370
4403371
4403372
4403373
4403374
4403375
4403376
4403377
4403378
4403379
4403380
4403381
4403382
4403383
4403384
4403385
4403386
4403387
4403388
4403389
4403390
4403391
4403392
4403393
4403394
4403395
4403396
4403397
4403398
4403399
4403400
4403401
4403402
4403403
4403404
4403405
4403406
4403407
4403408
4403409
4403410
4403411
4403412
4403413
4403414
4403415
4403416
4403417
4403418
4403419
4403420
4403421
4403422
4403423
4403424
4403425
4403426
4403427
4403428
4403429
4403430
4403431
4403432
4403433
4403434
4403435
4403436
4403437
4403438
4403439
4403440
4403441
4403442
4403443
4403444
4403445
4403446
4403447
4403448
4403449
4403450
4403451
4403452
4403453
4403454
4403455
4403456
4403457
4403458
4403459
4403460
4403461
4403462
4403463
4403464
4403465
4403466
4403467
4403468
4403469
4403470
4403471
4403472
4403473
4403474
4403475
4403476
4403477
4403478
4403479
4403480
4403481
4403482
4403483
4403484
4403485
4403486
4403487
4403488
4403489
4403490
4403491
4403492
4403493
4403494
4403495
4403496
4403497
4403498
4403499
4403500
4403501
4403502
4403503
4403504
4403505
4403506
4403507
4403508
4403509
4403510
4403511
4403512
4403513
4403514
4403515
4403516
4403517
4403518
4403519
4403520
4403521
4403522
4403523
4403524
4403525
4403526
4403527
4403528
4403529
4403530
4403531
4403532
4403533
4403534
4403535
4403536
4403537
4403538
4403539
4403540
4403541
4403542
4403543
4403544
4403545
4403546
4403547
4403548
4403549
4403550
4403551
4403552
4403553
4403554
4403555
4403556
4403557
4403558
4403559
4403560
4403561
4403562
4403563
4403564
4403565
4403566
4403567
4403568
4403569
4403570
4403571
4403572
4403573
4403574
4403575
4403576
4403577
4403578
4403579
4403580
4403581
4403582
4403583
4403584
4403585
4403586
4403587
4403588
4403589
4403590
4403591
4403592
4403593
4403594
4403595
4403596
4403597
4403598
4403599
4403600
4403601
4403602
4403603
4403604
4403605
4403606
4403607
4403608
4403609
4403610
4403611
4403612
4403613
4403614
4403615
4403616
4403617
4403618
4403619
4403620
4403621
4403622
4403623
4403624
4403625
4403626
4403627
4403628
4403629
4403630
4403631
4403632
4403633
4403634
4403635
4403636
4403637
4403638
4403639
4403640
4403641
4403642
4403643
4403644
4403645
4403646
4403647
4403648
4403649
4403650
4403651
4403652
4403653
4403654
4403655
4403656
4403657
4403658
4403659
4403660
4403661
4403662
4403663
4403664
4403665
4403666
4403667
4403668
4403669
4403670
4403671
4403672
4403673
4403674
4403675
4403676
4403677
4403678
4403679
4403680
4403681
4403682
4403683
4403684
4403685
4403686
4403687
4403688
4403689
4403690
4403691
4403692
4403693
4403694
4403695
4403696
4403697
4403698
4403699
4403700
4403701
4403702
4403703
4403704
4403705
4403706
4403707
4403708
4403709
4403710
4403711
4403712
4403713
4403714
4403715
4403716
4403717
4403718
4403719
4403720
4403721
4403722
4403723
4403724
4403725
4403726
4403727
4403728
4403729
4403730
4403731
4403732
4403733
4403734
4403735
4403736
4403737
4403738
4403739
4403740
4403741
4403742
4403743
4403744
4403745
4403746
4403747
4403748
4403749
4403750
4403751
4403752
4403753
4403754
4403755
4403756
4403757
4403758
4403759
4403760
4403761
4403762
4403763
4403764
4403765
4403766
4403767
4403768
4403769
4403770
4403771
4403772
4403773
4403774
4403775
4403776
4403777
4403778
4403779
4403780
4403781
4403782
4403783
4403784
4403785
4403786
4403787
4403788
4403789
4403790
4403791
4403792
4403793
4403794
4403795
4403796
4403797
4403798
4403799
4403800
4403801
4403802
4403803
4403804
4403805
4403806
4403807
4403808
4403809
4403810
4403811
4403812
4403813
4403814
4403815
4403816
4403817
4403818
4403819
4403820
4403821
4403822
4403823
4403824
4403825
4403826
4403827
4403828
4403829
4403830
4403831
4403832
4403833
4403834
4403835
4403836
4403837
4403838
4403839
4403840
4403841
4403842
4403843
4403844
4403845
4403846
4403847
4403848
4403849
4403850
4403851
4403852
4403853
4403854
4403855
4403856
4403857
4403858
4403859
4403860
4403861
4403862
4403863
4403864
4403865
4403866
4403867
4403868
4403869
4403870
4403871
4403872
4403873
4403874
4403875
4403876
4403877
4403878
4403879
4403880
4403881
4403882
4403883
4403884
4403885
4403886
4403887
4403888
4403889
4403890
4403891
4403892
4403893
4403894
4403895
4403896
4403897
4403898
4403899
4403900
4403901
4403902
4403903
4403904
4403905
4403906
4403907
4403908
4403909
4403910
4403911
4403912
4403913
4403914
4403915
4403916
4403917
4403918
4403919
4403920
4403921
4403922
4403923
4403924
4403925
4403926
4403927
4403928
4403929
4403930
4403931
4403932
4403933
4403934
4403935
4403936
4403937
4403938
4403939
4403940
4403941
4403942
4403943
4403944
4403945
4403946
4403947
4403948
4403949
4403950
4403951
4403952
4403953
4403954
4403955
4403956
4403957
4403958
4403959
4403960
4403961
4403962
4403963
4403964
4403965
4403966
4403967
4403968
4403969
4403970
4403971
4403972
4403973
4403974
4403975
4403976
4403977
4403978
4403979
4403980
4403981
4403982
4403983
4403984
4403985
4403986
4403987
4403988
4403989
4403990
4403991
4403992
4403993
4403994
4403995
4403996
4403997
4403998
4403999
4404000
4404001
4404002
4404003
4404004
4404005
4404006
4404007
4404008
4404009
4404010
4404011
4404012
4404013
4404014
4404015
4404016
4404017
4404018
4404019
4404020
4404021
4404022
4404023
4404024
4404025
4404026
4404027
4404028
4404029
4404030
4404031
4404032
4404033
4404034
4404035
4404036
4404037
4404038
4404039
4404040
4404041
4404042
4404043
4404044
4404045
4404046
4404047
4404048
4404049
4404050
4404051
4404052
4404053
4404054
4404055
4404056
4404057
4404058
4404059
4404060
4404061
4404062
4404063
4404064
4404065
4404066
4404067
4404068
4404069
4404070
4404071
4404072
4404073
4404074
4404075
4404076
4404077
4404078
4404079
4404080
4404081
4404082
4404083
4404084
4404085
4404086
4404087
4404088
4404089
4404090
4404091
4404092
4404093
4404094
4404095
4404096
4404097
4404098
4404099
4404100
4404101
4404102
4404103
4404104
4404105
4404106
4404107
4404108
4404109
4404110
4404111
4404112
4404113
4404114
4404115
4404116
4404117
4404118
4404119
4404120
4404121
4404122
4404123
4404124
4404125
4404126
4404127
4404128
4404129
4404130
4404131
4404132
4404133
4404134
4404135
4404136
4404137
4404138
4404139
4404140
4404141
4404142
4404143
4404144
4404145
4404146
4404147
4404148
4404149
4404150
4404151
4404152
4404153
4404154
4404155
4404156
4404157
4404158
4404159
4404160
4404161
4404162
4404163
4404164
4404165
4404166
4404167
4404168
4404169
4404170
4404171
4404172
4404173
4404174
4404175
4404176
4404177
4404178
4404179
4404180
4404181
4404182
4404183
4404184
4404185
4404186
4404187
4404188
4404189
4404190
4404191
4404192
4404193
4404194
4404195
4404196
4404197
4404198
4404199
4404200
4404201
4404202
4404203
4404204
4404205
4404206
4404207
4404208
4404209
4404210
4404211
4404212
4404213
4404214
4404215
4404216
4404217
4404218
4404219
4404220
4404221
4404222
4404223
4404224
4404225
4404226
4404227
4404228
4404229
4404230
4404231
4404232
4404233
4404234
4404235
4404236
4404237
4404238
4404239
4404240
4404241
4404242
4404243
4404244
4404245
4404246
4404247
4404248
4404249
4404250
4404251
4404252
4404253
4404254
4404255
4404256
4404257
4404258
4404259
4404260
4404261
4404262
4404263
4404264
4404265
4404266
4404267
4404268
4404269
4404270
4404271
4404272
4404273
4404274
4404275
4404276
4404277
4404278
4404279
4404280
4404281
4404282
4404283
4404284
4404285
4404286
4404287
4404288
4404289
4404290
4404291
4404292
4404293
4404294
4404295
4404296
4404297
4404298
4404299
4404300
4404301
4404302
4404303
4404304
4404305
4404306
4404307
4404308
4404309
4404310
4404311
4404312
4404313
4404314
4404315
4404316
4404317
4404318
4404319
4404320
4404321
4404322
4404323
4404324
4404325
4404326
4404327
4404328
4404329
4404330
4404331
4404332
4404333
4404334
4404335
4404336
4404337
4404338
4404339
4404340
4404341
4404342
4404343
4404344
4404345
4404346
4404347
4404348
4404349
4404350
4404351
4404352
4404353
4404354
4404355
4404356
4404357
4404358
4404359
4404360
4404361
4404362
4404363
4404364
4404365
4404366
4404367
4404368
4404369
4404370
4404371
4404372
4404373
4404374
4404375
4404376
4404377
4404378
4404379
4404380
4404381
4404382
4404383
4404384
4404385
4404386
4404387
4404388
4404389
4404390
4404391
4404392
4404393
4404394
4404395
4404396
4404397
4404398
4404399
4404400
4404401
4404402
4404403
4404404
4404405
4404406
4404407
4404408
4404409
4404410
4404411
4404412
4404413
4404414
4404415
4404416
4404417
4404418
4404419
4404420
4404421
4404422
4404423
4404424
4404425
4404426
4404427
4404428
4404429
4404430
4404431
4404432
4404433
4404434
4404435
4404436
4404437
4404438
4404439
4404440
4404441
4404442
4404443
4404444
4404445
4404446
4404447
4404448
4404449
4404450
4404451
4404452
4404453
4404454
4404455
4404456
4404457
4404458
4404459
4404460
4404461
4404462
4404463
4404464
4404465
4404466
4404467
4404468
4404469
4404470
4404471
4404472
4404473
4404474
4404475
4404476
4404477
4404478
4404479
4404480
4404481
4404482
4404483
4404484
4404485
4404486
4404487
4404488
4404489
4404490
4404491
4404492
4404493
4404494
4404495
4404496
4404497
4404498
4404499
4404500
4404501
4404502
4404503
4404504
4404505
4404506
4404507
4404508
4404509
4404510
4404511
4404512
4404513
4404514
4404515
4404516
4404517
4404518
4404519
4404520
4404521
4404522
4404523
4404524
4404525
4404526
4404527
4404528
4404529
4404530
4404531
4404532
4404533
4404534
4404535
4404536
4404537
4404538
4404539
4404540
4404541
4404542
4404543
4404544
4404545
4404546
4404547
4404548
4404549
4404550
4404551
4404552
4404553
4404554
4404555
4404556
4404557
4404558
4404559
4404560
4404561
4404562
4404563
4404564
4404565
4404566
4404567
4404568
4404569
4404570
4404571
4404572
4404573
4404574
4404575
4404576
4404577
4404578
4404579
4404580
4404581
4404582
4404583
4404584
4404585
4404586
4404587
4404588
4404589
4404590
4404591
4404592
4404593
4404594
4404595
4404596
4404597
4404598
4404599
4404600
4404601
4404602
4404603
4404604
4404605
4404606
4404607
4404608
4404609
4404610
4404611
4404612
4404613
4404614
4404615
4404616
4404617
4404618
4404619
4404620
4404621
4404622
4404623
4404624
4404625
4404626
4404627
4404628
4404629
4404630
4404631
4404632
4404633
4404634
4404635
4404636
4404637
4404638
4404639
4404640
4404641
4404642
4404643
4404644
4404645
4404646
4404647
4404648
4404649
4404650
4404651
4404652
4404653
4404654
4404655
4404656
4404657
4404658
4404659
4404660
4404661
4404662
4404663
4404664
4404665
4404666
4404667
4404668
4404669
4404670
4404671
4404672
4404673
4404674
4404675
4404676
4404677
4404678
4404679
4404680
4404681
4404682
4404683
4404684
4404685
4404686
4404687
4404688
4404689
4404690
4404691
4404692
4404693
4404694
4404695
4404696
4404697
4404698
4404699
4404700
4404701
4404702
4404703
4404704
4404705
4404706
4404707
4404708
4404709
4404710
4404711
4404712
4404713
4404714
4404715
4404716
4404717
4404718
4404719
4404720
4404721
4404722
4404723
4404724
4404725
4404726
4404727
4404728
4404729
4404730
4404731
4404732
4404733
4404734
4404735
4404736
4404737
4404738
4404739
4404740
4404741
4404742
4404743
4404744
4404745
4404746
4404747
4404748
4404749
4404750
4404751
4404752
4404753
4404754
4404755
4404756
4404757
4404758
4404759
4404760
4404761
4404762
4404763
4404764
4404765
4404766
4404767
4404768
4404769
4404770
4404771
4404772
4404773
4404774
4404775
4404776
4404777
4404778
4404779
4404780
4404781
4404782
4404783
4404784
4404785
4404786
4404787
4404788
4404789
4404790
4404791
4404792
4404793
4404794
4404795
4404796
4404797
4404798
4404799
4404800
4404801
4404802
4404803
4404804
4404805
4404806
4404807
4404808
4404809
4404810
4404811
4404812
4404813
4404814
4404815
4404816
4404817
4404818
4404819
4404820
4404821
4404822
4404823
4404824
4404825
4404826
4404827
4404828
4404829
4404830
4404831
4404832
4404833
4404834
4404835
4404836
4404837
4404838
4404839
4404840
4404841
4404842
4404843
4404844
4404845
4404846
4404847
4404848
4404849
4404850
4404851
4404852
4404853
4404854
4404855
4404856
4404857
4404858
4404859
4404860
4404861
4404862
4404863
4404864
4404865
4404866
4404867
4404868
4404869
4404870
4404871
4404872
4404873
4404874
4404875
4404876
4404877
4404878
4404879
4404880
4404881
4404882
4404883
4404884
4404885
4404886
4404887
4404888
4404889
4404890
4404891
4404892
4404893
4404894
4404895
4404896
4404897
4404898
4404899
4404900
4404901
4404902
4404903
4404904
4404905
4404906
4404907
4404908
4404909
4404910
4404911
4404912
4404913
4404914
4404915
4404916
4404917
4404918
4404919
4404920
4404921
4404922
4404923
4404924
4404925
4404926
4404927
4404928
4404929
4404930
4404931
4404932
4404933
4404934
4404935
4404936
4404937
4404938
4404939
4404940
4404941
4404942
4404943
4404944
4404945
4404946
4404947
4404948
4404949
4404950
4404951
4404952
4404953
4404954
4404955
4404956
4404957
4404958
4404959
4404960
4404961
4404962
4404963
4404964
4404965
4404966
4404967
4404968
4404969
4404970
4404971
4404972
4404973
4404974
4404975
4404976
4404977
4404978
4404979
4404980
4404981
4404982
4404983
4404984
4404985
4404986
4404987
4404988
4404989
4404990
4404991
4404992
4404993
4404994
4404995
4404996
4404997
4404998
4404999
4405000
4405001
4405002
4405003
4405004
4405005
4405006
4405007
4405008
4405009
4405010
4405011
4405012
4405013
4405014
4405015
4405016
4405017
4405018
4405019
4405020
4405021
4405022
4405023
4405024
4405025
4405026
4405027
4405028
4405029
4405030
4405031
4405032
4405033
4405034
4405035
4405036
4405037
4405038
4405039
4405040
4405041
4405042
4405043
4405044
4405045
4405046
4405047
4405048
4405049
4405050
4405051
4405052
4405053
4405054
4405055
4405056
4405057
4405058
4405059
4405060
4405061
4405062
4405063
4405064
4405065
4405066
4405067
4405068
4405069
4405070
4405071
4405072
4405073
4405074
4405075
4405076
4405077
4405078
4405079
4405080
4405081
4405082
4405083
4405084
4405085
4405086
4405087
4405088
4405089
4405090
4405091
4405092
4405093
4405094
4405095
4405096
4405097
4405098
4405099
4405100
4405101
4405102
4405103
4405104
4405105
4405106
4405107
4405108
4405109
4405110
4405111
4405112
4405113
4405114
4405115
4405116
4405117
4405118
4405119
4405120
4405121
4405122
4405123
4405124
4405125
4405126
4405127
4405128
4405129
4405130
4405131
4405132
4405133
4405134
4405135
4405136
4405137
4405138
4405139
4405140
4405141
4405142
4405143
4405144
4405145
4405146
4405147
4405148
4405149
4405150
4405151
4405152
4405153
4405154
4405155
4405156
4405157
4405158
4405159
4405160
4405161
4405162
4405163
4405164
4405165
4405166
4405167
4405168
4405169
4405170
4405171
4405172
4405173
4405174
4405175
4405176
4405177
4405178
4405179
4405180
4405181
4405182
4405183
4405184
4405185
4405186
4405187
4405188
4405189
4405190
4405191
4405192
4405193
4405194
4405195
4405196
4405197
4405198
4405199
4405200
4405201
4405202
4405203
4405204
4405205
4405206
4405207
4405208
4405209
4405210
4405211
4405212
4405213
4405214
4405215
4405216
4405217
4405218
4405219
4405220
4405221
4405222
4405223
4405224
4405225
4405226
4405227
4405228
4405229
4405230
4405231
4405232
4405233
4405234
4405235
4405236
4405237
4405238
4405239
4405240
4405241
4405242
4405243
4405244
4405245
4405246
4405247
4405248
4405249
4405250
4405251
4405252
4405253
4405254
4405255
4405256
4405257
4405258
4405259
4405260
4405261
4405262
4405263
4405264
4405265
4405266
4405267
4405268
4405269
4405270
4405271
4405272
4405273
4405274
4405275
4405276
4405277
4405278
4405279
4405280
4405281
4405282
4405283
4405284
4405285
4405286
4405287
4405288
4405289
4405290
4405291
4405292
4405293
4405294
4405295
4405296
4405297
4405298
4405299
4405300
4405301
4405302
4405303
4405304
4405305
4405306
4405307
4405308
4405309
4405310
4405311
4405312
4405313
4405314
4405315
4405316
4405317
4405318
4405319
4405320
4405321
4405322
4405323
4405324
4405325
4405326
4405327
4405328
4405329
4405330
4405331
4405332
4405333
4405334
4405335
4405336
4405337
4405338
4405339
4405340
4405341
4405342
4405343
4405344
4405345
4405346
4405347
4405348
4405349
4405350
4405351
4405352
4405353
4405354
4405355
4405356
4405357
4405358
4405359
4405360
4405361
4405362
4405363
4405364
4405365
4405366
4405367
4405368
4405369
4405370
4405371
4405372
4405373
4405374
4405375
4405376
4405377
4405378
4405379
4405380
4405381
4405382
4405383
4405384
4405385
4405386
4405387
4405388
4405389
4405390
4405391
4405392
4405393
4405394
4405395
4405396
4405397
4405398
4405399
4405400
4405401
4405402
4405403
4405404
4405405
4405406
4405407
4405408
4405409
4405410
4405411
4405412
4405413
4405414
4405415
4405416
4405417
4405418
4405419
4405420
4405421
4405422
4405423
4405424
4405425
4405426
4405427
4405428
4405429
4405430
4405431
4405432
4405433
4405434
4405435
4405436
4405437
4405438
4405439
4405440
4405441
4405442
4405443
4405444
4405445
4405446
4405447
4405448
4405449
4405450
4405451
4405452
4405453
4405454
4405455
4405456
4405457
4405458
4405459
4405460
4405461
4405462
4405463
4405464
4405465
4405466
4405467
4405468
4405469
4405470
4405471
4405472
4405473
4405474
4405475
4405476
4405477
4405478
4405479
4405480
4405481
4405482
4405483
4405484
4405485
4405486
4405487
4405488
4405489
4405490
4405491
4405492
4405493
4405494
4405495
4405496
4405497
4405498
4405499
4405500
4405501
4405502
4405503
4405504
4405505
4405506
4405507
4405508
4405509
4405510
4405511
4405512
4405513
4405514
4405515
4405516
4405517
4405518
4405519
4405520
4405521
4405522
4405523
4405524
4405525
4405526
4405527
4405528
4405529
4405530
4405531
4405532
4405533
4405534
4405535
4405536
4405537
4405538
4405539
4405540
4405541
4405542
4405543
4405544
4405545
4405546
4405547
4405548
4405549
4405550
4405551
4405552
4405553
4405554
4405555
4405556
4405557
4405558
4405559
4405560
4405561
4405562
4405563
4405564
4405565
4405566
4405567
4405568
4405569
4405570
4405571
4405572
4405573
4405574
4405575
4405576
4405577
4405578
4405579
4405580
4405581
4405582
4405583
4405584
4405585
4405586
4405587
4405588
4405589
4405590
4405591
4405592
4405593
4405594
4405595
4405596
4405597
4405598
4405599
4405600
4405601
4405602
4405603
4405604
4405605
4405606
4405607
4405608
4405609
4405610
4405611
4405612
4405613
4405614
4405615
4405616
4405617
4405618
4405619
4405620
4405621
4405622
4405623
4405624
4405625
4405626
4405627
4405628
4405629
4405630
4405631
4405632
4405633
4405634
4405635
4405636
4405637
4405638
4405639
4405640
4405641
4405642
4405643
4405644
4405645
4405646
4405647
4405648
4405649
4405650
4405651
4405652
4405653
4405654
4405655
4405656
4405657
4405658
4405659
4405660
4405661
4405662
4405663
4405664
4405665
4405666
4405667
4405668
4405669
4405670
4405671
4405672
4405673
4405674
4405675
4405676
4405677
4405678
4405679
4405680
4405681
4405682
4405683
4405684
4405685
4405686
4405687
4405688
4405689
4405690
4405691
4405692
4405693
4405694
4405695
4405696
4405697
4405698
4405699
4405700
4405701
4405702
4405703
4405704
4405705
4405706
4405707
4405708
4405709
4405710
4405711
4405712
4405713
4405714
4405715
4405716
4405717
4405718
4405719
4405720
4405721
4405722
4405723
4405724
4405725
4405726
4405727
4405728
4405729
4405730
4405731
4405732
4405733
4405734
4405735
4405736
4405737
4405738
4405739
4405740
4405741
4405742
4405743
4405744
4405745
4405746
4405747
4405748
4405749
4405750
4405751
4405752
4405753
4405754
4405755
4405756
4405757
4405758
4405759
4405760
4405761
4405762
4405763
4405764
4405765
4405766
4405767
4405768
4405769
4405770
4405771
4405772
4405773
4405774
4405775
4405776
4405777
4405778
4405779
4405780
4405781
4405782
4405783
4405784
4405785
4405786
4405787
4405788
4405789
4405790
4405791
4405792
4405793
4405794
4405795
4405796
4405797
4405798
4405799
4405800
4405801
4405802
4405803
4405804
4405805
4405806
4405807
4405808
4405809
4405810
4405811
4405812
4405813
4405814
4405815
4405816
4405817
4405818
4405819
4405820
4405821
4405822
4405823
4405824
4405825
4405826
4405827
4405828
4405829
4405830
4405831
4405832
4405833
4405834
4405835
4405836
4405837
4405838
4405839
4405840
4405841
4405842
4405843
4405844
4405845
4405846
4405847
4405848
4405849
4405850
4405851
4405852
4405853
4405854
4405855
4405856
4405857
4405858
4405859
4405860
4405861
4405862
4405863
4405864
4405865
4405866
4405867
4405868
4405869
4405870
4405871
4405872
4405873
4405874
4405875
4405876
4405877
4405878
4405879
4405880
4405881
4405882
4405883
4405884
4405885
4405886
4405887
4405888
4405889
4405890
4405891
4405892
4405893
4405894
4405895
4405896
4405897
4405898
4405899
4405900
4405901
4405902
4405903
4405904
4405905
4405906
4405907
4405908
4405909
4405910
4405911
4405912
4405913
4405914
4405915
4405916
4405917
4405918
4405919
4405920
4405921
4405922
4405923
4405924
4405925
4405926
4405927
4405928
4405929
4405930
4405931
4405932
4405933
4405934
4405935
4405936
4405937
4405938
4405939
4405940
4405941
4405942
4405943
4405944
4405945
4405946
4405947
4405948
4405949
4405950
4405951
4405952
4405953
4405954
4405955
4405956
4405957
4405958
4405959
4405960
4405961
4405962
4405963
4405964
4405965
4405966
4405967
4405968
4405969
4405970
4405971
4405972
4405973
4405974
4405975
4405976
4405977
4405978
4405979
4405980
4405981
4405982
4405983
4405984
4405985
4405986
4405987
4405988
4405989
4405990
4405991
4405992
4405993
4405994
4405995
4405996
4405997
4405998
4405999
4406000
4406001
4406002
4406003
4406004
4406005
4406006
4406007
4406008
4406009
4406010
4406011
4406012
4406013
4406014
4406015
4406016
4406017
4406018
4406019
4406020
4406021
4406022
4406023
4406024
4406025
4406026
4406027
4406028
4406029
4406030
4406031
4406032
4406033
4406034
4406035
4406036
4406037
4406038
4406039
4406040
4406041
4406042
4406043
4406044
4406045
4406046
4406047
4406048
4406049
4406050
4406051
4406052
4406053
4406054
4406055
4406056
4406057
4406058
4406059
4406060
4406061
4406062
4406063
4406064
4406065
4406066
4406067
4406068
4406069
4406070
4406071
4406072
4406073
4406074
4406075
4406076
4406077
4406078
4406079
4406080
4406081
4406082
4406083
4406084
4406085
4406086
4406087
4406088
4406089
4406090
4406091
4406092
4406093
4406094
4406095
4406096
4406097
4406098
4406099
4406100
4406101
4406102
4406103
4406104
4406105
4406106
4406107
4406108
4406109
4406110
4406111
4406112
4406113
4406114
4406115
4406116
4406117
4406118
4406119
4406120
4406121
4406122
4406123
4406124
4406125
4406126
4406127
4406128
4406129
4406130
4406131
4406132
4406133
4406134
4406135
4406136
4406137
4406138
4406139
4406140
4406141
4406142
4406143
4406144
4406145
4406146
4406147
4406148
4406149
4406150
4406151
4406152
4406153
4406154
4406155
4406156
4406157
4406158
4406159
4406160
4406161
4406162
4406163
4406164
4406165
4406166
4406167
4406168
4406169
4406170
4406171
4406172
4406173
4406174
4406175
4406176
4406177
4406178
4406179
4406180
4406181
4406182
4406183
4406184
4406185
4406186
4406187
4406188
4406189
4406190
4406191
4406192
4406193
4406194
4406195
4406196
4406197
4406198
4406199
4406200
4406201
4406202
4406203
4406204
4406205
4406206
4406207
4406208
4406209
4406210
4406211
4406212
4406213
4406214
4406215
4406216
4406217
4406218
4406219
4406220
4406221
4406222
4406223
4406224
4406225
4406226
4406227
4406228
4406229
4406230
4406231
4406232
4406233
4406234
4406235
4406236
4406237
4406238
4406239
4406240
4406241
4406242
4406243
4406244
4406245
4406246
4406247
4406248
4406249
4406250
4406251
4406252
4406253
4406254
4406255
4406256
4406257
4406258
4406259
4406260
4406261
4406262
4406263
4406264
4406265
4406266
4406267
4406268
4406269
4406270
4406271
4406272
4406273
4406274
4406275
4406276
4406277
4406278
4406279
4406280
4406281
4406282
4406283
4406284
4406285
4406286
4406287
4406288
4406289
4406290
4406291
4406292
4406293
4406294
4406295
4406296
4406297
4406298
4406299
4406300
4406301
4406302
4406303
4406304
4406305
4406306
4406307
4406308
4406309
4406310
4406311
4406312
4406313
4406314
4406315
4406316
4406317
4406318
4406319
4406320
4406321
4406322
4406323
4406324
4406325
4406326
4406327
4406328
4406329
4406330
4406331
4406332
4406333
4406334
4406335
4406336
4406337
4406338
4406339
4406340
4406341
4406342
4406343
4406344
4406345
4406346
4406347
4406348
4406349
4406350
4406351
4406352
4406353
4406354
4406355
4406356
4406357
4406358
4406359
4406360
4406361
4406362
4406363
4406364
4406365
4406366
4406367
4406368
4406369
4406370
4406371
4406372
4406373
4406374
4406375
4406376
4406377
4406378
4406379
4406380
4406381
4406382
4406383
4406384
4406385
4406386
4406387
4406388
4406389
4406390
4406391
4406392
4406393
4406394
4406395
4406396
4406397
4406398
4406399
4406400
4406401
4406402
4406403
4406404
4406405
4406406
4406407
4406408
4406409
4406410
4406411
4406412
4406413
4406414
4406415
4406416
4406417
4406418
4406419
4406420
4406421
4406422
4406423
4406424
4406425
4406426
4406427
4406428
4406429
4406430
4406431
4406432
4406433
4406434
4406435
4406436
4406437
4406438
4406439
4406440
4406441
4406442
4406443
4406444
4406445
4406446
4406447
4406448
4406449
4406450
4406451
4406452
4406453
4406454
4406455
4406456
4406457
4406458
4406459
4406460
4406461
4406462
4406463
4406464
4406465
4406466
4406467
4406468
4406469
4406470
4406471
4406472
4406473
4406474
4406475
4406476
4406477
4406478
4406479
4406480
4406481
4406482
4406483
4406484
4406485
4406486
4406487
4406488
4406489
4406490
4406491
4406492
4406493
4406494
4406495
4406496
4406497
4406498
4406499
4406500
4406501
4406502
4406503
4406504
4406505
4406506
4406507
4406508
4406509
4406510
4406511
4406512
4406513
4406514
4406515
4406516
4406517
4406518
4406519
4406520
4406521
4406522
4406523
4406524
4406525
4406526
4406527
4406528
4406529
4406530
4406531
4406532
4406533
4406534
4406535
4406536
4406537
4406538
4406539
4406540
4406541
4406542
4406543
4406544
4406545
4406546
4406547
4406548
4406549
4406550
4406551
4406552
4406553
4406554
4406555
4406556
4406557
4406558
4406559
4406560
4406561
4406562
4406563
4406564
4406565
4406566
4406567
4406568
4406569
4406570
4406571
4406572
4406573
4406574
4406575
4406576
4406577
4406578
4406579
4406580
4406581
4406582
4406583
4406584
4406585
4406586
4406587
4406588
4406589
4406590
4406591
4406592
4406593
4406594
4406595
4406596
4406597
4406598
4406599
4406600
4406601
4406602
4406603
4406604
4406605
4406606
4406607
4406608
4406609
4406610
4406611
4406612
4406613
4406614
4406615
4406616
4406617
4406618
4406619
4406620
4406621
4406622
4406623
4406624
4406625
4406626
4406627
4406628
4406629
4406630
4406631
4406632
4406633
4406634
4406635
4406636
4406637
4406638
4406639
4406640
4406641
4406642
4406643
4406644
4406645
4406646
4406647
4406648
4406649
4406650
4406651
4406652
4406653
4406654
4406655
4406656
4406657
4406658
4406659
4406660
4406661
4406662
4406663
4406664
4406665
4406666
4406667
4406668
4406669
4406670
4406671
4406672
4406673
4406674
4406675
4406676
4406677
4406678
4406679
4406680
4406681
4406682
4406683
4406684
4406685
4406686
4406687
4406688
4406689
4406690
4406691
4406692
4406693
4406694
4406695
4406696
4406697
4406698
4406699
4406700
4406701
4406702
4406703
4406704
4406705
4406706
4406707
4406708
4406709
4406710
4406711
4406712
4406713
4406714
4406715
4406716
4406717
4406718
4406719
4406720
4406721
4406722
4406723
4406724
4406725
4406726
4406727
4406728
4406729
4406730
4406731
4406732
4406733
4406734
4406735
4406736
4406737
4406738
4406739
4406740
4406741
4406742
4406743
4406744
4406745
4406746
4406747
4406748
4406749
4406750
4406751
4406752
4406753
4406754
4406755
4406756
4406757
4406758
4406759
4406760
4406761
4406762
4406763
4406764
4406765
4406766
4406767
4406768
4406769
4406770
4406771
4406772
4406773
4406774
4406775
4406776
4406777
4406778
4406779
4406780
4406781
4406782
4406783
4406784
4406785
4406786
4406787
4406788
4406789
4406790
4406791
4406792
4406793
4406794
4406795
4406796
4406797
4406798
4406799
4406800
4406801
4406802
4406803
4406804
4406805
4406806
4406807
4406808
4406809
4406810
4406811
4406812
4406813
4406814
4406815
4406816
4406817
4406818
4406819
4406820
4406821
4406822
4406823
4406824
4406825
4406826
4406827
4406828
4406829
4406830
4406831
4406832
4406833
4406834
4406835
4406836
4406837
4406838
4406839
4406840
4406841
4406842
4406843
4406844
4406845
4406846
4406847
4406848
4406849
4406850
4406851
4406852
4406853
4406854
4406855
4406856
4406857
4406858
4406859
4406860
4406861
4406862
4406863
4406864
4406865
4406866
4406867
4406868
4406869
4406870
4406871
4406872
4406873
4406874
4406875
4406876
4406877
4406878
4406879
4406880
4406881
4406882
4406883
4406884
4406885
4406886
4406887
4406888
4406889
4406890
4406891
4406892
4406893
4406894
4406895
4406896
4406897
4406898
4406899
4406900
4406901
4406902
4406903
4406904
4406905
4406906
4406907
4406908
4406909
4406910
4406911
4406912
4406913
4406914
4406915
4406916
4406917
4406918
4406919
4406920
4406921
4406922
4406923
4406924
4406925
4406926
4406927
4406928
4406929
4406930
4406931
4406932
4406933
4406934
4406935
4406936
4406937
4406938
4406939
4406940
4406941
4406942
4406943
4406944
4406945
4406946
4406947
4406948
4406949
4406950
4406951
4406952
4406953
4406954
4406955
4406956
4406957
4406958
4406959
4406960
4406961
4406962
4406963
4406964
4406965
4406966
4406967
4406968
4406969
4406970
4406971
4406972
4406973
4406974
4406975
4406976
4406977
4406978
4406979
4406980
4406981
4406982
4406983
4406984
4406985
4406986
4406987
4406988
4406989
4406990
4406991
4406992
4406993
4406994
4406995
4406996
4406997
4406998
4406999
4407000
4407001
4407002
4407003
4407004
4407005
4407006
4407007
4407008
4407009
4407010
4407011
4407012
4407013
4407014
4407015
4407016
4407017
4407018
4407019
4407020
4407021
4407022
4407023
4407024
4407025
4407026
4407027
4407028
4407029
4407030
4407031
4407032
4407033
4407034
4407035
4407036
4407037
4407038
4407039
4407040
4407041
4407042
4407043
4407044
4407045
4407046
4407047
4407048
4407049
4407050
4407051
4407052
4407053
4407054
4407055
4407056
4407057
4407058
4407059
4407060
4407061
4407062
4407063
4407064
4407065
4407066
4407067
4407068
4407069
4407070
4407071
4407072
4407073
4407074
4407075
4407076
4407077
4407078
4407079
4407080
4407081
4407082
4407083
4407084
4407085
4407086
4407087
4407088
4407089
4407090
4407091
4407092
4407093
4407094
4407095
4407096
4407097
4407098
4407099
4407100
4407101
4407102
4407103
4407104
4407105
4407106
4407107
4407108
4407109
4407110
4407111
4407112
4407113
4407114
4407115
4407116
4407117
4407118
4407119
4407120
4407121
4407122
4407123
4407124
4407125
4407126
4407127
4407128
4407129
4407130
4407131
4407132
4407133
4407134
4407135
4407136
4407137
4407138
4407139
4407140
4407141
4407142
4407143
4407144
4407145
4407146
4407147
4407148
4407149
4407150
4407151
4407152
4407153
4407154
4407155
4407156
4407157
4407158
4407159
4407160
4407161
4407162
4407163
4407164
4407165
4407166
4407167
4407168
4407169
4407170
4407171
4407172
4407173
4407174
4407175
4407176
4407177
4407178
4407179
4407180
4407181
4407182
4407183
4407184
4407185
4407186
4407187
4407188
4407189
4407190
4407191
4407192
4407193
4407194
4407195
4407196
4407197
4407198
4407199
4407200
4407201
4407202
4407203
4407204
4407205
4407206
4407207
4407208
4407209
4407210
4407211
4407212
4407213
4407214
4407215
4407216
4407217
4407218
4407219
4407220
4407221
4407222
4407223
4407224
4407225
4407226
4407227
4407228
4407229
4407230
4407231
4407232
4407233
4407234
4407235
4407236
4407237
4407238
4407239
4407240
4407241
4407242
4407243
4407244
4407245
4407246
4407247
4407248
4407249
4407250
4407251
4407252
4407253
4407254
4407255
4407256
4407257
4407258
4407259
4407260
4407261
4407262
4407263
4407264
4407265
4407266
4407267
4407268
4407269
4407270
4407271
4407272
4407273
4407274
4407275
4407276
4407277
4407278
4407279
4407280
4407281
4407282
4407283
4407284
4407285
4407286
4407287
4407288
4407289
4407290
4407291
4407292
4407293
4407294
4407295
4407296
4407297
4407298
4407299
4407300
4407301
4407302
4407303
4407304
4407305
4407306
4407307
4407308
4407309
4407310
4407311
4407312
4407313
4407314
4407315
4407316
4407317
4407318
4407319
4407320
4407321
4407322
4407323
4407324
4407325
4407326
4407327
4407328
4407329
4407330
4407331
4407332
4407333
4407334
4407335
4407336
4407337
4407338
4407339
4407340
4407341
4407342
4407343
4407344
4407345
4407346
4407347
4407348
4407349
4407350
4407351
4407352
4407353
4407354
4407355
4407356
4407357
4407358
4407359
4407360
4407361
4407362
4407363
4407364
4407365
4407366
4407367
4407368
4407369
4407370
4407371
4407372
4407373
4407374
4407375
4407376
4407377
4407378
4407379
4407380
4407381
4407382
4407383
4407384
4407385
4407386
4407387
4407388
4407389
4407390
4407391
4407392
4407393
4407394
4407395
4407396
4407397
4407398
4407399
4407400
4407401
4407402
4407403
4407404
4407405
4407406
4407407
4407408
4407409
4407410
4407411
4407412
4407413
4407414
4407415
4407416
4407417
4407418
4407419
4407420
4407421
4407422
4407423
4407424
4407425
4407426
4407427
4407428
4407429
4407430
4407431
4407432
4407433
4407434
4407435
4407436
4407437
4407438
4407439
4407440
4407441
4407442
4407443
4407444
4407445
4407446
4407447
4407448
4407449
4407450
4407451
4407452
4407453
4407454
4407455
4407456
4407457
4407458
4407459
4407460
4407461
4407462
4407463
4407464
4407465
4407466
4407467
4407468
4407469
4407470
4407471
4407472
4407473
4407474
4407475
4407476
4407477
4407478
4407479
4407480
4407481
4407482
4407483
4407484
4407485
4407486
4407487
4407488
4407489
4407490
4407491
4407492
4407493
4407494
4407495
4407496
4407497
4407498
4407499
4407500
4407501
4407502
4407503
4407504
4407505
4407506
4407507
4407508
4407509
4407510
4407511
4407512
4407513
4407514
4407515
4407516
4407517
4407518
4407519
4407520
4407521
4407522
4407523
4407524
4407525
4407526
4407527
4407528
4407529
4407530
4407531
4407532
4407533
4407534
4407535
4407536
4407537
4407538
4407539
4407540
4407541
4407542
4407543
4407544
4407545
4407546
4407547
4407548
4407549
4407550
4407551
4407552
4407553
4407554
4407555
4407556
4407557
4407558
4407559
4407560
4407561
4407562
4407563
4407564
4407565
4407566
4407567
4407568
4407569
4407570
4407571
4407572
4407573
4407574
4407575
4407576
4407577
4407578
4407579
4407580
4407581
4407582
4407583
4407584
4407585
4407586
4407587
4407588
4407589
4407590
4407591
4407592
4407593
4407594
4407595
4407596
4407597
4407598
4407599
4407600
4407601
4407602
4407603
4407604
4407605
4407606
4407607
4407608
4407609
4407610
4407611
4407612
4407613
4407614
4407615
4407616
4407617
4407618
4407619
4407620
4407621
4407622
4407623
4407624
4407625
4407626
4407627
4407628
4407629
4407630
4407631
4407632
4407633
4407634
4407635
4407636
4407637
4407638
4407639
4407640
4407641
4407642
4407643
4407644
4407645
4407646
4407647
4407648
4407649
4407650
4407651
4407652
4407653
4407654
4407655
4407656
4407657
4407658
4407659
4407660
4407661
4407662
4407663
4407664
4407665
4407666
4407667
4407668
4407669
4407670
4407671
4407672
4407673
4407674
4407675
4407676
4407677
4407678
4407679
4407680
4407681
4407682
4407683
4407684
4407685
4407686
4407687
4407688
4407689
4407690
4407691
4407692
4407693
4407694
4407695
4407696
4407697
4407698
4407699
4407700
4407701
4407702
4407703
4407704
4407705
4407706
4407707
4407708
4407709
4407710
4407711
4407712
4407713
4407714
4407715
4407716
4407717
4407718
4407719
4407720
4407721
4407722
4407723
4407724
4407725
4407726
4407727
4407728
4407729
4407730
4407731
4407732
4407733
4407734
4407735
4407736
4407737
4407738
4407739
4407740
4407741
4407742
4407743
4407744
4407745
4407746
4407747
4407748
4407749
4407750
4407751
4407752
4407753
4407754
4407755
4407756
4407757
4407758
4407759
4407760
4407761
4407762
4407763
4407764
4407765
4407766
4407767
4407768
4407769
4407770
4407771
4407772
4407773
4407774
4407775
4407776
4407777
4407778
4407779
4407780
4407781
4407782
4407783
4407784
4407785
4407786
4407787
4407788
4407789
4407790
4407791
4407792
4407793
4407794
4407795
4407796
4407797
4407798
4407799
4407800
4407801
4407802
4407803
4407804
4407805
4407806
4407807
4407808
4407809
4407810
4407811
4407812
4407813
4407814
4407815
4407816
4407817
4407818
4407819
4407820
4407821
4407822
4407823
4407824
4407825
4407826
4407827
4407828
4407829
4407830
4407831
4407832
4407833
4407834
4407835
4407836
4407837
4407838
4407839
4407840
4407841
4407842
4407843
4407844
4407845
4407846
4407847
4407848
4407849
4407850
4407851
4407852
4407853
4407854
4407855
4407856
4407857
4407858
4407859
4407860
4407861
4407862
4407863
4407864
4407865
4407866
4407867
4407868
4407869
4407870
4407871
4407872
4407873
4407874
4407875
4407876
4407877
4407878
4407879
4407880
4407881
4407882
4407883
4407884
4407885
4407886
4407887
4407888
4407889
4407890
4407891
4407892
4407893
4407894
4407895
4407896
4407897
4407898
4407899
4407900
4407901
4407902
4407903
4407904
4407905
4407906
4407907
4407908
4407909
4407910
4407911
4407912
4407913
4407914
4407915
4407916
4407917
4407918
4407919
4407920
4407921
4407922
4407923
4407924
4407925
4407926
4407927
4407928
4407929
4407930
4407931
4407932
4407933
4407934
4407935
4407936
4407937
4407938
4407939
4407940
4407941
4407942
4407943
4407944
4407945
4407946
4407947
4407948
4407949
4407950
4407951
4407952
4407953
4407954
4407955
4407956
4407957
4407958
4407959
4407960
4407961
4407962
4407963
4407964
4407965
4407966
4407967
4407968
4407969
4407970
4407971
4407972
4407973
4407974
4407975
4407976
4407977
4407978
4407979
4407980
4407981
4407982
4407983
4407984
4407985
4407986
4407987
4407988
4407989
4407990
4407991
4407992
4407993
4407994
4407995
4407996
4407997
4407998
4407999
4408000
4408001
4408002
4408003
4408004
4408005
4408006
4408007
4408008
4408009
4408010
4408011
4408012
4408013
4408014
4408015
4408016
4408017
4408018
4408019
4408020
4408021
4408022
4408023
4408024
4408025
4408026
4408027
4408028
4408029
4408030
4408031
4408032
4408033
4408034
4408035
4408036
4408037
4408038
4408039
4408040
4408041
4408042
4408043
4408044
4408045
4408046
4408047
4408048
4408049
4408050
4408051
4408052
4408053
4408054
4408055
4408056
4408057
4408058
4408059
4408060
4408061
4408062
4408063
4408064
4408065
4408066
4408067
4408068
4408069
4408070
4408071
4408072
4408073
4408074
4408075
4408076
4408077
4408078
4408079
4408080
4408081
4408082
4408083
4408084
4408085
4408086
4408087
4408088
4408089
4408090
4408091
4408092
4408093
4408094
4408095
4408096
4408097
4408098
4408099
4408100
4408101
4408102
4408103
4408104
4408105
4408106
4408107
4408108
4408109
4408110
4408111
4408112
4408113
4408114
4408115
4408116
4408117
4408118
4408119
4408120
4408121
4408122
4408123
4408124
4408125
4408126
4408127
4408128
4408129
4408130
4408131
4408132
4408133
4408134
4408135
4408136
4408137
4408138
4408139
4408140
4408141
4408142
4408143
4408144
4408145
4408146
4408147
4408148
4408149
4408150
4408151
4408152
4408153
4408154
4408155
4408156
4408157
4408158
4408159
4408160
4408161
4408162
4408163
4408164
4408165
4408166
4408167
4408168
4408169
4408170
4408171
4408172
4408173
4408174
4408175
4408176
4408177
4408178
4408179
4408180
4408181
4408182
4408183
4408184
4408185
4408186
4408187
4408188
4408189
4408190
4408191
4408192
4408193
4408194
4408195
4408196
4408197
4408198
4408199
4408200
4408201
4408202
4408203
4408204
4408205
4408206
4408207
4408208
4408209
4408210
4408211
4408212
4408213
4408214
4408215
4408216
4408217
4408218
4408219
4408220
4408221
4408222
4408223
4408224
4408225
4408226
4408227
4408228
4408229
4408230
4408231
4408232
4408233
4408234
4408235
4408236
4408237
4408238
4408239
4408240
4408241
4408242
4408243
4408244
4408245
4408246
4408247
4408248
4408249
4408250
4408251
4408252
4408253
4408254
4408255
4408256
4408257
4408258
4408259
4408260
4408261
4408262
4408263
4408264
4408265
4408266
4408267
4408268
4408269
4408270
4408271
4408272
4408273
4408274
4408275
4408276
4408277
4408278
4408279
4408280
4408281
4408282
4408283
4408284
4408285
4408286
4408287
4408288
4408289
4408290
4408291
4408292
4408293
4408294
4408295
4408296
4408297
4408298
4408299
4408300
4408301
4408302
4408303
4408304
4408305
4408306
4408307
4408308
4408309
4408310
4408311
4408312
4408313
4408314
4408315
4408316
4408317
4408318
4408319
4408320
4408321
4408322
4408323
4408324
4408325
4408326
4408327
4408328
4408329
4408330
4408331
4408332
4408333
4408334
4408335
4408336
4408337
4408338
4408339
4408340
4408341
4408342
4408343
4408344
4408345
4408346
4408347
4408348
4408349
4408350
4408351
4408352
4408353
4408354
4408355
4408356
4408357
4408358
4408359
4408360
4408361
4408362
4408363
4408364
4408365
4408366
4408367
4408368
4408369
4408370
4408371
4408372
4408373
4408374
4408375
4408376
4408377
4408378
4408379
4408380
4408381
4408382
4408383
4408384
4408385
4408386
4408387
4408388
4408389
4408390
4408391
4408392
4408393
4408394
4408395
4408396
4408397
4408398
4408399
4408400
4408401
4408402
4408403
4408404
4408405
4408406
4408407
4408408
4408409
4408410
4408411
4408412
4408413
4408414
4408415
4408416
4408417
4408418
4408419
4408420
4408421
4408422
4408423
4408424
4408425
4408426
4408427
4408428
4408429
4408430
4408431
4408432
4408433
4408434
4408435
4408436
4408437
4408438
4408439
4408440
4408441
4408442
4408443
4408444
4408445
4408446
4408447
4408448
4408449
4408450
4408451
4408452
4408453
4408454
4408455
4408456
4408457
4408458
4408459
4408460
4408461
4408462
4408463
4408464
4408465
4408466
4408467
4408468
4408469
4408470
4408471
4408472
4408473
4408474
4408475
4408476
4408477
4408478
4408479
4408480
4408481
4408482
4408483
4408484
4408485
4408486
4408487
4408488
4408489
4408490
4408491
4408492
4408493
4408494
4408495
4408496
4408497
4408498
4408499
4408500
4408501
4408502
4408503
4408504
4408505
4408506
4408507
4408508
4408509
4408510
4408511
4408512
4408513
4408514
4408515
4408516
4408517
4408518
4408519
4408520
4408521
4408522
4408523
4408524
4408525
4408526
4408527
4408528
4408529
4408530
4408531
4408532
4408533
4408534
4408535
4408536
4408537
4408538
4408539
4408540
4408541
4408542
4408543
4408544
4408545
4408546
4408547
4408548
4408549
4408550
4408551
4408552
4408553
4408554
4408555
4408556
4408557
4408558
4408559
4408560
4408561
4408562
4408563
4408564
4408565
4408566
4408567
4408568
4408569
4408570
4408571
4408572
4408573
4408574
4408575
4408576
4408577
4408578
4408579
4408580
4408581
4408582
4408583
4408584
4408585
4408586
4408587
4408588
4408589
4408590
4408591
4408592
4408593
4408594
4408595
4408596
4408597
4408598
4408599
4408600
4408601
4408602
4408603
4408604
4408605
4408606
4408607
4408608
4408609
4408610
4408611
4408612
4408613
4408614
4408615
4408616
4408617
4408618
4408619
4408620
4408621
4408622
4408623
4408624
4408625
4408626
4408627
4408628
4408629
4408630
4408631
4408632
4408633
4408634
4408635
4408636
4408637
4408638
4408639
4408640
4408641
4408642
4408643
4408644
4408645
4408646
4408647
4408648
4408649
4408650
4408651
4408652
4408653
4408654
4408655
4408656
4408657
4408658
4408659
4408660
4408661
4408662
4408663
4408664
4408665
4408666
4408667
4408668
4408669
4408670
4408671
4408672
4408673
4408674
4408675
4408676
4408677
4408678
4408679
4408680
4408681
4408682
4408683
4408684
4408685
4408686
4408687
4408688
4408689
4408690
4408691
4408692
4408693
4408694
4408695
4408696
4408697
4408698
4408699
4408700
4408701
4408702
4408703
4408704
4408705
4408706
4408707
4408708
4408709
4408710
4408711
4408712
4408713
4408714
4408715
4408716
4408717
4408718
4408719
4408720
4408721
4408722
4408723
4408724
4408725
4408726
4408727
4408728
4408729
4408730
4408731
4408732
4408733
4408734
4408735
4408736
4408737
4408738
4408739
4408740
4408741
4408742
4408743
4408744
4408745
4408746
4408747
4408748
4408749
4408750
4408751
4408752
4408753
4408754
4408755
4408756
4408757
4408758
4408759
4408760
4408761
4408762
4408763
4408764
4408765
4408766
4408767
4408768
4408769
4408770
4408771
4408772
4408773
4408774
4408775
4408776
4408777
4408778
4408779
4408780
4408781
4408782
4408783
4408784
4408785
4408786
4408787
4408788
4408789
4408790
4408791
4408792
4408793
4408794
4408795
4408796
4408797
4408798
4408799
4408800
4408801
4408802
4408803
4408804
4408805
4408806
4408807
4408808
4408809
4408810
4408811
4408812
4408813
4408814
4408815
4408816
4408817
4408818
4408819
4408820
4408821
4408822
4408823
4408824
4408825
4408826
4408827
4408828
4408829
4408830
4408831
4408832
4408833
4408834
4408835
4408836
4408837
4408838
4408839
4408840
4408841
4408842
4408843
4408844
4408845
4408846
4408847
4408848
4408849
4408850
4408851
4408852
4408853
4408854
4408855
4408856
4408857
4408858
4408859
4408860
4408861
4408862
4408863
4408864
4408865
4408866
4408867
4408868
4408869
4408870
4408871
4408872
4408873
4408874
4408875
4408876
4408877
4408878
4408879
4408880
4408881
4408882
4408883
4408884
4408885
4408886
4408887
4408888
4408889
4408890
4408891
4408892
4408893
4408894
4408895
4408896
4408897
4408898
4408899
4408900
4408901
4408902
4408903
4408904
4408905
4408906
4408907
4408908
4408909
4408910
4408911
4408912
4408913
4408914
4408915
4408916
4408917
4408918
4408919
4408920
4408921
4408922
4408923
4408924
4408925
4408926
4408927
4408928
4408929
4408930
4408931
4408932
4408933
4408934
4408935
4408936
4408937
4408938
4408939
4408940
4408941
4408942
4408943
4408944
4408945
4408946
4408947
4408948
4408949
4408950
4408951
4408952
4408953
4408954
4408955
4408956
4408957
4408958
4408959
4408960
4408961
4408962
4408963
4408964
4408965
4408966
4408967
4408968
4408969
4408970
4408971
4408972
4408973
4408974
4408975
4408976
4408977
4408978
4408979
4408980
4408981
4408982
4408983
4408984
4408985
4408986
4408987
4408988
4408989
4408990
4408991
4408992
4408993
4408994
4408995
4408996
4408997
4408998
4408999
4409000
4409001
4409002
4409003
4409004
4409005
4409006
4409007
4409008
4409009
4409010
4409011
4409012
4409013
4409014
4409015
4409016
4409017
4409018
4409019
4409020
4409021
4409022
4409023
4409024
4409025
4409026
4409027
4409028
4409029
4409030
4409031
4409032
4409033
4409034
4409035
4409036
4409037
4409038
4409039
4409040
4409041
4409042
4409043
4409044
4409045
4409046
4409047
4409048
4409049
4409050
4409051
4409052
4409053
4409054
4409055
4409056
4409057
4409058
4409059
4409060
4409061
4409062
4409063
4409064
4409065
4409066
4409067
4409068
4409069
4409070
4409071
4409072
4409073
4409074
4409075
4409076
4409077
4409078
4409079
4409080
4409081
4409082
4409083
4409084
4409085
4409086
4409087
4409088
4409089
4409090
4409091
4409092
4409093
4409094
4409095
4409096
4409097
4409098
4409099
4409100
4409101
4409102
4409103
4409104
4409105
4409106
4409107
4409108
4409109
4409110
4409111
4409112
4409113
4409114
4409115
4409116
4409117
4409118
4409119
4409120
4409121
4409122
4409123
4409124
4409125
4409126
4409127
4409128
4409129
4409130
4409131
4409132
4409133
4409134
4409135
4409136
4409137
4409138
4409139
4409140
4409141
4409142
4409143
4409144
4409145
4409146
4409147
4409148
4409149
4409150
4409151
4409152
4409153
4409154
4409155
4409156
4409157
4409158
4409159
4409160
4409161
4409162
4409163
4409164
4409165
4409166
4409167
4409168
4409169
4409170
4409171
4409172
4409173
4409174
4409175
4409176
4409177
4409178
4409179
4409180
4409181
4409182
4409183
4409184
4409185
4409186
4409187
4409188
4409189
4409190
4409191
4409192
4409193
4409194
4409195
4409196
4409197
4409198
4409199
4409200
4409201
4409202
4409203
4409204
4409205
4409206
4409207
4409208
4409209
4409210
4409211
4409212
4409213
4409214
4409215
4409216
4409217
4409218
4409219
4409220
4409221
4409222
4409223
4409224
4409225
4409226
4409227
4409228
4409229
4409230
4409231
4409232
4409233
4409234
4409235
4409236
4409237
4409238
4409239
4409240
4409241
4409242
4409243
4409244
4409245
4409246
4409247
4409248
4409249
4409250
4409251
4409252
4409253
4409254
4409255
4409256
4409257
4409258
4409259
4409260
4409261
4409262
4409263
4409264
4409265
4409266
4409267
4409268
4409269
4409270
4409271
4409272
4409273
4409274
4409275
4409276
4409277
4409278
4409279
4409280
4409281
4409282
4409283
4409284
4409285
4409286
4409287
4409288
4409289
4409290
4409291
4409292
4409293
4409294
4409295
4409296
4409297
4409298
4409299
4409300
4409301
4409302
4409303
4409304
4409305
4409306
4409307
4409308
4409309
4409310
4409311
4409312
4409313
4409314
4409315
4409316
4409317
4409318
4409319
4409320
4409321
4409322
4409323
4409324
4409325
4409326
4409327
4409328
4409329
4409330
4409331
4409332
4409333
4409334
4409335
4409336
4409337
4409338
4409339
4409340
4409341
4409342
4409343
4409344
4409345
4409346
4409347
4409348
4409349
4409350
4409351
4409352
4409353
4409354
4409355
4409356
4409357
4409358
4409359
4409360
4409361
4409362
4409363
4409364
4409365
4409366
4409367
4409368
4409369
4409370
4409371
4409372
4409373
4409374
4409375
4409376
4409377
4409378
4409379
4409380
4409381
4409382
4409383
4409384
4409385
4409386
4409387
4409388
4409389
4409390
4409391
4409392
4409393
4409394
4409395
4409396
4409397
4409398
4409399
4409400
4409401
4409402
4409403
4409404
4409405
4409406
4409407
4409408
4409409
4409410
4409411
4409412
4409413
4409414
4409415
4409416
4409417
4409418
4409419
4409420
4409421
4409422
4409423
4409424
4409425
4409426
4409427
4409428
4409429
4409430
4409431
4409432
4409433
4409434
4409435
4409436
4409437
4409438
4409439
4409440
4409441
4409442
4409443
4409444
4409445
4409446
4409447
4409448
4409449
4409450
4409451
4409452
4409453
4409454
4409455
4409456
4409457
4409458
4409459
4409460
4409461
4409462
4409463
4409464
4409465
4409466
4409467
4409468
4409469
4409470
4409471
4409472
4409473
4409474
4409475
4409476
4409477
4409478
4409479
4409480
4409481
4409482
4409483
4409484
4409485
4409486
4409487
4409488
4409489
4409490
4409491
4409492
4409493
4409494
4409495
4409496
4409497
4409498
4409499
4409500
4409501
4409502
4409503
4409504
4409505
4409506
4409507
4409508
4409509
4409510
4409511
4409512
4409513
4409514
4409515
4409516
4409517
4409518
4409519
4409520
4409521
4409522
4409523
4409524
4409525
4409526
4409527
4409528
4409529
4409530
4409531
4409532
4409533
4409534
4409535
4409536
4409537
4409538
4409539
4409540
4409541
4409542
4409543
4409544
4409545
4409546
4409547
4409548
4409549
4409550
4409551
4409552
4409553
4409554
4409555
4409556
4409557
4409558
4409559
4409560
4409561
4409562
4409563
4409564
4409565
4409566
4409567
4409568
4409569
4409570
4409571
4409572
4409573
4409574
4409575
4409576
4409577
4409578
4409579
4409580
4409581
4409582
4409583
4409584
4409585
4409586
4409587
4409588
4409589
4409590
4409591
4409592
4409593
4409594
4409595
4409596
4409597
4409598
4409599
4409600
4409601
4409602
4409603
4409604
4409605
4409606
4409607
4409608
4409609
4409610
4409611
4409612
4409613
4409614
4409615
4409616
4409617
4409618
4409619
4409620
4409621
4409622
4409623
4409624
4409625
4409626
4409627
4409628
4409629
4409630
4409631
4409632
4409633
4409634
4409635
4409636
4409637
4409638
4409639
4409640
4409641
4409642
4409643
4409644
4409645
4409646
4409647
4409648
4409649
4409650
4409651
4409652
4409653
4409654
4409655
4409656
4409657
4409658
4409659
4409660
4409661
4409662
4409663
4409664
4409665
4409666
4409667
4409668
4409669
4409670
4409671
4409672
4409673
4409674
4409675
4409676
4409677
4409678
4409679
4409680
4409681
4409682
4409683
4409684
4409685
4409686
4409687
4409688
4409689
4409690
4409691
4409692
4409693
4409694
4409695
4409696
4409697
4409698
4409699
4409700
4409701
4409702
4409703
4409704
4409705
4409706
4409707
4409708
4409709
4409710
4409711
4409712
4409713
4409714
4409715
4409716
4409717
4409718
4409719
4409720
4409721
4409722
4409723
4409724
4409725
4409726
4409727
4409728
4409729
4409730
4409731
4409732
4409733
4409734
4409735
4409736
4409737
4409738
4409739
4409740
4409741
4409742
4409743
4409744
4409745
4409746
4409747
4409748
4409749
4409750
4409751
4409752
4409753
4409754
4409755
4409756
4409757
4409758
4409759
4409760
4409761
4409762
4409763
4409764
4409765
4409766
4409767
4409768
4409769
4409770
4409771
4409772
4409773
4409774
4409775
4409776
4409777
4409778
4409779
4409780
4409781
4409782
4409783
4409784
4409785
4409786
4409787
4409788
4409789
4409790
4409791
4409792
4409793
4409794
4409795
4409796
4409797
4409798
4409799
4409800
4409801
4409802
4409803
4409804
4409805
4409806
4409807
4409808
4409809
4409810
4409811
4409812
4409813
4409814
4409815
4409816
4409817
4409818
4409819
4409820
4409821
4409822
4409823
4409824
4409825
4409826
4409827
4409828
4409829
4409830
4409831
4409832
4409833
4409834
4409835
4409836
4409837
4409838
4409839
4409840
4409841
4409842
4409843
4409844
4409845
4409846
4409847
4409848
4409849
4409850
4409851
4409852
4409853
4409854
4409855
4409856
4409857
4409858
4409859
4409860
4409861
4409862
4409863
4409864
4409865
4409866
4409867
4409868
4409869
4409870
4409871
4409872
4409873
4409874
4409875
4409876
4409877
4409878
4409879
4409880
4409881
4409882
4409883
4409884
4409885
4409886
4409887
4409888
4409889
4409890
4409891
4409892
4409893
4409894
4409895
4409896
4409897
4409898
4409899
4409900
4409901
4409902
4409903
4409904
4409905
4409906
4409907
4409908
4409909
4409910
4409911
4409912
4409913
4409914
4409915
4409916
4409917
4409918
4409919
4409920
4409921
4409922
4409923
4409924
4409925
4409926
4409927
4409928
4409929
4409930
4409931
4409932
4409933
4409934
4409935
4409936
4409937
4409938
4409939
4409940
4409941
4409942
4409943
4409944
4409945
4409946
4409947
4409948
4409949
4409950
4409951
4409952
4409953
4409954
4409955
4409956
4409957
4409958
4409959
4409960
4409961
4409962
4409963
4409964
4409965
4409966
4409967
4409968
4409969
4409970
4409971
4409972
4409973
4409974
4409975
4409976
4409977
4409978
4409979
4409980
4409981
4409982
4409983
4409984
4409985
4409986
4409987
4409988
4409989
4409990
4409991
4409992
4409993
4409994
4409995
4409996
4409997
4409998
4409999
4410000
