4500001
4500002
4500003
4500004
4500005
4500006
4500007
4500008
4500009
4500010
4500011
4500012
4500013
4500014
4500015
4500016
4500017
4500018
4500019
4500020
4500021
4500022
4500023
4500024
4500025
4500026
4500027
4500028
4500029
4500030
4500031
4500032
4500033
4500034
4500035
4500036
4500037
4500038
4500039
4500040
4500041
4500042
4500043
4500044
4500045
4500046
4500047
4500048
4500049
4500050
4500051
4500052
4500053
4500054
4500055
4500056
4500057
4500058
4500059
4500060
4500061
4500062
4500063
4500064
4500065
4500066
4500067
4500068
4500069
4500070
4500071
4500072
4500073
4500074
4500075
4500076
4500077
4500078
4500079
4500080
4500081
4500082
4500083
4500084
4500085
4500086
4500087
4500088
4500089
4500090
4500091
4500092
4500093
4500094
4500095
4500096
4500097
4500098
4500099
4500100
4500101
4500102
4500103
4500104
4500105
4500106
4500107
4500108
4500109
4500110
4500111
4500112
4500113
4500114
4500115
4500116
4500117
4500118
4500119
4500120
4500121
4500122
4500123
4500124
4500125
4500126
4500127
4500128
4500129
4500130
4500131
4500132
4500133
4500134
4500135
4500136
4500137
4500138
4500139
4500140
4500141
4500142
4500143
4500144
4500145
4500146
4500147
4500148
4500149
4500150
4500151
4500152
4500153
4500154
4500155
4500156
4500157
4500158
4500159
4500160
4500161
4500162
4500163
4500164
4500165
4500166
4500167
4500168
4500169
4500170
4500171
4500172
4500173
4500174
4500175
4500176
4500177
4500178
4500179
4500180
4500181
4500182
4500183
4500184
4500185
4500186
4500187
4500188
4500189
4500190
4500191
4500192
4500193
4500194
4500195
4500196
4500197
4500198
4500199
4500200
4500201
4500202
4500203
4500204
4500205
4500206
4500207
4500208
4500209
4500210
4500211
4500212
4500213
4500214
4500215
4500216
4500217
4500218
4500219
4500220
4500221
4500222
4500223
4500224
4500225
4500226
4500227
4500228
4500229
4500230
4500231
4500232
4500233
4500234
4500235
4500236
4500237
4500238
4500239
4500240
4500241
4500242
4500243
4500244
4500245
4500246
4500247
4500248
4500249
4500250
4500251
4500252
4500253
4500254
4500255
4500256
4500257
4500258
4500259
4500260
4500261
4500262
4500263
4500264
4500265
4500266
4500267
4500268
4500269
4500270
4500271
4500272
4500273
4500274
4500275
4500276
4500277
4500278
4500279
4500280
4500281
4500282
4500283
4500284
4500285
4500286
4500287
4500288
4500289
4500290
4500291
4500292
4500293
4500294
4500295
4500296
4500297
4500298
4500299
4500300
4500301
4500302
4500303
4500304
4500305
4500306
4500307
4500308
4500309
4500310
4500311
4500312
4500313
4500314
4500315
4500316
4500317
4500318
4500319
4500320
4500321
4500322
4500323
4500324
4500325
4500326
4500327
4500328
4500329
4500330
4500331
4500332
4500333
4500334
4500335
4500336
4500337
4500338
4500339
4500340
4500341
4500342
4500343
4500344
4500345
4500346
4500347
4500348
4500349
4500350
4500351
4500352
4500353
4500354
4500355
4500356
4500357
4500358
4500359
4500360
4500361
4500362
4500363
4500364
4500365
4500366
4500367
4500368
4500369
4500370
4500371
4500372
4500373
4500374
4500375
4500376
4500377
4500378
4500379
4500380
4500381
4500382
4500383
4500384
4500385
4500386
4500387
4500388
4500389
4500390
4500391
4500392
4500393
4500394
4500395
4500396
4500397
4500398
4500399
4500400
4500401
4500402
4500403
4500404
4500405
4500406
4500407
4500408
4500409
4500410
4500411
4500412
4500413
4500414
4500415
4500416
4500417
4500418
4500419
4500420
4500421
4500422
4500423
4500424
4500425
4500426
4500427
4500428
4500429
4500430
4500431
4500432
4500433
4500434
4500435
4500436
4500437
4500438
4500439
4500440
4500441
4500442
4500443
4500444
4500445
4500446
4500447
4500448
4500449
4500450
4500451
4500452
4500453
4500454
4500455
4500456
4500457
4500458
4500459
4500460
4500461
4500462
4500463
4500464
4500465
4500466
4500467
4500468
4500469
4500470
4500471
4500472
4500473
4500474
4500475
4500476
4500477
4500478
4500479
4500480
4500481
4500482
4500483
4500484
4500485
4500486
4500487
4500488
4500489
4500490
4500491
4500492
4500493
4500494
4500495
4500496
4500497
4500498
4500499
4500500
4500501
4500502
4500503
4500504
4500505
4500506
4500507
4500508
4500509
4500510
4500511
4500512
4500513
4500514
4500515
4500516
4500517
4500518
4500519
4500520
4500521
4500522
4500523
4500524
4500525
4500526
4500527
4500528
4500529
4500530
4500531
4500532
4500533
4500534
4500535
4500536
4500537
4500538
4500539
4500540
4500541
4500542
4500543
4500544
4500545
4500546
4500547
4500548
4500549
4500550
4500551
4500552
4500553
4500554
4500555
4500556
4500557
4500558
4500559
4500560
4500561
4500562
4500563
4500564
4500565
4500566
4500567
4500568
4500569
4500570
4500571
4500572
4500573
4500574
4500575
4500576
4500577
4500578
4500579
4500580
4500581
4500582
4500583
4500584
4500585
4500586
4500587
4500588
4500589
4500590
4500591
4500592
4500593
4500594
4500595
4500596
4500597
4500598
4500599
4500600
4500601
4500602
4500603
4500604
4500605
4500606
4500607
4500608
4500609
4500610
4500611
4500612
4500613
4500614
4500615
4500616
4500617
4500618
4500619
4500620
4500621
4500622
4500623
4500624
4500625
4500626
4500627
4500628
4500629
4500630
4500631
4500632
4500633
4500634
4500635
4500636
4500637
4500638
4500639
4500640
4500641
4500642
4500643
4500644
4500645
4500646
4500647
4500648
4500649
4500650
4500651
4500652
4500653
4500654
4500655
4500656
4500657
4500658
4500659
4500660
4500661
4500662
4500663
4500664
4500665
4500666
4500667
4500668
4500669
4500670
4500671
4500672
4500673
4500674
4500675
4500676
4500677
4500678
4500679
4500680
4500681
4500682
4500683
4500684
4500685
4500686
4500687
4500688
4500689
4500690
4500691
4500692
4500693
4500694
4500695
4500696
4500697
4500698
4500699
4500700
4500701
4500702
4500703
4500704
4500705
4500706
4500707
4500708
4500709
4500710
4500711
4500712
4500713
4500714
4500715
4500716
4500717
4500718
4500719
4500720
4500721
4500722
4500723
4500724
4500725
4500726
4500727
4500728
4500729
4500730
4500731
4500732
4500733
4500734
4500735
4500736
4500737
4500738
4500739
4500740
4500741
4500742
4500743
4500744
4500745
4500746
4500747
4500748
4500749
4500750
4500751
4500752
4500753
4500754
4500755
4500756
4500757
4500758
4500759
4500760
4500761
4500762
4500763
4500764
4500765
4500766
4500767
4500768
4500769
4500770
4500771
4500772
4500773
4500774
4500775
4500776
4500777
4500778
4500779
4500780
4500781
4500782
4500783
4500784
4500785
4500786
4500787
4500788
4500789
4500790
4500791
4500792
4500793
4500794
4500795
4500796
4500797
4500798
4500799
4500800
4500801
4500802
4500803
4500804
4500805
4500806
4500807
4500808
4500809
4500810
4500811
4500812
4500813
4500814
4500815
4500816
4500817
4500818
4500819
4500820
4500821
4500822
4500823
4500824
4500825
4500826
4500827
4500828
4500829
4500830
4500831
4500832
4500833
4500834
4500835
4500836
4500837
4500838
4500839
4500840
4500841
4500842
4500843
4500844
4500845
4500846
4500847
4500848
4500849
4500850
4500851
4500852
4500853
4500854
4500855
4500856
4500857
4500858
4500859
4500860
4500861
4500862
4500863
4500864
4500865
4500866
4500867
4500868
4500869
4500870
4500871
4500872
4500873
4500874
4500875
4500876
4500877
4500878
4500879
4500880
4500881
4500882
4500883
4500884
4500885
4500886
4500887
4500888
4500889
4500890
4500891
4500892
4500893
4500894
4500895
4500896
4500897
4500898
4500899
4500900
4500901
4500902
4500903
4500904
4500905
4500906
4500907
4500908
4500909
4500910
4500911
4500912
4500913
4500914
4500915
4500916
4500917
4500918
4500919
4500920
4500921
4500922
4500923
4500924
4500925
4500926
4500927
4500928
4500929
4500930
4500931
4500932
4500933
4500934
4500935
4500936
4500937
4500938
4500939
4500940
4500941
4500942
4500943
4500944
4500945
4500946
4500947
4500948
4500949
4500950
4500951
4500952
4500953
4500954
4500955
4500956
4500957
4500958
4500959
4500960
4500961
4500962
4500963
4500964
4500965
4500966
4500967
4500968
4500969
4500970
4500971
4500972
4500973
4500974
4500975
4500976
4500977
4500978
4500979
4500980
4500981
4500982
4500983
4500984
4500985
4500986
4500987
4500988
4500989
4500990
4500991
4500992
4500993
4500994
4500995
4500996
4500997
4500998
4500999
4501000
4501001
4501002
4501003
4501004
4501005
4501006
4501007
4501008
4501009
4501010
4501011
4501012
4501013
4501014
4501015
4501016
4501017
4501018
4501019
4501020
4501021
4501022
4501023
4501024
4501025
4501026
4501027
4501028
4501029
4501030
4501031
4501032
4501033
4501034
4501035
4501036
4501037
4501038
4501039
4501040
4501041
4501042
4501043
4501044
4501045
4501046
4501047
4501048
4501049
4501050
4501051
4501052
4501053
4501054
4501055
4501056
4501057
4501058
4501059
4501060
4501061
4501062
4501063
4501064
4501065
4501066
4501067
4501068
4501069
4501070
4501071
4501072
4501073
4501074
4501075
4501076
4501077
4501078
4501079
4501080
4501081
4501082
4501083
4501084
4501085
4501086
4501087
4501088
4501089
4501090
4501091
4501092
4501093
4501094
4501095
4501096
4501097
4501098
4501099
4501100
4501101
4501102
4501103
4501104
4501105
4501106
4501107
4501108
4501109
4501110
4501111
4501112
4501113
4501114
4501115
4501116
4501117
4501118
4501119
4501120
4501121
4501122
4501123
4501124
4501125
4501126
4501127
4501128
4501129
4501130
4501131
4501132
4501133
4501134
4501135
4501136
4501137
4501138
4501139
4501140
4501141
4501142
4501143
4501144
4501145
4501146
4501147
4501148
4501149
4501150
4501151
4501152
4501153
4501154
4501155
4501156
4501157
4501158
4501159
4501160
4501161
4501162
4501163
4501164
4501165
4501166
4501167
4501168
4501169
4501170
4501171
4501172
4501173
4501174
4501175
4501176
4501177
4501178
4501179
4501180
4501181
4501182
4501183
4501184
4501185
4501186
4501187
4501188
4501189
4501190
4501191
4501192
4501193
4501194
4501195
4501196
4501197
4501198
4501199
4501200
4501201
4501202
4501203
4501204
4501205
4501206
4501207
4501208
4501209
4501210
4501211
4501212
4501213
4501214
4501215
4501216
4501217
4501218
4501219
4501220
4501221
4501222
4501223
4501224
4501225
4501226
4501227
4501228
4501229
4501230
4501231
4501232
4501233
4501234
4501235
4501236
4501237
4501238
4501239
4501240
4501241
4501242
4501243
4501244
4501245
4501246
4501247
4501248
4501249
4501250
4501251
4501252
4501253
4501254
4501255
4501256
4501257
4501258
4501259
4501260
4501261
4501262
4501263
4501264
4501265
4501266
4501267
4501268
4501269
4501270
4501271
4501272
4501273
4501274
4501275
4501276
4501277
4501278
4501279
4501280
4501281
4501282
4501283
4501284
4501285
4501286
4501287
4501288
4501289
4501290
4501291
4501292
4501293
4501294
4501295
4501296
4501297
4501298
4501299
4501300
4501301
4501302
4501303
4501304
4501305
4501306
4501307
4501308
4501309
4501310
4501311
4501312
4501313
4501314
4501315
4501316
4501317
4501318
4501319
4501320
4501321
4501322
4501323
4501324
4501325
4501326
4501327
4501328
4501329
4501330
4501331
4501332
4501333
4501334
4501335
4501336
4501337
4501338
4501339
4501340
4501341
4501342
4501343
4501344
4501345
4501346
4501347
4501348
4501349
4501350
4501351
4501352
4501353
4501354
4501355
4501356
4501357
4501358
4501359
4501360
4501361
4501362
4501363
4501364
4501365
4501366
4501367
4501368
4501369
4501370
4501371
4501372
4501373
4501374
4501375
4501376
4501377
4501378
4501379
4501380
4501381
4501382
4501383
4501384
4501385
4501386
4501387
4501388
4501389
4501390
4501391
4501392
4501393
4501394
4501395
4501396
4501397
4501398
4501399
4501400
4501401
4501402
4501403
4501404
4501405
4501406
4501407
4501408
4501409
4501410
4501411
4501412
4501413
4501414
4501415
4501416
4501417
4501418
4501419
4501420
4501421
4501422
4501423
4501424
4501425
4501426
4501427
4501428
4501429
4501430
4501431
4501432
4501433
4501434
4501435
4501436
4501437
4501438
4501439
4501440
4501441
4501442
4501443
4501444
4501445
4501446
4501447
4501448
4501449
4501450
4501451
4501452
4501453
4501454
4501455
4501456
4501457
4501458
4501459
4501460
4501461
4501462
4501463
4501464
4501465
4501466
4501467
4501468
4501469
4501470
4501471
4501472
4501473
4501474
4501475
4501476
4501477
4501478
4501479
4501480
4501481
4501482
4501483
4501484
4501485
4501486
4501487
4501488
4501489
4501490
4501491
4501492
4501493
4501494
4501495
4501496
4501497
4501498
4501499
4501500
4501501
4501502
4501503
4501504
4501505
4501506
4501507
4501508
4501509
4501510
4501511
4501512
4501513
4501514
4501515
4501516
4501517
4501518
4501519
4501520
4501521
4501522
4501523
4501524
4501525
4501526
4501527
4501528
4501529
4501530
4501531
4501532
4501533
4501534
4501535
4501536
4501537
4501538
4501539
4501540
4501541
4501542
4501543
4501544
4501545
4501546
4501547
4501548
4501549
4501550
4501551
4501552
4501553
4501554
4501555
4501556
4501557
4501558
4501559
4501560
4501561
4501562
4501563
4501564
4501565
4501566
4501567
4501568
4501569
4501570
4501571
4501572
4501573
4501574
4501575
4501576
4501577
4501578
4501579
4501580
4501581
4501582
4501583
4501584
4501585
4501586
4501587
4501588
4501589
4501590
4501591
4501592
4501593
4501594
4501595
4501596
4501597
4501598
4501599
4501600
4501601
4501602
4501603
4501604
4501605
4501606
4501607
4501608
4501609
4501610
4501611
4501612
4501613
4501614
4501615
4501616
4501617
4501618
4501619
4501620
4501621
4501622
4501623
4501624
4501625
4501626
4501627
4501628
4501629
4501630
4501631
4501632
4501633
4501634
4501635
4501636
4501637
4501638
4501639
4501640
4501641
4501642
4501643
4501644
4501645
4501646
4501647
4501648
4501649
4501650
4501651
4501652
4501653
4501654
4501655
4501656
4501657
4501658
4501659
4501660
4501661
4501662
4501663
4501664
4501665
4501666
4501667
4501668
4501669
4501670
4501671
4501672
4501673
4501674
4501675
4501676
4501677
4501678
4501679
4501680
4501681
4501682
4501683
4501684
4501685
4501686
4501687
4501688
4501689
4501690
4501691
4501692
4501693
4501694
4501695
4501696
4501697
4501698
4501699
4501700
4501701
4501702
4501703
4501704
4501705
4501706
4501707
4501708
4501709
4501710
4501711
4501712
4501713
4501714
4501715
4501716
4501717
4501718
4501719
4501720
4501721
4501722
4501723
4501724
4501725
4501726
4501727
4501728
4501729
4501730
4501731
4501732
4501733
4501734
4501735
4501736
4501737
4501738
4501739
4501740
4501741
4501742
4501743
4501744
4501745
4501746
4501747
4501748
4501749
4501750
4501751
4501752
4501753
4501754
4501755
4501756
4501757
4501758
4501759
4501760
4501761
4501762
4501763
4501764
4501765
4501766
4501767
4501768
4501769
4501770
4501771
4501772
4501773
4501774
4501775
4501776
4501777
4501778
4501779
4501780
4501781
4501782
4501783
4501784
4501785
4501786
4501787
4501788
4501789
4501790
4501791
4501792
4501793
4501794
4501795
4501796
4501797
4501798
4501799
4501800
4501801
4501802
4501803
4501804
4501805
4501806
4501807
4501808
4501809
4501810
4501811
4501812
4501813
4501814
4501815
4501816
4501817
4501818
4501819
4501820
4501821
4501822
4501823
4501824
4501825
4501826
4501827
4501828
4501829
4501830
4501831
4501832
4501833
4501834
4501835
4501836
4501837
4501838
4501839
4501840
4501841
4501842
4501843
4501844
4501845
4501846
4501847
4501848
4501849
4501850
4501851
4501852
4501853
4501854
4501855
4501856
4501857
4501858
4501859
4501860
4501861
4501862
4501863
4501864
4501865
4501866
4501867
4501868
4501869
4501870
4501871
4501872
4501873
4501874
4501875
4501876
4501877
4501878
4501879
4501880
4501881
4501882
4501883
4501884
4501885
4501886
4501887
4501888
4501889
4501890
4501891
4501892
4501893
4501894
4501895
4501896
4501897
4501898
4501899
4501900
4501901
4501902
4501903
4501904
4501905
4501906
4501907
4501908
4501909
4501910
4501911
4501912
4501913
4501914
4501915
4501916
4501917
4501918
4501919
4501920
4501921
4501922
4501923
4501924
4501925
4501926
4501927
4501928
4501929
4501930
4501931
4501932
4501933
4501934
4501935
4501936
4501937
4501938
4501939
4501940
4501941
4501942
4501943
4501944
4501945
4501946
4501947
4501948
4501949
4501950
4501951
4501952
4501953
4501954
4501955
4501956
4501957
4501958
4501959
4501960
4501961
4501962
4501963
4501964
4501965
4501966
4501967
4501968
4501969
4501970
4501971
4501972
4501973
4501974
4501975
4501976
4501977
4501978
4501979
4501980
4501981
4501982
4501983
4501984
4501985
4501986
4501987
4501988
4501989
4501990
4501991
4501992
4501993
4501994
4501995
4501996
4501997
4501998
4501999
4502000
4502001
4502002
4502003
4502004
4502005
4502006
4502007
4502008
4502009
4502010
4502011
4502012
4502013
4502014
4502015
4502016
4502017
4502018
4502019
4502020
4502021
4502022
4502023
4502024
4502025
4502026
4502027
4502028
4502029
4502030
4502031
4502032
4502033
4502034
4502035
4502036
4502037
4502038
4502039
4502040
4502041
4502042
4502043
4502044
4502045
4502046
4502047
4502048
4502049
4502050
4502051
4502052
4502053
4502054
4502055
4502056
4502057
4502058
4502059
4502060
4502061
4502062
4502063
4502064
4502065
4502066
4502067
4502068
4502069
4502070
4502071
4502072
4502073
4502074
4502075
4502076
4502077
4502078
4502079
4502080
4502081
4502082
4502083
4502084
4502085
4502086
4502087
4502088
4502089
4502090
4502091
4502092
4502093
4502094
4502095
4502096
4502097
4502098
4502099
4502100
4502101
4502102
4502103
4502104
4502105
4502106
4502107
4502108
4502109
4502110
4502111
4502112
4502113
4502114
4502115
4502116
4502117
4502118
4502119
4502120
4502121
4502122
4502123
4502124
4502125
4502126
4502127
4502128
4502129
4502130
4502131
4502132
4502133
4502134
4502135
4502136
4502137
4502138
4502139
4502140
4502141
4502142
4502143
4502144
4502145
4502146
4502147
4502148
4502149
4502150
4502151
4502152
4502153
4502154
4502155
4502156
4502157
4502158
4502159
4502160
4502161
4502162
4502163
4502164
4502165
4502166
4502167
4502168
4502169
4502170
4502171
4502172
4502173
4502174
4502175
4502176
4502177
4502178
4502179
4502180
4502181
4502182
4502183
4502184
4502185
4502186
4502187
4502188
4502189
4502190
4502191
4502192
4502193
4502194
4502195
4502196
4502197
4502198
4502199
4502200
4502201
4502202
4502203
4502204
4502205
4502206
4502207
4502208
4502209
4502210
4502211
4502212
4502213
4502214
4502215
4502216
4502217
4502218
4502219
4502220
4502221
4502222
4502223
4502224
4502225
4502226
4502227
4502228
4502229
4502230
4502231
4502232
4502233
4502234
4502235
4502236
4502237
4502238
4502239
4502240
4502241
4502242
4502243
4502244
4502245
4502246
4502247
4502248
4502249
4502250
4502251
4502252
4502253
4502254
4502255
4502256
4502257
4502258
4502259
4502260
4502261
4502262
4502263
4502264
4502265
4502266
4502267
4502268
4502269
4502270
4502271
4502272
4502273
4502274
4502275
4502276
4502277
4502278
4502279
4502280
4502281
4502282
4502283
4502284
4502285
4502286
4502287
4502288
4502289
4502290
4502291
4502292
4502293
4502294
4502295
4502296
4502297
4502298
4502299
4502300
4502301
4502302
4502303
4502304
4502305
4502306
4502307
4502308
4502309
4502310
4502311
4502312
4502313
4502314
4502315
4502316
4502317
4502318
4502319
4502320
4502321
4502322
4502323
4502324
4502325
4502326
4502327
4502328
4502329
4502330
4502331
4502332
4502333
4502334
4502335
4502336
4502337
4502338
4502339
4502340
4502341
4502342
4502343
4502344
4502345
4502346
4502347
4502348
4502349
4502350
4502351
4502352
4502353
4502354
4502355
4502356
4502357
4502358
4502359
4502360
4502361
4502362
4502363
4502364
4502365
4502366
4502367
4502368
4502369
4502370
4502371
4502372
4502373
4502374
4502375
4502376
4502377
4502378
4502379
4502380
4502381
4502382
4502383
4502384
4502385
4502386
4502387
4502388
4502389
4502390
4502391
4502392
4502393
4502394
4502395
4502396
4502397
4502398
4502399
4502400
4502401
4502402
4502403
4502404
4502405
4502406
4502407
4502408
4502409
4502410
4502411
4502412
4502413
4502414
4502415
4502416
4502417
4502418
4502419
4502420
4502421
4502422
4502423
4502424
4502425
4502426
4502427
4502428
4502429
4502430
4502431
4502432
4502433
4502434
4502435
4502436
4502437
4502438
4502439
4502440
4502441
4502442
4502443
4502444
4502445
4502446
4502447
4502448
4502449
4502450
4502451
4502452
4502453
4502454
4502455
4502456
4502457
4502458
4502459
4502460
4502461
4502462
4502463
4502464
4502465
4502466
4502467
4502468
4502469
4502470
4502471
4502472
4502473
4502474
4502475
4502476
4502477
4502478
4502479
4502480
4502481
4502482
4502483
4502484
4502485
4502486
4502487
4502488
4502489
4502490
4502491
4502492
4502493
4502494
4502495
4502496
4502497
4502498
4502499
4502500
4502501
4502502
4502503
4502504
4502505
4502506
4502507
4502508
4502509
4502510
4502511
4502512
4502513
4502514
4502515
4502516
4502517
4502518
4502519
4502520
4502521
4502522
4502523
4502524
4502525
4502526
4502527
4502528
4502529
4502530
4502531
4502532
4502533
4502534
4502535
4502536
4502537
4502538
4502539
4502540
4502541
4502542
4502543
4502544
4502545
4502546
4502547
4502548
4502549
4502550
4502551
4502552
4502553
4502554
4502555
4502556
4502557
4502558
4502559
4502560
4502561
4502562
4502563
4502564
4502565
4502566
4502567
4502568
4502569
4502570
4502571
4502572
4502573
4502574
4502575
4502576
4502577
4502578
4502579
4502580
4502581
4502582
4502583
4502584
4502585
4502586
4502587
4502588
4502589
4502590
4502591
4502592
4502593
4502594
4502595
4502596
4502597
4502598
4502599
4502600
4502601
4502602
4502603
4502604
4502605
4502606
4502607
4502608
4502609
4502610
4502611
4502612
4502613
4502614
4502615
4502616
4502617
4502618
4502619
4502620
4502621
4502622
4502623
4502624
4502625
4502626
4502627
4502628
4502629
4502630
4502631
4502632
4502633
4502634
4502635
4502636
4502637
4502638
4502639
4502640
4502641
4502642
4502643
4502644
4502645
4502646
4502647
4502648
4502649
4502650
4502651
4502652
4502653
4502654
4502655
4502656
4502657
4502658
4502659
4502660
4502661
4502662
4502663
4502664
4502665
4502666
4502667
4502668
4502669
4502670
4502671
4502672
4502673
4502674
4502675
4502676
4502677
4502678
4502679
4502680
4502681
4502682
4502683
4502684
4502685
4502686
4502687
4502688
4502689
4502690
4502691
4502692
4502693
4502694
4502695
4502696
4502697
4502698
4502699
4502700
4502701
4502702
4502703
4502704
4502705
4502706
4502707
4502708
4502709
4502710
4502711
4502712
4502713
4502714
4502715
4502716
4502717
4502718
4502719
4502720
4502721
4502722
4502723
4502724
4502725
4502726
4502727
4502728
4502729
4502730
4502731
4502732
4502733
4502734
4502735
4502736
4502737
4502738
4502739
4502740
4502741
4502742
4502743
4502744
4502745
4502746
4502747
4502748
4502749
4502750
4502751
4502752
4502753
4502754
4502755
4502756
4502757
4502758
4502759
4502760
4502761
4502762
4502763
4502764
4502765
4502766
4502767
4502768
4502769
4502770
4502771
4502772
4502773
4502774
4502775
4502776
4502777
4502778
4502779
4502780
4502781
4502782
4502783
4502784
4502785
4502786
4502787
4502788
4502789
4502790
4502791
4502792
4502793
4502794
4502795
4502796
4502797
4502798
4502799
4502800
4502801
4502802
4502803
4502804
4502805
4502806
4502807
4502808
4502809
4502810
4502811
4502812
4502813
4502814
4502815
4502816
4502817
4502818
4502819
4502820
4502821
4502822
4502823
4502824
4502825
4502826
4502827
4502828
4502829
4502830
4502831
4502832
4502833
4502834
4502835
4502836
4502837
4502838
4502839
4502840
4502841
4502842
4502843
4502844
4502845
4502846
4502847
4502848
4502849
4502850
4502851
4502852
4502853
4502854
4502855
4502856
4502857
4502858
4502859
4502860
4502861
4502862
4502863
4502864
4502865
4502866
4502867
4502868
4502869
4502870
4502871
4502872
4502873
4502874
4502875
4502876
4502877
4502878
4502879
4502880
4502881
4502882
4502883
4502884
4502885
4502886
4502887
4502888
4502889
4502890
4502891
4502892
4502893
4502894
4502895
4502896
4502897
4502898
4502899
4502900
4502901
4502902
4502903
4502904
4502905
4502906
4502907
4502908
4502909
4502910
4502911
4502912
4502913
4502914
4502915
4502916
4502917
4502918
4502919
4502920
4502921
4502922
4502923
4502924
4502925
4502926
4502927
4502928
4502929
4502930
4502931
4502932
4502933
4502934
4502935
4502936
4502937
4502938
4502939
4502940
4502941
4502942
4502943
4502944
4502945
4502946
4502947
4502948
4502949
4502950
4502951
4502952
4502953
4502954
4502955
4502956
4502957
4502958
4502959
4502960
4502961
4502962
4502963
4502964
4502965
4502966
4502967
4502968
4502969
4502970
4502971
4502972
4502973
4502974
4502975
4502976
4502977
4502978
4502979
4502980
4502981
4502982
4502983
4502984
4502985
4502986
4502987
4502988
4502989
4502990
4502991
4502992
4502993
4502994
4502995
4502996
4502997
4502998
4502999
4503000
4503001
4503002
4503003
4503004
4503005
4503006
4503007
4503008
4503009
4503010
4503011
4503012
4503013
4503014
4503015
4503016
4503017
4503018
4503019
4503020
4503021
4503022
4503023
4503024
4503025
4503026
4503027
4503028
4503029
4503030
4503031
4503032
4503033
4503034
4503035
4503036
4503037
4503038
4503039
4503040
4503041
4503042
4503043
4503044
4503045
4503046
4503047
4503048
4503049
4503050
4503051
4503052
4503053
4503054
4503055
4503056
4503057
4503058
4503059
4503060
4503061
4503062
4503063
4503064
4503065
4503066
4503067
4503068
4503069
4503070
4503071
4503072
4503073
4503074
4503075
4503076
4503077
4503078
4503079
4503080
4503081
4503082
4503083
4503084
4503085
4503086
4503087
4503088
4503089
4503090
4503091
4503092
4503093
4503094
4503095
4503096
4503097
4503098
4503099
4503100
4503101
4503102
4503103
4503104
4503105
4503106
4503107
4503108
4503109
4503110
4503111
4503112
4503113
4503114
4503115
4503116
4503117
4503118
4503119
4503120
4503121
4503122
4503123
4503124
4503125
4503126
4503127
4503128
4503129
4503130
4503131
4503132
4503133
4503134
4503135
4503136
4503137
4503138
4503139
4503140
4503141
4503142
4503143
4503144
4503145
4503146
4503147
4503148
4503149
4503150
4503151
4503152
4503153
4503154
4503155
4503156
4503157
4503158
4503159
4503160
4503161
4503162
4503163
4503164
4503165
4503166
4503167
4503168
4503169
4503170
4503171
4503172
4503173
4503174
4503175
4503176
4503177
4503178
4503179
4503180
4503181
4503182
4503183
4503184
4503185
4503186
4503187
4503188
4503189
4503190
4503191
4503192
4503193
4503194
4503195
4503196
4503197
4503198
4503199
4503200
4503201
4503202
4503203
4503204
4503205
4503206
4503207
4503208
4503209
4503210
4503211
4503212
4503213
4503214
4503215
4503216
4503217
4503218
4503219
4503220
4503221
4503222
4503223
4503224
4503225
4503226
4503227
4503228
4503229
4503230
4503231
4503232
4503233
4503234
4503235
4503236
4503237
4503238
4503239
4503240
4503241
4503242
4503243
4503244
4503245
4503246
4503247
4503248
4503249
4503250
4503251
4503252
4503253
4503254
4503255
4503256
4503257
4503258
4503259
4503260
4503261
4503262
4503263
4503264
4503265
4503266
4503267
4503268
4503269
4503270
4503271
4503272
4503273
4503274
4503275
4503276
4503277
4503278
4503279
4503280
4503281
4503282
4503283
4503284
4503285
4503286
4503287
4503288
4503289
4503290
4503291
4503292
4503293
4503294
4503295
4503296
4503297
4503298
4503299
4503300
4503301
4503302
4503303
4503304
4503305
4503306
4503307
4503308
4503309
4503310
4503311
4503312
4503313
4503314
4503315
4503316
4503317
4503318
4503319
4503320
4503321
4503322
4503323
4503324
4503325
4503326
4503327
4503328
4503329
4503330
4503331
4503332
4503333
4503334
4503335
4503336
4503337
4503338
4503339
4503340
4503341
4503342
4503343
4503344
4503345
4503346
4503347
4503348
4503349
4503350
4503351
4503352
4503353
4503354
4503355
4503356
4503357
4503358
4503359
4503360
4503361
4503362
4503363
4503364
4503365
4503366
4503367
4503368
4503369
4503370
4503371
4503372
4503373
4503374
4503375
4503376
4503377
4503378
4503379
4503380
4503381
4503382
4503383
4503384
4503385
4503386
4503387
4503388
4503389
4503390
4503391
4503392
4503393
4503394
4503395
4503396
4503397
4503398
4503399
4503400
4503401
4503402
4503403
4503404
4503405
4503406
4503407
4503408
4503409
4503410
4503411
4503412
4503413
4503414
4503415
4503416
4503417
4503418
4503419
4503420
4503421
4503422
4503423
4503424
4503425
4503426
4503427
4503428
4503429
4503430
4503431
4503432
4503433
4503434
4503435
4503436
4503437
4503438
4503439
4503440
4503441
4503442
4503443
4503444
4503445
4503446
4503447
4503448
4503449
4503450
4503451
4503452
4503453
4503454
4503455
4503456
4503457
4503458
4503459
4503460
4503461
4503462
4503463
4503464
4503465
4503466
4503467
4503468
4503469
4503470
4503471
4503472
4503473
4503474
4503475
4503476
4503477
4503478
4503479
4503480
4503481
4503482
4503483
4503484
4503485
4503486
4503487
4503488
4503489
4503490
4503491
4503492
4503493
4503494
4503495
4503496
4503497
4503498
4503499
4503500
4503501
4503502
4503503
4503504
4503505
4503506
4503507
4503508
4503509
4503510
4503511
4503512
4503513
4503514
4503515
4503516
4503517
4503518
4503519
4503520
4503521
4503522
4503523
4503524
4503525
4503526
4503527
4503528
4503529
4503530
4503531
4503532
4503533
4503534
4503535
4503536
4503537
4503538
4503539
4503540
4503541
4503542
4503543
4503544
4503545
4503546
4503547
4503548
4503549
4503550
4503551
4503552
4503553
4503554
4503555
4503556
4503557
4503558
4503559
4503560
4503561
4503562
4503563
4503564
4503565
4503566
4503567
4503568
4503569
4503570
4503571
4503572
4503573
4503574
4503575
4503576
4503577
4503578
4503579
4503580
4503581
4503582
4503583
4503584
4503585
4503586
4503587
4503588
4503589
4503590
4503591
4503592
4503593
4503594
4503595
4503596
4503597
4503598
4503599
4503600
4503601
4503602
4503603
4503604
4503605
4503606
4503607
4503608
4503609
4503610
4503611
4503612
4503613
4503614
4503615
4503616
4503617
4503618
4503619
4503620
4503621
4503622
4503623
4503624
4503625
4503626
4503627
4503628
4503629
4503630
4503631
4503632
4503633
4503634
4503635
4503636
4503637
4503638
4503639
4503640
4503641
4503642
4503643
4503644
4503645
4503646
4503647
4503648
4503649
4503650
4503651
4503652
4503653
4503654
4503655
4503656
4503657
4503658
4503659
4503660
4503661
4503662
4503663
4503664
4503665
4503666
4503667
4503668
4503669
4503670
4503671
4503672
4503673
4503674
4503675
4503676
4503677
4503678
4503679
4503680
4503681
4503682
4503683
4503684
4503685
4503686
4503687
4503688
4503689
4503690
4503691
4503692
4503693
4503694
4503695
4503696
4503697
4503698
4503699
4503700
4503701
4503702
4503703
4503704
4503705
4503706
4503707
4503708
4503709
4503710
4503711
4503712
4503713
4503714
4503715
4503716
4503717
4503718
4503719
4503720
4503721
4503722
4503723
4503724
4503725
4503726
4503727
4503728
4503729
4503730
4503731
4503732
4503733
4503734
4503735
4503736
4503737
4503738
4503739
4503740
4503741
4503742
4503743
4503744
4503745
4503746
4503747
4503748
4503749
4503750
4503751
4503752
4503753
4503754
4503755
4503756
4503757
4503758
4503759
4503760
4503761
4503762
4503763
4503764
4503765
4503766
4503767
4503768
4503769
4503770
4503771
4503772
4503773
4503774
4503775
4503776
4503777
4503778
4503779
4503780
4503781
4503782
4503783
4503784
4503785
4503786
4503787
4503788
4503789
4503790
4503791
4503792
4503793
4503794
4503795
4503796
4503797
4503798
4503799
4503800
4503801
4503802
4503803
4503804
4503805
4503806
4503807
4503808
4503809
4503810
4503811
4503812
4503813
4503814
4503815
4503816
4503817
4503818
4503819
4503820
4503821
4503822
4503823
4503824
4503825
4503826
4503827
4503828
4503829
4503830
4503831
4503832
4503833
4503834
4503835
4503836
4503837
4503838
4503839
4503840
4503841
4503842
4503843
4503844
4503845
4503846
4503847
4503848
4503849
4503850
4503851
4503852
4503853
4503854
4503855
4503856
4503857
4503858
4503859
4503860
4503861
4503862
4503863
4503864
4503865
4503866
4503867
4503868
4503869
4503870
4503871
4503872
4503873
4503874
4503875
4503876
4503877
4503878
4503879
4503880
4503881
4503882
4503883
4503884
4503885
4503886
4503887
4503888
4503889
4503890
4503891
4503892
4503893
4503894
4503895
4503896
4503897
4503898
4503899
4503900
4503901
4503902
4503903
4503904
4503905
4503906
4503907
4503908
4503909
4503910
4503911
4503912
4503913
4503914
4503915
4503916
4503917
4503918
4503919
4503920
4503921
4503922
4503923
4503924
4503925
4503926
4503927
4503928
4503929
4503930
4503931
4503932
4503933
4503934
4503935
4503936
4503937
4503938
4503939
4503940
4503941
4503942
4503943
4503944
4503945
4503946
4503947
4503948
4503949
4503950
4503951
4503952
4503953
4503954
4503955
4503956
4503957
4503958
4503959
4503960
4503961
4503962
4503963
4503964
4503965
4503966
4503967
4503968
4503969
4503970
4503971
4503972
4503973
4503974
4503975
4503976
4503977
4503978
4503979
4503980
4503981
4503982
4503983
4503984
4503985
4503986
4503987
4503988
4503989
4503990
4503991
4503992
4503993
4503994
4503995
4503996
4503997
4503998
4503999
4504000
4504001
4504002
4504003
4504004
4504005
4504006
4504007
4504008
4504009
4504010
4504011
4504012
4504013
4504014
4504015
4504016
4504017
4504018
4504019
4504020
4504021
4504022
4504023
4504024
4504025
4504026
4504027
4504028
4504029
4504030
4504031
4504032
4504033
4504034
4504035
4504036
4504037
4504038
4504039
4504040
4504041
4504042
4504043
4504044
4504045
4504046
4504047
4504048
4504049
4504050
4504051
4504052
4504053
4504054
4504055
4504056
4504057
4504058
4504059
4504060
4504061
4504062
4504063
4504064
4504065
4504066
4504067
4504068
4504069
4504070
4504071
4504072
4504073
4504074
4504075
4504076
4504077
4504078
4504079
4504080
4504081
4504082
4504083
4504084
4504085
4504086
4504087
4504088
4504089
4504090
4504091
4504092
4504093
4504094
4504095
4504096
4504097
4504098
4504099
4504100
4504101
4504102
4504103
4504104
4504105
4504106
4504107
4504108
4504109
4504110
4504111
4504112
4504113
4504114
4504115
4504116
4504117
4504118
4504119
4504120
4504121
4504122
4504123
4504124
4504125
4504126
4504127
4504128
4504129
4504130
4504131
4504132
4504133
4504134
4504135
4504136
4504137
4504138
4504139
4504140
4504141
4504142
4504143
4504144
4504145
4504146
4504147
4504148
4504149
4504150
4504151
4504152
4504153
4504154
4504155
4504156
4504157
4504158
4504159
4504160
4504161
4504162
4504163
4504164
4504165
4504166
4504167
4504168
4504169
4504170
4504171
4504172
4504173
4504174
4504175
4504176
4504177
4504178
4504179
4504180
4504181
4504182
4504183
4504184
4504185
4504186
4504187
4504188
4504189
4504190
4504191
4504192
4504193
4504194
4504195
4504196
4504197
4504198
4504199
4504200
4504201
4504202
4504203
4504204
4504205
4504206
4504207
4504208
4504209
4504210
4504211
4504212
4504213
4504214
4504215
4504216
4504217
4504218
4504219
4504220
4504221
4504222
4504223
4504224
4504225
4504226
4504227
4504228
4504229
4504230
4504231
4504232
4504233
4504234
4504235
4504236
4504237
4504238
4504239
4504240
4504241
4504242
4504243
4504244
4504245
4504246
4504247
4504248
4504249
4504250
4504251
4504252
4504253
4504254
4504255
4504256
4504257
4504258
4504259
4504260
4504261
4504262
4504263
4504264
4504265
4504266
4504267
4504268
4504269
4504270
4504271
4504272
4504273
4504274
4504275
4504276
4504277
4504278
4504279
4504280
4504281
4504282
4504283
4504284
4504285
4504286
4504287
4504288
4504289
4504290
4504291
4504292
4504293
4504294
4504295
4504296
4504297
4504298
4504299
4504300
4504301
4504302
4504303
4504304
4504305
4504306
4504307
4504308
4504309
4504310
4504311
4504312
4504313
4504314
4504315
4504316
4504317
4504318
4504319
4504320
4504321
4504322
4504323
4504324
4504325
4504326
4504327
4504328
4504329
4504330
4504331
4504332
4504333
4504334
4504335
4504336
4504337
4504338
4504339
4504340
4504341
4504342
4504343
4504344
4504345
4504346
4504347
4504348
4504349
4504350
4504351
4504352
4504353
4504354
4504355
4504356
4504357
4504358
4504359
4504360
4504361
4504362
4504363
4504364
4504365
4504366
4504367
4504368
4504369
4504370
4504371
4504372
4504373
4504374
4504375
4504376
4504377
4504378
4504379
4504380
4504381
4504382
4504383
4504384
4504385
4504386
4504387
4504388
4504389
4504390
4504391
4504392
4504393
4504394
4504395
4504396
4504397
4504398
4504399
4504400
4504401
4504402
4504403
4504404
4504405
4504406
4504407
4504408
4504409
4504410
4504411
4504412
4504413
4504414
4504415
4504416
4504417
4504418
4504419
4504420
4504421
4504422
4504423
4504424
4504425
4504426
4504427
4504428
4504429
4504430
4504431
4504432
4504433
4504434
4504435
4504436
4504437
4504438
4504439
4504440
4504441
4504442
4504443
4504444
4504445
4504446
4504447
4504448
4504449
4504450
4504451
4504452
4504453
4504454
4504455
4504456
4504457
4504458
4504459
4504460
4504461
4504462
4504463
4504464
4504465
4504466
4504467
4504468
4504469
4504470
4504471
4504472
4504473
4504474
4504475
4504476
4504477
4504478
4504479
4504480
4504481
4504482
4504483
4504484
4504485
4504486
4504487
4504488
4504489
4504490
4504491
4504492
4504493
4504494
4504495
4504496
4504497
4504498
4504499
4504500
4504501
4504502
4504503
4504504
4504505
4504506
4504507
4504508
4504509
4504510
4504511
4504512
4504513
4504514
4504515
4504516
4504517
4504518
4504519
4504520
4504521
4504522
4504523
4504524
4504525
4504526
4504527
4504528
4504529
4504530
4504531
4504532
4504533
4504534
4504535
4504536
4504537
4504538
4504539
4504540
4504541
4504542
4504543
4504544
4504545
4504546
4504547
4504548
4504549
4504550
4504551
4504552
4504553
4504554
4504555
4504556
4504557
4504558
4504559
4504560
4504561
4504562
4504563
4504564
4504565
4504566
4504567
4504568
4504569
4504570
4504571
4504572
4504573
4504574
4504575
4504576
4504577
4504578
4504579
4504580
4504581
4504582
4504583
4504584
4504585
4504586
4504587
4504588
4504589
4504590
4504591
4504592
4504593
4504594
4504595
4504596
4504597
4504598
4504599
4504600
4504601
4504602
4504603
4504604
4504605
4504606
4504607
4504608
4504609
4504610
4504611
4504612
4504613
4504614
4504615
4504616
4504617
4504618
4504619
4504620
4504621
4504622
4504623
4504624
4504625
4504626
4504627
4504628
4504629
4504630
4504631
4504632
4504633
4504634
4504635
4504636
4504637
4504638
4504639
4504640
4504641
4504642
4504643
4504644
4504645
4504646
4504647
4504648
4504649
4504650
4504651
4504652
4504653
4504654
4504655
4504656
4504657
4504658
4504659
4504660
4504661
4504662
4504663
4504664
4504665
4504666
4504667
4504668
4504669
4504670
4504671
4504672
4504673
4504674
4504675
4504676
4504677
4504678
4504679
4504680
4504681
4504682
4504683
4504684
4504685
4504686
4504687
4504688
4504689
4504690
4504691
4504692
4504693
4504694
4504695
4504696
4504697
4504698
4504699
4504700
4504701
4504702
4504703
4504704
4504705
4504706
4504707
4504708
4504709
4504710
4504711
4504712
4504713
4504714
4504715
4504716
4504717
4504718
4504719
4504720
4504721
4504722
4504723
4504724
4504725
4504726
4504727
4504728
4504729
4504730
4504731
4504732
4504733
4504734
4504735
4504736
4504737
4504738
4504739
4504740
4504741
4504742
4504743
4504744
4504745
4504746
4504747
4504748
4504749
4504750
4504751
4504752
4504753
4504754
4504755
4504756
4504757
4504758
4504759
4504760
4504761
4504762
4504763
4504764
4504765
4504766
4504767
4504768
4504769
4504770
4504771
4504772
4504773
4504774
4504775
4504776
4504777
4504778
4504779
4504780
4504781
4504782
4504783
4504784
4504785
4504786
4504787
4504788
4504789
4504790
4504791
4504792
4504793
4504794
4504795
4504796
4504797
4504798
4504799
4504800
4504801
4504802
4504803
4504804
4504805
4504806
4504807
4504808
4504809
4504810
4504811
4504812
4504813
4504814
4504815
4504816
4504817
4504818
4504819
4504820
4504821
4504822
4504823
4504824
4504825
4504826
4504827
4504828
4504829
4504830
4504831
4504832
4504833
4504834
4504835
4504836
4504837
4504838
4504839
4504840
4504841
4504842
4504843
4504844
4504845
4504846
4504847
4504848
4504849
4504850
4504851
4504852
4504853
4504854
4504855
4504856
4504857
4504858
4504859
4504860
4504861
4504862
4504863
4504864
4504865
4504866
4504867
4504868
4504869
4504870
4504871
4504872
4504873
4504874
4504875
4504876
4504877
4504878
4504879
4504880
4504881
4504882
4504883
4504884
4504885
4504886
4504887
4504888
4504889
4504890
4504891
4504892
4504893
4504894
4504895
4504896
4504897
4504898
4504899
4504900
4504901
4504902
4504903
4504904
4504905
4504906
4504907
4504908
4504909
4504910
4504911
4504912
4504913
4504914
4504915
4504916
4504917
4504918
4504919
4504920
4504921
4504922
4504923
4504924
4504925
4504926
4504927
4504928
4504929
4504930
4504931
4504932
4504933
4504934
4504935
4504936
4504937
4504938
4504939
4504940
4504941
4504942
4504943
4504944
4504945
4504946
4504947
4504948
4504949
4504950
4504951
4504952
4504953
4504954
4504955
4504956
4504957
4504958
4504959
4504960
4504961
4504962
4504963
4504964
4504965
4504966
4504967
4504968
4504969
4504970
4504971
4504972
4504973
4504974
4504975
4504976
4504977
4504978
4504979
4504980
4504981
4504982
4504983
4504984
4504985
4504986
4504987
4504988
4504989
4504990
4504991
4504992
4504993
4504994
4504995
4504996
4504997
4504998
4504999
4505000
4505001
4505002
4505003
4505004
4505005
4505006
4505007
4505008
4505009
4505010
4505011
4505012
4505013
4505014
4505015
4505016
4505017
4505018
4505019
4505020
4505021
4505022
4505023
4505024
4505025
4505026
4505027
4505028
4505029
4505030
4505031
4505032
4505033
4505034
4505035
4505036
4505037
4505038
4505039
4505040
4505041
4505042
4505043
4505044
4505045
4505046
4505047
4505048
4505049
4505050
4505051
4505052
4505053
4505054
4505055
4505056
4505057
4505058
4505059
4505060
4505061
4505062
4505063
4505064
4505065
4505066
4505067
4505068
4505069
4505070
4505071
4505072
4505073
4505074
4505075
4505076
4505077
4505078
4505079
4505080
4505081
4505082
4505083
4505084
4505085
4505086
4505087
4505088
4505089
4505090
4505091
4505092
4505093
4505094
4505095
4505096
4505097
4505098
4505099
4505100
4505101
4505102
4505103
4505104
4505105
4505106
4505107
4505108
4505109
4505110
4505111
4505112
4505113
4505114
4505115
4505116
4505117
4505118
4505119
4505120
4505121
4505122
4505123
4505124
4505125
4505126
4505127
4505128
4505129
4505130
4505131
4505132
4505133
4505134
4505135
4505136
4505137
4505138
4505139
4505140
4505141
4505142
4505143
4505144
4505145
4505146
4505147
4505148
4505149
4505150
4505151
4505152
4505153
4505154
4505155
4505156
4505157
4505158
4505159
4505160
4505161
4505162
4505163
4505164
4505165
4505166
4505167
4505168
4505169
4505170
4505171
4505172
4505173
4505174
4505175
4505176
4505177
4505178
4505179
4505180
4505181
4505182
4505183
4505184
4505185
4505186
4505187
4505188
4505189
4505190
4505191
4505192
4505193
4505194
4505195
4505196
4505197
4505198
4505199
4505200
4505201
4505202
4505203
4505204
4505205
4505206
4505207
4505208
4505209
4505210
4505211
4505212
4505213
4505214
4505215
4505216
4505217
4505218
4505219
4505220
4505221
4505222
4505223
4505224
4505225
4505226
4505227
4505228
4505229
4505230
4505231
4505232
4505233
4505234
4505235
4505236
4505237
4505238
4505239
4505240
4505241
4505242
4505243
4505244
4505245
4505246
4505247
4505248
4505249
4505250
4505251
4505252
4505253
4505254
4505255
4505256
4505257
4505258
4505259
4505260
4505261
4505262
4505263
4505264
4505265
4505266
4505267
4505268
4505269
4505270
4505271
4505272
4505273
4505274
4505275
4505276
4505277
4505278
4505279
4505280
4505281
4505282
4505283
4505284
4505285
4505286
4505287
4505288
4505289
4505290
4505291
4505292
4505293
4505294
4505295
4505296
4505297
4505298
4505299
4505300
4505301
4505302
4505303
4505304
4505305
4505306
4505307
4505308
4505309
4505310
4505311
4505312
4505313
4505314
4505315
4505316
4505317
4505318
4505319
4505320
4505321
4505322
4505323
4505324
4505325
4505326
4505327
4505328
4505329
4505330
4505331
4505332
4505333
4505334
4505335
4505336
4505337
4505338
4505339
4505340
4505341
4505342
4505343
4505344
4505345
4505346
4505347
4505348
4505349
4505350
4505351
4505352
4505353
4505354
4505355
4505356
4505357
4505358
4505359
4505360
4505361
4505362
4505363
4505364
4505365
4505366
4505367
4505368
4505369
4505370
4505371
4505372
4505373
4505374
4505375
4505376
4505377
4505378
4505379
4505380
4505381
4505382
4505383
4505384
4505385
4505386
4505387
4505388
4505389
4505390
4505391
4505392
4505393
4505394
4505395
4505396
4505397
4505398
4505399
4505400
4505401
4505402
4505403
4505404
4505405
4505406
4505407
4505408
4505409
4505410
4505411
4505412
4505413
4505414
4505415
4505416
4505417
4505418
4505419
4505420
4505421
4505422
4505423
4505424
4505425
4505426
4505427
4505428
4505429
4505430
4505431
4505432
4505433
4505434
4505435
4505436
4505437
4505438
4505439
4505440
4505441
4505442
4505443
4505444
4505445
4505446
4505447
4505448
4505449
4505450
4505451
4505452
4505453
4505454
4505455
4505456
4505457
4505458
4505459
4505460
4505461
4505462
4505463
4505464
4505465
4505466
4505467
4505468
4505469
4505470
4505471
4505472
4505473
4505474
4505475
4505476
4505477
4505478
4505479
4505480
4505481
4505482
4505483
4505484
4505485
4505486
4505487
4505488
4505489
4505490
4505491
4505492
4505493
4505494
4505495
4505496
4505497
4505498
4505499
4505500
4505501
4505502
4505503
4505504
4505505
4505506
4505507
4505508
4505509
4505510
4505511
4505512
4505513
4505514
4505515
4505516
4505517
4505518
4505519
4505520
4505521
4505522
4505523
4505524
4505525
4505526
4505527
4505528
4505529
4505530
4505531
4505532
4505533
4505534
4505535
4505536
4505537
4505538
4505539
4505540
4505541
4505542
4505543
4505544
4505545
4505546
4505547
4505548
4505549
4505550
4505551
4505552
4505553
4505554
4505555
4505556
4505557
4505558
4505559
4505560
4505561
4505562
4505563
4505564
4505565
4505566
4505567
4505568
4505569
4505570
4505571
4505572
4505573
4505574
4505575
4505576
4505577
4505578
4505579
4505580
4505581
4505582
4505583
4505584
4505585
4505586
4505587
4505588
4505589
4505590
4505591
4505592
4505593
4505594
4505595
4505596
4505597
4505598
4505599
4505600
4505601
4505602
4505603
4505604
4505605
4505606
4505607
4505608
4505609
4505610
4505611
4505612
4505613
4505614
4505615
4505616
4505617
4505618
4505619
4505620
4505621
4505622
4505623
4505624
4505625
4505626
4505627
4505628
4505629
4505630
4505631
4505632
4505633
4505634
4505635
4505636
4505637
4505638
4505639
4505640
4505641
4505642
4505643
4505644
4505645
4505646
4505647
4505648
4505649
4505650
4505651
4505652
4505653
4505654
4505655
4505656
4505657
4505658
4505659
4505660
4505661
4505662
4505663
4505664
4505665
4505666
4505667
4505668
4505669
4505670
4505671
4505672
4505673
4505674
4505675
4505676
4505677
4505678
4505679
4505680
4505681
4505682
4505683
4505684
4505685
4505686
4505687
4505688
4505689
4505690
4505691
4505692
4505693
4505694
4505695
4505696
4505697
4505698
4505699
4505700
4505701
4505702
4505703
4505704
4505705
4505706
4505707
4505708
4505709
4505710
4505711
4505712
4505713
4505714
4505715
4505716
4505717
4505718
4505719
4505720
4505721
4505722
4505723
4505724
4505725
4505726
4505727
4505728
4505729
4505730
4505731
4505732
4505733
4505734
4505735
4505736
4505737
4505738
4505739
4505740
4505741
4505742
4505743
4505744
4505745
4505746
4505747
4505748
4505749
4505750
4505751
4505752
4505753
4505754
4505755
4505756
4505757
4505758
4505759
4505760
4505761
4505762
4505763
4505764
4505765
4505766
4505767
4505768
4505769
4505770
4505771
4505772
4505773
4505774
4505775
4505776
4505777
4505778
4505779
4505780
4505781
4505782
4505783
4505784
4505785
4505786
4505787
4505788
4505789
4505790
4505791
4505792
4505793
4505794
4505795
4505796
4505797
4505798
4505799
4505800
4505801
4505802
4505803
4505804
4505805
4505806
4505807
4505808
4505809
4505810
4505811
4505812
4505813
4505814
4505815
4505816
4505817
4505818
4505819
4505820
4505821
4505822
4505823
4505824
4505825
4505826
4505827
4505828
4505829
4505830
4505831
4505832
4505833
4505834
4505835
4505836
4505837
4505838
4505839
4505840
4505841
4505842
4505843
4505844
4505845
4505846
4505847
4505848
4505849
4505850
4505851
4505852
4505853
4505854
4505855
4505856
4505857
4505858
4505859
4505860
4505861
4505862
4505863
4505864
4505865
4505866
4505867
4505868
4505869
4505870
4505871
4505872
4505873
4505874
4505875
4505876
4505877
4505878
4505879
4505880
4505881
4505882
4505883
4505884
4505885
4505886
4505887
4505888
4505889
4505890
4505891
4505892
4505893
4505894
4505895
4505896
4505897
4505898
4505899
4505900
4505901
4505902
4505903
4505904
4505905
4505906
4505907
4505908
4505909
4505910
4505911
4505912
4505913
4505914
4505915
4505916
4505917
4505918
4505919
4505920
4505921
4505922
4505923
4505924
4505925
4505926
4505927
4505928
4505929
4505930
4505931
4505932
4505933
4505934
4505935
4505936
4505937
4505938
4505939
4505940
4505941
4505942
4505943
4505944
4505945
4505946
4505947
4505948
4505949
4505950
4505951
4505952
4505953
4505954
4505955
4505956
4505957
4505958
4505959
4505960
4505961
4505962
4505963
4505964
4505965
4505966
4505967
4505968
4505969
4505970
4505971
4505972
4505973
4505974
4505975
4505976
4505977
4505978
4505979
4505980
4505981
4505982
4505983
4505984
4505985
4505986
4505987
4505988
4505989
4505990
4505991
4505992
4505993
4505994
4505995
4505996
4505997
4505998
4505999
4506000
4506001
4506002
4506003
4506004
4506005
4506006
4506007
4506008
4506009
4506010
4506011
4506012
4506013
4506014
4506015
4506016
4506017
4506018
4506019
4506020
4506021
4506022
4506023
4506024
4506025
4506026
4506027
4506028
4506029
4506030
4506031
4506032
4506033
4506034
4506035
4506036
4506037
4506038
4506039
4506040
4506041
4506042
4506043
4506044
4506045
4506046
4506047
4506048
4506049
4506050
4506051
4506052
4506053
4506054
4506055
4506056
4506057
4506058
4506059
4506060
4506061
4506062
4506063
4506064
4506065
4506066
4506067
4506068
4506069
4506070
4506071
4506072
4506073
4506074
4506075
4506076
4506077
4506078
4506079
4506080
4506081
4506082
4506083
4506084
4506085
4506086
4506087
4506088
4506089
4506090
4506091
4506092
4506093
4506094
4506095
4506096
4506097
4506098
4506099
4506100
4506101
4506102
4506103
4506104
4506105
4506106
4506107
4506108
4506109
4506110
4506111
4506112
4506113
4506114
4506115
4506116
4506117
4506118
4506119
4506120
4506121
4506122
4506123
4506124
4506125
4506126
4506127
4506128
4506129
4506130
4506131
4506132
4506133
4506134
4506135
4506136
4506137
4506138
4506139
4506140
4506141
4506142
4506143
4506144
4506145
4506146
4506147
4506148
4506149
4506150
4506151
4506152
4506153
4506154
4506155
4506156
4506157
4506158
4506159
4506160
4506161
4506162
4506163
4506164
4506165
4506166
4506167
4506168
4506169
4506170
4506171
4506172
4506173
4506174
4506175
4506176
4506177
4506178
4506179
4506180
4506181
4506182
4506183
4506184
4506185
4506186
4506187
4506188
4506189
4506190
4506191
4506192
4506193
4506194
4506195
4506196
4506197
4506198
4506199
4506200
4506201
4506202
4506203
4506204
4506205
4506206
4506207
4506208
4506209
4506210
4506211
4506212
4506213
4506214
4506215
4506216
4506217
4506218
4506219
4506220
4506221
4506222
4506223
4506224
4506225
4506226
4506227
4506228
4506229
4506230
4506231
4506232
4506233
4506234
4506235
4506236
4506237
4506238
4506239
4506240
4506241
4506242
4506243
4506244
4506245
4506246
4506247
4506248
4506249
4506250
4506251
4506252
4506253
4506254
4506255
4506256
4506257
4506258
4506259
4506260
4506261
4506262
4506263
4506264
4506265
4506266
4506267
4506268
4506269
4506270
4506271
4506272
4506273
4506274
4506275
4506276
4506277
4506278
4506279
4506280
4506281
4506282
4506283
4506284
4506285
4506286
4506287
4506288
4506289
4506290
4506291
4506292
4506293
4506294
4506295
4506296
4506297
4506298
4506299
4506300
4506301
4506302
4506303
4506304
4506305
4506306
4506307
4506308
4506309
4506310
4506311
4506312
4506313
4506314
4506315
4506316
4506317
4506318
4506319
4506320
4506321
4506322
4506323
4506324
4506325
4506326
4506327
4506328
4506329
4506330
4506331
4506332
4506333
4506334
4506335
4506336
4506337
4506338
4506339
4506340
4506341
4506342
4506343
4506344
4506345
4506346
4506347
4506348
4506349
4506350
4506351
4506352
4506353
4506354
4506355
4506356
4506357
4506358
4506359
4506360
4506361
4506362
4506363
4506364
4506365
4506366
4506367
4506368
4506369
4506370
4506371
4506372
4506373
4506374
4506375
4506376
4506377
4506378
4506379
4506380
4506381
4506382
4506383
4506384
4506385
4506386
4506387
4506388
4506389
4506390
4506391
4506392
4506393
4506394
4506395
4506396
4506397
4506398
4506399
4506400
4506401
4506402
4506403
4506404
4506405
4506406
4506407
4506408
4506409
4506410
4506411
4506412
4506413
4506414
4506415
4506416
4506417
4506418
4506419
4506420
4506421
4506422
4506423
4506424
4506425
4506426
4506427
4506428
4506429
4506430
4506431
4506432
4506433
4506434
4506435
4506436
4506437
4506438
4506439
4506440
4506441
4506442
4506443
4506444
4506445
4506446
4506447
4506448
4506449
4506450
4506451
4506452
4506453
4506454
4506455
4506456
4506457
4506458
4506459
4506460
4506461
4506462
4506463
4506464
4506465
4506466
4506467
4506468
4506469
4506470
4506471
4506472
4506473
4506474
4506475
4506476
4506477
4506478
4506479
4506480
4506481
4506482
4506483
4506484
4506485
4506486
4506487
4506488
4506489
4506490
4506491
4506492
4506493
4506494
4506495
4506496
4506497
4506498
4506499
4506500
4506501
4506502
4506503
4506504
4506505
4506506
4506507
4506508
4506509
4506510
4506511
4506512
4506513
4506514
4506515
4506516
4506517
4506518
4506519
4506520
4506521
4506522
4506523
4506524
4506525
4506526
4506527
4506528
4506529
4506530
4506531
4506532
4506533
4506534
4506535
4506536
4506537
4506538
4506539
4506540
4506541
4506542
4506543
4506544
4506545
4506546
4506547
4506548
4506549
4506550
4506551
4506552
4506553
4506554
4506555
4506556
4506557
4506558
4506559
4506560
4506561
4506562
4506563
4506564
4506565
4506566
4506567
4506568
4506569
4506570
4506571
4506572
4506573
4506574
4506575
4506576
4506577
4506578
4506579
4506580
4506581
4506582
4506583
4506584
4506585
4506586
4506587
4506588
4506589
4506590
4506591
4506592
4506593
4506594
4506595
4506596
4506597
4506598
4506599
4506600
4506601
4506602
4506603
4506604
4506605
4506606
4506607
4506608
4506609
4506610
4506611
4506612
4506613
4506614
4506615
4506616
4506617
4506618
4506619
4506620
4506621
4506622
4506623
4506624
4506625
4506626
4506627
4506628
4506629
4506630
4506631
4506632
4506633
4506634
4506635
4506636
4506637
4506638
4506639
4506640
4506641
4506642
4506643
4506644
4506645
4506646
4506647
4506648
4506649
4506650
4506651
4506652
4506653
4506654
4506655
4506656
4506657
4506658
4506659
4506660
4506661
4506662
4506663
4506664
4506665
4506666
4506667
4506668
4506669
4506670
4506671
4506672
4506673
4506674
4506675
4506676
4506677
4506678
4506679
4506680
4506681
4506682
4506683
4506684
4506685
4506686
4506687
4506688
4506689
4506690
4506691
4506692
4506693
4506694
4506695
4506696
4506697
4506698
4506699
4506700
4506701
4506702
4506703
4506704
4506705
4506706
4506707
4506708
4506709
4506710
4506711
4506712
4506713
4506714
4506715
4506716
4506717
4506718
4506719
4506720
4506721
4506722
4506723
4506724
4506725
4506726
4506727
4506728
4506729
4506730
4506731
4506732
4506733
4506734
4506735
4506736
4506737
4506738
4506739
4506740
4506741
4506742
4506743
4506744
4506745
4506746
4506747
4506748
4506749
4506750
4506751
4506752
4506753
4506754
4506755
4506756
4506757
4506758
4506759
4506760
4506761
4506762
4506763
4506764
4506765
4506766
4506767
4506768
4506769
4506770
4506771
4506772
4506773
4506774
4506775
4506776
4506777
4506778
4506779
4506780
4506781
4506782
4506783
4506784
4506785
4506786
4506787
4506788
4506789
4506790
4506791
4506792
4506793
4506794
4506795
4506796
4506797
4506798
4506799
4506800
4506801
4506802
4506803
4506804
4506805
4506806
4506807
4506808
4506809
4506810
4506811
4506812
4506813
4506814
4506815
4506816
4506817
4506818
4506819
4506820
4506821
4506822
4506823
4506824
4506825
4506826
4506827
4506828
4506829
4506830
4506831
4506832
4506833
4506834
4506835
4506836
4506837
4506838
4506839
4506840
4506841
4506842
4506843
4506844
4506845
4506846
4506847
4506848
4506849
4506850
4506851
4506852
4506853
4506854
4506855
4506856
4506857
4506858
4506859
4506860
4506861
4506862
4506863
4506864
4506865
4506866
4506867
4506868
4506869
4506870
4506871
4506872
4506873
4506874
4506875
4506876
4506877
4506878
4506879
4506880
4506881
4506882
4506883
4506884
4506885
4506886
4506887
4506888
4506889
4506890
4506891
4506892
4506893
4506894
4506895
4506896
4506897
4506898
4506899
4506900
4506901
4506902
4506903
4506904
4506905
4506906
4506907
4506908
4506909
4506910
4506911
4506912
4506913
4506914
4506915
4506916
4506917
4506918
4506919
4506920
4506921
4506922
4506923
4506924
4506925
4506926
4506927
4506928
4506929
4506930
4506931
4506932
4506933
4506934
4506935
4506936
4506937
4506938
4506939
4506940
4506941
4506942
4506943
4506944
4506945
4506946
4506947
4506948
4506949
4506950
4506951
4506952
4506953
4506954
4506955
4506956
4506957
4506958
4506959
4506960
4506961
4506962
4506963
4506964
4506965
4506966
4506967
4506968
4506969
4506970
4506971
4506972
4506973
4506974
4506975
4506976
4506977
4506978
4506979
4506980
4506981
4506982
4506983
4506984
4506985
4506986
4506987
4506988
4506989
4506990
4506991
4506992
4506993
4506994
4506995
4506996
4506997
4506998
4506999
4507000
4507001
4507002
4507003
4507004
4507005
4507006
4507007
4507008
4507009
4507010
4507011
4507012
4507013
4507014
4507015
4507016
4507017
4507018
4507019
4507020
4507021
4507022
4507023
4507024
4507025
4507026
4507027
4507028
4507029
4507030
4507031
4507032
4507033
4507034
4507035
4507036
4507037
4507038
4507039
4507040
4507041
4507042
4507043
4507044
4507045
4507046
4507047
4507048
4507049
4507050
4507051
4507052
4507053
4507054
4507055
4507056
4507057
4507058
4507059
4507060
4507061
4507062
4507063
4507064
4507065
4507066
4507067
4507068
4507069
4507070
4507071
4507072
4507073
4507074
4507075
4507076
4507077
4507078
4507079
4507080
4507081
4507082
4507083
4507084
4507085
4507086
4507087
4507088
4507089
4507090
4507091
4507092
4507093
4507094
4507095
4507096
4507097
4507098
4507099
4507100
4507101
4507102
4507103
4507104
4507105
4507106
4507107
4507108
4507109
4507110
4507111
4507112
4507113
4507114
4507115
4507116
4507117
4507118
4507119
4507120
4507121
4507122
4507123
4507124
4507125
4507126
4507127
4507128
4507129
4507130
4507131
4507132
4507133
4507134
4507135
4507136
4507137
4507138
4507139
4507140
4507141
4507142
4507143
4507144
4507145
4507146
4507147
4507148
4507149
4507150
4507151
4507152
4507153
4507154
4507155
4507156
4507157
4507158
4507159
4507160
4507161
4507162
4507163
4507164
4507165
4507166
4507167
4507168
4507169
4507170
4507171
4507172
4507173
4507174
4507175
4507176
4507177
4507178
4507179
4507180
4507181
4507182
4507183
4507184
4507185
4507186
4507187
4507188
4507189
4507190
4507191
4507192
4507193
4507194
4507195
4507196
4507197
4507198
4507199
4507200
4507201
4507202
4507203
4507204
4507205
4507206
4507207
4507208
4507209
4507210
4507211
4507212
4507213
4507214
4507215
4507216
4507217
4507218
4507219
4507220
4507221
4507222
4507223
4507224
4507225
4507226
4507227
4507228
4507229
4507230
4507231
4507232
4507233
4507234
4507235
4507236
4507237
4507238
4507239
4507240
4507241
4507242
4507243
4507244
4507245
4507246
4507247
4507248
4507249
4507250
4507251
4507252
4507253
4507254
4507255
4507256
4507257
4507258
4507259
4507260
4507261
4507262
4507263
4507264
4507265
4507266
4507267
4507268
4507269
4507270
4507271
4507272
4507273
4507274
4507275
4507276
4507277
4507278
4507279
4507280
4507281
4507282
4507283
4507284
4507285
4507286
4507287
4507288
4507289
4507290
4507291
4507292
4507293
4507294
4507295
4507296
4507297
4507298
4507299
4507300
4507301
4507302
4507303
4507304
4507305
4507306
4507307
4507308
4507309
4507310
4507311
4507312
4507313
4507314
4507315
4507316
4507317
4507318
4507319
4507320
4507321
4507322
4507323
4507324
4507325
4507326
4507327
4507328
4507329
4507330
4507331
4507332
4507333
4507334
4507335
4507336
4507337
4507338
4507339
4507340
4507341
4507342
4507343
4507344
4507345
4507346
4507347
4507348
4507349
4507350
4507351
4507352
4507353
4507354
4507355
4507356
4507357
4507358
4507359
4507360
4507361
4507362
4507363
4507364
4507365
4507366
4507367
4507368
4507369
4507370
4507371
4507372
4507373
4507374
4507375
4507376
4507377
4507378
4507379
4507380
4507381
4507382
4507383
4507384
4507385
4507386
4507387
4507388
4507389
4507390
4507391
4507392
4507393
4507394
4507395
4507396
4507397
4507398
4507399
4507400
4507401
4507402
4507403
4507404
4507405
4507406
4507407
4507408
4507409
4507410
4507411
4507412
4507413
4507414
4507415
4507416
4507417
4507418
4507419
4507420
4507421
4507422
4507423
4507424
4507425
4507426
4507427
4507428
4507429
4507430
4507431
4507432
4507433
4507434
4507435
4507436
4507437
4507438
4507439
4507440
4507441
4507442
4507443
4507444
4507445
4507446
4507447
4507448
4507449
4507450
4507451
4507452
4507453
4507454
4507455
4507456
4507457
4507458
4507459
4507460
4507461
4507462
4507463
4507464
4507465
4507466
4507467
4507468
4507469
4507470
4507471
4507472
4507473
4507474
4507475
4507476
4507477
4507478
4507479
4507480
4507481
4507482
4507483
4507484
4507485
4507486
4507487
4507488
4507489
4507490
4507491
4507492
4507493
4507494
4507495
4507496
4507497
4507498
4507499
4507500
4507501
4507502
4507503
4507504
4507505
4507506
4507507
4507508
4507509
4507510
4507511
4507512
4507513
4507514
4507515
4507516
4507517
4507518
4507519
4507520
4507521
4507522
4507523
4507524
4507525
4507526
4507527
4507528
4507529
4507530
4507531
4507532
4507533
4507534
4507535
4507536
4507537
4507538
4507539
4507540
4507541
4507542
4507543
4507544
4507545
4507546
4507547
4507548
4507549
4507550
4507551
4507552
4507553
4507554
4507555
4507556
4507557
4507558
4507559
4507560
4507561
4507562
4507563
4507564
4507565
4507566
4507567
4507568
4507569
4507570
4507571
4507572
4507573
4507574
4507575
4507576
4507577
4507578
4507579
4507580
4507581
4507582
4507583
4507584
4507585
4507586
4507587
4507588
4507589
4507590
4507591
4507592
4507593
4507594
4507595
4507596
4507597
4507598
4507599
4507600
4507601
4507602
4507603
4507604
4507605
4507606
4507607
4507608
4507609
4507610
4507611
4507612
4507613
4507614
4507615
4507616
4507617
4507618
4507619
4507620
4507621
4507622
4507623
4507624
4507625
4507626
4507627
4507628
4507629
4507630
4507631
4507632
4507633
4507634
4507635
4507636
4507637
4507638
4507639
4507640
4507641
4507642
4507643
4507644
4507645
4507646
4507647
4507648
4507649
4507650
4507651
4507652
4507653
4507654
4507655
4507656
4507657
4507658
4507659
4507660
4507661
4507662
4507663
4507664
4507665
4507666
4507667
4507668
4507669
4507670
4507671
4507672
4507673
4507674
4507675
4507676
4507677
4507678
4507679
4507680
4507681
4507682
4507683
4507684
4507685
4507686
4507687
4507688
4507689
4507690
4507691
4507692
4507693
4507694
4507695
4507696
4507697
4507698
4507699
4507700
4507701
4507702
4507703
4507704
4507705
4507706
4507707
4507708
4507709
4507710
4507711
4507712
4507713
4507714
4507715
4507716
4507717
4507718
4507719
4507720
4507721
4507722
4507723
4507724
4507725
4507726
4507727
4507728
4507729
4507730
4507731
4507732
4507733
4507734
4507735
4507736
4507737
4507738
4507739
4507740
4507741
4507742
4507743
4507744
4507745
4507746
4507747
4507748
4507749
4507750
4507751
4507752
4507753
4507754
4507755
4507756
4507757
4507758
4507759
4507760
4507761
4507762
4507763
4507764
4507765
4507766
4507767
4507768
4507769
4507770
4507771
4507772
4507773
4507774
4507775
4507776
4507777
4507778
4507779
4507780
4507781
4507782
4507783
4507784
4507785
4507786
4507787
4507788
4507789
4507790
4507791
4507792
4507793
4507794
4507795
4507796
4507797
4507798
4507799
4507800
4507801
4507802
4507803
4507804
4507805
4507806
4507807
4507808
4507809
4507810
4507811
4507812
4507813
4507814
4507815
4507816
4507817
4507818
4507819
4507820
4507821
4507822
4507823
4507824
4507825
4507826
4507827
4507828
4507829
4507830
4507831
4507832
4507833
4507834
4507835
4507836
4507837
4507838
4507839
4507840
4507841
4507842
4507843
4507844
4507845
4507846
4507847
4507848
4507849
4507850
4507851
4507852
4507853
4507854
4507855
4507856
4507857
4507858
4507859
4507860
4507861
4507862
4507863
4507864
4507865
4507866
4507867
4507868
4507869
4507870
4507871
4507872
4507873
4507874
4507875
4507876
4507877
4507878
4507879
4507880
4507881
4507882
4507883
4507884
4507885
4507886
4507887
4507888
4507889
4507890
4507891
4507892
4507893
4507894
4507895
4507896
4507897
4507898
4507899
4507900
4507901
4507902
4507903
4507904
4507905
4507906
4507907
4507908
4507909
4507910
4507911
4507912
4507913
4507914
4507915
4507916
4507917
4507918
4507919
4507920
4507921
4507922
4507923
4507924
4507925
4507926
4507927
4507928
4507929
4507930
4507931
4507932
4507933
4507934
4507935
4507936
4507937
4507938
4507939
4507940
4507941
4507942
4507943
4507944
4507945
4507946
4507947
4507948
4507949
4507950
4507951
4507952
4507953
4507954
4507955
4507956
4507957
4507958
4507959
4507960
4507961
4507962
4507963
4507964
4507965
4507966
4507967
4507968
4507969
4507970
4507971
4507972
4507973
4507974
4507975
4507976
4507977
4507978
4507979
4507980
4507981
4507982
4507983
4507984
4507985
4507986
4507987
4507988
4507989
4507990
4507991
4507992
4507993
4507994
4507995
4507996
4507997
4507998
4507999
4508000
4508001
4508002
4508003
4508004
4508005
4508006
4508007
4508008
4508009
4508010
4508011
4508012
4508013
4508014
4508015
4508016
4508017
4508018
4508019
4508020
4508021
4508022
4508023
4508024
4508025
4508026
4508027
4508028
4508029
4508030
4508031
4508032
4508033
4508034
4508035
4508036
4508037
4508038
4508039
4508040
4508041
4508042
4508043
4508044
4508045
4508046
4508047
4508048
4508049
4508050
4508051
4508052
4508053
4508054
4508055
4508056
4508057
4508058
4508059
4508060
4508061
4508062
4508063
4508064
4508065
4508066
4508067
4508068
4508069
4508070
4508071
4508072
4508073
4508074
4508075
4508076
4508077
4508078
4508079
4508080
4508081
4508082
4508083
4508084
4508085
4508086
4508087
4508088
4508089
4508090
4508091
4508092
4508093
4508094
4508095
4508096
4508097
4508098
4508099
4508100
4508101
4508102
4508103
4508104
4508105
4508106
4508107
4508108
4508109
4508110
4508111
4508112
4508113
4508114
4508115
4508116
4508117
4508118
4508119
4508120
4508121
4508122
4508123
4508124
4508125
4508126
4508127
4508128
4508129
4508130
4508131
4508132
4508133
4508134
4508135
4508136
4508137
4508138
4508139
4508140
4508141
4508142
4508143
4508144
4508145
4508146
4508147
4508148
4508149
4508150
4508151
4508152
4508153
4508154
4508155
4508156
4508157
4508158
4508159
4508160
4508161
4508162
4508163
4508164
4508165
4508166
4508167
4508168
4508169
4508170
4508171
4508172
4508173
4508174
4508175
4508176
4508177
4508178
4508179
4508180
4508181
4508182
4508183
4508184
4508185
4508186
4508187
4508188
4508189
4508190
4508191
4508192
4508193
4508194
4508195
4508196
4508197
4508198
4508199
4508200
4508201
4508202
4508203
4508204
4508205
4508206
4508207
4508208
4508209
4508210
4508211
4508212
4508213
4508214
4508215
4508216
4508217
4508218
4508219
4508220
4508221
4508222
4508223
4508224
4508225
4508226
4508227
4508228
4508229
4508230
4508231
4508232
4508233
4508234
4508235
4508236
4508237
4508238
4508239
4508240
4508241
4508242
4508243
4508244
4508245
4508246
4508247
4508248
4508249
4508250
4508251
4508252
4508253
4508254
4508255
4508256
4508257
4508258
4508259
4508260
4508261
4508262
4508263
4508264
4508265
4508266
4508267
4508268
4508269
4508270
4508271
4508272
4508273
4508274
4508275
4508276
4508277
4508278
4508279
4508280
4508281
4508282
4508283
4508284
4508285
4508286
4508287
4508288
4508289
4508290
4508291
4508292
4508293
4508294
4508295
4508296
4508297
4508298
4508299
4508300
4508301
4508302
4508303
4508304
4508305
4508306
4508307
4508308
4508309
4508310
4508311
4508312
4508313
4508314
4508315
4508316
4508317
4508318
4508319
4508320
4508321
4508322
4508323
4508324
4508325
4508326
4508327
4508328
4508329
4508330
4508331
4508332
4508333
4508334
4508335
4508336
4508337
4508338
4508339
4508340
4508341
4508342
4508343
4508344
4508345
4508346
4508347
4508348
4508349
4508350
4508351
4508352
4508353
4508354
4508355
4508356
4508357
4508358
4508359
4508360
4508361
4508362
4508363
4508364
4508365
4508366
4508367
4508368
4508369
4508370
4508371
4508372
4508373
4508374
4508375
4508376
4508377
4508378
4508379
4508380
4508381
4508382
4508383
4508384
4508385
4508386
4508387
4508388
4508389
4508390
4508391
4508392
4508393
4508394
4508395
4508396
4508397
4508398
4508399
4508400
4508401
4508402
4508403
4508404
4508405
4508406
4508407
4508408
4508409
4508410
4508411
4508412
4508413
4508414
4508415
4508416
4508417
4508418
4508419
4508420
4508421
4508422
4508423
4508424
4508425
4508426
4508427
4508428
4508429
4508430
4508431
4508432
4508433
4508434
4508435
4508436
4508437
4508438
4508439
4508440
4508441
4508442
4508443
4508444
4508445
4508446
4508447
4508448
4508449
4508450
4508451
4508452
4508453
4508454
4508455
4508456
4508457
4508458
4508459
4508460
4508461
4508462
4508463
4508464
4508465
4508466
4508467
4508468
4508469
4508470
4508471
4508472
4508473
4508474
4508475
4508476
4508477
4508478
4508479
4508480
4508481
4508482
4508483
4508484
4508485
4508486
4508487
4508488
4508489
4508490
4508491
4508492
4508493
4508494
4508495
4508496
4508497
4508498
4508499
4508500
4508501
4508502
4508503
4508504
4508505
4508506
4508507
4508508
4508509
4508510
4508511
4508512
4508513
4508514
4508515
4508516
4508517
4508518
4508519
4508520
4508521
4508522
4508523
4508524
4508525
4508526
4508527
4508528
4508529
4508530
4508531
4508532
4508533
4508534
4508535
4508536
4508537
4508538
4508539
4508540
4508541
4508542
4508543
4508544
4508545
4508546
4508547
4508548
4508549
4508550
4508551
4508552
4508553
4508554
4508555
4508556
4508557
4508558
4508559
4508560
4508561
4508562
4508563
4508564
4508565
4508566
4508567
4508568
4508569
4508570
4508571
4508572
4508573
4508574
4508575
4508576
4508577
4508578
4508579
4508580
4508581
4508582
4508583
4508584
4508585
4508586
4508587
4508588
4508589
4508590
4508591
4508592
4508593
4508594
4508595
4508596
4508597
4508598
4508599
4508600
4508601
4508602
4508603
4508604
4508605
4508606
4508607
4508608
4508609
4508610
4508611
4508612
4508613
4508614
4508615
4508616
4508617
4508618
4508619
4508620
4508621
4508622
4508623
4508624
4508625
4508626
4508627
4508628
4508629
4508630
4508631
4508632
4508633
4508634
4508635
4508636
4508637
4508638
4508639
4508640
4508641
4508642
4508643
4508644
4508645
4508646
4508647
4508648
4508649
4508650
4508651
4508652
4508653
4508654
4508655
4508656
4508657
4508658
4508659
4508660
4508661
4508662
4508663
4508664
4508665
4508666
4508667
4508668
4508669
4508670
4508671
4508672
4508673
4508674
4508675
4508676
4508677
4508678
4508679
4508680
4508681
4508682
4508683
4508684
4508685
4508686
4508687
4508688
4508689
4508690
4508691
4508692
4508693
4508694
4508695
4508696
4508697
4508698
4508699
4508700
4508701
4508702
4508703
4508704
4508705
4508706
4508707
4508708
4508709
4508710
4508711
4508712
4508713
4508714
4508715
4508716
4508717
4508718
4508719
4508720
4508721
4508722
4508723
4508724
4508725
4508726
4508727
4508728
4508729
4508730
4508731
4508732
4508733
4508734
4508735
4508736
4508737
4508738
4508739
4508740
4508741
4508742
4508743
4508744
4508745
4508746
4508747
4508748
4508749
4508750
4508751
4508752
4508753
4508754
4508755
4508756
4508757
4508758
4508759
4508760
4508761
4508762
4508763
4508764
4508765
4508766
4508767
4508768
4508769
4508770
4508771
4508772
4508773
4508774
4508775
4508776
4508777
4508778
4508779
4508780
4508781
4508782
4508783
4508784
4508785
4508786
4508787
4508788
4508789
4508790
4508791
4508792
4508793
4508794
4508795
4508796
4508797
4508798
4508799
4508800
4508801
4508802
4508803
4508804
4508805
4508806
4508807
4508808
4508809
4508810
4508811
4508812
4508813
4508814
4508815
4508816
4508817
4508818
4508819
4508820
4508821
4508822
4508823
4508824
4508825
4508826
4508827
4508828
4508829
4508830
4508831
4508832
4508833
4508834
4508835
4508836
4508837
4508838
4508839
4508840
4508841
4508842
4508843
4508844
4508845
4508846
4508847
4508848
4508849
4508850
4508851
4508852
4508853
4508854
4508855
4508856
4508857
4508858
4508859
4508860
4508861
4508862
4508863
4508864
4508865
4508866
4508867
4508868
4508869
4508870
4508871
4508872
4508873
4508874
4508875
4508876
4508877
4508878
4508879
4508880
4508881
4508882
4508883
4508884
4508885
4508886
4508887
4508888
4508889
4508890
4508891
4508892
4508893
4508894
4508895
4508896
4508897
4508898
4508899
4508900
4508901
4508902
4508903
4508904
4508905
4508906
4508907
4508908
4508909
4508910
4508911
4508912
4508913
4508914
4508915
4508916
4508917
4508918
4508919
4508920
4508921
4508922
4508923
4508924
4508925
4508926
4508927
4508928
4508929
4508930
4508931
4508932
4508933
4508934
4508935
4508936
4508937
4508938
4508939
4508940
4508941
4508942
4508943
4508944
4508945
4508946
4508947
4508948
4508949
4508950
4508951
4508952
4508953
4508954
4508955
4508956
4508957
4508958
4508959
4508960
4508961
4508962
4508963
4508964
4508965
4508966
4508967
4508968
4508969
4508970
4508971
4508972
4508973
4508974
4508975
4508976
4508977
4508978
4508979
4508980
4508981
4508982
4508983
4508984
4508985
4508986
4508987
4508988
4508989
4508990
4508991
4508992
4508993
4508994
4508995
4508996
4508997
4508998
4508999
4509000
4509001
4509002
4509003
4509004
4509005
4509006
4509007
4509008
4509009
4509010
4509011
4509012
4509013
4509014
4509015
4509016
4509017
4509018
4509019
4509020
4509021
4509022
4509023
4509024
4509025
4509026
4509027
4509028
4509029
4509030
4509031
4509032
4509033
4509034
4509035
4509036
4509037
4509038
4509039
4509040
4509041
4509042
4509043
4509044
4509045
4509046
4509047
4509048
4509049
4509050
4509051
4509052
4509053
4509054
4509055
4509056
4509057
4509058
4509059
4509060
4509061
4509062
4509063
4509064
4509065
4509066
4509067
4509068
4509069
4509070
4509071
4509072
4509073
4509074
4509075
4509076
4509077
4509078
4509079
4509080
4509081
4509082
4509083
4509084
4509085
4509086
4509087
4509088
4509089
4509090
4509091
4509092
4509093
4509094
4509095
4509096
4509097
4509098
4509099
4509100
4509101
4509102
4509103
4509104
4509105
4509106
4509107
4509108
4509109
4509110
4509111
4509112
4509113
4509114
4509115
4509116
4509117
4509118
4509119
4509120
4509121
4509122
4509123
4509124
4509125
4509126
4509127
4509128
4509129
4509130
4509131
4509132
4509133
4509134
4509135
4509136
4509137
4509138
4509139
4509140
4509141
4509142
4509143
4509144
4509145
4509146
4509147
4509148
4509149
4509150
4509151
4509152
4509153
4509154
4509155
4509156
4509157
4509158
4509159
4509160
4509161
4509162
4509163
4509164
4509165
4509166
4509167
4509168
4509169
4509170
4509171
4509172
4509173
4509174
4509175
4509176
4509177
4509178
4509179
4509180
4509181
4509182
4509183
4509184
4509185
4509186
4509187
4509188
4509189
4509190
4509191
4509192
4509193
4509194
4509195
4509196
4509197
4509198
4509199
4509200
4509201
4509202
4509203
4509204
4509205
4509206
4509207
4509208
4509209
4509210
4509211
4509212
4509213
4509214
4509215
4509216
4509217
4509218
4509219
4509220
4509221
4509222
4509223
4509224
4509225
4509226
4509227
4509228
4509229
4509230
4509231
4509232
4509233
4509234
4509235
4509236
4509237
4509238
4509239
4509240
4509241
4509242
4509243
4509244
4509245
4509246
4509247
4509248
4509249
4509250
4509251
4509252
4509253
4509254
4509255
4509256
4509257
4509258
4509259
4509260
4509261
4509262
4509263
4509264
4509265
4509266
4509267
4509268
4509269
4509270
4509271
4509272
4509273
4509274
4509275
4509276
4509277
4509278
4509279
4509280
4509281
4509282
4509283
4509284
4509285
4509286
4509287
4509288
4509289
4509290
4509291
4509292
4509293
4509294
4509295
4509296
4509297
4509298
4509299
4509300
4509301
4509302
4509303
4509304
4509305
4509306
4509307
4509308
4509309
4509310
4509311
4509312
4509313
4509314
4509315
4509316
4509317
4509318
4509319
4509320
4509321
4509322
4509323
4509324
4509325
4509326
4509327
4509328
4509329
4509330
4509331
4509332
4509333
4509334
4509335
4509336
4509337
4509338
4509339
4509340
4509341
4509342
4509343
4509344
4509345
4509346
4509347
4509348
4509349
4509350
4509351
4509352
4509353
4509354
4509355
4509356
4509357
4509358
4509359
4509360
4509361
4509362
4509363
4509364
4509365
4509366
4509367
4509368
4509369
4509370
4509371
4509372
4509373
4509374
4509375
4509376
4509377
4509378
4509379
4509380
4509381
4509382
4509383
4509384
4509385
4509386
4509387
4509388
4509389
4509390
4509391
4509392
4509393
4509394
4509395
4509396
4509397
4509398
4509399
4509400
4509401
4509402
4509403
4509404
4509405
4509406
4509407
4509408
4509409
4509410
4509411
4509412
4509413
4509414
4509415
4509416
4509417
4509418
4509419
4509420
4509421
4509422
4509423
4509424
4509425
4509426
4509427
4509428
4509429
4509430
4509431
4509432
4509433
4509434
4509435
4509436
4509437
4509438
4509439
4509440
4509441
4509442
4509443
4509444
4509445
4509446
4509447
4509448
4509449
4509450
4509451
4509452
4509453
4509454
4509455
4509456
4509457
4509458
4509459
4509460
4509461
4509462
4509463
4509464
4509465
4509466
4509467
4509468
4509469
4509470
4509471
4509472
4509473
4509474
4509475
4509476
4509477
4509478
4509479
4509480
4509481
4509482
4509483
4509484
4509485
4509486
4509487
4509488
4509489
4509490
4509491
4509492
4509493
4509494
4509495
4509496
4509497
4509498
4509499
4509500
4509501
4509502
4509503
4509504
4509505
4509506
4509507
4509508
4509509
4509510
4509511
4509512
4509513
4509514
4509515
4509516
4509517
4509518
4509519
4509520
4509521
4509522
4509523
4509524
4509525
4509526
4509527
4509528
4509529
4509530
4509531
4509532
4509533
4509534
4509535
4509536
4509537
4509538
4509539
4509540
4509541
4509542
4509543
4509544
4509545
4509546
4509547
4509548
4509549
4509550
4509551
4509552
4509553
4509554
4509555
4509556
4509557
4509558
4509559
4509560
4509561
4509562
4509563
4509564
4509565
4509566
4509567
4509568
4509569
4509570
4509571
4509572
4509573
4509574
4509575
4509576
4509577
4509578
4509579
4509580
4509581
4509582
4509583
4509584
4509585
4509586
4509587
4509588
4509589
4509590
4509591
4509592
4509593
4509594
4509595
4509596
4509597
4509598
4509599
4509600
4509601
4509602
4509603
4509604
4509605
4509606
4509607
4509608
4509609
4509610
4509611
4509612
4509613
4509614
4509615
4509616
4509617
4509618
4509619
4509620
4509621
4509622
4509623
4509624
4509625
4509626
4509627
4509628
4509629
4509630
4509631
4509632
4509633
4509634
4509635
4509636
4509637
4509638
4509639
4509640
4509641
4509642
4509643
4509644
4509645
4509646
4509647
4509648
4509649
4509650
4509651
4509652
4509653
4509654
4509655
4509656
4509657
4509658
4509659
4509660
4509661
4509662
4509663
4509664
4509665
4509666
4509667
4509668
4509669
4509670
4509671
4509672
4509673
4509674
4509675
4509676
4509677
4509678
4509679
4509680
4509681
4509682
4509683
4509684
4509685
4509686
4509687
4509688
4509689
4509690
4509691
4509692
4509693
4509694
4509695
4509696
4509697
4509698
4509699
4509700
4509701
4509702
4509703
4509704
4509705
4509706
4509707
4509708
4509709
4509710
4509711
4509712
4509713
4509714
4509715
4509716
4509717
4509718
4509719
4509720
4509721
4509722
4509723
4509724
4509725
4509726
4509727
4509728
4509729
4509730
4509731
4509732
4509733
4509734
4509735
4509736
4509737
4509738
4509739
4509740
4509741
4509742
4509743
4509744
4509745
4509746
4509747
4509748
4509749
4509750
4509751
4509752
4509753
4509754
4509755
4509756
4509757
4509758
4509759
4509760
4509761
4509762
4509763
4509764
4509765
4509766
4509767
4509768
4509769
4509770
4509771
4509772
4509773
4509774
4509775
4509776
4509777
4509778
4509779
4509780
4509781
4509782
4509783
4509784
4509785
4509786
4509787
4509788
4509789
4509790
4509791
4509792
4509793
4509794
4509795
4509796
4509797
4509798
4509799
4509800
4509801
4509802
4509803
4509804
4509805
4509806
4509807
4509808
4509809
4509810
4509811
4509812
4509813
4509814
4509815
4509816
4509817
4509818
4509819
4509820
4509821
4509822
4509823
4509824
4509825
4509826
4509827
4509828
4509829
4509830
4509831
4509832
4509833
4509834
4509835
4509836
4509837
4509838
4509839
4509840
4509841
4509842
4509843
4509844
4509845
4509846
4509847
4509848
4509849
4509850
4509851
4509852
4509853
4509854
4509855
4509856
4509857
4509858
4509859
4509860
4509861
4509862
4509863
4509864
4509865
4509866
4509867
4509868
4509869
4509870
4509871
4509872
4509873
4509874
4509875
4509876
4509877
4509878
4509879
4509880
4509881
4509882
4509883
4509884
4509885
4509886
4509887
4509888
4509889
4509890
4509891
4509892
4509893
4509894
4509895
4509896
4509897
4509898
4509899
4509900
4509901
4509902
4509903
4509904
4509905
4509906
4509907
4509908
4509909
4509910
4509911
4509912
4509913
4509914
4509915
4509916
4509917
4509918
4509919
4509920
4509921
4509922
4509923
4509924
4509925
4509926
4509927
4509928
4509929
4509930
4509931
4509932
4509933
4509934
4509935
4509936
4509937
4509938
4509939
4509940
4509941
4509942
4509943
4509944
4509945
4509946
4509947
4509948
4509949
4509950
4509951
4509952
4509953
4509954
4509955
4509956
4509957
4509958
4509959
4509960
4509961
4509962
4509963
4509964
4509965
4509966
4509967
4509968
4509969
4509970
4509971
4509972
4509973
4509974
4509975
4509976
4509977
4509978
4509979
4509980
4509981
4509982
4509983
4509984
4509985
4509986
4509987
4509988
4509989
4509990
4509991
4509992
4509993
4509994
4509995
4509996
4509997
4509998
4509999
4510000
