4580001
4580002
4580003
4580004
4580005
4580006
4580007
4580008
4580009
4580010
4580011
4580012
4580013
4580014
4580015
4580016
4580017
4580018
4580019
4580020
4580021
4580022
4580023
4580024
4580025
4580026
4580027
4580028
4580029
4580030
4580031
4580032
4580033
4580034
4580035
4580036
4580037
4580038
4580039
4580040
4580041
4580042
4580043
4580044
4580045
4580046
4580047
4580048
4580049
4580050
4580051
4580052
4580053
4580054
4580055
4580056
4580057
4580058
4580059
4580060
4580061
4580062
4580063
4580064
4580065
4580066
4580067
4580068
4580069
4580070
4580071
4580072
4580073
4580074
4580075
4580076
4580077
4580078
4580079
4580080
4580081
4580082
4580083
4580084
4580085
4580086
4580087
4580088
4580089
4580090
4580091
4580092
4580093
4580094
4580095
4580096
4580097
4580098
4580099
4580100
4580101
4580102
4580103
4580104
4580105
4580106
4580107
4580108
4580109
4580110
4580111
4580112
4580113
4580114
4580115
4580116
4580117
4580118
4580119
4580120
4580121
4580122
4580123
4580124
4580125
4580126
4580127
4580128
4580129
4580130
4580131
4580132
4580133
4580134
4580135
4580136
4580137
4580138
4580139
4580140
4580141
4580142
4580143
4580144
4580145
4580146
4580147
4580148
4580149
4580150
4580151
4580152
4580153
4580154
4580155
4580156
4580157
4580158
4580159
4580160
4580161
4580162
4580163
4580164
4580165
4580166
4580167
4580168
4580169
4580170
4580171
4580172
4580173
4580174
4580175
4580176
4580177
4580178
4580179
4580180
4580181
4580182
4580183
4580184
4580185
4580186
4580187
4580188
4580189
4580190
4580191
4580192
4580193
4580194
4580195
4580196
4580197
4580198
4580199
4580200
4580201
4580202
4580203
4580204
4580205
4580206
4580207
4580208
4580209
4580210
4580211
4580212
4580213
4580214
4580215
4580216
4580217
4580218
4580219
4580220
4580221
4580222
4580223
4580224
4580225
4580226
4580227
4580228
4580229
4580230
4580231
4580232
4580233
4580234
4580235
4580236
4580237
4580238
4580239
4580240
4580241
4580242
4580243
4580244
4580245
4580246
4580247
4580248
4580249
4580250
4580251
4580252
4580253
4580254
4580255
4580256
4580257
4580258
4580259
4580260
4580261
4580262
4580263
4580264
4580265
4580266
4580267
4580268
4580269
4580270
4580271
4580272
4580273
4580274
4580275
4580276
4580277
4580278
4580279
4580280
4580281
4580282
4580283
4580284
4580285
4580286
4580287
4580288
4580289
4580290
4580291
4580292
4580293
4580294
4580295
4580296
4580297
4580298
4580299
4580300
4580301
4580302
4580303
4580304
4580305
4580306
4580307
4580308
4580309
4580310
4580311
4580312
4580313
4580314
4580315
4580316
4580317
4580318
4580319
4580320
4580321
4580322
4580323
4580324
4580325
4580326
4580327
4580328
4580329
4580330
4580331
4580332
4580333
4580334
4580335
4580336
4580337
4580338
4580339
4580340
4580341
4580342
4580343
4580344
4580345
4580346
4580347
4580348
4580349
4580350
4580351
4580352
4580353
4580354
4580355
4580356
4580357
4580358
4580359
4580360
4580361
4580362
4580363
4580364
4580365
4580366
4580367
4580368
4580369
4580370
4580371
4580372
4580373
4580374
4580375
4580376
4580377
4580378
4580379
4580380
4580381
4580382
4580383
4580384
4580385
4580386
4580387
4580388
4580389
4580390
4580391
4580392
4580393
4580394
4580395
4580396
4580397
4580398
4580399
4580400
4580401
4580402
4580403
4580404
4580405
4580406
4580407
4580408
4580409
4580410
4580411
4580412
4580413
4580414
4580415
4580416
4580417
4580418
4580419
4580420
4580421
4580422
4580423
4580424
4580425
4580426
4580427
4580428
4580429
4580430
4580431
4580432
4580433
4580434
4580435
4580436
4580437
4580438
4580439
4580440
4580441
4580442
4580443
4580444
4580445
4580446
4580447
4580448
4580449
4580450
4580451
4580452
4580453
4580454
4580455
4580456
4580457
4580458
4580459
4580460
4580461
4580462
4580463
4580464
4580465
4580466
4580467
4580468
4580469
4580470
4580471
4580472
4580473
4580474
4580475
4580476
4580477
4580478
4580479
4580480
4580481
4580482
4580483
4580484
4580485
4580486
4580487
4580488
4580489
4580490
4580491
4580492
4580493
4580494
4580495
4580496
4580497
4580498
4580499
4580500
4580501
4580502
4580503
4580504
4580505
4580506
4580507
4580508
4580509
4580510
4580511
4580512
4580513
4580514
4580515
4580516
4580517
4580518
4580519
4580520
4580521
4580522
4580523
4580524
4580525
4580526
4580527
4580528
4580529
4580530
4580531
4580532
4580533
4580534
4580535
4580536
4580537
4580538
4580539
4580540
4580541
4580542
4580543
4580544
4580545
4580546
4580547
4580548
4580549
4580550
4580551
4580552
4580553
4580554
4580555
4580556
4580557
4580558
4580559
4580560
4580561
4580562
4580563
4580564
4580565
4580566
4580567
4580568
4580569
4580570
4580571
4580572
4580573
4580574
4580575
4580576
4580577
4580578
4580579
4580580
4580581
4580582
4580583
4580584
4580585
4580586
4580587
4580588
4580589
4580590
4580591
4580592
4580593
4580594
4580595
4580596
4580597
4580598
4580599
4580600
4580601
4580602
4580603
4580604
4580605
4580606
4580607
4580608
4580609
4580610
4580611
4580612
4580613
4580614
4580615
4580616
4580617
4580618
4580619
4580620
4580621
4580622
4580623
4580624
4580625
4580626
4580627
4580628
4580629
4580630
4580631
4580632
4580633
4580634
4580635
4580636
4580637
4580638
4580639
4580640
4580641
4580642
4580643
4580644
4580645
4580646
4580647
4580648
4580649
4580650
4580651
4580652
4580653
4580654
4580655
4580656
4580657
4580658
4580659
4580660
4580661
4580662
4580663
4580664
4580665
4580666
4580667
4580668
4580669
4580670
4580671
4580672
4580673
4580674
4580675
4580676
4580677
4580678
4580679
4580680
4580681
4580682
4580683
4580684
4580685
4580686
4580687
4580688
4580689
4580690
4580691
4580692
4580693
4580694
4580695
4580696
4580697
4580698
4580699
4580700
4580701
4580702
4580703
4580704
4580705
4580706
4580707
4580708
4580709
4580710
4580711
4580712
4580713
4580714
4580715
4580716
4580717
4580718
4580719
4580720
4580721
4580722
4580723
4580724
4580725
4580726
4580727
4580728
4580729
4580730
4580731
4580732
4580733
4580734
4580735
4580736
4580737
4580738
4580739
4580740
4580741
4580742
4580743
4580744
4580745
4580746
4580747
4580748
4580749
4580750
4580751
4580752
4580753
4580754
4580755
4580756
4580757
4580758
4580759
4580760
4580761
4580762
4580763
4580764
4580765
4580766
4580767
4580768
4580769
4580770
4580771
4580772
4580773
4580774
4580775
4580776
4580777
4580778
4580779
4580780
4580781
4580782
4580783
4580784
4580785
4580786
4580787
4580788
4580789
4580790
4580791
4580792
4580793
4580794
4580795
4580796
4580797
4580798
4580799
4580800
4580801
4580802
4580803
4580804
4580805
4580806
4580807
4580808
4580809
4580810
4580811
4580812
4580813
4580814
4580815
4580816
4580817
4580818
4580819
4580820
4580821
4580822
4580823
4580824
4580825
4580826
4580827
4580828
4580829
4580830
4580831
4580832
4580833
4580834
4580835
4580836
4580837
4580838
4580839
4580840
4580841
4580842
4580843
4580844
4580845
4580846
4580847
4580848
4580849
4580850
4580851
4580852
4580853
4580854
4580855
4580856
4580857
4580858
4580859
4580860
4580861
4580862
4580863
4580864
4580865
4580866
4580867
4580868
4580869
4580870
4580871
4580872
4580873
4580874
4580875
4580876
4580877
4580878
4580879
4580880
4580881
4580882
4580883
4580884
4580885
4580886
4580887
4580888
4580889
4580890
4580891
4580892
4580893
4580894
4580895
4580896
4580897
4580898
4580899
4580900
4580901
4580902
4580903
4580904
4580905
4580906
4580907
4580908
4580909
4580910
4580911
4580912
4580913
4580914
4580915
4580916
4580917
4580918
4580919
4580920
4580921
4580922
4580923
4580924
4580925
4580926
4580927
4580928
4580929
4580930
4580931
4580932
4580933
4580934
4580935
4580936
4580937
4580938
4580939
4580940
4580941
4580942
4580943
4580944
4580945
4580946
4580947
4580948
4580949
4580950
4580951
4580952
4580953
4580954
4580955
4580956
4580957
4580958
4580959
4580960
4580961
4580962
4580963
4580964
4580965
4580966
4580967
4580968
4580969
4580970
4580971
4580972
4580973
4580974
4580975
4580976
4580977
4580978
4580979
4580980
4580981
4580982
4580983
4580984
4580985
4580986
4580987
4580988
4580989
4580990
4580991
4580992
4580993
4580994
4580995
4580996
4580997
4580998
4580999
4581000
4581001
4581002
4581003
4581004
4581005
4581006
4581007
4581008
4581009
4581010
4581011
4581012
4581013
4581014
4581015
4581016
4581017
4581018
4581019
4581020
4581021
4581022
4581023
4581024
4581025
4581026
4581027
4581028
4581029
4581030
4581031
4581032
4581033
4581034
4581035
4581036
4581037
4581038
4581039
4581040
4581041
4581042
4581043
4581044
4581045
4581046
4581047
4581048
4581049
4581050
4581051
4581052
4581053
4581054
4581055
4581056
4581057
4581058
4581059
4581060
4581061
4581062
4581063
4581064
4581065
4581066
4581067
4581068
4581069
4581070
4581071
4581072
4581073
4581074
4581075
4581076
4581077
4581078
4581079
4581080
4581081
4581082
4581083
4581084
4581085
4581086
4581087
4581088
4581089
4581090
4581091
4581092
4581093
4581094
4581095
4581096
4581097
4581098
4581099
4581100
4581101
4581102
4581103
4581104
4581105
4581106
4581107
4581108
4581109
4581110
4581111
4581112
4581113
4581114
4581115
4581116
4581117
4581118
4581119
4581120
4581121
4581122
4581123
4581124
4581125
4581126
4581127
4581128
4581129
4581130
4581131
4581132
4581133
4581134
4581135
4581136
4581137
4581138
4581139
4581140
4581141
4581142
4581143
4581144
4581145
4581146
4581147
4581148
4581149
4581150
4581151
4581152
4581153
4581154
4581155
4581156
4581157
4581158
4581159
4581160
4581161
4581162
4581163
4581164
4581165
4581166
4581167
4581168
4581169
4581170
4581171
4581172
4581173
4581174
4581175
4581176
4581177
4581178
4581179
4581180
4581181
4581182
4581183
4581184
4581185
4581186
4581187
4581188
4581189
4581190
4581191
4581192
4581193
4581194
4581195
4581196
4581197
4581198
4581199
4581200
4581201
4581202
4581203
4581204
4581205
4581206
4581207
4581208
4581209
4581210
4581211
4581212
4581213
4581214
4581215
4581216
4581217
4581218
4581219
4581220
4581221
4581222
4581223
4581224
4581225
4581226
4581227
4581228
4581229
4581230
4581231
4581232
4581233
4581234
4581235
4581236
4581237
4581238
4581239
4581240
4581241
4581242
4581243
4581244
4581245
4581246
4581247
4581248
4581249
4581250
4581251
4581252
4581253
4581254
4581255
4581256
4581257
4581258
4581259
4581260
4581261
4581262
4581263
4581264
4581265
4581266
4581267
4581268
4581269
4581270
4581271
4581272
4581273
4581274
4581275
4581276
4581277
4581278
4581279
4581280
4581281
4581282
4581283
4581284
4581285
4581286
4581287
4581288
4581289
4581290
4581291
4581292
4581293
4581294
4581295
4581296
4581297
4581298
4581299
4581300
4581301
4581302
4581303
4581304
4581305
4581306
4581307
4581308
4581309
4581310
4581311
4581312
4581313
4581314
4581315
4581316
4581317
4581318
4581319
4581320
4581321
4581322
4581323
4581324
4581325
4581326
4581327
4581328
4581329
4581330
4581331
4581332
4581333
4581334
4581335
4581336
4581337
4581338
4581339
4581340
4581341
4581342
4581343
4581344
4581345
4581346
4581347
4581348
4581349
4581350
4581351
4581352
4581353
4581354
4581355
4581356
4581357
4581358
4581359
4581360
4581361
4581362
4581363
4581364
4581365
4581366
4581367
4581368
4581369
4581370
4581371
4581372
4581373
4581374
4581375
4581376
4581377
4581378
4581379
4581380
4581381
4581382
4581383
4581384
4581385
4581386
4581387
4581388
4581389
4581390
4581391
4581392
4581393
4581394
4581395
4581396
4581397
4581398
4581399
4581400
4581401
4581402
4581403
4581404
4581405
4581406
4581407
4581408
4581409
4581410
4581411
4581412
4581413
4581414
4581415
4581416
4581417
4581418
4581419
4581420
4581421
4581422
4581423
4581424
4581425
4581426
4581427
4581428
4581429
4581430
4581431
4581432
4581433
4581434
4581435
4581436
4581437
4581438
4581439
4581440
4581441
4581442
4581443
4581444
4581445
4581446
4581447
4581448
4581449
4581450
4581451
4581452
4581453
4581454
4581455
4581456
4581457
4581458
4581459
4581460
4581461
4581462
4581463
4581464
4581465
4581466
4581467
4581468
4581469
4581470
4581471
4581472
4581473
4581474
4581475
4581476
4581477
4581478
4581479
4581480
4581481
4581482
4581483
4581484
4581485
4581486
4581487
4581488
4581489
4581490
4581491
4581492
4581493
4581494
4581495
4581496
4581497
4581498
4581499
4581500
4581501
4581502
4581503
4581504
4581505
4581506
4581507
4581508
4581509
4581510
4581511
4581512
4581513
4581514
4581515
4581516
4581517
4581518
4581519
4581520
4581521
4581522
4581523
4581524
4581525
4581526
4581527
4581528
4581529
4581530
4581531
4581532
4581533
4581534
4581535
4581536
4581537
4581538
4581539
4581540
4581541
4581542
4581543
4581544
4581545
4581546
4581547
4581548
4581549
4581550
4581551
4581552
4581553
4581554
4581555
4581556
4581557
4581558
4581559
4581560
4581561
4581562
4581563
4581564
4581565
4581566
4581567
4581568
4581569
4581570
4581571
4581572
4581573
4581574
4581575
4581576
4581577
4581578
4581579
4581580
4581581
4581582
4581583
4581584
4581585
4581586
4581587
4581588
4581589
4581590
4581591
4581592
4581593
4581594
4581595
4581596
4581597
4581598
4581599
4581600
4581601
4581602
4581603
4581604
4581605
4581606
4581607
4581608
4581609
4581610
4581611
4581612
4581613
4581614
4581615
4581616
4581617
4581618
4581619
4581620
4581621
4581622
4581623
4581624
4581625
4581626
4581627
4581628
4581629
4581630
4581631
4581632
4581633
4581634
4581635
4581636
4581637
4581638
4581639
4581640
4581641
4581642
4581643
4581644
4581645
4581646
4581647
4581648
4581649
4581650
4581651
4581652
4581653
4581654
4581655
4581656
4581657
4581658
4581659
4581660
4581661
4581662
4581663
4581664
4581665
4581666
4581667
4581668
4581669
4581670
4581671
4581672
4581673
4581674
4581675
4581676
4581677
4581678
4581679
4581680
4581681
4581682
4581683
4581684
4581685
4581686
4581687
4581688
4581689
4581690
4581691
4581692
4581693
4581694
4581695
4581696
4581697
4581698
4581699
4581700
4581701
4581702
4581703
4581704
4581705
4581706
4581707
4581708
4581709
4581710
4581711
4581712
4581713
4581714
4581715
4581716
4581717
4581718
4581719
4581720
4581721
4581722
4581723
4581724
4581725
4581726
4581727
4581728
4581729
4581730
4581731
4581732
4581733
4581734
4581735
4581736
4581737
4581738
4581739
4581740
4581741
4581742
4581743
4581744
4581745
4581746
4581747
4581748
4581749
4581750
4581751
4581752
4581753
4581754
4581755
4581756
4581757
4581758
4581759
4581760
4581761
4581762
4581763
4581764
4581765
4581766
4581767
4581768
4581769
4581770
4581771
4581772
4581773
4581774
4581775
4581776
4581777
4581778
4581779
4581780
4581781
4581782
4581783
4581784
4581785
4581786
4581787
4581788
4581789
4581790
4581791
4581792
4581793
4581794
4581795
4581796
4581797
4581798
4581799
4581800
4581801
4581802
4581803
4581804
4581805
4581806
4581807
4581808
4581809
4581810
4581811
4581812
4581813
4581814
4581815
4581816
4581817
4581818
4581819
4581820
4581821
4581822
4581823
4581824
4581825
4581826
4581827
4581828
4581829
4581830
4581831
4581832
4581833
4581834
4581835
4581836
4581837
4581838
4581839
4581840
4581841
4581842
4581843
4581844
4581845
4581846
4581847
4581848
4581849
4581850
4581851
4581852
4581853
4581854
4581855
4581856
4581857
4581858
4581859
4581860
4581861
4581862
4581863
4581864
4581865
4581866
4581867
4581868
4581869
4581870
4581871
4581872
4581873
4581874
4581875
4581876
4581877
4581878
4581879
4581880
4581881
4581882
4581883
4581884
4581885
4581886
4581887
4581888
4581889
4581890
4581891
4581892
4581893
4581894
4581895
4581896
4581897
4581898
4581899
4581900
4581901
4581902
4581903
4581904
4581905
4581906
4581907
4581908
4581909
4581910
4581911
4581912
4581913
4581914
4581915
4581916
4581917
4581918
4581919
4581920
4581921
4581922
4581923
4581924
4581925
4581926
4581927
4581928
4581929
4581930
4581931
4581932
4581933
4581934
4581935
4581936
4581937
4581938
4581939
4581940
4581941
4581942
4581943
4581944
4581945
4581946
4581947
4581948
4581949
4581950
4581951
4581952
4581953
4581954
4581955
4581956
4581957
4581958
4581959
4581960
4581961
4581962
4581963
4581964
4581965
4581966
4581967
4581968
4581969
4581970
4581971
4581972
4581973
4581974
4581975
4581976
4581977
4581978
4581979
4581980
4581981
4581982
4581983
4581984
4581985
4581986
4581987
4581988
4581989
4581990
4581991
4581992
4581993
4581994
4581995
4581996
4581997
4581998
4581999
4582000
4582001
4582002
4582003
4582004
4582005
4582006
4582007
4582008
4582009
4582010
4582011
4582012
4582013
4582014
4582015
4582016
4582017
4582018
4582019
4582020
4582021
4582022
4582023
4582024
4582025
4582026
4582027
4582028
4582029
4582030
4582031
4582032
4582033
4582034
4582035
4582036
4582037
4582038
4582039
4582040
4582041
4582042
4582043
4582044
4582045
4582046
4582047
4582048
4582049
4582050
4582051
4582052
4582053
4582054
4582055
4582056
4582057
4582058
4582059
4582060
4582061
4582062
4582063
4582064
4582065
4582066
4582067
4582068
4582069
4582070
4582071
4582072
4582073
4582074
4582075
4582076
4582077
4582078
4582079
4582080
4582081
4582082
4582083
4582084
4582085
4582086
4582087
4582088
4582089
4582090
4582091
4582092
4582093
4582094
4582095
4582096
4582097
4582098
4582099
4582100
4582101
4582102
4582103
4582104
4582105
4582106
4582107
4582108
4582109
4582110
4582111
4582112
4582113
4582114
4582115
4582116
4582117
4582118
4582119
4582120
4582121
4582122
4582123
4582124
4582125
4582126
4582127
4582128
4582129
4582130
4582131
4582132
4582133
4582134
4582135
4582136
4582137
4582138
4582139
4582140
4582141
4582142
4582143
4582144
4582145
4582146
4582147
4582148
4582149
4582150
4582151
4582152
4582153
4582154
4582155
4582156
4582157
4582158
4582159
4582160
4582161
4582162
4582163
4582164
4582165
4582166
4582167
4582168
4582169
4582170
4582171
4582172
4582173
4582174
4582175
4582176
4582177
4582178
4582179
4582180
4582181
4582182
4582183
4582184
4582185
4582186
4582187
4582188
4582189
4582190
4582191
4582192
4582193
4582194
4582195
4582196
4582197
4582198
4582199
4582200
4582201
4582202
4582203
4582204
4582205
4582206
4582207
4582208
4582209
4582210
4582211
4582212
4582213
4582214
4582215
4582216
4582217
4582218
4582219
4582220
4582221
4582222
4582223
4582224
4582225
4582226
4582227
4582228
4582229
4582230
4582231
4582232
4582233
4582234
4582235
4582236
4582237
4582238
4582239
4582240
4582241
4582242
4582243
4582244
4582245
4582246
4582247
4582248
4582249
4582250
4582251
4582252
4582253
4582254
4582255
4582256
4582257
4582258
4582259
4582260
4582261
4582262
4582263
4582264
4582265
4582266
4582267
4582268
4582269
4582270
4582271
4582272
4582273
4582274
4582275
4582276
4582277
4582278
4582279
4582280
4582281
4582282
4582283
4582284
4582285
4582286
4582287
4582288
4582289
4582290
4582291
4582292
4582293
4582294
4582295
4582296
4582297
4582298
4582299
4582300
4582301
4582302
4582303
4582304
4582305
4582306
4582307
4582308
4582309
4582310
4582311
4582312
4582313
4582314
4582315
4582316
4582317
4582318
4582319
4582320
4582321
4582322
4582323
4582324
4582325
4582326
4582327
4582328
4582329
4582330
4582331
4582332
4582333
4582334
4582335
4582336
4582337
4582338
4582339
4582340
4582341
4582342
4582343
4582344
4582345
4582346
4582347
4582348
4582349
4582350
4582351
4582352
4582353
4582354
4582355
4582356
4582357
4582358
4582359
4582360
4582361
4582362
4582363
4582364
4582365
4582366
4582367
4582368
4582369
4582370
4582371
4582372
4582373
4582374
4582375
4582376
4582377
4582378
4582379
4582380
4582381
4582382
4582383
4582384
4582385
4582386
4582387
4582388
4582389
4582390
4582391
4582392
4582393
4582394
4582395
4582396
4582397
4582398
4582399
4582400
4582401
4582402
4582403
4582404
4582405
4582406
4582407
4582408
4582409
4582410
4582411
4582412
4582413
4582414
4582415
4582416
4582417
4582418
4582419
4582420
4582421
4582422
4582423
4582424
4582425
4582426
4582427
4582428
4582429
4582430
4582431
4582432
4582433
4582434
4582435
4582436
4582437
4582438
4582439
4582440
4582441
4582442
4582443
4582444
4582445
4582446
4582447
4582448
4582449
4582450
4582451
4582452
4582453
4582454
4582455
4582456
4582457
4582458
4582459
4582460
4582461
4582462
4582463
4582464
4582465
4582466
4582467
4582468
4582469
4582470
4582471
4582472
4582473
4582474
4582475
4582476
4582477
4582478
4582479
4582480
4582481
4582482
4582483
4582484
4582485
4582486
4582487
4582488
4582489
4582490
4582491
4582492
4582493
4582494
4582495
4582496
4582497
4582498
4582499
4582500
4582501
4582502
4582503
4582504
4582505
4582506
4582507
4582508
4582509
4582510
4582511
4582512
4582513
4582514
4582515
4582516
4582517
4582518
4582519
4582520
4582521
4582522
4582523
4582524
4582525
4582526
4582527
4582528
4582529
4582530
4582531
4582532
4582533
4582534
4582535
4582536
4582537
4582538
4582539
4582540
4582541
4582542
4582543
4582544
4582545
4582546
4582547
4582548
4582549
4582550
4582551
4582552
4582553
4582554
4582555
4582556
4582557
4582558
4582559
4582560
4582561
4582562
4582563
4582564
4582565
4582566
4582567
4582568
4582569
4582570
4582571
4582572
4582573
4582574
4582575
4582576
4582577
4582578
4582579
4582580
4582581
4582582
4582583
4582584
4582585
4582586
4582587
4582588
4582589
4582590
4582591
4582592
4582593
4582594
4582595
4582596
4582597
4582598
4582599
4582600
4582601
4582602
4582603
4582604
4582605
4582606
4582607
4582608
4582609
4582610
4582611
4582612
4582613
4582614
4582615
4582616
4582617
4582618
4582619
4582620
4582621
4582622
4582623
4582624
4582625
4582626
4582627
4582628
4582629
4582630
4582631
4582632
4582633
4582634
4582635
4582636
4582637
4582638
4582639
4582640
4582641
4582642
4582643
4582644
4582645
4582646
4582647
4582648
4582649
4582650
4582651
4582652
4582653
4582654
4582655
4582656
4582657
4582658
4582659
4582660
4582661
4582662
4582663
4582664
4582665
4582666
4582667
4582668
4582669
4582670
4582671
4582672
4582673
4582674
4582675
4582676
4582677
4582678
4582679
4582680
4582681
4582682
4582683
4582684
4582685
4582686
4582687
4582688
4582689
4582690
4582691
4582692
4582693
4582694
4582695
4582696
4582697
4582698
4582699
4582700
4582701
4582702
4582703
4582704
4582705
4582706
4582707
4582708
4582709
4582710
4582711
4582712
4582713
4582714
4582715
4582716
4582717
4582718
4582719
4582720
4582721
4582722
4582723
4582724
4582725
4582726
4582727
4582728
4582729
4582730
4582731
4582732
4582733
4582734
4582735
4582736
4582737
4582738
4582739
4582740
4582741
4582742
4582743
4582744
4582745
4582746
4582747
4582748
4582749
4582750
4582751
4582752
4582753
4582754
4582755
4582756
4582757
4582758
4582759
4582760
4582761
4582762
4582763
4582764
4582765
4582766
4582767
4582768
4582769
4582770
4582771
4582772
4582773
4582774
4582775
4582776
4582777
4582778
4582779
4582780
4582781
4582782
4582783
4582784
4582785
4582786
4582787
4582788
4582789
4582790
4582791
4582792
4582793
4582794
4582795
4582796
4582797
4582798
4582799
4582800
4582801
4582802
4582803
4582804
4582805
4582806
4582807
4582808
4582809
4582810
4582811
4582812
4582813
4582814
4582815
4582816
4582817
4582818
4582819
4582820
4582821
4582822
4582823
4582824
4582825
4582826
4582827
4582828
4582829
4582830
4582831
4582832
4582833
4582834
4582835
4582836
4582837
4582838
4582839
4582840
4582841
4582842
4582843
4582844
4582845
4582846
4582847
4582848
4582849
4582850
4582851
4582852
4582853
4582854
4582855
4582856
4582857
4582858
4582859
4582860
4582861
4582862
4582863
4582864
4582865
4582866
4582867
4582868
4582869
4582870
4582871
4582872
4582873
4582874
4582875
4582876
4582877
4582878
4582879
4582880
4582881
4582882
4582883
4582884
4582885
4582886
4582887
4582888
4582889
4582890
4582891
4582892
4582893
4582894
4582895
4582896
4582897
4582898
4582899
4582900
4582901
4582902
4582903
4582904
4582905
4582906
4582907
4582908
4582909
4582910
4582911
4582912
4582913
4582914
4582915
4582916
4582917
4582918
4582919
4582920
4582921
4582922
4582923
4582924
4582925
4582926
4582927
4582928
4582929
4582930
4582931
4582932
4582933
4582934
4582935
4582936
4582937
4582938
4582939
4582940
4582941
4582942
4582943
4582944
4582945
4582946
4582947
4582948
4582949
4582950
4582951
4582952
4582953
4582954
4582955
4582956
4582957
4582958
4582959
4582960
4582961
4582962
4582963
4582964
4582965
4582966
4582967
4582968
4582969
4582970
4582971
4582972
4582973
4582974
4582975
4582976
4582977
4582978
4582979
4582980
4582981
4582982
4582983
4582984
4582985
4582986
4582987
4582988
4582989
4582990
4582991
4582992
4582993
4582994
4582995
4582996
4582997
4582998
4582999
4583000
4583001
4583002
4583003
4583004
4583005
4583006
4583007
4583008
4583009
4583010
4583011
4583012
4583013
4583014
4583015
4583016
4583017
4583018
4583019
4583020
4583021
4583022
4583023
4583024
4583025
4583026
4583027
4583028
4583029
4583030
4583031
4583032
4583033
4583034
4583035
4583036
4583037
4583038
4583039
4583040
4583041
4583042
4583043
4583044
4583045
4583046
4583047
4583048
4583049
4583050
4583051
4583052
4583053
4583054
4583055
4583056
4583057
4583058
4583059
4583060
4583061
4583062
4583063
4583064
4583065
4583066
4583067
4583068
4583069
4583070
4583071
4583072
4583073
4583074
4583075
4583076
4583077
4583078
4583079
4583080
4583081
4583082
4583083
4583084
4583085
4583086
4583087
4583088
4583089
4583090
4583091
4583092
4583093
4583094
4583095
4583096
4583097
4583098
4583099
4583100
4583101
4583102
4583103
4583104
4583105
4583106
4583107
4583108
4583109
4583110
4583111
4583112
4583113
4583114
4583115
4583116
4583117
4583118
4583119
4583120
4583121
4583122
4583123
4583124
4583125
4583126
4583127
4583128
4583129
4583130
4583131
4583132
4583133
4583134
4583135
4583136
4583137
4583138
4583139
4583140
4583141
4583142
4583143
4583144
4583145
4583146
4583147
4583148
4583149
4583150
4583151
4583152
4583153
4583154
4583155
4583156
4583157
4583158
4583159
4583160
4583161
4583162
4583163
4583164
4583165
4583166
4583167
4583168
4583169
4583170
4583171
4583172
4583173
4583174
4583175
4583176
4583177
4583178
4583179
4583180
4583181
4583182
4583183
4583184
4583185
4583186
4583187
4583188
4583189
4583190
4583191
4583192
4583193
4583194
4583195
4583196
4583197
4583198
4583199
4583200
4583201
4583202
4583203
4583204
4583205
4583206
4583207
4583208
4583209
4583210
4583211
4583212
4583213
4583214
4583215
4583216
4583217
4583218
4583219
4583220
4583221
4583222
4583223
4583224
4583225
4583226
4583227
4583228
4583229
4583230
4583231
4583232
4583233
4583234
4583235
4583236
4583237
4583238
4583239
4583240
4583241
4583242
4583243
4583244
4583245
4583246
4583247
4583248
4583249
4583250
4583251
4583252
4583253
4583254
4583255
4583256
4583257
4583258
4583259
4583260
4583261
4583262
4583263
4583264
4583265
4583266
4583267
4583268
4583269
4583270
4583271
4583272
4583273
4583274
4583275
4583276
4583277
4583278
4583279
4583280
4583281
4583282
4583283
4583284
4583285
4583286
4583287
4583288
4583289
4583290
4583291
4583292
4583293
4583294
4583295
4583296
4583297
4583298
4583299
4583300
4583301
4583302
4583303
4583304
4583305
4583306
4583307
4583308
4583309
4583310
4583311
4583312
4583313
4583314
4583315
4583316
4583317
4583318
4583319
4583320
4583321
4583322
4583323
4583324
4583325
4583326
4583327
4583328
4583329
4583330
4583331
4583332
4583333
4583334
4583335
4583336
4583337
4583338
4583339
4583340
4583341
4583342
4583343
4583344
4583345
4583346
4583347
4583348
4583349
4583350
4583351
4583352
4583353
4583354
4583355
4583356
4583357
4583358
4583359
4583360
4583361
4583362
4583363
4583364
4583365
4583366
4583367
4583368
4583369
4583370
4583371
4583372
4583373
4583374
4583375
4583376
4583377
4583378
4583379
4583380
4583381
4583382
4583383
4583384
4583385
4583386
4583387
4583388
4583389
4583390
4583391
4583392
4583393
4583394
4583395
4583396
4583397
4583398
4583399
4583400
4583401
4583402
4583403
4583404
4583405
4583406
4583407
4583408
4583409
4583410
4583411
4583412
4583413
4583414
4583415
4583416
4583417
4583418
4583419
4583420
4583421
4583422
4583423
4583424
4583425
4583426
4583427
4583428
4583429
4583430
4583431
4583432
4583433
4583434
4583435
4583436
4583437
4583438
4583439
4583440
4583441
4583442
4583443
4583444
4583445
4583446
4583447
4583448
4583449
4583450
4583451
4583452
4583453
4583454
4583455
4583456
4583457
4583458
4583459
4583460
4583461
4583462
4583463
4583464
4583465
4583466
4583467
4583468
4583469
4583470
4583471
4583472
4583473
4583474
4583475
4583476
4583477
4583478
4583479
4583480
4583481
4583482
4583483
4583484
4583485
4583486
4583487
4583488
4583489
4583490
4583491
4583492
4583493
4583494
4583495
4583496
4583497
4583498
4583499
4583500
4583501
4583502
4583503
4583504
4583505
4583506
4583507
4583508
4583509
4583510
4583511
4583512
4583513
4583514
4583515
4583516
4583517
4583518
4583519
4583520
4583521
4583522
4583523
4583524
4583525
4583526
4583527
4583528
4583529
4583530
4583531
4583532
4583533
4583534
4583535
4583536
4583537
4583538
4583539
4583540
4583541
4583542
4583543
4583544
4583545
4583546
4583547
4583548
4583549
4583550
4583551
4583552
4583553
4583554
4583555
4583556
4583557
4583558
4583559
4583560
4583561
4583562
4583563
4583564
4583565
4583566
4583567
4583568
4583569
4583570
4583571
4583572
4583573
4583574
4583575
4583576
4583577
4583578
4583579
4583580
4583581
4583582
4583583
4583584
4583585
4583586
4583587
4583588
4583589
4583590
4583591
4583592
4583593
4583594
4583595
4583596
4583597
4583598
4583599
4583600
4583601
4583602
4583603
4583604
4583605
4583606
4583607
4583608
4583609
4583610
4583611
4583612
4583613
4583614
4583615
4583616
4583617
4583618
4583619
4583620
4583621
4583622
4583623
4583624
4583625
4583626
4583627
4583628
4583629
4583630
4583631
4583632
4583633
4583634
4583635
4583636
4583637
4583638
4583639
4583640
4583641
4583642
4583643
4583644
4583645
4583646
4583647
4583648
4583649
4583650
4583651
4583652
4583653
4583654
4583655
4583656
4583657
4583658
4583659
4583660
4583661
4583662
4583663
4583664
4583665
4583666
4583667
4583668
4583669
4583670
4583671
4583672
4583673
4583674
4583675
4583676
4583677
4583678
4583679
4583680
4583681
4583682
4583683
4583684
4583685
4583686
4583687
4583688
4583689
4583690
4583691
4583692
4583693
4583694
4583695
4583696
4583697
4583698
4583699
4583700
4583701
4583702
4583703
4583704
4583705
4583706
4583707
4583708
4583709
4583710
4583711
4583712
4583713
4583714
4583715
4583716
4583717
4583718
4583719
4583720
4583721
4583722
4583723
4583724
4583725
4583726
4583727
4583728
4583729
4583730
4583731
4583732
4583733
4583734
4583735
4583736
4583737
4583738
4583739
4583740
4583741
4583742
4583743
4583744
4583745
4583746
4583747
4583748
4583749
4583750
4583751
4583752
4583753
4583754
4583755
4583756
4583757
4583758
4583759
4583760
4583761
4583762
4583763
4583764
4583765
4583766
4583767
4583768
4583769
4583770
4583771
4583772
4583773
4583774
4583775
4583776
4583777
4583778
4583779
4583780
4583781
4583782
4583783
4583784
4583785
4583786
4583787
4583788
4583789
4583790
4583791
4583792
4583793
4583794
4583795
4583796
4583797
4583798
4583799
4583800
4583801
4583802
4583803
4583804
4583805
4583806
4583807
4583808
4583809
4583810
4583811
4583812
4583813
4583814
4583815
4583816
4583817
4583818
4583819
4583820
4583821
4583822
4583823
4583824
4583825
4583826
4583827
4583828
4583829
4583830
4583831
4583832
4583833
4583834
4583835
4583836
4583837
4583838
4583839
4583840
4583841
4583842
4583843
4583844
4583845
4583846
4583847
4583848
4583849
4583850
4583851
4583852
4583853
4583854
4583855
4583856
4583857
4583858
4583859
4583860
4583861
4583862
4583863
4583864
4583865
4583866
4583867
4583868
4583869
4583870
4583871
4583872
4583873
4583874
4583875
4583876
4583877
4583878
4583879
4583880
4583881
4583882
4583883
4583884
4583885
4583886
4583887
4583888
4583889
4583890
4583891
4583892
4583893
4583894
4583895
4583896
4583897
4583898
4583899
4583900
4583901
4583902
4583903
4583904
4583905
4583906
4583907
4583908
4583909
4583910
4583911
4583912
4583913
4583914
4583915
4583916
4583917
4583918
4583919
4583920
4583921
4583922
4583923
4583924
4583925
4583926
4583927
4583928
4583929
4583930
4583931
4583932
4583933
4583934
4583935
4583936
4583937
4583938
4583939
4583940
4583941
4583942
4583943
4583944
4583945
4583946
4583947
4583948
4583949
4583950
4583951
4583952
4583953
4583954
4583955
4583956
4583957
4583958
4583959
4583960
4583961
4583962
4583963
4583964
4583965
4583966
4583967
4583968
4583969
4583970
4583971
4583972
4583973
4583974
4583975
4583976
4583977
4583978
4583979
4583980
4583981
4583982
4583983
4583984
4583985
4583986
4583987
4583988
4583989
4583990
4583991
4583992
4583993
4583994
4583995
4583996
4583997
4583998
4583999
4584000
4584001
4584002
4584003
4584004
4584005
4584006
4584007
4584008
4584009
4584010
4584011
4584012
4584013
4584014
4584015
4584016
4584017
4584018
4584019
4584020
4584021
4584022
4584023
4584024
4584025
4584026
4584027
4584028
4584029
4584030
4584031
4584032
4584033
4584034
4584035
4584036
4584037
4584038
4584039
4584040
4584041
4584042
4584043
4584044
4584045
4584046
4584047
4584048
4584049
4584050
4584051
4584052
4584053
4584054
4584055
4584056
4584057
4584058
4584059
4584060
4584061
4584062
4584063
4584064
4584065
4584066
4584067
4584068
4584069
4584070
4584071
4584072
4584073
4584074
4584075
4584076
4584077
4584078
4584079
4584080
4584081
4584082
4584083
4584084
4584085
4584086
4584087
4584088
4584089
4584090
4584091
4584092
4584093
4584094
4584095
4584096
4584097
4584098
4584099
4584100
4584101
4584102
4584103
4584104
4584105
4584106
4584107
4584108
4584109
4584110
4584111
4584112
4584113
4584114
4584115
4584116
4584117
4584118
4584119
4584120
4584121
4584122
4584123
4584124
4584125
4584126
4584127
4584128
4584129
4584130
4584131
4584132
4584133
4584134
4584135
4584136
4584137
4584138
4584139
4584140
4584141
4584142
4584143
4584144
4584145
4584146
4584147
4584148
4584149
4584150
4584151
4584152
4584153
4584154
4584155
4584156
4584157
4584158
4584159
4584160
4584161
4584162
4584163
4584164
4584165
4584166
4584167
4584168
4584169
4584170
4584171
4584172
4584173
4584174
4584175
4584176
4584177
4584178
4584179
4584180
4584181
4584182
4584183
4584184
4584185
4584186
4584187
4584188
4584189
4584190
4584191
4584192
4584193
4584194
4584195
4584196
4584197
4584198
4584199
4584200
4584201
4584202
4584203
4584204
4584205
4584206
4584207
4584208
4584209
4584210
4584211
4584212
4584213
4584214
4584215
4584216
4584217
4584218
4584219
4584220
4584221
4584222
4584223
4584224
4584225
4584226
4584227
4584228
4584229
4584230
4584231
4584232
4584233
4584234
4584235
4584236
4584237
4584238
4584239
4584240
4584241
4584242
4584243
4584244
4584245
4584246
4584247
4584248
4584249
4584250
4584251
4584252
4584253
4584254
4584255
4584256
4584257
4584258
4584259
4584260
4584261
4584262
4584263
4584264
4584265
4584266
4584267
4584268
4584269
4584270
4584271
4584272
4584273
4584274
4584275
4584276
4584277
4584278
4584279
4584280
4584281
4584282
4584283
4584284
4584285
4584286
4584287
4584288
4584289
4584290
4584291
4584292
4584293
4584294
4584295
4584296
4584297
4584298
4584299
4584300
4584301
4584302
4584303
4584304
4584305
4584306
4584307
4584308
4584309
4584310
4584311
4584312
4584313
4584314
4584315
4584316
4584317
4584318
4584319
4584320
4584321
4584322
4584323
4584324
4584325
4584326
4584327
4584328
4584329
4584330
4584331
4584332
4584333
4584334
4584335
4584336
4584337
4584338
4584339
4584340
4584341
4584342
4584343
4584344
4584345
4584346
4584347
4584348
4584349
4584350
4584351
4584352
4584353
4584354
4584355
4584356
4584357
4584358
4584359
4584360
4584361
4584362
4584363
4584364
4584365
4584366
4584367
4584368
4584369
4584370
4584371
4584372
4584373
4584374
4584375
4584376
4584377
4584378
4584379
4584380
4584381
4584382
4584383
4584384
4584385
4584386
4584387
4584388
4584389
4584390
4584391
4584392
4584393
4584394
4584395
4584396
4584397
4584398
4584399
4584400
4584401
4584402
4584403
4584404
4584405
4584406
4584407
4584408
4584409
4584410
4584411
4584412
4584413
4584414
4584415
4584416
4584417
4584418
4584419
4584420
4584421
4584422
4584423
4584424
4584425
4584426
4584427
4584428
4584429
4584430
4584431
4584432
4584433
4584434
4584435
4584436
4584437
4584438
4584439
4584440
4584441
4584442
4584443
4584444
4584445
4584446
4584447
4584448
4584449
4584450
4584451
4584452
4584453
4584454
4584455
4584456
4584457
4584458
4584459
4584460
4584461
4584462
4584463
4584464
4584465
4584466
4584467
4584468
4584469
4584470
4584471
4584472
4584473
4584474
4584475
4584476
4584477
4584478
4584479
4584480
4584481
4584482
4584483
4584484
4584485
4584486
4584487
4584488
4584489
4584490
4584491
4584492
4584493
4584494
4584495
4584496
4584497
4584498
4584499
4584500
4584501
4584502
4584503
4584504
4584505
4584506
4584507
4584508
4584509
4584510
4584511
4584512
4584513
4584514
4584515
4584516
4584517
4584518
4584519
4584520
4584521
4584522
4584523
4584524
4584525
4584526
4584527
4584528
4584529
4584530
4584531
4584532
4584533
4584534
4584535
4584536
4584537
4584538
4584539
4584540
4584541
4584542
4584543
4584544
4584545
4584546
4584547
4584548
4584549
4584550
4584551
4584552
4584553
4584554
4584555
4584556
4584557
4584558
4584559
4584560
4584561
4584562
4584563
4584564
4584565
4584566
4584567
4584568
4584569
4584570
4584571
4584572
4584573
4584574
4584575
4584576
4584577
4584578
4584579
4584580
4584581
4584582
4584583
4584584
4584585
4584586
4584587
4584588
4584589
4584590
4584591
4584592
4584593
4584594
4584595
4584596
4584597
4584598
4584599
4584600
4584601
4584602
4584603
4584604
4584605
4584606
4584607
4584608
4584609
4584610
4584611
4584612
4584613
4584614
4584615
4584616
4584617
4584618
4584619
4584620
4584621
4584622
4584623
4584624
4584625
4584626
4584627
4584628
4584629
4584630
4584631
4584632
4584633
4584634
4584635
4584636
4584637
4584638
4584639
4584640
4584641
4584642
4584643
4584644
4584645
4584646
4584647
4584648
4584649
4584650
4584651
4584652
4584653
4584654
4584655
4584656
4584657
4584658
4584659
4584660
4584661
4584662
4584663
4584664
4584665
4584666
4584667
4584668
4584669
4584670
4584671
4584672
4584673
4584674
4584675
4584676
4584677
4584678
4584679
4584680
4584681
4584682
4584683
4584684
4584685
4584686
4584687
4584688
4584689
4584690
4584691
4584692
4584693
4584694
4584695
4584696
4584697
4584698
4584699
4584700
4584701
4584702
4584703
4584704
4584705
4584706
4584707
4584708
4584709
4584710
4584711
4584712
4584713
4584714
4584715
4584716
4584717
4584718
4584719
4584720
4584721
4584722
4584723
4584724
4584725
4584726
4584727
4584728
4584729
4584730
4584731
4584732
4584733
4584734
4584735
4584736
4584737
4584738
4584739
4584740
4584741
4584742
4584743
4584744
4584745
4584746
4584747
4584748
4584749
4584750
4584751
4584752
4584753
4584754
4584755
4584756
4584757
4584758
4584759
4584760
4584761
4584762
4584763
4584764
4584765
4584766
4584767
4584768
4584769
4584770
4584771
4584772
4584773
4584774
4584775
4584776
4584777
4584778
4584779
4584780
4584781
4584782
4584783
4584784
4584785
4584786
4584787
4584788
4584789
4584790
4584791
4584792
4584793
4584794
4584795
4584796
4584797
4584798
4584799
4584800
4584801
4584802
4584803
4584804
4584805
4584806
4584807
4584808
4584809
4584810
4584811
4584812
4584813
4584814
4584815
4584816
4584817
4584818
4584819
4584820
4584821
4584822
4584823
4584824
4584825
4584826
4584827
4584828
4584829
4584830
4584831
4584832
4584833
4584834
4584835
4584836
4584837
4584838
4584839
4584840
4584841
4584842
4584843
4584844
4584845
4584846
4584847
4584848
4584849
4584850
4584851
4584852
4584853
4584854
4584855
4584856
4584857
4584858
4584859
4584860
4584861
4584862
4584863
4584864
4584865
4584866
4584867
4584868
4584869
4584870
4584871
4584872
4584873
4584874
4584875
4584876
4584877
4584878
4584879
4584880
4584881
4584882
4584883
4584884
4584885
4584886
4584887
4584888
4584889
4584890
4584891
4584892
4584893
4584894
4584895
4584896
4584897
4584898
4584899
4584900
4584901
4584902
4584903
4584904
4584905
4584906
4584907
4584908
4584909
4584910
4584911
4584912
4584913
4584914
4584915
4584916
4584917
4584918
4584919
4584920
4584921
4584922
4584923
4584924
4584925
4584926
4584927
4584928
4584929
4584930
4584931
4584932
4584933
4584934
4584935
4584936
4584937
4584938
4584939
4584940
4584941
4584942
4584943
4584944
4584945
4584946
4584947
4584948
4584949
4584950
4584951
4584952
4584953
4584954
4584955
4584956
4584957
4584958
4584959
4584960
4584961
4584962
4584963
4584964
4584965
4584966
4584967
4584968
4584969
4584970
4584971
4584972
4584973
4584974
4584975
4584976
4584977
4584978
4584979
4584980
4584981
4584982
4584983
4584984
4584985
4584986
4584987
4584988
4584989
4584990
4584991
4584992
4584993
4584994
4584995
4584996
4584997
4584998
4584999
4585000
4585001
4585002
4585003
4585004
4585005
4585006
4585007
4585008
4585009
4585010
4585011
4585012
4585013
4585014
4585015
4585016
4585017
4585018
4585019
4585020
4585021
4585022
4585023
4585024
4585025
4585026
4585027
4585028
4585029
4585030
4585031
4585032
4585033
4585034
4585035
4585036
4585037
4585038
4585039
4585040
4585041
4585042
4585043
4585044
4585045
4585046
4585047
4585048
4585049
4585050
4585051
4585052
4585053
4585054
4585055
4585056
4585057
4585058
4585059
4585060
4585061
4585062
4585063
4585064
4585065
4585066
4585067
4585068
4585069
4585070
4585071
4585072
4585073
4585074
4585075
4585076
4585077
4585078
4585079
4585080
4585081
4585082
4585083
4585084
4585085
4585086
4585087
4585088
4585089
4585090
4585091
4585092
4585093
4585094
4585095
4585096
4585097
4585098
4585099
4585100
4585101
4585102
4585103
4585104
4585105
4585106
4585107
4585108
4585109
4585110
4585111
4585112
4585113
4585114
4585115
4585116
4585117
4585118
4585119
4585120
4585121
4585122
4585123
4585124
4585125
4585126
4585127
4585128
4585129
4585130
4585131
4585132
4585133
4585134
4585135
4585136
4585137
4585138
4585139
4585140
4585141
4585142
4585143
4585144
4585145
4585146
4585147
4585148
4585149
4585150
4585151
4585152
4585153
4585154
4585155
4585156
4585157
4585158
4585159
4585160
4585161
4585162
4585163
4585164
4585165
4585166
4585167
4585168
4585169
4585170
4585171
4585172
4585173
4585174
4585175
4585176
4585177
4585178
4585179
4585180
4585181
4585182
4585183
4585184
4585185
4585186
4585187
4585188
4585189
4585190
4585191
4585192
4585193
4585194
4585195
4585196
4585197
4585198
4585199
4585200
4585201
4585202
4585203
4585204
4585205
4585206
4585207
4585208
4585209
4585210
4585211
4585212
4585213
4585214
4585215
4585216
4585217
4585218
4585219
4585220
4585221
4585222
4585223
4585224
4585225
4585226
4585227
4585228
4585229
4585230
4585231
4585232
4585233
4585234
4585235
4585236
4585237
4585238
4585239
4585240
4585241
4585242
4585243
4585244
4585245
4585246
4585247
4585248
4585249
4585250
4585251
4585252
4585253
4585254
4585255
4585256
4585257
4585258
4585259
4585260
4585261
4585262
4585263
4585264
4585265
4585266
4585267
4585268
4585269
4585270
4585271
4585272
4585273
4585274
4585275
4585276
4585277
4585278
4585279
4585280
4585281
4585282
4585283
4585284
4585285
4585286
4585287
4585288
4585289
4585290
4585291
4585292
4585293
4585294
4585295
4585296
4585297
4585298
4585299
4585300
4585301
4585302
4585303
4585304
4585305
4585306
4585307
4585308
4585309
4585310
4585311
4585312
4585313
4585314
4585315
4585316
4585317
4585318
4585319
4585320
4585321
4585322
4585323
4585324
4585325
4585326
4585327
4585328
4585329
4585330
4585331
4585332
4585333
4585334
4585335
4585336
4585337
4585338
4585339
4585340
4585341
4585342
4585343
4585344
4585345
4585346
4585347
4585348
4585349
4585350
4585351
4585352
4585353
4585354
4585355
4585356
4585357
4585358
4585359
4585360
4585361
4585362
4585363
4585364
4585365
4585366
4585367
4585368
4585369
4585370
4585371
4585372
4585373
4585374
4585375
4585376
4585377
4585378
4585379
4585380
4585381
4585382
4585383
4585384
4585385
4585386
4585387
4585388
4585389
4585390
4585391
4585392
4585393
4585394
4585395
4585396
4585397
4585398
4585399
4585400
4585401
4585402
4585403
4585404
4585405
4585406
4585407
4585408
4585409
4585410
4585411
4585412
4585413
4585414
4585415
4585416
4585417
4585418
4585419
4585420
4585421
4585422
4585423
4585424
4585425
4585426
4585427
4585428
4585429
4585430
4585431
4585432
4585433
4585434
4585435
4585436
4585437
4585438
4585439
4585440
4585441
4585442
4585443
4585444
4585445
4585446
4585447
4585448
4585449
4585450
4585451
4585452
4585453
4585454
4585455
4585456
4585457
4585458
4585459
4585460
4585461
4585462
4585463
4585464
4585465
4585466
4585467
4585468
4585469
4585470
4585471
4585472
4585473
4585474
4585475
4585476
4585477
4585478
4585479
4585480
4585481
4585482
4585483
4585484
4585485
4585486
4585487
4585488
4585489
4585490
4585491
4585492
4585493
4585494
4585495
4585496
4585497
4585498
4585499
4585500
4585501
4585502
4585503
4585504
4585505
4585506
4585507
4585508
4585509
4585510
4585511
4585512
4585513
4585514
4585515
4585516
4585517
4585518
4585519
4585520
4585521
4585522
4585523
4585524
4585525
4585526
4585527
4585528
4585529
4585530
4585531
4585532
4585533
4585534
4585535
4585536
4585537
4585538
4585539
4585540
4585541
4585542
4585543
4585544
4585545
4585546
4585547
4585548
4585549
4585550
4585551
4585552
4585553
4585554
4585555
4585556
4585557
4585558
4585559
4585560
4585561
4585562
4585563
4585564
4585565
4585566
4585567
4585568
4585569
4585570
4585571
4585572
4585573
4585574
4585575
4585576
4585577
4585578
4585579
4585580
4585581
4585582
4585583
4585584
4585585
4585586
4585587
4585588
4585589
4585590
4585591
4585592
4585593
4585594
4585595
4585596
4585597
4585598
4585599
4585600
4585601
4585602
4585603
4585604
4585605
4585606
4585607
4585608
4585609
4585610
4585611
4585612
4585613
4585614
4585615
4585616
4585617
4585618
4585619
4585620
4585621
4585622
4585623
4585624
4585625
4585626
4585627
4585628
4585629
4585630
4585631
4585632
4585633
4585634
4585635
4585636
4585637
4585638
4585639
4585640
4585641
4585642
4585643
4585644
4585645
4585646
4585647
4585648
4585649
4585650
4585651
4585652
4585653
4585654
4585655
4585656
4585657
4585658
4585659
4585660
4585661
4585662
4585663
4585664
4585665
4585666
4585667
4585668
4585669
4585670
4585671
4585672
4585673
4585674
4585675
4585676
4585677
4585678
4585679
4585680
4585681
4585682
4585683
4585684
4585685
4585686
4585687
4585688
4585689
4585690
4585691
4585692
4585693
4585694
4585695
4585696
4585697
4585698
4585699
4585700
4585701
4585702
4585703
4585704
4585705
4585706
4585707
4585708
4585709
4585710
4585711
4585712
4585713
4585714
4585715
4585716
4585717
4585718
4585719
4585720
4585721
4585722
4585723
4585724
4585725
4585726
4585727
4585728
4585729
4585730
4585731
4585732
4585733
4585734
4585735
4585736
4585737
4585738
4585739
4585740
4585741
4585742
4585743
4585744
4585745
4585746
4585747
4585748
4585749
4585750
4585751
4585752
4585753
4585754
4585755
4585756
4585757
4585758
4585759
4585760
4585761
4585762
4585763
4585764
4585765
4585766
4585767
4585768
4585769
4585770
4585771
4585772
4585773
4585774
4585775
4585776
4585777
4585778
4585779
4585780
4585781
4585782
4585783
4585784
4585785
4585786
4585787
4585788
4585789
4585790
4585791
4585792
4585793
4585794
4585795
4585796
4585797
4585798
4585799
4585800
4585801
4585802
4585803
4585804
4585805
4585806
4585807
4585808
4585809
4585810
4585811
4585812
4585813
4585814
4585815
4585816
4585817
4585818
4585819
4585820
4585821
4585822
4585823
4585824
4585825
4585826
4585827
4585828
4585829
4585830
4585831
4585832
4585833
4585834
4585835
4585836
4585837
4585838
4585839
4585840
4585841
4585842
4585843
4585844
4585845
4585846
4585847
4585848
4585849
4585850
4585851
4585852
4585853
4585854
4585855
4585856
4585857
4585858
4585859
4585860
4585861
4585862
4585863
4585864
4585865
4585866
4585867
4585868
4585869
4585870
4585871
4585872
4585873
4585874
4585875
4585876
4585877
4585878
4585879
4585880
4585881
4585882
4585883
4585884
4585885
4585886
4585887
4585888
4585889
4585890
4585891
4585892
4585893
4585894
4585895
4585896
4585897
4585898
4585899
4585900
4585901
4585902
4585903
4585904
4585905
4585906
4585907
4585908
4585909
4585910
4585911
4585912
4585913
4585914
4585915
4585916
4585917
4585918
4585919
4585920
4585921
4585922
4585923
4585924
4585925
4585926
4585927
4585928
4585929
4585930
4585931
4585932
4585933
4585934
4585935
4585936
4585937
4585938
4585939
4585940
4585941
4585942
4585943
4585944
4585945
4585946
4585947
4585948
4585949
4585950
4585951
4585952
4585953
4585954
4585955
4585956
4585957
4585958
4585959
4585960
4585961
4585962
4585963
4585964
4585965
4585966
4585967
4585968
4585969
4585970
4585971
4585972
4585973
4585974
4585975
4585976
4585977
4585978
4585979
4585980
4585981
4585982
4585983
4585984
4585985
4585986
4585987
4585988
4585989
4585990
4585991
4585992
4585993
4585994
4585995
4585996
4585997
4585998
4585999
4586000
4586001
4586002
4586003
4586004
4586005
4586006
4586007
4586008
4586009
4586010
4586011
4586012
4586013
4586014
4586015
4586016
4586017
4586018
4586019
4586020
4586021
4586022
4586023
4586024
4586025
4586026
4586027
4586028
4586029
4586030
4586031
4586032
4586033
4586034
4586035
4586036
4586037
4586038
4586039
4586040
4586041
4586042
4586043
4586044
4586045
4586046
4586047
4586048
4586049
4586050
4586051
4586052
4586053
4586054
4586055
4586056
4586057
4586058
4586059
4586060
4586061
4586062
4586063
4586064
4586065
4586066
4586067
4586068
4586069
4586070
4586071
4586072
4586073
4586074
4586075
4586076
4586077
4586078
4586079
4586080
4586081
4586082
4586083
4586084
4586085
4586086
4586087
4586088
4586089
4586090
4586091
4586092
4586093
4586094
4586095
4586096
4586097
4586098
4586099
4586100
4586101
4586102
4586103
4586104
4586105
4586106
4586107
4586108
4586109
4586110
4586111
4586112
4586113
4586114
4586115
4586116
4586117
4586118
4586119
4586120
4586121
4586122
4586123
4586124
4586125
4586126
4586127
4586128
4586129
4586130
4586131
4586132
4586133
4586134
4586135
4586136
4586137
4586138
4586139
4586140
4586141
4586142
4586143
4586144
4586145
4586146
4586147
4586148
4586149
4586150
4586151
4586152
4586153
4586154
4586155
4586156
4586157
4586158
4586159
4586160
4586161
4586162
4586163
4586164
4586165
4586166
4586167
4586168
4586169
4586170
4586171
4586172
4586173
4586174
4586175
4586176
4586177
4586178
4586179
4586180
4586181
4586182
4586183
4586184
4586185
4586186
4586187
4586188
4586189
4586190
4586191
4586192
4586193
4586194
4586195
4586196
4586197
4586198
4586199
4586200
4586201
4586202
4586203
4586204
4586205
4586206
4586207
4586208
4586209
4586210
4586211
4586212
4586213
4586214
4586215
4586216
4586217
4586218
4586219
4586220
4586221
4586222
4586223
4586224
4586225
4586226
4586227
4586228
4586229
4586230
4586231
4586232
4586233
4586234
4586235
4586236
4586237
4586238
4586239
4586240
4586241
4586242
4586243
4586244
4586245
4586246
4586247
4586248
4586249
4586250
4586251
4586252
4586253
4586254
4586255
4586256
4586257
4586258
4586259
4586260
4586261
4586262
4586263
4586264
4586265
4586266
4586267
4586268
4586269
4586270
4586271
4586272
4586273
4586274
4586275
4586276
4586277
4586278
4586279
4586280
4586281
4586282
4586283
4586284
4586285
4586286
4586287
4586288
4586289
4586290
4586291
4586292
4586293
4586294
4586295
4586296
4586297
4586298
4586299
4586300
4586301
4586302
4586303
4586304
4586305
4586306
4586307
4586308
4586309
4586310
4586311
4586312
4586313
4586314
4586315
4586316
4586317
4586318
4586319
4586320
4586321
4586322
4586323
4586324
4586325
4586326
4586327
4586328
4586329
4586330
4586331
4586332
4586333
4586334
4586335
4586336
4586337
4586338
4586339
4586340
4586341
4586342
4586343
4586344
4586345
4586346
4586347
4586348
4586349
4586350
4586351
4586352
4586353
4586354
4586355
4586356
4586357
4586358
4586359
4586360
4586361
4586362
4586363
4586364
4586365
4586366
4586367
4586368
4586369
4586370
4586371
4586372
4586373
4586374
4586375
4586376
4586377
4586378
4586379
4586380
4586381
4586382
4586383
4586384
4586385
4586386
4586387
4586388
4586389
4586390
4586391
4586392
4586393
4586394
4586395
4586396
4586397
4586398
4586399
4586400
4586401
4586402
4586403
4586404
4586405
4586406
4586407
4586408
4586409
4586410
4586411
4586412
4586413
4586414
4586415
4586416
4586417
4586418
4586419
4586420
4586421
4586422
4586423
4586424
4586425
4586426
4586427
4586428
4586429
4586430
4586431
4586432
4586433
4586434
4586435
4586436
4586437
4586438
4586439
4586440
4586441
4586442
4586443
4586444
4586445
4586446
4586447
4586448
4586449
4586450
4586451
4586452
4586453
4586454
4586455
4586456
4586457
4586458
4586459
4586460
4586461
4586462
4586463
4586464
4586465
4586466
4586467
4586468
4586469
4586470
4586471
4586472
4586473
4586474
4586475
4586476
4586477
4586478
4586479
4586480
4586481
4586482
4586483
4586484
4586485
4586486
4586487
4586488
4586489
4586490
4586491
4586492
4586493
4586494
4586495
4586496
4586497
4586498
4586499
4586500
4586501
4586502
4586503
4586504
4586505
4586506
4586507
4586508
4586509
4586510
4586511
4586512
4586513
4586514
4586515
4586516
4586517
4586518
4586519
4586520
4586521
4586522
4586523
4586524
4586525
4586526
4586527
4586528
4586529
4586530
4586531
4586532
4586533
4586534
4586535
4586536
4586537
4586538
4586539
4586540
4586541
4586542
4586543
4586544
4586545
4586546
4586547
4586548
4586549
4586550
4586551
4586552
4586553
4586554
4586555
4586556
4586557
4586558
4586559
4586560
4586561
4586562
4586563
4586564
4586565
4586566
4586567
4586568
4586569
4586570
4586571
4586572
4586573
4586574
4586575
4586576
4586577
4586578
4586579
4586580
4586581
4586582
4586583
4586584
4586585
4586586
4586587
4586588
4586589
4586590
4586591
4586592
4586593
4586594
4586595
4586596
4586597
4586598
4586599
4586600
4586601
4586602
4586603
4586604
4586605
4586606
4586607
4586608
4586609
4586610
4586611
4586612
4586613
4586614
4586615
4586616
4586617
4586618
4586619
4586620
4586621
4586622
4586623
4586624
4586625
4586626
4586627
4586628
4586629
4586630
4586631
4586632
4586633
4586634
4586635
4586636
4586637
4586638
4586639
4586640
4586641
4586642
4586643
4586644
4586645
4586646
4586647
4586648
4586649
4586650
4586651
4586652
4586653
4586654
4586655
4586656
4586657
4586658
4586659
4586660
4586661
4586662
4586663
4586664
4586665
4586666
4586667
4586668
4586669
4586670
4586671
4586672
4586673
4586674
4586675
4586676
4586677
4586678
4586679
4586680
4586681
4586682
4586683
4586684
4586685
4586686
4586687
4586688
4586689
4586690
4586691
4586692
4586693
4586694
4586695
4586696
4586697
4586698
4586699
4586700
4586701
4586702
4586703
4586704
4586705
4586706
4586707
4586708
4586709
4586710
4586711
4586712
4586713
4586714
4586715
4586716
4586717
4586718
4586719
4586720
4586721
4586722
4586723
4586724
4586725
4586726
4586727
4586728
4586729
4586730
4586731
4586732
4586733
4586734
4586735
4586736
4586737
4586738
4586739
4586740
4586741
4586742
4586743
4586744
4586745
4586746
4586747
4586748
4586749
4586750
4586751
4586752
4586753
4586754
4586755
4586756
4586757
4586758
4586759
4586760
4586761
4586762
4586763
4586764
4586765
4586766
4586767
4586768
4586769
4586770
4586771
4586772
4586773
4586774
4586775
4586776
4586777
4586778
4586779
4586780
4586781
4586782
4586783
4586784
4586785
4586786
4586787
4586788
4586789
4586790
4586791
4586792
4586793
4586794
4586795
4586796
4586797
4586798
4586799
4586800
4586801
4586802
4586803
4586804
4586805
4586806
4586807
4586808
4586809
4586810
4586811
4586812
4586813
4586814
4586815
4586816
4586817
4586818
4586819
4586820
4586821
4586822
4586823
4586824
4586825
4586826
4586827
4586828
4586829
4586830
4586831
4586832
4586833
4586834
4586835
4586836
4586837
4586838
4586839
4586840
4586841
4586842
4586843
4586844
4586845
4586846
4586847
4586848
4586849
4586850
4586851
4586852
4586853
4586854
4586855
4586856
4586857
4586858
4586859
4586860
4586861
4586862
4586863
4586864
4586865
4586866
4586867
4586868
4586869
4586870
4586871
4586872
4586873
4586874
4586875
4586876
4586877
4586878
4586879
4586880
4586881
4586882
4586883
4586884
4586885
4586886
4586887
4586888
4586889
4586890
4586891
4586892
4586893
4586894
4586895
4586896
4586897
4586898
4586899
4586900
4586901
4586902
4586903
4586904
4586905
4586906
4586907
4586908
4586909
4586910
4586911
4586912
4586913
4586914
4586915
4586916
4586917
4586918
4586919
4586920
4586921
4586922
4586923
4586924
4586925
4586926
4586927
4586928
4586929
4586930
4586931
4586932
4586933
4586934
4586935
4586936
4586937
4586938
4586939
4586940
4586941
4586942
4586943
4586944
4586945
4586946
4586947
4586948
4586949
4586950
4586951
4586952
4586953
4586954
4586955
4586956
4586957
4586958
4586959
4586960
4586961
4586962
4586963
4586964
4586965
4586966
4586967
4586968
4586969
4586970
4586971
4586972
4586973
4586974
4586975
4586976
4586977
4586978
4586979
4586980
4586981
4586982
4586983
4586984
4586985
4586986
4586987
4586988
4586989
4586990
4586991
4586992
4586993
4586994
4586995
4586996
4586997
4586998
4586999
4587000
4587001
4587002
4587003
4587004
4587005
4587006
4587007
4587008
4587009
4587010
4587011
4587012
4587013
4587014
4587015
4587016
4587017
4587018
4587019
4587020
4587021
4587022
4587023
4587024
4587025
4587026
4587027
4587028
4587029
4587030
4587031
4587032
4587033
4587034
4587035
4587036
4587037
4587038
4587039
4587040
4587041
4587042
4587043
4587044
4587045
4587046
4587047
4587048
4587049
4587050
4587051
4587052
4587053
4587054
4587055
4587056
4587057
4587058
4587059
4587060
4587061
4587062
4587063
4587064
4587065
4587066
4587067
4587068
4587069
4587070
4587071
4587072
4587073
4587074
4587075
4587076
4587077
4587078
4587079
4587080
4587081
4587082
4587083
4587084
4587085
4587086
4587087
4587088
4587089
4587090
4587091
4587092
4587093
4587094
4587095
4587096
4587097
4587098
4587099
4587100
4587101
4587102
4587103
4587104
4587105
4587106
4587107
4587108
4587109
4587110
4587111
4587112
4587113
4587114
4587115
4587116
4587117
4587118
4587119
4587120
4587121
4587122
4587123
4587124
4587125
4587126
4587127
4587128
4587129
4587130
4587131
4587132
4587133
4587134
4587135
4587136
4587137
4587138
4587139
4587140
4587141
4587142
4587143
4587144
4587145
4587146
4587147
4587148
4587149
4587150
4587151
4587152
4587153
4587154
4587155
4587156
4587157
4587158
4587159
4587160
4587161
4587162
4587163
4587164
4587165
4587166
4587167
4587168
4587169
4587170
4587171
4587172
4587173
4587174
4587175
4587176
4587177
4587178
4587179
4587180
4587181
4587182
4587183
4587184
4587185
4587186
4587187
4587188
4587189
4587190
4587191
4587192
4587193
4587194
4587195
4587196
4587197
4587198
4587199
4587200
4587201
4587202
4587203
4587204
4587205
4587206
4587207
4587208
4587209
4587210
4587211
4587212
4587213
4587214
4587215
4587216
4587217
4587218
4587219
4587220
4587221
4587222
4587223
4587224
4587225
4587226
4587227
4587228
4587229
4587230
4587231
4587232
4587233
4587234
4587235
4587236
4587237
4587238
4587239
4587240
4587241
4587242
4587243
4587244
4587245
4587246
4587247
4587248
4587249
4587250
4587251
4587252
4587253
4587254
4587255
4587256
4587257
4587258
4587259
4587260
4587261
4587262
4587263
4587264
4587265
4587266
4587267
4587268
4587269
4587270
4587271
4587272
4587273
4587274
4587275
4587276
4587277
4587278
4587279
4587280
4587281
4587282
4587283
4587284
4587285
4587286
4587287
4587288
4587289
4587290
4587291
4587292
4587293
4587294
4587295
4587296
4587297
4587298
4587299
4587300
4587301
4587302
4587303
4587304
4587305
4587306
4587307
4587308
4587309
4587310
4587311
4587312
4587313
4587314
4587315
4587316
4587317
4587318
4587319
4587320
4587321
4587322
4587323
4587324
4587325
4587326
4587327
4587328
4587329
4587330
4587331
4587332
4587333
4587334
4587335
4587336
4587337
4587338
4587339
4587340
4587341
4587342
4587343
4587344
4587345
4587346
4587347
4587348
4587349
4587350
4587351
4587352
4587353
4587354
4587355
4587356
4587357
4587358
4587359
4587360
4587361
4587362
4587363
4587364
4587365
4587366
4587367
4587368
4587369
4587370
4587371
4587372
4587373
4587374
4587375
4587376
4587377
4587378
4587379
4587380
4587381
4587382
4587383
4587384
4587385
4587386
4587387
4587388
4587389
4587390
4587391
4587392
4587393
4587394
4587395
4587396
4587397
4587398
4587399
4587400
4587401
4587402
4587403
4587404
4587405
4587406
4587407
4587408
4587409
4587410
4587411
4587412
4587413
4587414
4587415
4587416
4587417
4587418
4587419
4587420
4587421
4587422
4587423
4587424
4587425
4587426
4587427
4587428
4587429
4587430
4587431
4587432
4587433
4587434
4587435
4587436
4587437
4587438
4587439
4587440
4587441
4587442
4587443
4587444
4587445
4587446
4587447
4587448
4587449
4587450
4587451
4587452
4587453
4587454
4587455
4587456
4587457
4587458
4587459
4587460
4587461
4587462
4587463
4587464
4587465
4587466
4587467
4587468
4587469
4587470
4587471
4587472
4587473
4587474
4587475
4587476
4587477
4587478
4587479
4587480
4587481
4587482
4587483
4587484
4587485
4587486
4587487
4587488
4587489
4587490
4587491
4587492
4587493
4587494
4587495
4587496
4587497
4587498
4587499
4587500
4587501
4587502
4587503
4587504
4587505
4587506
4587507
4587508
4587509
4587510
4587511
4587512
4587513
4587514
4587515
4587516
4587517
4587518
4587519
4587520
4587521
4587522
4587523
4587524
4587525
4587526
4587527
4587528
4587529
4587530
4587531
4587532
4587533
4587534
4587535
4587536
4587537
4587538
4587539
4587540
4587541
4587542
4587543
4587544
4587545
4587546
4587547
4587548
4587549
4587550
4587551
4587552
4587553
4587554
4587555
4587556
4587557
4587558
4587559
4587560
4587561
4587562
4587563
4587564
4587565
4587566
4587567
4587568
4587569
4587570
4587571
4587572
4587573
4587574
4587575
4587576
4587577
4587578
4587579
4587580
4587581
4587582
4587583
4587584
4587585
4587586
4587587
4587588
4587589
4587590
4587591
4587592
4587593
4587594
4587595
4587596
4587597
4587598
4587599
4587600
4587601
4587602
4587603
4587604
4587605
4587606
4587607
4587608
4587609
4587610
4587611
4587612
4587613
4587614
4587615
4587616
4587617
4587618
4587619
4587620
4587621
4587622
4587623
4587624
4587625
4587626
4587627
4587628
4587629
4587630
4587631
4587632
4587633
4587634
4587635
4587636
4587637
4587638
4587639
4587640
4587641
4587642
4587643
4587644
4587645
4587646
4587647
4587648
4587649
4587650
4587651
4587652
4587653
4587654
4587655
4587656
4587657
4587658
4587659
4587660
4587661
4587662
4587663
4587664
4587665
4587666
4587667
4587668
4587669
4587670
4587671
4587672
4587673
4587674
4587675
4587676
4587677
4587678
4587679
4587680
4587681
4587682
4587683
4587684
4587685
4587686
4587687
4587688
4587689
4587690
4587691
4587692
4587693
4587694
4587695
4587696
4587697
4587698
4587699
4587700
4587701
4587702
4587703
4587704
4587705
4587706
4587707
4587708
4587709
4587710
4587711
4587712
4587713
4587714
4587715
4587716
4587717
4587718
4587719
4587720
4587721
4587722
4587723
4587724
4587725
4587726
4587727
4587728
4587729
4587730
4587731
4587732
4587733
4587734
4587735
4587736
4587737
4587738
4587739
4587740
4587741
4587742
4587743
4587744
4587745
4587746
4587747
4587748
4587749
4587750
4587751
4587752
4587753
4587754
4587755
4587756
4587757
4587758
4587759
4587760
4587761
4587762
4587763
4587764
4587765
4587766
4587767
4587768
4587769
4587770
4587771
4587772
4587773
4587774
4587775
4587776
4587777
4587778
4587779
4587780
4587781
4587782
4587783
4587784
4587785
4587786
4587787
4587788
4587789
4587790
4587791
4587792
4587793
4587794
4587795
4587796
4587797
4587798
4587799
4587800
4587801
4587802
4587803
4587804
4587805
4587806
4587807
4587808
4587809
4587810
4587811
4587812
4587813
4587814
4587815
4587816
4587817
4587818
4587819
4587820
4587821
4587822
4587823
4587824
4587825
4587826
4587827
4587828
4587829
4587830
4587831
4587832
4587833
4587834
4587835
4587836
4587837
4587838
4587839
4587840
4587841
4587842
4587843
4587844
4587845
4587846
4587847
4587848
4587849
4587850
4587851
4587852
4587853
4587854
4587855
4587856
4587857
4587858
4587859
4587860
4587861
4587862
4587863
4587864
4587865
4587866
4587867
4587868
4587869
4587870
4587871
4587872
4587873
4587874
4587875
4587876
4587877
4587878
4587879
4587880
4587881
4587882
4587883
4587884
4587885
4587886
4587887
4587888
4587889
4587890
4587891
4587892
4587893
4587894
4587895
4587896
4587897
4587898
4587899
4587900
4587901
4587902
4587903
4587904
4587905
4587906
4587907
4587908
4587909
4587910
4587911
4587912
4587913
4587914
4587915
4587916
4587917
4587918
4587919
4587920
4587921
4587922
4587923
4587924
4587925
4587926
4587927
4587928
4587929
4587930
4587931
4587932
4587933
4587934
4587935
4587936
4587937
4587938
4587939
4587940
4587941
4587942
4587943
4587944
4587945
4587946
4587947
4587948
4587949
4587950
4587951
4587952
4587953
4587954
4587955
4587956
4587957
4587958
4587959
4587960
4587961
4587962
4587963
4587964
4587965
4587966
4587967
4587968
4587969
4587970
4587971
4587972
4587973
4587974
4587975
4587976
4587977
4587978
4587979
4587980
4587981
4587982
4587983
4587984
4587985
4587986
4587987
4587988
4587989
4587990
4587991
4587992
4587993
4587994
4587995
4587996
4587997
4587998
4587999
4588000
4588001
4588002
4588003
4588004
4588005
4588006
4588007
4588008
4588009
4588010
4588011
4588012
4588013
4588014
4588015
4588016
4588017
4588018
4588019
4588020
4588021
4588022
4588023
4588024
4588025
4588026
4588027
4588028
4588029
4588030
4588031
4588032
4588033
4588034
4588035
4588036
4588037
4588038
4588039
4588040
4588041
4588042
4588043
4588044
4588045
4588046
4588047
4588048
4588049
4588050
4588051
4588052
4588053
4588054
4588055
4588056
4588057
4588058
4588059
4588060
4588061
4588062
4588063
4588064
4588065
4588066
4588067
4588068
4588069
4588070
4588071
4588072
4588073
4588074
4588075
4588076
4588077
4588078
4588079
4588080
4588081
4588082
4588083
4588084
4588085
4588086
4588087
4588088
4588089
4588090
4588091
4588092
4588093
4588094
4588095
4588096
4588097
4588098
4588099
4588100
4588101
4588102
4588103
4588104
4588105
4588106
4588107
4588108
4588109
4588110
4588111
4588112
4588113
4588114
4588115
4588116
4588117
4588118
4588119
4588120
4588121
4588122
4588123
4588124
4588125
4588126
4588127
4588128
4588129
4588130
4588131
4588132
4588133
4588134
4588135
4588136
4588137
4588138
4588139
4588140
4588141
4588142
4588143
4588144
4588145
4588146
4588147
4588148
4588149
4588150
4588151
4588152
4588153
4588154
4588155
4588156
4588157
4588158
4588159
4588160
4588161
4588162
4588163
4588164
4588165
4588166
4588167
4588168
4588169
4588170
4588171
4588172
4588173
4588174
4588175
4588176
4588177
4588178
4588179
4588180
4588181
4588182
4588183
4588184
4588185
4588186
4588187
4588188
4588189
4588190
4588191
4588192
4588193
4588194
4588195
4588196
4588197
4588198
4588199
4588200
4588201
4588202
4588203
4588204
4588205
4588206
4588207
4588208
4588209
4588210
4588211
4588212
4588213
4588214
4588215
4588216
4588217
4588218
4588219
4588220
4588221
4588222
4588223
4588224
4588225
4588226
4588227
4588228
4588229
4588230
4588231
4588232
4588233
4588234
4588235
4588236
4588237
4588238
4588239
4588240
4588241
4588242
4588243
4588244
4588245
4588246
4588247
4588248
4588249
4588250
4588251
4588252
4588253
4588254
4588255
4588256
4588257
4588258
4588259
4588260
4588261
4588262
4588263
4588264
4588265
4588266
4588267
4588268
4588269
4588270
4588271
4588272
4588273
4588274
4588275
4588276
4588277
4588278
4588279
4588280
4588281
4588282
4588283
4588284
4588285
4588286
4588287
4588288
4588289
4588290
4588291
4588292
4588293
4588294
4588295
4588296
4588297
4588298
4588299
4588300
4588301
4588302
4588303
4588304
4588305
4588306
4588307
4588308
4588309
4588310
4588311
4588312
4588313
4588314
4588315
4588316
4588317
4588318
4588319
4588320
4588321
4588322
4588323
4588324
4588325
4588326
4588327
4588328
4588329
4588330
4588331
4588332
4588333
4588334
4588335
4588336
4588337
4588338
4588339
4588340
4588341
4588342
4588343
4588344
4588345
4588346
4588347
4588348
4588349
4588350
4588351
4588352
4588353
4588354
4588355
4588356
4588357
4588358
4588359
4588360
4588361
4588362
4588363
4588364
4588365
4588366
4588367
4588368
4588369
4588370
4588371
4588372
4588373
4588374
4588375
4588376
4588377
4588378
4588379
4588380
4588381
4588382
4588383
4588384
4588385
4588386
4588387
4588388
4588389
4588390
4588391
4588392
4588393
4588394
4588395
4588396
4588397
4588398
4588399
4588400
4588401
4588402
4588403
4588404
4588405
4588406
4588407
4588408
4588409
4588410
4588411
4588412
4588413
4588414
4588415
4588416
4588417
4588418
4588419
4588420
4588421
4588422
4588423
4588424
4588425
4588426
4588427
4588428
4588429
4588430
4588431
4588432
4588433
4588434
4588435
4588436
4588437
4588438
4588439
4588440
4588441
4588442
4588443
4588444
4588445
4588446
4588447
4588448
4588449
4588450
4588451
4588452
4588453
4588454
4588455
4588456
4588457
4588458
4588459
4588460
4588461
4588462
4588463
4588464
4588465
4588466
4588467
4588468
4588469
4588470
4588471
4588472
4588473
4588474
4588475
4588476
4588477
4588478
4588479
4588480
4588481
4588482
4588483
4588484
4588485
4588486
4588487
4588488
4588489
4588490
4588491
4588492
4588493
4588494
4588495
4588496
4588497
4588498
4588499
4588500
4588501
4588502
4588503
4588504
4588505
4588506
4588507
4588508
4588509
4588510
4588511
4588512
4588513
4588514
4588515
4588516
4588517
4588518
4588519
4588520
4588521
4588522
4588523
4588524
4588525
4588526
4588527
4588528
4588529
4588530
4588531
4588532
4588533
4588534
4588535
4588536
4588537
4588538
4588539
4588540
4588541
4588542
4588543
4588544
4588545
4588546
4588547
4588548
4588549
4588550
4588551
4588552
4588553
4588554
4588555
4588556
4588557
4588558
4588559
4588560
4588561
4588562
4588563
4588564
4588565
4588566
4588567
4588568
4588569
4588570
4588571
4588572
4588573
4588574
4588575
4588576
4588577
4588578
4588579
4588580
4588581
4588582
4588583
4588584
4588585
4588586
4588587
4588588
4588589
4588590
4588591
4588592
4588593
4588594
4588595
4588596
4588597
4588598
4588599
4588600
4588601
4588602
4588603
4588604
4588605
4588606
4588607
4588608
4588609
4588610
4588611
4588612
4588613
4588614
4588615
4588616
4588617
4588618
4588619
4588620
4588621
4588622
4588623
4588624
4588625
4588626
4588627
4588628
4588629
4588630
4588631
4588632
4588633
4588634
4588635
4588636
4588637
4588638
4588639
4588640
4588641
4588642
4588643
4588644
4588645
4588646
4588647
4588648
4588649
4588650
4588651
4588652
4588653
4588654
4588655
4588656
4588657
4588658
4588659
4588660
4588661
4588662
4588663
4588664
4588665
4588666
4588667
4588668
4588669
4588670
4588671
4588672
4588673
4588674
4588675
4588676
4588677
4588678
4588679
4588680
4588681
4588682
4588683
4588684
4588685
4588686
4588687
4588688
4588689
4588690
4588691
4588692
4588693
4588694
4588695
4588696
4588697
4588698
4588699
4588700
4588701
4588702
4588703
4588704
4588705
4588706
4588707
4588708
4588709
4588710
4588711
4588712
4588713
4588714
4588715
4588716
4588717
4588718
4588719
4588720
4588721
4588722
4588723
4588724
4588725
4588726
4588727
4588728
4588729
4588730
4588731
4588732
4588733
4588734
4588735
4588736
4588737
4588738
4588739
4588740
4588741
4588742
4588743
4588744
4588745
4588746
4588747
4588748
4588749
4588750
4588751
4588752
4588753
4588754
4588755
4588756
4588757
4588758
4588759
4588760
4588761
4588762
4588763
4588764
4588765
4588766
4588767
4588768
4588769
4588770
4588771
4588772
4588773
4588774
4588775
4588776
4588777
4588778
4588779
4588780
4588781
4588782
4588783
4588784
4588785
4588786
4588787
4588788
4588789
4588790
4588791
4588792
4588793
4588794
4588795
4588796
4588797
4588798
4588799
4588800
4588801
4588802
4588803
4588804
4588805
4588806
4588807
4588808
4588809
4588810
4588811
4588812
4588813
4588814
4588815
4588816
4588817
4588818
4588819
4588820
4588821
4588822
4588823
4588824
4588825
4588826
4588827
4588828
4588829
4588830
4588831
4588832
4588833
4588834
4588835
4588836
4588837
4588838
4588839
4588840
4588841
4588842
4588843
4588844
4588845
4588846
4588847
4588848
4588849
4588850
4588851
4588852
4588853
4588854
4588855
4588856
4588857
4588858
4588859
4588860
4588861
4588862
4588863
4588864
4588865
4588866
4588867
4588868
4588869
4588870
4588871
4588872
4588873
4588874
4588875
4588876
4588877
4588878
4588879
4588880
4588881
4588882
4588883
4588884
4588885
4588886
4588887
4588888
4588889
4588890
4588891
4588892
4588893
4588894
4588895
4588896
4588897
4588898
4588899
4588900
4588901
4588902
4588903
4588904
4588905
4588906
4588907
4588908
4588909
4588910
4588911
4588912
4588913
4588914
4588915
4588916
4588917
4588918
4588919
4588920
4588921
4588922
4588923
4588924
4588925
4588926
4588927
4588928
4588929
4588930
4588931
4588932
4588933
4588934
4588935
4588936
4588937
4588938
4588939
4588940
4588941
4588942
4588943
4588944
4588945
4588946
4588947
4588948
4588949
4588950
4588951
4588952
4588953
4588954
4588955
4588956
4588957
4588958
4588959
4588960
4588961
4588962
4588963
4588964
4588965
4588966
4588967
4588968
4588969
4588970
4588971
4588972
4588973
4588974
4588975
4588976
4588977
4588978
4588979
4588980
4588981
4588982
4588983
4588984
4588985
4588986
4588987
4588988
4588989
4588990
4588991
4588992
4588993
4588994
4588995
4588996
4588997
4588998
4588999
4589000
4589001
4589002
4589003
4589004
4589005
4589006
4589007
4589008
4589009
4589010
4589011
4589012
4589013
4589014
4589015
4589016
4589017
4589018
4589019
4589020
4589021
4589022
4589023
4589024
4589025
4589026
4589027
4589028
4589029
4589030
4589031
4589032
4589033
4589034
4589035
4589036
4589037
4589038
4589039
4589040
4589041
4589042
4589043
4589044
4589045
4589046
4589047
4589048
4589049
4589050
4589051
4589052
4589053
4589054
4589055
4589056
4589057
4589058
4589059
4589060
4589061
4589062
4589063
4589064
4589065
4589066
4589067
4589068
4589069
4589070
4589071
4589072
4589073
4589074
4589075
4589076
4589077
4589078
4589079
4589080
4589081
4589082
4589083
4589084
4589085
4589086
4589087
4589088
4589089
4589090
4589091
4589092
4589093
4589094
4589095
4589096
4589097
4589098
4589099
4589100
4589101
4589102
4589103
4589104
4589105
4589106
4589107
4589108
4589109
4589110
4589111
4589112
4589113
4589114
4589115
4589116
4589117
4589118
4589119
4589120
4589121
4589122
4589123
4589124
4589125
4589126
4589127
4589128
4589129
4589130
4589131
4589132
4589133
4589134
4589135
4589136
4589137
4589138
4589139
4589140
4589141
4589142
4589143
4589144
4589145
4589146
4589147
4589148
4589149
4589150
4589151
4589152
4589153
4589154
4589155
4589156
4589157
4589158
4589159
4589160
4589161
4589162
4589163
4589164
4589165
4589166
4589167
4589168
4589169
4589170
4589171
4589172
4589173
4589174
4589175
4589176
4589177
4589178
4589179
4589180
4589181
4589182
4589183
4589184
4589185
4589186
4589187
4589188
4589189
4589190
4589191
4589192
4589193
4589194
4589195
4589196
4589197
4589198
4589199
4589200
4589201
4589202
4589203
4589204
4589205
4589206
4589207
4589208
4589209
4589210
4589211
4589212
4589213
4589214
4589215
4589216
4589217
4589218
4589219
4589220
4589221
4589222
4589223
4589224
4589225
4589226
4589227
4589228
4589229
4589230
4589231
4589232
4589233
4589234
4589235
4589236
4589237
4589238
4589239
4589240
4589241
4589242
4589243
4589244
4589245
4589246
4589247
4589248
4589249
4589250
4589251
4589252
4589253
4589254
4589255
4589256
4589257
4589258
4589259
4589260
4589261
4589262
4589263
4589264
4589265
4589266
4589267
4589268
4589269
4589270
4589271
4589272
4589273
4589274
4589275
4589276
4589277
4589278
4589279
4589280
4589281
4589282
4589283
4589284
4589285
4589286
4589287
4589288
4589289
4589290
4589291
4589292
4589293
4589294
4589295
4589296
4589297
4589298
4589299
4589300
4589301
4589302
4589303
4589304
4589305
4589306
4589307
4589308
4589309
4589310
4589311
4589312
4589313
4589314
4589315
4589316
4589317
4589318
4589319
4589320
4589321
4589322
4589323
4589324
4589325
4589326
4589327
4589328
4589329
4589330
4589331
4589332
4589333
4589334
4589335
4589336
4589337
4589338
4589339
4589340
4589341
4589342
4589343
4589344
4589345
4589346
4589347
4589348
4589349
4589350
4589351
4589352
4589353
4589354
4589355
4589356
4589357
4589358
4589359
4589360
4589361
4589362
4589363
4589364
4589365
4589366
4589367
4589368
4589369
4589370
4589371
4589372
4589373
4589374
4589375
4589376
4589377
4589378
4589379
4589380
4589381
4589382
4589383
4589384
4589385
4589386
4589387
4589388
4589389
4589390
4589391
4589392
4589393
4589394
4589395
4589396
4589397
4589398
4589399
4589400
4589401
4589402
4589403
4589404
4589405
4589406
4589407
4589408
4589409
4589410
4589411
4589412
4589413
4589414
4589415
4589416
4589417
4589418
4589419
4589420
4589421
4589422
4589423
4589424
4589425
4589426
4589427
4589428
4589429
4589430
4589431
4589432
4589433
4589434
4589435
4589436
4589437
4589438
4589439
4589440
4589441
4589442
4589443
4589444
4589445
4589446
4589447
4589448
4589449
4589450
4589451
4589452
4589453
4589454
4589455
4589456
4589457
4589458
4589459
4589460
4589461
4589462
4589463
4589464
4589465
4589466
4589467
4589468
4589469
4589470
4589471
4589472
4589473
4589474
4589475
4589476
4589477
4589478
4589479
4589480
4589481
4589482
4589483
4589484
4589485
4589486
4589487
4589488
4589489
4589490
4589491
4589492
4589493
4589494
4589495
4589496
4589497
4589498
4589499
4589500
4589501
4589502
4589503
4589504
4589505
4589506
4589507
4589508
4589509
4589510
4589511
4589512
4589513
4589514
4589515
4589516
4589517
4589518
4589519
4589520
4589521
4589522
4589523
4589524
4589525
4589526
4589527
4589528
4589529
4589530
4589531
4589532
4589533
4589534
4589535
4589536
4589537
4589538
4589539
4589540
4589541
4589542
4589543
4589544
4589545
4589546
4589547
4589548
4589549
4589550
4589551
4589552
4589553
4589554
4589555
4589556
4589557
4589558
4589559
4589560
4589561
4589562
4589563
4589564
4589565
4589566
4589567
4589568
4589569
4589570
4589571
4589572
4589573
4589574
4589575
4589576
4589577
4589578
4589579
4589580
4589581
4589582
4589583
4589584
4589585
4589586
4589587
4589588
4589589
4589590
4589591
4589592
4589593
4589594
4589595
4589596
4589597
4589598
4589599
4589600
4589601
4589602
4589603
4589604
4589605
4589606
4589607
4589608
4589609
4589610
4589611
4589612
4589613
4589614
4589615
4589616
4589617
4589618
4589619
4589620
4589621
4589622
4589623
4589624
4589625
4589626
4589627
4589628
4589629
4589630
4589631
4589632
4589633
4589634
4589635
4589636
4589637
4589638
4589639
4589640
4589641
4589642
4589643
4589644
4589645
4589646
4589647
4589648
4589649
4589650
4589651
4589652
4589653
4589654
4589655
4589656
4589657
4589658
4589659
4589660
4589661
4589662
4589663
4589664
4589665
4589666
4589667
4589668
4589669
4589670
4589671
4589672
4589673
4589674
4589675
4589676
4589677
4589678
4589679
4589680
4589681
4589682
4589683
4589684
4589685
4589686
4589687
4589688
4589689
4589690
4589691
4589692
4589693
4589694
4589695
4589696
4589697
4589698
4589699
4589700
4589701
4589702
4589703
4589704
4589705
4589706
4589707
4589708
4589709
4589710
4589711
4589712
4589713
4589714
4589715
4589716
4589717
4589718
4589719
4589720
4589721
4589722
4589723
4589724
4589725
4589726
4589727
4589728
4589729
4589730
4589731
4589732
4589733
4589734
4589735
4589736
4589737
4589738
4589739
4589740
4589741
4589742
4589743
4589744
4589745
4589746
4589747
4589748
4589749
4589750
4589751
4589752
4589753
4589754
4589755
4589756
4589757
4589758
4589759
4589760
4589761
4589762
4589763
4589764
4589765
4589766
4589767
4589768
4589769
4589770
4589771
4589772
4589773
4589774
4589775
4589776
4589777
4589778
4589779
4589780
4589781
4589782
4589783
4589784
4589785
4589786
4589787
4589788
4589789
4589790
4589791
4589792
4589793
4589794
4589795
4589796
4589797
4589798
4589799
4589800
4589801
4589802
4589803
4589804
4589805
4589806
4589807
4589808
4589809
4589810
4589811
4589812
4589813
4589814
4589815
4589816
4589817
4589818
4589819
4589820
4589821
4589822
4589823
4589824
4589825
4589826
4589827
4589828
4589829
4589830
4589831
4589832
4589833
4589834
4589835
4589836
4589837
4589838
4589839
4589840
4589841
4589842
4589843
4589844
4589845
4589846
4589847
4589848
4589849
4589850
4589851
4589852
4589853
4589854
4589855
4589856
4589857
4589858
4589859
4589860
4589861
4589862
4589863
4589864
4589865
4589866
4589867
4589868
4589869
4589870
4589871
4589872
4589873
4589874
4589875
4589876
4589877
4589878
4589879
4589880
4589881
4589882
4589883
4589884
4589885
4589886
4589887
4589888
4589889
4589890
4589891
4589892
4589893
4589894
4589895
4589896
4589897
4589898
4589899
4589900
4589901
4589902
4589903
4589904
4589905
4589906
4589907
4589908
4589909
4589910
4589911
4589912
4589913
4589914
4589915
4589916
4589917
4589918
4589919
4589920
4589921
4589922
4589923
4589924
4589925
4589926
4589927
4589928
4589929
4589930
4589931
4589932
4589933
4589934
4589935
4589936
4589937
4589938
4589939
4589940
4589941
4589942
4589943
4589944
4589945
4589946
4589947
4589948
4589949
4589950
4589951
4589952
4589953
4589954
4589955
4589956
4589957
4589958
4589959
4589960
4589961
4589962
4589963
4589964
4589965
4589966
4589967
4589968
4589969
4589970
4589971
4589972
4589973
4589974
4589975
4589976
4589977
4589978
4589979
4589980
4589981
4589982
4589983
4589984
4589985
4589986
4589987
4589988
4589989
4589990
4589991
4589992
4589993
4589994
4589995
4589996
4589997
4589998
4589999
4590000
