4510001
4510002
4510003
4510004
4510005
4510006
4510007
4510008
4510009
4510010
4510011
4510012
4510013
4510014
4510015
4510016
4510017
4510018
4510019
4510020
4510021
4510022
4510023
4510024
4510025
4510026
4510027
4510028
4510029
4510030
4510031
4510032
4510033
4510034
4510035
4510036
4510037
4510038
4510039
4510040
4510041
4510042
4510043
4510044
4510045
4510046
4510047
4510048
4510049
4510050
4510051
4510052
4510053
4510054
4510055
4510056
4510057
4510058
4510059
4510060
4510061
4510062
4510063
4510064
4510065
4510066
4510067
4510068
4510069
4510070
4510071
4510072
4510073
4510074
4510075
4510076
4510077
4510078
4510079
4510080
4510081
4510082
4510083
4510084
4510085
4510086
4510087
4510088
4510089
4510090
4510091
4510092
4510093
4510094
4510095
4510096
4510097
4510098
4510099
4510100
4510101
4510102
4510103
4510104
4510105
4510106
4510107
4510108
4510109
4510110
4510111
4510112
4510113
4510114
4510115
4510116
4510117
4510118
4510119
4510120
4510121
4510122
4510123
4510124
4510125
4510126
4510127
4510128
4510129
4510130
4510131
4510132
4510133
4510134
4510135
4510136
4510137
4510138
4510139
4510140
4510141
4510142
4510143
4510144
4510145
4510146
4510147
4510148
4510149
4510150
4510151
4510152
4510153
4510154
4510155
4510156
4510157
4510158
4510159
4510160
4510161
4510162
4510163
4510164
4510165
4510166
4510167
4510168
4510169
4510170
4510171
4510172
4510173
4510174
4510175
4510176
4510177
4510178
4510179
4510180
4510181
4510182
4510183
4510184
4510185
4510186
4510187
4510188
4510189
4510190
4510191
4510192
4510193
4510194
4510195
4510196
4510197
4510198
4510199
4510200
4510201
4510202
4510203
4510204
4510205
4510206
4510207
4510208
4510209
4510210
4510211
4510212
4510213
4510214
4510215
4510216
4510217
4510218
4510219
4510220
4510221
4510222
4510223
4510224
4510225
4510226
4510227
4510228
4510229
4510230
4510231
4510232
4510233
4510234
4510235
4510236
4510237
4510238
4510239
4510240
4510241
4510242
4510243
4510244
4510245
4510246
4510247
4510248
4510249
4510250
4510251
4510252
4510253
4510254
4510255
4510256
4510257
4510258
4510259
4510260
4510261
4510262
4510263
4510264
4510265
4510266
4510267
4510268
4510269
4510270
4510271
4510272
4510273
4510274
4510275
4510276
4510277
4510278
4510279
4510280
4510281
4510282
4510283
4510284
4510285
4510286
4510287
4510288
4510289
4510290
4510291
4510292
4510293
4510294
4510295
4510296
4510297
4510298
4510299
4510300
4510301
4510302
4510303
4510304
4510305
4510306
4510307
4510308
4510309
4510310
4510311
4510312
4510313
4510314
4510315
4510316
4510317
4510318
4510319
4510320
4510321
4510322
4510323
4510324
4510325
4510326
4510327
4510328
4510329
4510330
4510331
4510332
4510333
4510334
4510335
4510336
4510337
4510338
4510339
4510340
4510341
4510342
4510343
4510344
4510345
4510346
4510347
4510348
4510349
4510350
4510351
4510352
4510353
4510354
4510355
4510356
4510357
4510358
4510359
4510360
4510361
4510362
4510363
4510364
4510365
4510366
4510367
4510368
4510369
4510370
4510371
4510372
4510373
4510374
4510375
4510376
4510377
4510378
4510379
4510380
4510381
4510382
4510383
4510384
4510385
4510386
4510387
4510388
4510389
4510390
4510391
4510392
4510393
4510394
4510395
4510396
4510397
4510398
4510399
4510400
4510401
4510402
4510403
4510404
4510405
4510406
4510407
4510408
4510409
4510410
4510411
4510412
4510413
4510414
4510415
4510416
4510417
4510418
4510419
4510420
4510421
4510422
4510423
4510424
4510425
4510426
4510427
4510428
4510429
4510430
4510431
4510432
4510433
4510434
4510435
4510436
4510437
4510438
4510439
4510440
4510441
4510442
4510443
4510444
4510445
4510446
4510447
4510448
4510449
4510450
4510451
4510452
4510453
4510454
4510455
4510456
4510457
4510458
4510459
4510460
4510461
4510462
4510463
4510464
4510465
4510466
4510467
4510468
4510469
4510470
4510471
4510472
4510473
4510474
4510475
4510476
4510477
4510478
4510479
4510480
4510481
4510482
4510483
4510484
4510485
4510486
4510487
4510488
4510489
4510490
4510491
4510492
4510493
4510494
4510495
4510496
4510497
4510498
4510499
4510500
4510501
4510502
4510503
4510504
4510505
4510506
4510507
4510508
4510509
4510510
4510511
4510512
4510513
4510514
4510515
4510516
4510517
4510518
4510519
4510520
4510521
4510522
4510523
4510524
4510525
4510526
4510527
4510528
4510529
4510530
4510531
4510532
4510533
4510534
4510535
4510536
4510537
4510538
4510539
4510540
4510541
4510542
4510543
4510544
4510545
4510546
4510547
4510548
4510549
4510550
4510551
4510552
4510553
4510554
4510555
4510556
4510557
4510558
4510559
4510560
4510561
4510562
4510563
4510564
4510565
4510566
4510567
4510568
4510569
4510570
4510571
4510572
4510573
4510574
4510575
4510576
4510577
4510578
4510579
4510580
4510581
4510582
4510583
4510584
4510585
4510586
4510587
4510588
4510589
4510590
4510591
4510592
4510593
4510594
4510595
4510596
4510597
4510598
4510599
4510600
4510601
4510602
4510603
4510604
4510605
4510606
4510607
4510608
4510609
4510610
4510611
4510612
4510613
4510614
4510615
4510616
4510617
4510618
4510619
4510620
4510621
4510622
4510623
4510624
4510625
4510626
4510627
4510628
4510629
4510630
4510631
4510632
4510633
4510634
4510635
4510636
4510637
4510638
4510639
4510640
4510641
4510642
4510643
4510644
4510645
4510646
4510647
4510648
4510649
4510650
4510651
4510652
4510653
4510654
4510655
4510656
4510657
4510658
4510659
4510660
4510661
4510662
4510663
4510664
4510665
4510666
4510667
4510668
4510669
4510670
4510671
4510672
4510673
4510674
4510675
4510676
4510677
4510678
4510679
4510680
4510681
4510682
4510683
4510684
4510685
4510686
4510687
4510688
4510689
4510690
4510691
4510692
4510693
4510694
4510695
4510696
4510697
4510698
4510699
4510700
4510701
4510702
4510703
4510704
4510705
4510706
4510707
4510708
4510709
4510710
4510711
4510712
4510713
4510714
4510715
4510716
4510717
4510718
4510719
4510720
4510721
4510722
4510723
4510724
4510725
4510726
4510727
4510728
4510729
4510730
4510731
4510732
4510733
4510734
4510735
4510736
4510737
4510738
4510739
4510740
4510741
4510742
4510743
4510744
4510745
4510746
4510747
4510748
4510749
4510750
4510751
4510752
4510753
4510754
4510755
4510756
4510757
4510758
4510759
4510760
4510761
4510762
4510763
4510764
4510765
4510766
4510767
4510768
4510769
4510770
4510771
4510772
4510773
4510774
4510775
4510776
4510777
4510778
4510779
4510780
4510781
4510782
4510783
4510784
4510785
4510786
4510787
4510788
4510789
4510790
4510791
4510792
4510793
4510794
4510795
4510796
4510797
4510798
4510799
4510800
4510801
4510802
4510803
4510804
4510805
4510806
4510807
4510808
4510809
4510810
4510811
4510812
4510813
4510814
4510815
4510816
4510817
4510818
4510819
4510820
4510821
4510822
4510823
4510824
4510825
4510826
4510827
4510828
4510829
4510830
4510831
4510832
4510833
4510834
4510835
4510836
4510837
4510838
4510839
4510840
4510841
4510842
4510843
4510844
4510845
4510846
4510847
4510848
4510849
4510850
4510851
4510852
4510853
4510854
4510855
4510856
4510857
4510858
4510859
4510860
4510861
4510862
4510863
4510864
4510865
4510866
4510867
4510868
4510869
4510870
4510871
4510872
4510873
4510874
4510875
4510876
4510877
4510878
4510879
4510880
4510881
4510882
4510883
4510884
4510885
4510886
4510887
4510888
4510889
4510890
4510891
4510892
4510893
4510894
4510895
4510896
4510897
4510898
4510899
4510900
4510901
4510902
4510903
4510904
4510905
4510906
4510907
4510908
4510909
4510910
4510911
4510912
4510913
4510914
4510915
4510916
4510917
4510918
4510919
4510920
4510921
4510922
4510923
4510924
4510925
4510926
4510927
4510928
4510929
4510930
4510931
4510932
4510933
4510934
4510935
4510936
4510937
4510938
4510939
4510940
4510941
4510942
4510943
4510944
4510945
4510946
4510947
4510948
4510949
4510950
4510951
4510952
4510953
4510954
4510955
4510956
4510957
4510958
4510959
4510960
4510961
4510962
4510963
4510964
4510965
4510966
4510967
4510968
4510969
4510970
4510971
4510972
4510973
4510974
4510975
4510976
4510977
4510978
4510979
4510980
4510981
4510982
4510983
4510984
4510985
4510986
4510987
4510988
4510989
4510990
4510991
4510992
4510993
4510994
4510995
4510996
4510997
4510998
4510999
4511000
4511001
4511002
4511003
4511004
4511005
4511006
4511007
4511008
4511009
4511010
4511011
4511012
4511013
4511014
4511015
4511016
4511017
4511018
4511019
4511020
4511021
4511022
4511023
4511024
4511025
4511026
4511027
4511028
4511029
4511030
4511031
4511032
4511033
4511034
4511035
4511036
4511037
4511038
4511039
4511040
4511041
4511042
4511043
4511044
4511045
4511046
4511047
4511048
4511049
4511050
4511051
4511052
4511053
4511054
4511055
4511056
4511057
4511058
4511059
4511060
4511061
4511062
4511063
4511064
4511065
4511066
4511067
4511068
4511069
4511070
4511071
4511072
4511073
4511074
4511075
4511076
4511077
4511078
4511079
4511080
4511081
4511082
4511083
4511084
4511085
4511086
4511087
4511088
4511089
4511090
4511091
4511092
4511093
4511094
4511095
4511096
4511097
4511098
4511099
4511100
4511101
4511102
4511103
4511104
4511105
4511106
4511107
4511108
4511109
4511110
4511111
4511112
4511113
4511114
4511115
4511116
4511117
4511118
4511119
4511120
4511121
4511122
4511123
4511124
4511125
4511126
4511127
4511128
4511129
4511130
4511131
4511132
4511133
4511134
4511135
4511136
4511137
4511138
4511139
4511140
4511141
4511142
4511143
4511144
4511145
4511146
4511147
4511148
4511149
4511150
4511151
4511152
4511153
4511154
4511155
4511156
4511157
4511158
4511159
4511160
4511161
4511162
4511163
4511164
4511165
4511166
4511167
4511168
4511169
4511170
4511171
4511172
4511173
4511174
4511175
4511176
4511177
4511178
4511179
4511180
4511181
4511182
4511183
4511184
4511185
4511186
4511187
4511188
4511189
4511190
4511191
4511192
4511193
4511194
4511195
4511196
4511197
4511198
4511199
4511200
4511201
4511202
4511203
4511204
4511205
4511206
4511207
4511208
4511209
4511210
4511211
4511212
4511213
4511214
4511215
4511216
4511217
4511218
4511219
4511220
4511221
4511222
4511223
4511224
4511225
4511226
4511227
4511228
4511229
4511230
4511231
4511232
4511233
4511234
4511235
4511236
4511237
4511238
4511239
4511240
4511241
4511242
4511243
4511244
4511245
4511246
4511247
4511248
4511249
4511250
4511251
4511252
4511253
4511254
4511255
4511256
4511257
4511258
4511259
4511260
4511261
4511262
4511263
4511264
4511265
4511266
4511267
4511268
4511269
4511270
4511271
4511272
4511273
4511274
4511275
4511276
4511277
4511278
4511279
4511280
4511281
4511282
4511283
4511284
4511285
4511286
4511287
4511288
4511289
4511290
4511291
4511292
4511293
4511294
4511295
4511296
4511297
4511298
4511299
4511300
4511301
4511302
4511303
4511304
4511305
4511306
4511307
4511308
4511309
4511310
4511311
4511312
4511313
4511314
4511315
4511316
4511317
4511318
4511319
4511320
4511321
4511322
4511323
4511324
4511325
4511326
4511327
4511328
4511329
4511330
4511331
4511332
4511333
4511334
4511335
4511336
4511337
4511338
4511339
4511340
4511341
4511342
4511343
4511344
4511345
4511346
4511347
4511348
4511349
4511350
4511351
4511352
4511353
4511354
4511355
4511356
4511357
4511358
4511359
4511360
4511361
4511362
4511363
4511364
4511365
4511366
4511367
4511368
4511369
4511370
4511371
4511372
4511373
4511374
4511375
4511376
4511377
4511378
4511379
4511380
4511381
4511382
4511383
4511384
4511385
4511386
4511387
4511388
4511389
4511390
4511391
4511392
4511393
4511394
4511395
4511396
4511397
4511398
4511399
4511400
4511401
4511402
4511403
4511404
4511405
4511406
4511407
4511408
4511409
4511410
4511411
4511412
4511413
4511414
4511415
4511416
4511417
4511418
4511419
4511420
4511421
4511422
4511423
4511424
4511425
4511426
4511427
4511428
4511429
4511430
4511431
4511432
4511433
4511434
4511435
4511436
4511437
4511438
4511439
4511440
4511441
4511442
4511443
4511444
4511445
4511446
4511447
4511448
4511449
4511450
4511451
4511452
4511453
4511454
4511455
4511456
4511457
4511458
4511459
4511460
4511461
4511462
4511463
4511464
4511465
4511466
4511467
4511468
4511469
4511470
4511471
4511472
4511473
4511474
4511475
4511476
4511477
4511478
4511479
4511480
4511481
4511482
4511483
4511484
4511485
4511486
4511487
4511488
4511489
4511490
4511491
4511492
4511493
4511494
4511495
4511496
4511497
4511498
4511499
4511500
4511501
4511502
4511503
4511504
4511505
4511506
4511507
4511508
4511509
4511510
4511511
4511512
4511513
4511514
4511515
4511516
4511517
4511518
4511519
4511520
4511521
4511522
4511523
4511524
4511525
4511526
4511527
4511528
4511529
4511530
4511531
4511532
4511533
4511534
4511535
4511536
4511537
4511538
4511539
4511540
4511541
4511542
4511543
4511544
4511545
4511546
4511547
4511548
4511549
4511550
4511551
4511552
4511553
4511554
4511555
4511556
4511557
4511558
4511559
4511560
4511561
4511562
4511563
4511564
4511565
4511566
4511567
4511568
4511569
4511570
4511571
4511572
4511573
4511574
4511575
4511576
4511577
4511578
4511579
4511580
4511581
4511582
4511583
4511584
4511585
4511586
4511587
4511588
4511589
4511590
4511591
4511592
4511593
4511594
4511595
4511596
4511597
4511598
4511599
4511600
4511601
4511602
4511603
4511604
4511605
4511606
4511607
4511608
4511609
4511610
4511611
4511612
4511613
4511614
4511615
4511616
4511617
4511618
4511619
4511620
4511621
4511622
4511623
4511624
4511625
4511626
4511627
4511628
4511629
4511630
4511631
4511632
4511633
4511634
4511635
4511636
4511637
4511638
4511639
4511640
4511641
4511642
4511643
4511644
4511645
4511646
4511647
4511648
4511649
4511650
4511651
4511652
4511653
4511654
4511655
4511656
4511657
4511658
4511659
4511660
4511661
4511662
4511663
4511664
4511665
4511666
4511667
4511668
4511669
4511670
4511671
4511672
4511673
4511674
4511675
4511676
4511677
4511678
4511679
4511680
4511681
4511682
4511683
4511684
4511685
4511686
4511687
4511688
4511689
4511690
4511691
4511692
4511693
4511694
4511695
4511696
4511697
4511698
4511699
4511700
4511701
4511702
4511703
4511704
4511705
4511706
4511707
4511708
4511709
4511710
4511711
4511712
4511713
4511714
4511715
4511716
4511717
4511718
4511719
4511720
4511721
4511722
4511723
4511724
4511725
4511726
4511727
4511728
4511729
4511730
4511731
4511732
4511733
4511734
4511735
4511736
4511737
4511738
4511739
4511740
4511741
4511742
4511743
4511744
4511745
4511746
4511747
4511748
4511749
4511750
4511751
4511752
4511753
4511754
4511755
4511756
4511757
4511758
4511759
4511760
4511761
4511762
4511763
4511764
4511765
4511766
4511767
4511768
4511769
4511770
4511771
4511772
4511773
4511774
4511775
4511776
4511777
4511778
4511779
4511780
4511781
4511782
4511783
4511784
4511785
4511786
4511787
4511788
4511789
4511790
4511791
4511792
4511793
4511794
4511795
4511796
4511797
4511798
4511799
4511800
4511801
4511802
4511803
4511804
4511805
4511806
4511807
4511808
4511809
4511810
4511811
4511812
4511813
4511814
4511815
4511816
4511817
4511818
4511819
4511820
4511821
4511822
4511823
4511824
4511825
4511826
4511827
4511828
4511829
4511830
4511831
4511832
4511833
4511834
4511835
4511836
4511837
4511838
4511839
4511840
4511841
4511842
4511843
4511844
4511845
4511846
4511847
4511848
4511849
4511850
4511851
4511852
4511853
4511854
4511855
4511856
4511857
4511858
4511859
4511860
4511861
4511862
4511863
4511864
4511865
4511866
4511867
4511868
4511869
4511870
4511871
4511872
4511873
4511874
4511875
4511876
4511877
4511878
4511879
4511880
4511881
4511882
4511883
4511884
4511885
4511886
4511887
4511888
4511889
4511890
4511891
4511892
4511893
4511894
4511895
4511896
4511897
4511898
4511899
4511900
4511901
4511902
4511903
4511904
4511905
4511906
4511907
4511908
4511909
4511910
4511911
4511912
4511913
4511914
4511915
4511916
4511917
4511918
4511919
4511920
4511921
4511922
4511923
4511924
4511925
4511926
4511927
4511928
4511929
4511930
4511931
4511932
4511933
4511934
4511935
4511936
4511937
4511938
4511939
4511940
4511941
4511942
4511943
4511944
4511945
4511946
4511947
4511948
4511949
4511950
4511951
4511952
4511953
4511954
4511955
4511956
4511957
4511958
4511959
4511960
4511961
4511962
4511963
4511964
4511965
4511966
4511967
4511968
4511969
4511970
4511971
4511972
4511973
4511974
4511975
4511976
4511977
4511978
4511979
4511980
4511981
4511982
4511983
4511984
4511985
4511986
4511987
4511988
4511989
4511990
4511991
4511992
4511993
4511994
4511995
4511996
4511997
4511998
4511999
4512000
4512001
4512002
4512003
4512004
4512005
4512006
4512007
4512008
4512009
4512010
4512011
4512012
4512013
4512014
4512015
4512016
4512017
4512018
4512019
4512020
4512021
4512022
4512023
4512024
4512025
4512026
4512027
4512028
4512029
4512030
4512031
4512032
4512033
4512034
4512035
4512036
4512037
4512038
4512039
4512040
4512041
4512042
4512043
4512044
4512045
4512046
4512047
4512048
4512049
4512050
4512051
4512052
4512053
4512054
4512055
4512056
4512057
4512058
4512059
4512060
4512061
4512062
4512063
4512064
4512065
4512066
4512067
4512068
4512069
4512070
4512071
4512072
4512073
4512074
4512075
4512076
4512077
4512078
4512079
4512080
4512081
4512082
4512083
4512084
4512085
4512086
4512087
4512088
4512089
4512090
4512091
4512092
4512093
4512094
4512095
4512096
4512097
4512098
4512099
4512100
4512101
4512102
4512103
4512104
4512105
4512106
4512107
4512108
4512109
4512110
4512111
4512112
4512113
4512114
4512115
4512116
4512117
4512118
4512119
4512120
4512121
4512122
4512123
4512124
4512125
4512126
4512127
4512128
4512129
4512130
4512131
4512132
4512133
4512134
4512135
4512136
4512137
4512138
4512139
4512140
4512141
4512142
4512143
4512144
4512145
4512146
4512147
4512148
4512149
4512150
4512151
4512152
4512153
4512154
4512155
4512156
4512157
4512158
4512159
4512160
4512161
4512162
4512163
4512164
4512165
4512166
4512167
4512168
4512169
4512170
4512171
4512172
4512173
4512174
4512175
4512176
4512177
4512178
4512179
4512180
4512181
4512182
4512183
4512184
4512185
4512186
4512187
4512188
4512189
4512190
4512191
4512192
4512193
4512194
4512195
4512196
4512197
4512198
4512199
4512200
4512201
4512202
4512203
4512204
4512205
4512206
4512207
4512208
4512209
4512210
4512211
4512212
4512213
4512214
4512215
4512216
4512217
4512218
4512219
4512220
4512221
4512222
4512223
4512224
4512225
4512226
4512227
4512228
4512229
4512230
4512231
4512232
4512233
4512234
4512235
4512236
4512237
4512238
4512239
4512240
4512241
4512242
4512243
4512244
4512245
4512246
4512247
4512248
4512249
4512250
4512251
4512252
4512253
4512254
4512255
4512256
4512257
4512258
4512259
4512260
4512261
4512262
4512263
4512264
4512265
4512266
4512267
4512268
4512269
4512270
4512271
4512272
4512273
4512274
4512275
4512276
4512277
4512278
4512279
4512280
4512281
4512282
4512283
4512284
4512285
4512286
4512287
4512288
4512289
4512290
4512291
4512292
4512293
4512294
4512295
4512296
4512297
4512298
4512299
4512300
4512301
4512302
4512303
4512304
4512305
4512306
4512307
4512308
4512309
4512310
4512311
4512312
4512313
4512314
4512315
4512316
4512317
4512318
4512319
4512320
4512321
4512322
4512323
4512324
4512325
4512326
4512327
4512328
4512329
4512330
4512331
4512332
4512333
4512334
4512335
4512336
4512337
4512338
4512339
4512340
4512341
4512342
4512343
4512344
4512345
4512346
4512347
4512348
4512349
4512350
4512351
4512352
4512353
4512354
4512355
4512356
4512357
4512358
4512359
4512360
4512361
4512362
4512363
4512364
4512365
4512366
4512367
4512368
4512369
4512370
4512371
4512372
4512373
4512374
4512375
4512376
4512377
4512378
4512379
4512380
4512381
4512382
4512383
4512384
4512385
4512386
4512387
4512388
4512389
4512390
4512391
4512392
4512393
4512394
4512395
4512396
4512397
4512398
4512399
4512400
4512401
4512402
4512403
4512404
4512405
4512406
4512407
4512408
4512409
4512410
4512411
4512412
4512413
4512414
4512415
4512416
4512417
4512418
4512419
4512420
4512421
4512422
4512423
4512424
4512425
4512426
4512427
4512428
4512429
4512430
4512431
4512432
4512433
4512434
4512435
4512436
4512437
4512438
4512439
4512440
4512441
4512442
4512443
4512444
4512445
4512446
4512447
4512448
4512449
4512450
4512451
4512452
4512453
4512454
4512455
4512456
4512457
4512458
4512459
4512460
4512461
4512462
4512463
4512464
4512465
4512466
4512467
4512468
4512469
4512470
4512471
4512472
4512473
4512474
4512475
4512476
4512477
4512478
4512479
4512480
4512481
4512482
4512483
4512484
4512485
4512486
4512487
4512488
4512489
4512490
4512491
4512492
4512493
4512494
4512495
4512496
4512497
4512498
4512499
4512500
4512501
4512502
4512503
4512504
4512505
4512506
4512507
4512508
4512509
4512510
4512511
4512512
4512513
4512514
4512515
4512516
4512517
4512518
4512519
4512520
4512521
4512522
4512523
4512524
4512525
4512526
4512527
4512528
4512529
4512530
4512531
4512532
4512533
4512534
4512535
4512536
4512537
4512538
4512539
4512540
4512541
4512542
4512543
4512544
4512545
4512546
4512547
4512548
4512549
4512550
4512551
4512552
4512553
4512554
4512555
4512556
4512557
4512558
4512559
4512560
4512561
4512562
4512563
4512564
4512565
4512566
4512567
4512568
4512569
4512570
4512571
4512572
4512573
4512574
4512575
4512576
4512577
4512578
4512579
4512580
4512581
4512582
4512583
4512584
4512585
4512586
4512587
4512588
4512589
4512590
4512591
4512592
4512593
4512594
4512595
4512596
4512597
4512598
4512599
4512600
4512601
4512602
4512603
4512604
4512605
4512606
4512607
4512608
4512609
4512610
4512611
4512612
4512613
4512614
4512615
4512616
4512617
4512618
4512619
4512620
4512621
4512622
4512623
4512624
4512625
4512626
4512627
4512628
4512629
4512630
4512631
4512632
4512633
4512634
4512635
4512636
4512637
4512638
4512639
4512640
4512641
4512642
4512643
4512644
4512645
4512646
4512647
4512648
4512649
4512650
4512651
4512652
4512653
4512654
4512655
4512656
4512657
4512658
4512659
4512660
4512661
4512662
4512663
4512664
4512665
4512666
4512667
4512668
4512669
4512670
4512671
4512672
4512673
4512674
4512675
4512676
4512677
4512678
4512679
4512680
4512681
4512682
4512683
4512684
4512685
4512686
4512687
4512688
4512689
4512690
4512691
4512692
4512693
4512694
4512695
4512696
4512697
4512698
4512699
4512700
4512701
4512702
4512703
4512704
4512705
4512706
4512707
4512708
4512709
4512710
4512711
4512712
4512713
4512714
4512715
4512716
4512717
4512718
4512719
4512720
4512721
4512722
4512723
4512724
4512725
4512726
4512727
4512728
4512729
4512730
4512731
4512732
4512733
4512734
4512735
4512736
4512737
4512738
4512739
4512740
4512741
4512742
4512743
4512744
4512745
4512746
4512747
4512748
4512749
4512750
4512751
4512752
4512753
4512754
4512755
4512756
4512757
4512758
4512759
4512760
4512761
4512762
4512763
4512764
4512765
4512766
4512767
4512768
4512769
4512770
4512771
4512772
4512773
4512774
4512775
4512776
4512777
4512778
4512779
4512780
4512781
4512782
4512783
4512784
4512785
4512786
4512787
4512788
4512789
4512790
4512791
4512792
4512793
4512794
4512795
4512796
4512797
4512798
4512799
4512800
4512801
4512802
4512803
4512804
4512805
4512806
4512807
4512808
4512809
4512810
4512811
4512812
4512813
4512814
4512815
4512816
4512817
4512818
4512819
4512820
4512821
4512822
4512823
4512824
4512825
4512826
4512827
4512828
4512829
4512830
4512831
4512832
4512833
4512834
4512835
4512836
4512837
4512838
4512839
4512840
4512841
4512842
4512843
4512844
4512845
4512846
4512847
4512848
4512849
4512850
4512851
4512852
4512853
4512854
4512855
4512856
4512857
4512858
4512859
4512860
4512861
4512862
4512863
4512864
4512865
4512866
4512867
4512868
4512869
4512870
4512871
4512872
4512873
4512874
4512875
4512876
4512877
4512878
4512879
4512880
4512881
4512882
4512883
4512884
4512885
4512886
4512887
4512888
4512889
4512890
4512891
4512892
4512893
4512894
4512895
4512896
4512897
4512898
4512899
4512900
4512901
4512902
4512903
4512904
4512905
4512906
4512907
4512908
4512909
4512910
4512911
4512912
4512913
4512914
4512915
4512916
4512917
4512918
4512919
4512920
4512921
4512922
4512923
4512924
4512925
4512926
4512927
4512928
4512929
4512930
4512931
4512932
4512933
4512934
4512935
4512936
4512937
4512938
4512939
4512940
4512941
4512942
4512943
4512944
4512945
4512946
4512947
4512948
4512949
4512950
4512951
4512952
4512953
4512954
4512955
4512956
4512957
4512958
4512959
4512960
4512961
4512962
4512963
4512964
4512965
4512966
4512967
4512968
4512969
4512970
4512971
4512972
4512973
4512974
4512975
4512976
4512977
4512978
4512979
4512980
4512981
4512982
4512983
4512984
4512985
4512986
4512987
4512988
4512989
4512990
4512991
4512992
4512993
4512994
4512995
4512996
4512997
4512998
4512999
4513000
4513001
4513002
4513003
4513004
4513005
4513006
4513007
4513008
4513009
4513010
4513011
4513012
4513013
4513014
4513015
4513016
4513017
4513018
4513019
4513020
4513021
4513022
4513023
4513024
4513025
4513026
4513027
4513028
4513029
4513030
4513031
4513032
4513033
4513034
4513035
4513036
4513037
4513038
4513039
4513040
4513041
4513042
4513043
4513044
4513045
4513046
4513047
4513048
4513049
4513050
4513051
4513052
4513053
4513054
4513055
4513056
4513057
4513058
4513059
4513060
4513061
4513062
4513063
4513064
4513065
4513066
4513067
4513068
4513069
4513070
4513071
4513072
4513073
4513074
4513075
4513076
4513077
4513078
4513079
4513080
4513081
4513082
4513083
4513084
4513085
4513086
4513087
4513088
4513089
4513090
4513091
4513092
4513093
4513094
4513095
4513096
4513097
4513098
4513099
4513100
4513101
4513102
4513103
4513104
4513105
4513106
4513107
4513108
4513109
4513110
4513111
4513112
4513113
4513114
4513115
4513116
4513117
4513118
4513119
4513120
4513121
4513122
4513123
4513124
4513125
4513126
4513127
4513128
4513129
4513130
4513131
4513132
4513133
4513134
4513135
4513136
4513137
4513138
4513139
4513140
4513141
4513142
4513143
4513144
4513145
4513146
4513147
4513148
4513149
4513150
4513151
4513152
4513153
4513154
4513155
4513156
4513157
4513158
4513159
4513160
4513161
4513162
4513163
4513164
4513165
4513166
4513167
4513168
4513169
4513170
4513171
4513172
4513173
4513174
4513175
4513176
4513177
4513178
4513179
4513180
4513181
4513182
4513183
4513184
4513185
4513186
4513187
4513188
4513189
4513190
4513191
4513192
4513193
4513194
4513195
4513196
4513197
4513198
4513199
4513200
4513201
4513202
4513203
4513204
4513205
4513206
4513207
4513208
4513209
4513210
4513211
4513212
4513213
4513214
4513215
4513216
4513217
4513218
4513219
4513220
4513221
4513222
4513223
4513224
4513225
4513226
4513227
4513228
4513229
4513230
4513231
4513232
4513233
4513234
4513235
4513236
4513237
4513238
4513239
4513240
4513241
4513242
4513243
4513244
4513245
4513246
4513247
4513248
4513249
4513250
4513251
4513252
4513253
4513254
4513255
4513256
4513257
4513258
4513259
4513260
4513261
4513262
4513263
4513264
4513265
4513266
4513267
4513268
4513269
4513270
4513271
4513272
4513273
4513274
4513275
4513276
4513277
4513278
4513279
4513280
4513281
4513282
4513283
4513284
4513285
4513286
4513287
4513288
4513289
4513290
4513291
4513292
4513293
4513294
4513295
4513296
4513297
4513298
4513299
4513300
4513301
4513302
4513303
4513304
4513305
4513306
4513307
4513308
4513309
4513310
4513311
4513312
4513313
4513314
4513315
4513316
4513317
4513318
4513319
4513320
4513321
4513322
4513323
4513324
4513325
4513326
4513327
4513328
4513329
4513330
4513331
4513332
4513333
4513334
4513335
4513336
4513337
4513338
4513339
4513340
4513341
4513342
4513343
4513344
4513345
4513346
4513347
4513348
4513349
4513350
4513351
4513352
4513353
4513354
4513355
4513356
4513357
4513358
4513359
4513360
4513361
4513362
4513363
4513364
4513365
4513366
4513367
4513368
4513369
4513370
4513371
4513372
4513373
4513374
4513375
4513376
4513377
4513378
4513379
4513380
4513381
4513382
4513383
4513384
4513385
4513386
4513387
4513388
4513389
4513390
4513391
4513392
4513393
4513394
4513395
4513396
4513397
4513398
4513399
4513400
4513401
4513402
4513403
4513404
4513405
4513406
4513407
4513408
4513409
4513410
4513411
4513412
4513413
4513414
4513415
4513416
4513417
4513418
4513419
4513420
4513421
4513422
4513423
4513424
4513425
4513426
4513427
4513428
4513429
4513430
4513431
4513432
4513433
4513434
4513435
4513436
4513437
4513438
4513439
4513440
4513441
4513442
4513443
4513444
4513445
4513446
4513447
4513448
4513449
4513450
4513451
4513452
4513453
4513454
4513455
4513456
4513457
4513458
4513459
4513460
4513461
4513462
4513463
4513464
4513465
4513466
4513467
4513468
4513469
4513470
4513471
4513472
4513473
4513474
4513475
4513476
4513477
4513478
4513479
4513480
4513481
4513482
4513483
4513484
4513485
4513486
4513487
4513488
4513489
4513490
4513491
4513492
4513493
4513494
4513495
4513496
4513497
4513498
4513499
4513500
4513501
4513502
4513503
4513504
4513505
4513506
4513507
4513508
4513509
4513510
4513511
4513512
4513513
4513514
4513515
4513516
4513517
4513518
4513519
4513520
4513521
4513522
4513523
4513524
4513525
4513526
4513527
4513528
4513529
4513530
4513531
4513532
4513533
4513534
4513535
4513536
4513537
4513538
4513539
4513540
4513541
4513542
4513543
4513544
4513545
4513546
4513547
4513548
4513549
4513550
4513551
4513552
4513553
4513554
4513555
4513556
4513557
4513558
4513559
4513560
4513561
4513562
4513563
4513564
4513565
4513566
4513567
4513568
4513569
4513570
4513571
4513572
4513573
4513574
4513575
4513576
4513577
4513578
4513579
4513580
4513581
4513582
4513583
4513584
4513585
4513586
4513587
4513588
4513589
4513590
4513591
4513592
4513593
4513594
4513595
4513596
4513597
4513598
4513599
4513600
4513601
4513602
4513603
4513604
4513605
4513606
4513607
4513608
4513609
4513610
4513611
4513612
4513613
4513614
4513615
4513616
4513617
4513618
4513619
4513620
4513621
4513622
4513623
4513624
4513625
4513626
4513627
4513628
4513629
4513630
4513631
4513632
4513633
4513634
4513635
4513636
4513637
4513638
4513639
4513640
4513641
4513642
4513643
4513644
4513645
4513646
4513647
4513648
4513649
4513650
4513651
4513652
4513653
4513654
4513655
4513656
4513657
4513658
4513659
4513660
4513661
4513662
4513663
4513664
4513665
4513666
4513667
4513668
4513669
4513670
4513671
4513672
4513673
4513674
4513675
4513676
4513677
4513678
4513679
4513680
4513681
4513682
4513683
4513684
4513685
4513686
4513687
4513688
4513689
4513690
4513691
4513692
4513693
4513694
4513695
4513696
4513697
4513698
4513699
4513700
4513701
4513702
4513703
4513704
4513705
4513706
4513707
4513708
4513709
4513710
4513711
4513712
4513713
4513714
4513715
4513716
4513717
4513718
4513719
4513720
4513721
4513722
4513723
4513724
4513725
4513726
4513727
4513728
4513729
4513730
4513731
4513732
4513733
4513734
4513735
4513736
4513737
4513738
4513739
4513740
4513741
4513742
4513743
4513744
4513745
4513746
4513747
4513748
4513749
4513750
4513751
4513752
4513753
4513754
4513755
4513756
4513757
4513758
4513759
4513760
4513761
4513762
4513763
4513764
4513765
4513766
4513767
4513768
4513769
4513770
4513771
4513772
4513773
4513774
4513775
4513776
4513777
4513778
4513779
4513780
4513781
4513782
4513783
4513784
4513785
4513786
4513787
4513788
4513789
4513790
4513791
4513792
4513793
4513794
4513795
4513796
4513797
4513798
4513799
4513800
4513801
4513802
4513803
4513804
4513805
4513806
4513807
4513808
4513809
4513810
4513811
4513812
4513813
4513814
4513815
4513816
4513817
4513818
4513819
4513820
4513821
4513822
4513823
4513824
4513825
4513826
4513827
4513828
4513829
4513830
4513831
4513832
4513833
4513834
4513835
4513836
4513837
4513838
4513839
4513840
4513841
4513842
4513843
4513844
4513845
4513846
4513847
4513848
4513849
4513850
4513851
4513852
4513853
4513854
4513855
4513856
4513857
4513858
4513859
4513860
4513861
4513862
4513863
4513864
4513865
4513866
4513867
4513868
4513869
4513870
4513871
4513872
4513873
4513874
4513875
4513876
4513877
4513878
4513879
4513880
4513881
4513882
4513883
4513884
4513885
4513886
4513887
4513888
4513889
4513890
4513891
4513892
4513893
4513894
4513895
4513896
4513897
4513898
4513899
4513900
4513901
4513902
4513903
4513904
4513905
4513906
4513907
4513908
4513909
4513910
4513911
4513912
4513913
4513914
4513915
4513916
4513917
4513918
4513919
4513920
4513921
4513922
4513923
4513924
4513925
4513926
4513927
4513928
4513929
4513930
4513931
4513932
4513933
4513934
4513935
4513936
4513937
4513938
4513939
4513940
4513941
4513942
4513943
4513944
4513945
4513946
4513947
4513948
4513949
4513950
4513951
4513952
4513953
4513954
4513955
4513956
4513957
4513958
4513959
4513960
4513961
4513962
4513963
4513964
4513965
4513966
4513967
4513968
4513969
4513970
4513971
4513972
4513973
4513974
4513975
4513976
4513977
4513978
4513979
4513980
4513981
4513982
4513983
4513984
4513985
4513986
4513987
4513988
4513989
4513990
4513991
4513992
4513993
4513994
4513995
4513996
4513997
4513998
4513999
4514000
4514001
4514002
4514003
4514004
4514005
4514006
4514007
4514008
4514009
4514010
4514011
4514012
4514013
4514014
4514015
4514016
4514017
4514018
4514019
4514020
4514021
4514022
4514023
4514024
4514025
4514026
4514027
4514028
4514029
4514030
4514031
4514032
4514033
4514034
4514035
4514036
4514037
4514038
4514039
4514040
4514041
4514042
4514043
4514044
4514045
4514046
4514047
4514048
4514049
4514050
4514051
4514052
4514053
4514054
4514055
4514056
4514057
4514058
4514059
4514060
4514061
4514062
4514063
4514064
4514065
4514066
4514067
4514068
4514069
4514070
4514071
4514072
4514073
4514074
4514075
4514076
4514077
4514078
4514079
4514080
4514081
4514082
4514083
4514084
4514085
4514086
4514087
4514088
4514089
4514090
4514091
4514092
4514093
4514094
4514095
4514096
4514097
4514098
4514099
4514100
4514101
4514102
4514103
4514104
4514105
4514106
4514107
4514108
4514109
4514110
4514111
4514112
4514113
4514114
4514115
4514116
4514117
4514118
4514119
4514120
4514121
4514122
4514123
4514124
4514125
4514126
4514127
4514128
4514129
4514130
4514131
4514132
4514133
4514134
4514135
4514136
4514137
4514138
4514139
4514140
4514141
4514142
4514143
4514144
4514145
4514146
4514147
4514148
4514149
4514150
4514151
4514152
4514153
4514154
4514155
4514156
4514157
4514158
4514159
4514160
4514161
4514162
4514163
4514164
4514165
4514166
4514167
4514168
4514169
4514170
4514171
4514172
4514173
4514174
4514175
4514176
4514177
4514178
4514179
4514180
4514181
4514182
4514183
4514184
4514185
4514186
4514187
4514188
4514189
4514190
4514191
4514192
4514193
4514194
4514195
4514196
4514197
4514198
4514199
4514200
4514201
4514202
4514203
4514204
4514205
4514206
4514207
4514208
4514209
4514210
4514211
4514212
4514213
4514214
4514215
4514216
4514217
4514218
4514219
4514220
4514221
4514222
4514223
4514224
4514225
4514226
4514227
4514228
4514229
4514230
4514231
4514232
4514233
4514234
4514235
4514236
4514237
4514238
4514239
4514240
4514241
4514242
4514243
4514244
4514245
4514246
4514247
4514248
4514249
4514250
4514251
4514252
4514253
4514254
4514255
4514256
4514257
4514258
4514259
4514260
4514261
4514262
4514263
4514264
4514265
4514266
4514267
4514268
4514269
4514270
4514271
4514272
4514273
4514274
4514275
4514276
4514277
4514278
4514279
4514280
4514281
4514282
4514283
4514284
4514285
4514286
4514287
4514288
4514289
4514290
4514291
4514292
4514293
4514294
4514295
4514296
4514297
4514298
4514299
4514300
4514301
4514302
4514303
4514304
4514305
4514306
4514307
4514308
4514309
4514310
4514311
4514312
4514313
4514314
4514315
4514316
4514317
4514318
4514319
4514320
4514321
4514322
4514323
4514324
4514325
4514326
4514327
4514328
4514329
4514330
4514331
4514332
4514333
4514334
4514335
4514336
4514337
4514338
4514339
4514340
4514341
4514342
4514343
4514344
4514345
4514346
4514347
4514348
4514349
4514350
4514351
4514352
4514353
4514354
4514355
4514356
4514357
4514358
4514359
4514360
4514361
4514362
4514363
4514364
4514365
4514366
4514367
4514368
4514369
4514370
4514371
4514372
4514373
4514374
4514375
4514376
4514377
4514378
4514379
4514380
4514381
4514382
4514383
4514384
4514385
4514386
4514387
4514388
4514389
4514390
4514391
4514392
4514393
4514394
4514395
4514396
4514397
4514398
4514399
4514400
4514401
4514402
4514403
4514404
4514405
4514406
4514407
4514408
4514409
4514410
4514411
4514412
4514413
4514414
4514415
4514416
4514417
4514418
4514419
4514420
4514421
4514422
4514423
4514424
4514425
4514426
4514427
4514428
4514429
4514430
4514431
4514432
4514433
4514434
4514435
4514436
4514437
4514438
4514439
4514440
4514441
4514442
4514443
4514444
4514445
4514446
4514447
4514448
4514449
4514450
4514451
4514452
4514453
4514454
4514455
4514456
4514457
4514458
4514459
4514460
4514461
4514462
4514463
4514464
4514465
4514466
4514467
4514468
4514469
4514470
4514471
4514472
4514473
4514474
4514475
4514476
4514477
4514478
4514479
4514480
4514481
4514482
4514483
4514484
4514485
4514486
4514487
4514488
4514489
4514490
4514491
4514492
4514493
4514494
4514495
4514496
4514497
4514498
4514499
4514500
4514501
4514502
4514503
4514504
4514505
4514506
4514507
4514508
4514509
4514510
4514511
4514512
4514513
4514514
4514515
4514516
4514517
4514518
4514519
4514520
4514521
4514522
4514523
4514524
4514525
4514526
4514527
4514528
4514529
4514530
4514531
4514532
4514533
4514534
4514535
4514536
4514537
4514538
4514539
4514540
4514541
4514542
4514543
4514544
4514545
4514546
4514547
4514548
4514549
4514550
4514551
4514552
4514553
4514554
4514555
4514556
4514557
4514558
4514559
4514560
4514561
4514562
4514563
4514564
4514565
4514566
4514567
4514568
4514569
4514570
4514571
4514572
4514573
4514574
4514575
4514576
4514577
4514578
4514579
4514580
4514581
4514582
4514583
4514584
4514585
4514586
4514587
4514588
4514589
4514590
4514591
4514592
4514593
4514594
4514595
4514596
4514597
4514598
4514599
4514600
4514601
4514602
4514603
4514604
4514605
4514606
4514607
4514608
4514609
4514610
4514611
4514612
4514613
4514614
4514615
4514616
4514617
4514618
4514619
4514620
4514621
4514622
4514623
4514624
4514625
4514626
4514627
4514628
4514629
4514630
4514631
4514632
4514633
4514634
4514635
4514636
4514637
4514638
4514639
4514640
4514641
4514642
4514643
4514644
4514645
4514646
4514647
4514648
4514649
4514650
4514651
4514652
4514653
4514654
4514655
4514656
4514657
4514658
4514659
4514660
4514661
4514662
4514663
4514664
4514665
4514666
4514667
4514668
4514669
4514670
4514671
4514672
4514673
4514674
4514675
4514676
4514677
4514678
4514679
4514680
4514681
4514682
4514683
4514684
4514685
4514686
4514687
4514688
4514689
4514690
4514691
4514692
4514693
4514694
4514695
4514696
4514697
4514698
4514699
4514700
4514701
4514702
4514703
4514704
4514705
4514706
4514707
4514708
4514709
4514710
4514711
4514712
4514713
4514714
4514715
4514716
4514717
4514718
4514719
4514720
4514721
4514722
4514723
4514724
4514725
4514726
4514727
4514728
4514729
4514730
4514731
4514732
4514733
4514734
4514735
4514736
4514737
4514738
4514739
4514740
4514741
4514742
4514743
4514744
4514745
4514746
4514747
4514748
4514749
4514750
4514751
4514752
4514753
4514754
4514755
4514756
4514757
4514758
4514759
4514760
4514761
4514762
4514763
4514764
4514765
4514766
4514767
4514768
4514769
4514770
4514771
4514772
4514773
4514774
4514775
4514776
4514777
4514778
4514779
4514780
4514781
4514782
4514783
4514784
4514785
4514786
4514787
4514788
4514789
4514790
4514791
4514792
4514793
4514794
4514795
4514796
4514797
4514798
4514799
4514800
4514801
4514802
4514803
4514804
4514805
4514806
4514807
4514808
4514809
4514810
4514811
4514812
4514813
4514814
4514815
4514816
4514817
4514818
4514819
4514820
4514821
4514822
4514823
4514824
4514825
4514826
4514827
4514828
4514829
4514830
4514831
4514832
4514833
4514834
4514835
4514836
4514837
4514838
4514839
4514840
4514841
4514842
4514843
4514844
4514845
4514846
4514847
4514848
4514849
4514850
4514851
4514852
4514853
4514854
4514855
4514856
4514857
4514858
4514859
4514860
4514861
4514862
4514863
4514864
4514865
4514866
4514867
4514868
4514869
4514870
4514871
4514872
4514873
4514874
4514875
4514876
4514877
4514878
4514879
4514880
4514881
4514882
4514883
4514884
4514885
4514886
4514887
4514888
4514889
4514890
4514891
4514892
4514893
4514894
4514895
4514896
4514897
4514898
4514899
4514900
4514901
4514902
4514903
4514904
4514905
4514906
4514907
4514908
4514909
4514910
4514911
4514912
4514913
4514914
4514915
4514916
4514917
4514918
4514919
4514920
4514921
4514922
4514923
4514924
4514925
4514926
4514927
4514928
4514929
4514930
4514931
4514932
4514933
4514934
4514935
4514936
4514937
4514938
4514939
4514940
4514941
4514942
4514943
4514944
4514945
4514946
4514947
4514948
4514949
4514950
4514951
4514952
4514953
4514954
4514955
4514956
4514957
4514958
4514959
4514960
4514961
4514962
4514963
4514964
4514965
4514966
4514967
4514968
4514969
4514970
4514971
4514972
4514973
4514974
4514975
4514976
4514977
4514978
4514979
4514980
4514981
4514982
4514983
4514984
4514985
4514986
4514987
4514988
4514989
4514990
4514991
4514992
4514993
4514994
4514995
4514996
4514997
4514998
4514999
4515000
4515001
4515002
4515003
4515004
4515005
4515006
4515007
4515008
4515009
4515010
4515011
4515012
4515013
4515014
4515015
4515016
4515017
4515018
4515019
4515020
4515021
4515022
4515023
4515024
4515025
4515026
4515027
4515028
4515029
4515030
4515031
4515032
4515033
4515034
4515035
4515036
4515037
4515038
4515039
4515040
4515041
4515042
4515043
4515044
4515045
4515046
4515047
4515048
4515049
4515050
4515051
4515052
4515053
4515054
4515055
4515056
4515057
4515058
4515059
4515060
4515061
4515062
4515063
4515064
4515065
4515066
4515067
4515068
4515069
4515070
4515071
4515072
4515073
4515074
4515075
4515076
4515077
4515078
4515079
4515080
4515081
4515082
4515083
4515084
4515085
4515086
4515087
4515088
4515089
4515090
4515091
4515092
4515093
4515094
4515095
4515096
4515097
4515098
4515099
4515100
4515101
4515102
4515103
4515104
4515105
4515106
4515107
4515108
4515109
4515110
4515111
4515112
4515113
4515114
4515115
4515116
4515117
4515118
4515119
4515120
4515121
4515122
4515123
4515124
4515125
4515126
4515127
4515128
4515129
4515130
4515131
4515132
4515133
4515134
4515135
4515136
4515137
4515138
4515139
4515140
4515141
4515142
4515143
4515144
4515145
4515146
4515147
4515148
4515149
4515150
4515151
4515152
4515153
4515154
4515155
4515156
4515157
4515158
4515159
4515160
4515161
4515162
4515163
4515164
4515165
4515166
4515167
4515168
4515169
4515170
4515171
4515172
4515173
4515174
4515175
4515176
4515177
4515178
4515179
4515180
4515181
4515182
4515183
4515184
4515185
4515186
4515187
4515188
4515189
4515190
4515191
4515192
4515193
4515194
4515195
4515196
4515197
4515198
4515199
4515200
4515201
4515202
4515203
4515204
4515205
4515206
4515207
4515208
4515209
4515210
4515211
4515212
4515213
4515214
4515215
4515216
4515217
4515218
4515219
4515220
4515221
4515222
4515223
4515224
4515225
4515226
4515227
4515228
4515229
4515230
4515231
4515232
4515233
4515234
4515235
4515236
4515237
4515238
4515239
4515240
4515241
4515242
4515243
4515244
4515245
4515246
4515247
4515248
4515249
4515250
4515251
4515252
4515253
4515254
4515255
4515256
4515257
4515258
4515259
4515260
4515261
4515262
4515263
4515264
4515265
4515266
4515267
4515268
4515269
4515270
4515271
4515272
4515273
4515274
4515275
4515276
4515277
4515278
4515279
4515280
4515281
4515282
4515283
4515284
4515285
4515286
4515287
4515288
4515289
4515290
4515291
4515292
4515293
4515294
4515295
4515296
4515297
4515298
4515299
4515300
4515301
4515302
4515303
4515304
4515305
4515306
4515307
4515308
4515309
4515310
4515311
4515312
4515313
4515314
4515315
4515316
4515317
4515318
4515319
4515320
4515321
4515322
4515323
4515324
4515325
4515326
4515327
4515328
4515329
4515330
4515331
4515332
4515333
4515334
4515335
4515336
4515337
4515338
4515339
4515340
4515341
4515342
4515343
4515344
4515345
4515346
4515347
4515348
4515349
4515350
4515351
4515352
4515353
4515354
4515355
4515356
4515357
4515358
4515359
4515360
4515361
4515362
4515363
4515364
4515365
4515366
4515367
4515368
4515369
4515370
4515371
4515372
4515373
4515374
4515375
4515376
4515377
4515378
4515379
4515380
4515381
4515382
4515383
4515384
4515385
4515386
4515387
4515388
4515389
4515390
4515391
4515392
4515393
4515394
4515395
4515396
4515397
4515398
4515399
4515400
4515401
4515402
4515403
4515404
4515405
4515406
4515407
4515408
4515409
4515410
4515411
4515412
4515413
4515414
4515415
4515416
4515417
4515418
4515419
4515420
4515421
4515422
4515423
4515424
4515425
4515426
4515427
4515428
4515429
4515430
4515431
4515432
4515433
4515434
4515435
4515436
4515437
4515438
4515439
4515440
4515441
4515442
4515443
4515444
4515445
4515446
4515447
4515448
4515449
4515450
4515451
4515452
4515453
4515454
4515455
4515456
4515457
4515458
4515459
4515460
4515461
4515462
4515463
4515464
4515465
4515466
4515467
4515468
4515469
4515470
4515471
4515472
4515473
4515474
4515475
4515476
4515477
4515478
4515479
4515480
4515481
4515482
4515483
4515484
4515485
4515486
4515487
4515488
4515489
4515490
4515491
4515492
4515493
4515494
4515495
4515496
4515497
4515498
4515499
4515500
4515501
4515502
4515503
4515504
4515505
4515506
4515507
4515508
4515509
4515510
4515511
4515512
4515513
4515514
4515515
4515516
4515517
4515518
4515519
4515520
4515521
4515522
4515523
4515524
4515525
4515526
4515527
4515528
4515529
4515530
4515531
4515532
4515533
4515534
4515535
4515536
4515537
4515538
4515539
4515540
4515541
4515542
4515543
4515544
4515545
4515546
4515547
4515548
4515549
4515550
4515551
4515552
4515553
4515554
4515555
4515556
4515557
4515558
4515559
4515560
4515561
4515562
4515563
4515564
4515565
4515566
4515567
4515568
4515569
4515570
4515571
4515572
4515573
4515574
4515575
4515576
4515577
4515578
4515579
4515580
4515581
4515582
4515583
4515584
4515585
4515586
4515587
4515588
4515589
4515590
4515591
4515592
4515593
4515594
4515595
4515596
4515597
4515598
4515599
4515600
4515601
4515602
4515603
4515604
4515605
4515606
4515607
4515608
4515609
4515610
4515611
4515612
4515613
4515614
4515615
4515616
4515617
4515618
4515619
4515620
4515621
4515622
4515623
4515624
4515625
4515626
4515627
4515628
4515629
4515630
4515631
4515632
4515633
4515634
4515635
4515636
4515637
4515638
4515639
4515640
4515641
4515642
4515643
4515644
4515645
4515646
4515647
4515648
4515649
4515650
4515651
4515652
4515653
4515654
4515655
4515656
4515657
4515658
4515659
4515660
4515661
4515662
4515663
4515664
4515665
4515666
4515667
4515668
4515669
4515670
4515671
4515672
4515673
4515674
4515675
4515676
4515677
4515678
4515679
4515680
4515681
4515682
4515683
4515684
4515685
4515686
4515687
4515688
4515689
4515690
4515691
4515692
4515693
4515694
4515695
4515696
4515697
4515698
4515699
4515700
4515701
4515702
4515703
4515704
4515705
4515706
4515707
4515708
4515709
4515710
4515711
4515712
4515713
4515714
4515715
4515716
4515717
4515718
4515719
4515720
4515721
4515722
4515723
4515724
4515725
4515726
4515727
4515728
4515729
4515730
4515731
4515732
4515733
4515734
4515735
4515736
4515737
4515738
4515739
4515740
4515741
4515742
4515743
4515744
4515745
4515746
4515747
4515748
4515749
4515750
4515751
4515752
4515753
4515754
4515755
4515756
4515757
4515758
4515759
4515760
4515761
4515762
4515763
4515764
4515765
4515766
4515767
4515768
4515769
4515770
4515771
4515772
4515773
4515774
4515775
4515776
4515777
4515778
4515779
4515780
4515781
4515782
4515783
4515784
4515785
4515786
4515787
4515788
4515789
4515790
4515791
4515792
4515793
4515794
4515795
4515796
4515797
4515798
4515799
4515800
4515801
4515802
4515803
4515804
4515805
4515806
4515807
4515808
4515809
4515810
4515811
4515812
4515813
4515814
4515815
4515816
4515817
4515818
4515819
4515820
4515821
4515822
4515823
4515824
4515825
4515826
4515827
4515828
4515829
4515830
4515831
4515832
4515833
4515834
4515835
4515836
4515837
4515838
4515839
4515840
4515841
4515842
4515843
4515844
4515845
4515846
4515847
4515848
4515849
4515850
4515851
4515852
4515853
4515854
4515855
4515856
4515857
4515858
4515859
4515860
4515861
4515862
4515863
4515864
4515865
4515866
4515867
4515868
4515869
4515870
4515871
4515872
4515873
4515874
4515875
4515876
4515877
4515878
4515879
4515880
4515881
4515882
4515883
4515884
4515885
4515886
4515887
4515888
4515889
4515890
4515891
4515892
4515893
4515894
4515895
4515896
4515897
4515898
4515899
4515900
4515901
4515902
4515903
4515904
4515905
4515906
4515907
4515908
4515909
4515910
4515911
4515912
4515913
4515914
4515915
4515916
4515917
4515918
4515919
4515920
4515921
4515922
4515923
4515924
4515925
4515926
4515927
4515928
4515929
4515930
4515931
4515932
4515933
4515934
4515935
4515936
4515937
4515938
4515939
4515940
4515941
4515942
4515943
4515944
4515945
4515946
4515947
4515948
4515949
4515950
4515951
4515952
4515953
4515954
4515955
4515956
4515957
4515958
4515959
4515960
4515961
4515962
4515963
4515964
4515965
4515966
4515967
4515968
4515969
4515970
4515971
4515972
4515973
4515974
4515975
4515976
4515977
4515978
4515979
4515980
4515981
4515982
4515983
4515984
4515985
4515986
4515987
4515988
4515989
4515990
4515991
4515992
4515993
4515994
4515995
4515996
4515997
4515998
4515999
4516000
4516001
4516002
4516003
4516004
4516005
4516006
4516007
4516008
4516009
4516010
4516011
4516012
4516013
4516014
4516015
4516016
4516017
4516018
4516019
4516020
4516021
4516022
4516023
4516024
4516025
4516026
4516027
4516028
4516029
4516030
4516031
4516032
4516033
4516034
4516035
4516036
4516037
4516038
4516039
4516040
4516041
4516042
4516043
4516044
4516045
4516046
4516047
4516048
4516049
4516050
4516051
4516052
4516053
4516054
4516055
4516056
4516057
4516058
4516059
4516060
4516061
4516062
4516063
4516064
4516065
4516066
4516067
4516068
4516069
4516070
4516071
4516072
4516073
4516074
4516075
4516076
4516077
4516078
4516079
4516080
4516081
4516082
4516083
4516084
4516085
4516086
4516087
4516088
4516089
4516090
4516091
4516092
4516093
4516094
4516095
4516096
4516097
4516098
4516099
4516100
4516101
4516102
4516103
4516104
4516105
4516106
4516107
4516108
4516109
4516110
4516111
4516112
4516113
4516114
4516115
4516116
4516117
4516118
4516119
4516120
4516121
4516122
4516123
4516124
4516125
4516126
4516127
4516128
4516129
4516130
4516131
4516132
4516133
4516134
4516135
4516136
4516137
4516138
4516139
4516140
4516141
4516142
4516143
4516144
4516145
4516146
4516147
4516148
4516149
4516150
4516151
4516152
4516153
4516154
4516155
4516156
4516157
4516158
4516159
4516160
4516161
4516162
4516163
4516164
4516165
4516166
4516167
4516168
4516169
4516170
4516171
4516172
4516173
4516174
4516175
4516176
4516177
4516178
4516179
4516180
4516181
4516182
4516183
4516184
4516185
4516186
4516187
4516188
4516189
4516190
4516191
4516192
4516193
4516194
4516195
4516196
4516197
4516198
4516199
4516200
4516201
4516202
4516203
4516204
4516205
4516206
4516207
4516208
4516209
4516210
4516211
4516212
4516213
4516214
4516215
4516216
4516217
4516218
4516219
4516220
4516221
4516222
4516223
4516224
4516225
4516226
4516227
4516228
4516229
4516230
4516231
4516232
4516233
4516234
4516235
4516236
4516237
4516238
4516239
4516240
4516241
4516242
4516243
4516244
4516245
4516246
4516247
4516248
4516249
4516250
4516251
4516252
4516253
4516254
4516255
4516256
4516257
4516258
4516259
4516260
4516261
4516262
4516263
4516264
4516265
4516266
4516267
4516268
4516269
4516270
4516271
4516272
4516273
4516274
4516275
4516276
4516277
4516278
4516279
4516280
4516281
4516282
4516283
4516284
4516285
4516286
4516287
4516288
4516289
4516290
4516291
4516292
4516293
4516294
4516295
4516296
4516297
4516298
4516299
4516300
4516301
4516302
4516303
4516304
4516305
4516306
4516307
4516308
4516309
4516310
4516311
4516312
4516313
4516314
4516315
4516316
4516317
4516318
4516319
4516320
4516321
4516322
4516323
4516324
4516325
4516326
4516327
4516328
4516329
4516330
4516331
4516332
4516333
4516334
4516335
4516336
4516337
4516338
4516339
4516340
4516341
4516342
4516343
4516344
4516345
4516346
4516347
4516348
4516349
4516350
4516351
4516352
4516353
4516354
4516355
4516356
4516357
4516358
4516359
4516360
4516361
4516362
4516363
4516364
4516365
4516366
4516367
4516368
4516369
4516370
4516371
4516372
4516373
4516374
4516375
4516376
4516377
4516378
4516379
4516380
4516381
4516382
4516383
4516384
4516385
4516386
4516387
4516388
4516389
4516390
4516391
4516392
4516393
4516394
4516395
4516396
4516397
4516398
4516399
4516400
4516401
4516402
4516403
4516404
4516405
4516406
4516407
4516408
4516409
4516410
4516411
4516412
4516413
4516414
4516415
4516416
4516417
4516418
4516419
4516420
4516421
4516422
4516423
4516424
4516425
4516426
4516427
4516428
4516429
4516430
4516431
4516432
4516433
4516434
4516435
4516436
4516437
4516438
4516439
4516440
4516441
4516442
4516443
4516444
4516445
4516446
4516447
4516448
4516449
4516450
4516451
4516452
4516453
4516454
4516455
4516456
4516457
4516458
4516459
4516460
4516461
4516462
4516463
4516464
4516465
4516466
4516467
4516468
4516469
4516470
4516471
4516472
4516473
4516474
4516475
4516476
4516477
4516478
4516479
4516480
4516481
4516482
4516483
4516484
4516485
4516486
4516487
4516488
4516489
4516490
4516491
4516492
4516493
4516494
4516495
4516496
4516497
4516498
4516499
4516500
4516501
4516502
4516503
4516504
4516505
4516506
4516507
4516508
4516509
4516510
4516511
4516512
4516513
4516514
4516515
4516516
4516517
4516518
4516519
4516520
4516521
4516522
4516523
4516524
4516525
4516526
4516527
4516528
4516529
4516530
4516531
4516532
4516533
4516534
4516535
4516536
4516537
4516538
4516539
4516540
4516541
4516542
4516543
4516544
4516545
4516546
4516547
4516548
4516549
4516550
4516551
4516552
4516553
4516554
4516555
4516556
4516557
4516558
4516559
4516560
4516561
4516562
4516563
4516564
4516565
4516566
4516567
4516568
4516569
4516570
4516571
4516572
4516573
4516574
4516575
4516576
4516577
4516578
4516579
4516580
4516581
4516582
4516583
4516584
4516585
4516586
4516587
4516588
4516589
4516590
4516591
4516592
4516593
4516594
4516595
4516596
4516597
4516598
4516599
4516600
4516601
4516602
4516603
4516604
4516605
4516606
4516607
4516608
4516609
4516610
4516611
4516612
4516613
4516614
4516615
4516616
4516617
4516618
4516619
4516620
4516621
4516622
4516623
4516624
4516625
4516626
4516627
4516628
4516629
4516630
4516631
4516632
4516633
4516634
4516635
4516636
4516637
4516638
4516639
4516640
4516641
4516642
4516643
4516644
4516645
4516646
4516647
4516648
4516649
4516650
4516651
4516652
4516653
4516654
4516655
4516656
4516657
4516658
4516659
4516660
4516661
4516662
4516663
4516664
4516665
4516666
4516667
4516668
4516669
4516670
4516671
4516672
4516673
4516674
4516675
4516676
4516677
4516678
4516679
4516680
4516681
4516682
4516683
4516684
4516685
4516686
4516687
4516688
4516689
4516690
4516691
4516692
4516693
4516694
4516695
4516696
4516697
4516698
4516699
4516700
4516701
4516702
4516703
4516704
4516705
4516706
4516707
4516708
4516709
4516710
4516711
4516712
4516713
4516714
4516715
4516716
4516717
4516718
4516719
4516720
4516721
4516722
4516723
4516724
4516725
4516726
4516727
4516728
4516729
4516730
4516731
4516732
4516733
4516734
4516735
4516736
4516737
4516738
4516739
4516740
4516741
4516742
4516743
4516744
4516745
4516746
4516747
4516748
4516749
4516750
4516751
4516752
4516753
4516754
4516755
4516756
4516757
4516758
4516759
4516760
4516761
4516762
4516763
4516764
4516765
4516766
4516767
4516768
4516769
4516770
4516771
4516772
4516773
4516774
4516775
4516776
4516777
4516778
4516779
4516780
4516781
4516782
4516783
4516784
4516785
4516786
4516787
4516788
4516789
4516790
4516791
4516792
4516793
4516794
4516795
4516796
4516797
4516798
4516799
4516800
4516801
4516802
4516803
4516804
4516805
4516806
4516807
4516808
4516809
4516810
4516811
4516812
4516813
4516814
4516815
4516816
4516817
4516818
4516819
4516820
4516821
4516822
4516823
4516824
4516825
4516826
4516827
4516828
4516829
4516830
4516831
4516832
4516833
4516834
4516835
4516836
4516837
4516838
4516839
4516840
4516841
4516842
4516843
4516844
4516845
4516846
4516847
4516848
4516849
4516850
4516851
4516852
4516853
4516854
4516855
4516856
4516857
4516858
4516859
4516860
4516861
4516862
4516863
4516864
4516865
4516866
4516867
4516868
4516869
4516870
4516871
4516872
4516873
4516874
4516875
4516876
4516877
4516878
4516879
4516880
4516881
4516882
4516883
4516884
4516885
4516886
4516887
4516888
4516889
4516890
4516891
4516892
4516893
4516894
4516895
4516896
4516897
4516898
4516899
4516900
4516901
4516902
4516903
4516904
4516905
4516906
4516907
4516908
4516909
4516910
4516911
4516912
4516913
4516914
4516915
4516916
4516917
4516918
4516919
4516920
4516921
4516922
4516923
4516924
4516925
4516926
4516927
4516928
4516929
4516930
4516931
4516932
4516933
4516934
4516935
4516936
4516937
4516938
4516939
4516940
4516941
4516942
4516943
4516944
4516945
4516946
4516947
4516948
4516949
4516950
4516951
4516952
4516953
4516954
4516955
4516956
4516957
4516958
4516959
4516960
4516961
4516962
4516963
4516964
4516965
4516966
4516967
4516968
4516969
4516970
4516971
4516972
4516973
4516974
4516975
4516976
4516977
4516978
4516979
4516980
4516981
4516982
4516983
4516984
4516985
4516986
4516987
4516988
4516989
4516990
4516991
4516992
4516993
4516994
4516995
4516996
4516997
4516998
4516999
4517000
4517001
4517002
4517003
4517004
4517005
4517006
4517007
4517008
4517009
4517010
4517011
4517012
4517013
4517014
4517015
4517016
4517017
4517018
4517019
4517020
4517021
4517022
4517023
4517024
4517025
4517026
4517027
4517028
4517029
4517030
4517031
4517032
4517033
4517034
4517035
4517036
4517037
4517038
4517039
4517040
4517041
4517042
4517043
4517044
4517045
4517046
4517047
4517048
4517049
4517050
4517051
4517052
4517053
4517054
4517055
4517056
4517057
4517058
4517059
4517060
4517061
4517062
4517063
4517064
4517065
4517066
4517067
4517068
4517069
4517070
4517071
4517072
4517073
4517074
4517075
4517076
4517077
4517078
4517079
4517080
4517081
4517082
4517083
4517084
4517085
4517086
4517087
4517088
4517089
4517090
4517091
4517092
4517093
4517094
4517095
4517096
4517097
4517098
4517099
4517100
4517101
4517102
4517103
4517104
4517105
4517106
4517107
4517108
4517109
4517110
4517111
4517112
4517113
4517114
4517115
4517116
4517117
4517118
4517119
4517120
4517121
4517122
4517123
4517124
4517125
4517126
4517127
4517128
4517129
4517130
4517131
4517132
4517133
4517134
4517135
4517136
4517137
4517138
4517139
4517140
4517141
4517142
4517143
4517144
4517145
4517146
4517147
4517148
4517149
4517150
4517151
4517152
4517153
4517154
4517155
4517156
4517157
4517158
4517159
4517160
4517161
4517162
4517163
4517164
4517165
4517166
4517167
4517168
4517169
4517170
4517171
4517172
4517173
4517174
4517175
4517176
4517177
4517178
4517179
4517180
4517181
4517182
4517183
4517184
4517185
4517186
4517187
4517188
4517189
4517190
4517191
4517192
4517193
4517194
4517195
4517196
4517197
4517198
4517199
4517200
4517201
4517202
4517203
4517204
4517205
4517206
4517207
4517208
4517209
4517210
4517211
4517212
4517213
4517214
4517215
4517216
4517217
4517218
4517219
4517220
4517221
4517222
4517223
4517224
4517225
4517226
4517227
4517228
4517229
4517230
4517231
4517232
4517233
4517234
4517235
4517236
4517237
4517238
4517239
4517240
4517241
4517242
4517243
4517244
4517245
4517246
4517247
4517248
4517249
4517250
4517251
4517252
4517253
4517254
4517255
4517256
4517257
4517258
4517259
4517260
4517261
4517262
4517263
4517264
4517265
4517266
4517267
4517268
4517269
4517270
4517271
4517272
4517273
4517274
4517275
4517276
4517277
4517278
4517279
4517280
4517281
4517282
4517283
4517284
4517285
4517286
4517287
4517288
4517289
4517290
4517291
4517292
4517293
4517294
4517295
4517296
4517297
4517298
4517299
4517300
4517301
4517302
4517303
4517304
4517305
4517306
4517307
4517308
4517309
4517310
4517311
4517312
4517313
4517314
4517315
4517316
4517317
4517318
4517319
4517320
4517321
4517322
4517323
4517324
4517325
4517326
4517327
4517328
4517329
4517330
4517331
4517332
4517333
4517334
4517335
4517336
4517337
4517338
4517339
4517340
4517341
4517342
4517343
4517344
4517345
4517346
4517347
4517348
4517349
4517350
4517351
4517352
4517353
4517354
4517355
4517356
4517357
4517358
4517359
4517360
4517361
4517362
4517363
4517364
4517365
4517366
4517367
4517368
4517369
4517370
4517371
4517372
4517373
4517374
4517375
4517376
4517377
4517378
4517379
4517380
4517381
4517382
4517383
4517384
4517385
4517386
4517387
4517388
4517389
4517390
4517391
4517392
4517393
4517394
4517395
4517396
4517397
4517398
4517399
4517400
4517401
4517402
4517403
4517404
4517405
4517406
4517407
4517408
4517409
4517410
4517411
4517412
4517413
4517414
4517415
4517416
4517417
4517418
4517419
4517420
4517421
4517422
4517423
4517424
4517425
4517426
4517427
4517428
4517429
4517430
4517431
4517432
4517433
4517434
4517435
4517436
4517437
4517438
4517439
4517440
4517441
4517442
4517443
4517444
4517445
4517446
4517447
4517448
4517449
4517450
4517451
4517452
4517453
4517454
4517455
4517456
4517457
4517458
4517459
4517460
4517461
4517462
4517463
4517464
4517465
4517466
4517467
4517468
4517469
4517470
4517471
4517472
4517473
4517474
4517475
4517476
4517477
4517478
4517479
4517480
4517481
4517482
4517483
4517484
4517485
4517486
4517487
4517488
4517489
4517490
4517491
4517492
4517493
4517494
4517495
4517496
4517497
4517498
4517499
4517500
4517501
4517502
4517503
4517504
4517505
4517506
4517507
4517508
4517509
4517510
4517511
4517512
4517513
4517514
4517515
4517516
4517517
4517518
4517519
4517520
4517521
4517522
4517523
4517524
4517525
4517526
4517527
4517528
4517529
4517530
4517531
4517532
4517533
4517534
4517535
4517536
4517537
4517538
4517539
4517540
4517541
4517542
4517543
4517544
4517545
4517546
4517547
4517548
4517549
4517550
4517551
4517552
4517553
4517554
4517555
4517556
4517557
4517558
4517559
4517560
4517561
4517562
4517563
4517564
4517565
4517566
4517567
4517568
4517569
4517570
4517571
4517572
4517573
4517574
4517575
4517576
4517577
4517578
4517579
4517580
4517581
4517582
4517583
4517584
4517585
4517586
4517587
4517588
4517589
4517590
4517591
4517592
4517593
4517594
4517595
4517596
4517597
4517598
4517599
4517600
4517601
4517602
4517603
4517604
4517605
4517606
4517607
4517608
4517609
4517610
4517611
4517612
4517613
4517614
4517615
4517616
4517617
4517618
4517619
4517620
4517621
4517622
4517623
4517624
4517625
4517626
4517627
4517628
4517629
4517630
4517631
4517632
4517633
4517634
4517635
4517636
4517637
4517638
4517639
4517640
4517641
4517642
4517643
4517644
4517645
4517646
4517647
4517648
4517649
4517650
4517651
4517652
4517653
4517654
4517655
4517656
4517657
4517658
4517659
4517660
4517661
4517662
4517663
4517664
4517665
4517666
4517667
4517668
4517669
4517670
4517671
4517672
4517673
4517674
4517675
4517676
4517677
4517678
4517679
4517680
4517681
4517682
4517683
4517684
4517685
4517686
4517687
4517688
4517689
4517690
4517691
4517692
4517693
4517694
4517695
4517696
4517697
4517698
4517699
4517700
4517701
4517702
4517703
4517704
4517705
4517706
4517707
4517708
4517709
4517710
4517711
4517712
4517713
4517714
4517715
4517716
4517717
4517718
4517719
4517720
4517721
4517722
4517723
4517724
4517725
4517726
4517727
4517728
4517729
4517730
4517731
4517732
4517733
4517734
4517735
4517736
4517737
4517738
4517739
4517740
4517741
4517742
4517743
4517744
4517745
4517746
4517747
4517748
4517749
4517750
4517751
4517752
4517753
4517754
4517755
4517756
4517757
4517758
4517759
4517760
4517761
4517762
4517763
4517764
4517765
4517766
4517767
4517768
4517769
4517770
4517771
4517772
4517773
4517774
4517775
4517776
4517777
4517778
4517779
4517780
4517781
4517782
4517783
4517784
4517785
4517786
4517787
4517788
4517789
4517790
4517791
4517792
4517793
4517794
4517795
4517796
4517797
4517798
4517799
4517800
4517801
4517802
4517803
4517804
4517805
4517806
4517807
4517808
4517809
4517810
4517811
4517812
4517813
4517814
4517815
4517816
4517817
4517818
4517819
4517820
4517821
4517822
4517823
4517824
4517825
4517826
4517827
4517828
4517829
4517830
4517831
4517832
4517833
4517834
4517835
4517836
4517837
4517838
4517839
4517840
4517841
4517842
4517843
4517844
4517845
4517846
4517847
4517848
4517849
4517850
4517851
4517852
4517853
4517854
4517855
4517856
4517857
4517858
4517859
4517860
4517861
4517862
4517863
4517864
4517865
4517866
4517867
4517868
4517869
4517870
4517871
4517872
4517873
4517874
4517875
4517876
4517877
4517878
4517879
4517880
4517881
4517882
4517883
4517884
4517885
4517886
4517887
4517888
4517889
4517890
4517891
4517892
4517893
4517894
4517895
4517896
4517897
4517898
4517899
4517900
4517901
4517902
4517903
4517904
4517905
4517906
4517907
4517908
4517909
4517910
4517911
4517912
4517913
4517914
4517915
4517916
4517917
4517918
4517919
4517920
4517921
4517922
4517923
4517924
4517925
4517926
4517927
4517928
4517929
4517930
4517931
4517932
4517933
4517934
4517935
4517936
4517937
4517938
4517939
4517940
4517941
4517942
4517943
4517944
4517945
4517946
4517947
4517948
4517949
4517950
4517951
4517952
4517953
4517954
4517955
4517956
4517957
4517958
4517959
4517960
4517961
4517962
4517963
4517964
4517965
4517966
4517967
4517968
4517969
4517970
4517971
4517972
4517973
4517974
4517975
4517976
4517977
4517978
4517979
4517980
4517981
4517982
4517983
4517984
4517985
4517986
4517987
4517988
4517989
4517990
4517991
4517992
4517993
4517994
4517995
4517996
4517997
4517998
4517999
4518000
4518001
4518002
4518003
4518004
4518005
4518006
4518007
4518008
4518009
4518010
4518011
4518012
4518013
4518014
4518015
4518016
4518017
4518018
4518019
4518020
4518021
4518022
4518023
4518024
4518025
4518026
4518027
4518028
4518029
4518030
4518031
4518032
4518033
4518034
4518035
4518036
4518037
4518038
4518039
4518040
4518041
4518042
4518043
4518044
4518045
4518046
4518047
4518048
4518049
4518050
4518051
4518052
4518053
4518054
4518055
4518056
4518057
4518058
4518059
4518060
4518061
4518062
4518063
4518064
4518065
4518066
4518067
4518068
4518069
4518070
4518071
4518072
4518073
4518074
4518075
4518076
4518077
4518078
4518079
4518080
4518081
4518082
4518083
4518084
4518085
4518086
4518087
4518088
4518089
4518090
4518091
4518092
4518093
4518094
4518095
4518096
4518097
4518098
4518099
4518100
4518101
4518102
4518103
4518104
4518105
4518106
4518107
4518108
4518109
4518110
4518111
4518112
4518113
4518114
4518115
4518116
4518117
4518118
4518119
4518120
4518121
4518122
4518123
4518124
4518125
4518126
4518127
4518128
4518129
4518130
4518131
4518132
4518133
4518134
4518135
4518136
4518137
4518138
4518139
4518140
4518141
4518142
4518143
4518144
4518145
4518146
4518147
4518148
4518149
4518150
4518151
4518152
4518153
4518154
4518155
4518156
4518157
4518158
4518159
4518160
4518161
4518162
4518163
4518164
4518165
4518166
4518167
4518168
4518169
4518170
4518171
4518172
4518173
4518174
4518175
4518176
4518177
4518178
4518179
4518180
4518181
4518182
4518183
4518184
4518185
4518186
4518187
4518188
4518189
4518190
4518191
4518192
4518193
4518194
4518195
4518196
4518197
4518198
4518199
4518200
4518201
4518202
4518203
4518204
4518205
4518206
4518207
4518208
4518209
4518210
4518211
4518212
4518213
4518214
4518215
4518216
4518217
4518218
4518219
4518220
4518221
4518222
4518223
4518224
4518225
4518226
4518227
4518228
4518229
4518230
4518231
4518232
4518233
4518234
4518235
4518236
4518237
4518238
4518239
4518240
4518241
4518242
4518243
4518244
4518245
4518246
4518247
4518248
4518249
4518250
4518251
4518252
4518253
4518254
4518255
4518256
4518257
4518258
4518259
4518260
4518261
4518262
4518263
4518264
4518265
4518266
4518267
4518268
4518269
4518270
4518271
4518272
4518273
4518274
4518275
4518276
4518277
4518278
4518279
4518280
4518281
4518282
4518283
4518284
4518285
4518286
4518287
4518288
4518289
4518290
4518291
4518292
4518293
4518294
4518295
4518296
4518297
4518298
4518299
4518300
4518301
4518302
4518303
4518304
4518305
4518306
4518307
4518308
4518309
4518310
4518311
4518312
4518313
4518314
4518315
4518316
4518317
4518318
4518319
4518320
4518321
4518322
4518323
4518324
4518325
4518326
4518327
4518328
4518329
4518330
4518331
4518332
4518333
4518334
4518335
4518336
4518337
4518338
4518339
4518340
4518341
4518342
4518343
4518344
4518345
4518346
4518347
4518348
4518349
4518350
4518351
4518352
4518353
4518354
4518355
4518356
4518357
4518358
4518359
4518360
4518361
4518362
4518363
4518364
4518365
4518366
4518367
4518368
4518369
4518370
4518371
4518372
4518373
4518374
4518375
4518376
4518377
4518378
4518379
4518380
4518381
4518382
4518383
4518384
4518385
4518386
4518387
4518388
4518389
4518390
4518391
4518392
4518393
4518394
4518395
4518396
4518397
4518398
4518399
4518400
4518401
4518402
4518403
4518404
4518405
4518406
4518407
4518408
4518409
4518410
4518411
4518412
4518413
4518414
4518415
4518416
4518417
4518418
4518419
4518420
4518421
4518422
4518423
4518424
4518425
4518426
4518427
4518428
4518429
4518430
4518431
4518432
4518433
4518434
4518435
4518436
4518437
4518438
4518439
4518440
4518441
4518442
4518443
4518444
4518445
4518446
4518447
4518448
4518449
4518450
4518451
4518452
4518453
4518454
4518455
4518456
4518457
4518458
4518459
4518460
4518461
4518462
4518463
4518464
4518465
4518466
4518467
4518468
4518469
4518470
4518471
4518472
4518473
4518474
4518475
4518476
4518477
4518478
4518479
4518480
4518481
4518482
4518483
4518484
4518485
4518486
4518487
4518488
4518489
4518490
4518491
4518492
4518493
4518494
4518495
4518496
4518497
4518498
4518499
4518500
4518501
4518502
4518503
4518504
4518505
4518506
4518507
4518508
4518509
4518510
4518511
4518512
4518513
4518514
4518515
4518516
4518517
4518518
4518519
4518520
4518521
4518522
4518523
4518524
4518525
4518526
4518527
4518528
4518529
4518530
4518531
4518532
4518533
4518534
4518535
4518536
4518537
4518538
4518539
4518540
4518541
4518542
4518543
4518544
4518545
4518546
4518547
4518548
4518549
4518550
4518551
4518552
4518553
4518554
4518555
4518556
4518557
4518558
4518559
4518560
4518561
4518562
4518563
4518564
4518565
4518566
4518567
4518568
4518569
4518570
4518571
4518572
4518573
4518574
4518575
4518576
4518577
4518578
4518579
4518580
4518581
4518582
4518583
4518584
4518585
4518586
4518587
4518588
4518589
4518590
4518591
4518592
4518593
4518594
4518595
4518596
4518597
4518598
4518599
4518600
4518601
4518602
4518603
4518604
4518605
4518606
4518607
4518608
4518609
4518610
4518611
4518612
4518613
4518614
4518615
4518616
4518617
4518618
4518619
4518620
4518621
4518622
4518623
4518624
4518625
4518626
4518627
4518628
4518629
4518630
4518631
4518632
4518633
4518634
4518635
4518636
4518637
4518638
4518639
4518640
4518641
4518642
4518643
4518644
4518645
4518646
4518647
4518648
4518649
4518650
4518651
4518652
4518653
4518654
4518655
4518656
4518657
4518658
4518659
4518660
4518661
4518662
4518663
4518664
4518665
4518666
4518667
4518668
4518669
4518670
4518671
4518672
4518673
4518674
4518675
4518676
4518677
4518678
4518679
4518680
4518681
4518682
4518683
4518684
4518685
4518686
4518687
4518688
4518689
4518690
4518691
4518692
4518693
4518694
4518695
4518696
4518697
4518698
4518699
4518700
4518701
4518702
4518703
4518704
4518705
4518706
4518707
4518708
4518709
4518710
4518711
4518712
4518713
4518714
4518715
4518716
4518717
4518718
4518719
4518720
4518721
4518722
4518723
4518724
4518725
4518726
4518727
4518728
4518729
4518730
4518731
4518732
4518733
4518734
4518735
4518736
4518737
4518738
4518739
4518740
4518741
4518742
4518743
4518744
4518745
4518746
4518747
4518748
4518749
4518750
4518751
4518752
4518753
4518754
4518755
4518756
4518757
4518758
4518759
4518760
4518761
4518762
4518763
4518764
4518765
4518766
4518767
4518768
4518769
4518770
4518771
4518772
4518773
4518774
4518775
4518776
4518777
4518778
4518779
4518780
4518781
4518782
4518783
4518784
4518785
4518786
4518787
4518788
4518789
4518790
4518791
4518792
4518793
4518794
4518795
4518796
4518797
4518798
4518799
4518800
4518801
4518802
4518803
4518804
4518805
4518806
4518807
4518808
4518809
4518810
4518811
4518812
4518813
4518814
4518815
4518816
4518817
4518818
4518819
4518820
4518821
4518822
4518823
4518824
4518825
4518826
4518827
4518828
4518829
4518830
4518831
4518832
4518833
4518834
4518835
4518836
4518837
4518838
4518839
4518840
4518841
4518842
4518843
4518844
4518845
4518846
4518847
4518848
4518849
4518850
4518851
4518852
4518853
4518854
4518855
4518856
4518857
4518858
4518859
4518860
4518861
4518862
4518863
4518864
4518865
4518866
4518867
4518868
4518869
4518870
4518871
4518872
4518873
4518874
4518875
4518876
4518877
4518878
4518879
4518880
4518881
4518882
4518883
4518884
4518885
4518886
4518887
4518888
4518889
4518890
4518891
4518892
4518893
4518894
4518895
4518896
4518897
4518898
4518899
4518900
4518901
4518902
4518903
4518904
4518905
4518906
4518907
4518908
4518909
4518910
4518911
4518912
4518913
4518914
4518915
4518916
4518917
4518918
4518919
4518920
4518921
4518922
4518923
4518924
4518925
4518926
4518927
4518928
4518929
4518930
4518931
4518932
4518933
4518934
4518935
4518936
4518937
4518938
4518939
4518940
4518941
4518942
4518943
4518944
4518945
4518946
4518947
4518948
4518949
4518950
4518951
4518952
4518953
4518954
4518955
4518956
4518957
4518958
4518959
4518960
4518961
4518962
4518963
4518964
4518965
4518966
4518967
4518968
4518969
4518970
4518971
4518972
4518973
4518974
4518975
4518976
4518977
4518978
4518979
4518980
4518981
4518982
4518983
4518984
4518985
4518986
4518987
4518988
4518989
4518990
4518991
4518992
4518993
4518994
4518995
4518996
4518997
4518998
4518999
4519000
4519001
4519002
4519003
4519004
4519005
4519006
4519007
4519008
4519009
4519010
4519011
4519012
4519013
4519014
4519015
4519016
4519017
4519018
4519019
4519020
4519021
4519022
4519023
4519024
4519025
4519026
4519027
4519028
4519029
4519030
4519031
4519032
4519033
4519034
4519035
4519036
4519037
4519038
4519039
4519040
4519041
4519042
4519043
4519044
4519045
4519046
4519047
4519048
4519049
4519050
4519051
4519052
4519053
4519054
4519055
4519056
4519057
4519058
4519059
4519060
4519061
4519062
4519063
4519064
4519065
4519066
4519067
4519068
4519069
4519070
4519071
4519072
4519073
4519074
4519075
4519076
4519077
4519078
4519079
4519080
4519081
4519082
4519083
4519084
4519085
4519086
4519087
4519088
4519089
4519090
4519091
4519092
4519093
4519094
4519095
4519096
4519097
4519098
4519099
4519100
4519101
4519102
4519103
4519104
4519105
4519106
4519107
4519108
4519109
4519110
4519111
4519112
4519113
4519114
4519115
4519116
4519117
4519118
4519119
4519120
4519121
4519122
4519123
4519124
4519125
4519126
4519127
4519128
4519129
4519130
4519131
4519132
4519133
4519134
4519135
4519136
4519137
4519138
4519139
4519140
4519141
4519142
4519143
4519144
4519145
4519146
4519147
4519148
4519149
4519150
4519151
4519152
4519153
4519154
4519155
4519156
4519157
4519158
4519159
4519160
4519161
4519162
4519163
4519164
4519165
4519166
4519167
4519168
4519169
4519170
4519171
4519172
4519173
4519174
4519175
4519176
4519177
4519178
4519179
4519180
4519181
4519182
4519183
4519184
4519185
4519186
4519187
4519188
4519189
4519190
4519191
4519192
4519193
4519194
4519195
4519196
4519197
4519198
4519199
4519200
4519201
4519202
4519203
4519204
4519205
4519206
4519207
4519208
4519209
4519210
4519211
4519212
4519213
4519214
4519215
4519216
4519217
4519218
4519219
4519220
4519221
4519222
4519223
4519224
4519225
4519226
4519227
4519228
4519229
4519230
4519231
4519232
4519233
4519234
4519235
4519236
4519237
4519238
4519239
4519240
4519241
4519242
4519243
4519244
4519245
4519246
4519247
4519248
4519249
4519250
4519251
4519252
4519253
4519254
4519255
4519256
4519257
4519258
4519259
4519260
4519261
4519262
4519263
4519264
4519265
4519266
4519267
4519268
4519269
4519270
4519271
4519272
4519273
4519274
4519275
4519276
4519277
4519278
4519279
4519280
4519281
4519282
4519283
4519284
4519285
4519286
4519287
4519288
4519289
4519290
4519291
4519292
4519293
4519294
4519295
4519296
4519297
4519298
4519299
4519300
4519301
4519302
4519303
4519304
4519305
4519306
4519307
4519308
4519309
4519310
4519311
4519312
4519313
4519314
4519315
4519316
4519317
4519318
4519319
4519320
4519321
4519322
4519323
4519324
4519325
4519326
4519327
4519328
4519329
4519330
4519331
4519332
4519333
4519334
4519335
4519336
4519337
4519338
4519339
4519340
4519341
4519342
4519343
4519344
4519345
4519346
4519347
4519348
4519349
4519350
4519351
4519352
4519353
4519354
4519355
4519356
4519357
4519358
4519359
4519360
4519361
4519362
4519363
4519364
4519365
4519366
4519367
4519368
4519369
4519370
4519371
4519372
4519373
4519374
4519375
4519376
4519377
4519378
4519379
4519380
4519381
4519382
4519383
4519384
4519385
4519386
4519387
4519388
4519389
4519390
4519391
4519392
4519393
4519394
4519395
4519396
4519397
4519398
4519399
4519400
4519401
4519402
4519403
4519404
4519405
4519406
4519407
4519408
4519409
4519410
4519411
4519412
4519413
4519414
4519415
4519416
4519417
4519418
4519419
4519420
4519421
4519422
4519423
4519424
4519425
4519426
4519427
4519428
4519429
4519430
4519431
4519432
4519433
4519434
4519435
4519436
4519437
4519438
4519439
4519440
4519441
4519442
4519443
4519444
4519445
4519446
4519447
4519448
4519449
4519450
4519451
4519452
4519453
4519454
4519455
4519456
4519457
4519458
4519459
4519460
4519461
4519462
4519463
4519464
4519465
4519466
4519467
4519468
4519469
4519470
4519471
4519472
4519473
4519474
4519475
4519476
4519477
4519478
4519479
4519480
4519481
4519482
4519483
4519484
4519485
4519486
4519487
4519488
4519489
4519490
4519491
4519492
4519493
4519494
4519495
4519496
4519497
4519498
4519499
4519500
4519501
4519502
4519503
4519504
4519505
4519506
4519507
4519508
4519509
4519510
4519511
4519512
4519513
4519514
4519515
4519516
4519517
4519518
4519519
4519520
4519521
4519522
4519523
4519524
4519525
4519526
4519527
4519528
4519529
4519530
4519531
4519532
4519533
4519534
4519535
4519536
4519537
4519538
4519539
4519540
4519541
4519542
4519543
4519544
4519545
4519546
4519547
4519548
4519549
4519550
4519551
4519552
4519553
4519554
4519555
4519556
4519557
4519558
4519559
4519560
4519561
4519562
4519563
4519564
4519565
4519566
4519567
4519568
4519569
4519570
4519571
4519572
4519573
4519574
4519575
4519576
4519577
4519578
4519579
4519580
4519581
4519582
4519583
4519584
4519585
4519586
4519587
4519588
4519589
4519590
4519591
4519592
4519593
4519594
4519595
4519596
4519597
4519598
4519599
4519600
4519601
4519602
4519603
4519604
4519605
4519606
4519607
4519608
4519609
4519610
4519611
4519612
4519613
4519614
4519615
4519616
4519617
4519618
4519619
4519620
4519621
4519622
4519623
4519624
4519625
4519626
4519627
4519628
4519629
4519630
4519631
4519632
4519633
4519634
4519635
4519636
4519637
4519638
4519639
4519640
4519641
4519642
4519643
4519644
4519645
4519646
4519647
4519648
4519649
4519650
4519651
4519652
4519653
4519654
4519655
4519656
4519657
4519658
4519659
4519660
4519661
4519662
4519663
4519664
4519665
4519666
4519667
4519668
4519669
4519670
4519671
4519672
4519673
4519674
4519675
4519676
4519677
4519678
4519679
4519680
4519681
4519682
4519683
4519684
4519685
4519686
4519687
4519688
4519689
4519690
4519691
4519692
4519693
4519694
4519695
4519696
4519697
4519698
4519699
4519700
4519701
4519702
4519703
4519704
4519705
4519706
4519707
4519708
4519709
4519710
4519711
4519712
4519713
4519714
4519715
4519716
4519717
4519718
4519719
4519720
4519721
4519722
4519723
4519724
4519725
4519726
4519727
4519728
4519729
4519730
4519731
4519732
4519733
4519734
4519735
4519736
4519737
4519738
4519739
4519740
4519741
4519742
4519743
4519744
4519745
4519746
4519747
4519748
4519749
4519750
4519751
4519752
4519753
4519754
4519755
4519756
4519757
4519758
4519759
4519760
4519761
4519762
4519763
4519764
4519765
4519766
4519767
4519768
4519769
4519770
4519771
4519772
4519773
4519774
4519775
4519776
4519777
4519778
4519779
4519780
4519781
4519782
4519783
4519784
4519785
4519786
4519787
4519788
4519789
4519790
4519791
4519792
4519793
4519794
4519795
4519796
4519797
4519798
4519799
4519800
4519801
4519802
4519803
4519804
4519805
4519806
4519807
4519808
4519809
4519810
4519811
4519812
4519813
4519814
4519815
4519816
4519817
4519818
4519819
4519820
4519821
4519822
4519823
4519824
4519825
4519826
4519827
4519828
4519829
4519830
4519831
4519832
4519833
4519834
4519835
4519836
4519837
4519838
4519839
4519840
4519841
4519842
4519843
4519844
4519845
4519846
4519847
4519848
4519849
4519850
4519851
4519852
4519853
4519854
4519855
4519856
4519857
4519858
4519859
4519860
4519861
4519862
4519863
4519864
4519865
4519866
4519867
4519868
4519869
4519870
4519871
4519872
4519873
4519874
4519875
4519876
4519877
4519878
4519879
4519880
4519881
4519882
4519883
4519884
4519885
4519886
4519887
4519888
4519889
4519890
4519891
4519892
4519893
4519894
4519895
4519896
4519897
4519898
4519899
4519900
4519901
4519902
4519903
4519904
4519905
4519906
4519907
4519908
4519909
4519910
4519911
4519912
4519913
4519914
4519915
4519916
4519917
4519918
4519919
4519920
4519921
4519922
4519923
4519924
4519925
4519926
4519927
4519928
4519929
4519930
4519931
4519932
4519933
4519934
4519935
4519936
4519937
4519938
4519939
4519940
4519941
4519942
4519943
4519944
4519945
4519946
4519947
4519948
4519949
4519950
4519951
4519952
4519953
4519954
4519955
4519956
4519957
4519958
4519959
4519960
4519961
4519962
4519963
4519964
4519965
4519966
4519967
4519968
4519969
4519970
4519971
4519972
4519973
4519974
4519975
4519976
4519977
4519978
4519979
4519980
4519981
4519982
4519983
4519984
4519985
4519986
4519987
4519988
4519989
4519990
4519991
4519992
4519993
4519994
4519995
4519996
4519997
4519998
4519999
4520000
