4800001
4800002
4800003
4800004
4800005
4800006
4800007
4800008
4800009
4800010
4800011
4800012
4800013
4800014
4800015
4800016
4800017
4800018
4800019
4800020
4800021
4800022
4800023
4800024
4800025
4800026
4800027
4800028
4800029
4800030
4800031
4800032
4800033
4800034
4800035
4800036
4800037
4800038
4800039
4800040
4800041
4800042
4800043
4800044
4800045
4800046
4800047
4800048
4800049
4800050
4800051
4800052
4800053
4800054
4800055
4800056
4800057
4800058
4800059
4800060
4800061
4800062
4800063
4800064
4800065
4800066
4800067
4800068
4800069
4800070
4800071
4800072
4800073
4800074
4800075
4800076
4800077
4800078
4800079
4800080
4800081
4800082
4800083
4800084
4800085
4800086
4800087
4800088
4800089
4800090
4800091
4800092
4800093
4800094
4800095
4800096
4800097
4800098
4800099
4800100
4800101
4800102
4800103
4800104
4800105
4800106
4800107
4800108
4800109
4800110
4800111
4800112
4800113
4800114
4800115
4800116
4800117
4800118
4800119
4800120
4800121
4800122
4800123
4800124
4800125
4800126
4800127
4800128
4800129
4800130
4800131
4800132
4800133
4800134
4800135
4800136
4800137
4800138
4800139
4800140
4800141
4800142
4800143
4800144
4800145
4800146
4800147
4800148
4800149
4800150
4800151
4800152
4800153
4800154
4800155
4800156
4800157
4800158
4800159
4800160
4800161
4800162
4800163
4800164
4800165
4800166
4800167
4800168
4800169
4800170
4800171
4800172
4800173
4800174
4800175
4800176
4800177
4800178
4800179
4800180
4800181
4800182
4800183
4800184
4800185
4800186
4800187
4800188
4800189
4800190
4800191
4800192
4800193
4800194
4800195
4800196
4800197
4800198
4800199
4800200
4800201
4800202
4800203
4800204
4800205
4800206
4800207
4800208
4800209
4800210
4800211
4800212
4800213
4800214
4800215
4800216
4800217
4800218
4800219
4800220
4800221
4800222
4800223
4800224
4800225
4800226
4800227
4800228
4800229
4800230
4800231
4800232
4800233
4800234
4800235
4800236
4800237
4800238
4800239
4800240
4800241
4800242
4800243
4800244
4800245
4800246
4800247
4800248
4800249
4800250
4800251
4800252
4800253
4800254
4800255
4800256
4800257
4800258
4800259
4800260
4800261
4800262
4800263
4800264
4800265
4800266
4800267
4800268
4800269
4800270
4800271
4800272
4800273
4800274
4800275
4800276
4800277
4800278
4800279
4800280
4800281
4800282
4800283
4800284
4800285
4800286
4800287
4800288
4800289
4800290
4800291
4800292
4800293
4800294
4800295
4800296
4800297
4800298
4800299
4800300
4800301
4800302
4800303
4800304
4800305
4800306
4800307
4800308
4800309
4800310
4800311
4800312
4800313
4800314
4800315
4800316
4800317
4800318
4800319
4800320
4800321
4800322
4800323
4800324
4800325
4800326
4800327
4800328
4800329
4800330
4800331
4800332
4800333
4800334
4800335
4800336
4800337
4800338
4800339
4800340
4800341
4800342
4800343
4800344
4800345
4800346
4800347
4800348
4800349
4800350
4800351
4800352
4800353
4800354
4800355
4800356
4800357
4800358
4800359
4800360
4800361
4800362
4800363
4800364
4800365
4800366
4800367
4800368
4800369
4800370
4800371
4800372
4800373
4800374
4800375
4800376
4800377
4800378
4800379
4800380
4800381
4800382
4800383
4800384
4800385
4800386
4800387
4800388
4800389
4800390
4800391
4800392
4800393
4800394
4800395
4800396
4800397
4800398
4800399
4800400
4800401
4800402
4800403
4800404
4800405
4800406
4800407
4800408
4800409
4800410
4800411
4800412
4800413
4800414
4800415
4800416
4800417
4800418
4800419
4800420
4800421
4800422
4800423
4800424
4800425
4800426
4800427
4800428
4800429
4800430
4800431
4800432
4800433
4800434
4800435
4800436
4800437
4800438
4800439
4800440
4800441
4800442
4800443
4800444
4800445
4800446
4800447
4800448
4800449
4800450
4800451
4800452
4800453
4800454
4800455
4800456
4800457
4800458
4800459
4800460
4800461
4800462
4800463
4800464
4800465
4800466
4800467
4800468
4800469
4800470
4800471
4800472
4800473
4800474
4800475
4800476
4800477
4800478
4800479
4800480
4800481
4800482
4800483
4800484
4800485
4800486
4800487
4800488
4800489
4800490
4800491
4800492
4800493
4800494
4800495
4800496
4800497
4800498
4800499
4800500
4800501
4800502
4800503
4800504
4800505
4800506
4800507
4800508
4800509
4800510
4800511
4800512
4800513
4800514
4800515
4800516
4800517
4800518
4800519
4800520
4800521
4800522
4800523
4800524
4800525
4800526
4800527
4800528
4800529
4800530
4800531
4800532
4800533
4800534
4800535
4800536
4800537
4800538
4800539
4800540
4800541
4800542
4800543
4800544
4800545
4800546
4800547
4800548
4800549
4800550
4800551
4800552
4800553
4800554
4800555
4800556
4800557
4800558
4800559
4800560
4800561
4800562
4800563
4800564
4800565
4800566
4800567
4800568
4800569
4800570
4800571
4800572
4800573
4800574
4800575
4800576
4800577
4800578
4800579
4800580
4800581
4800582
4800583
4800584
4800585
4800586
4800587
4800588
4800589
4800590
4800591
4800592
4800593
4800594
4800595
4800596
4800597
4800598
4800599
4800600
4800601
4800602
4800603
4800604
4800605
4800606
4800607
4800608
4800609
4800610
4800611
4800612
4800613
4800614
4800615
4800616
4800617
4800618
4800619
4800620
4800621
4800622
4800623
4800624
4800625
4800626
4800627
4800628
4800629
4800630
4800631
4800632
4800633
4800634
4800635
4800636
4800637
4800638
4800639
4800640
4800641
4800642
4800643
4800644
4800645
4800646
4800647
4800648
4800649
4800650
4800651
4800652
4800653
4800654
4800655
4800656
4800657
4800658
4800659
4800660
4800661
4800662
4800663
4800664
4800665
4800666
4800667
4800668
4800669
4800670
4800671
4800672
4800673
4800674
4800675
4800676
4800677
4800678
4800679
4800680
4800681
4800682
4800683
4800684
4800685
4800686
4800687
4800688
4800689
4800690
4800691
4800692
4800693
4800694
4800695
4800696
4800697
4800698
4800699
4800700
4800701
4800702
4800703
4800704
4800705
4800706
4800707
4800708
4800709
4800710
4800711
4800712
4800713
4800714
4800715
4800716
4800717
4800718
4800719
4800720
4800721
4800722
4800723
4800724
4800725
4800726
4800727
4800728
4800729
4800730
4800731
4800732
4800733
4800734
4800735
4800736
4800737
4800738
4800739
4800740
4800741
4800742
4800743
4800744
4800745
4800746
4800747
4800748
4800749
4800750
4800751
4800752
4800753
4800754
4800755
4800756
4800757
4800758
4800759
4800760
4800761
4800762
4800763
4800764
4800765
4800766
4800767
4800768
4800769
4800770
4800771
4800772
4800773
4800774
4800775
4800776
4800777
4800778
4800779
4800780
4800781
4800782
4800783
4800784
4800785
4800786
4800787
4800788
4800789
4800790
4800791
4800792
4800793
4800794
4800795
4800796
4800797
4800798
4800799
4800800
4800801
4800802
4800803
4800804
4800805
4800806
4800807
4800808
4800809
4800810
4800811
4800812
4800813
4800814
4800815
4800816
4800817
4800818
4800819
4800820
4800821
4800822
4800823
4800824
4800825
4800826
4800827
4800828
4800829
4800830
4800831
4800832
4800833
4800834
4800835
4800836
4800837
4800838
4800839
4800840
4800841
4800842
4800843
4800844
4800845
4800846
4800847
4800848
4800849
4800850
4800851
4800852
4800853
4800854
4800855
4800856
4800857
4800858
4800859
4800860
4800861
4800862
4800863
4800864
4800865
4800866
4800867
4800868
4800869
4800870
4800871
4800872
4800873
4800874
4800875
4800876
4800877
4800878
4800879
4800880
4800881
4800882
4800883
4800884
4800885
4800886
4800887
4800888
4800889
4800890
4800891
4800892
4800893
4800894
4800895
4800896
4800897
4800898
4800899
4800900
4800901
4800902
4800903
4800904
4800905
4800906
4800907
4800908
4800909
4800910
4800911
4800912
4800913
4800914
4800915
4800916
4800917
4800918
4800919
4800920
4800921
4800922
4800923
4800924
4800925
4800926
4800927
4800928
4800929
4800930
4800931
4800932
4800933
4800934
4800935
4800936
4800937
4800938
4800939
4800940
4800941
4800942
4800943
4800944
4800945
4800946
4800947
4800948
4800949
4800950
4800951
4800952
4800953
4800954
4800955
4800956
4800957
4800958
4800959
4800960
4800961
4800962
4800963
4800964
4800965
4800966
4800967
4800968
4800969
4800970
4800971
4800972
4800973
4800974
4800975
4800976
4800977
4800978
4800979
4800980
4800981
4800982
4800983
4800984
4800985
4800986
4800987
4800988
4800989
4800990
4800991
4800992
4800993
4800994
4800995
4800996
4800997
4800998
4800999
4801000
4801001
4801002
4801003
4801004
4801005
4801006
4801007
4801008
4801009
4801010
4801011
4801012
4801013
4801014
4801015
4801016
4801017
4801018
4801019
4801020
4801021
4801022
4801023
4801024
4801025
4801026
4801027
4801028
4801029
4801030
4801031
4801032
4801033
4801034
4801035
4801036
4801037
4801038
4801039
4801040
4801041
4801042
4801043
4801044
4801045
4801046
4801047
4801048
4801049
4801050
4801051
4801052
4801053
4801054
4801055
4801056
4801057
4801058
4801059
4801060
4801061
4801062
4801063
4801064
4801065
4801066
4801067
4801068
4801069
4801070
4801071
4801072
4801073
4801074
4801075
4801076
4801077
4801078
4801079
4801080
4801081
4801082
4801083
4801084
4801085
4801086
4801087
4801088
4801089
4801090
4801091
4801092
4801093
4801094
4801095
4801096
4801097
4801098
4801099
4801100
4801101
4801102
4801103
4801104
4801105
4801106
4801107
4801108
4801109
4801110
4801111
4801112
4801113
4801114
4801115
4801116
4801117
4801118
4801119
4801120
4801121
4801122
4801123
4801124
4801125
4801126
4801127
4801128
4801129
4801130
4801131
4801132
4801133
4801134
4801135
4801136
4801137
4801138
4801139
4801140
4801141
4801142
4801143
4801144
4801145
4801146
4801147
4801148
4801149
4801150
4801151
4801152
4801153
4801154
4801155
4801156
4801157
4801158
4801159
4801160
4801161
4801162
4801163
4801164
4801165
4801166
4801167
4801168
4801169
4801170
4801171
4801172
4801173
4801174
4801175
4801176
4801177
4801178
4801179
4801180
4801181
4801182
4801183
4801184
4801185
4801186
4801187
4801188
4801189
4801190
4801191
4801192
4801193
4801194
4801195
4801196
4801197
4801198
4801199
4801200
4801201
4801202
4801203
4801204
4801205
4801206
4801207
4801208
4801209
4801210
4801211
4801212
4801213
4801214
4801215
4801216
4801217
4801218
4801219
4801220
4801221
4801222
4801223
4801224
4801225
4801226
4801227
4801228
4801229
4801230
4801231
4801232
4801233
4801234
4801235
4801236
4801237
4801238
4801239
4801240
4801241
4801242
4801243
4801244
4801245
4801246
4801247
4801248
4801249
4801250
4801251
4801252
4801253
4801254
4801255
4801256
4801257
4801258
4801259
4801260
4801261
4801262
4801263
4801264
4801265
4801266
4801267
4801268
4801269
4801270
4801271
4801272
4801273
4801274
4801275
4801276
4801277
4801278
4801279
4801280
4801281
4801282
4801283
4801284
4801285
4801286
4801287
4801288
4801289
4801290
4801291
4801292
4801293
4801294
4801295
4801296
4801297
4801298
4801299
4801300
4801301
4801302
4801303
4801304
4801305
4801306
4801307
4801308
4801309
4801310
4801311
4801312
4801313
4801314
4801315
4801316
4801317
4801318
4801319
4801320
4801321
4801322
4801323
4801324
4801325
4801326
4801327
4801328
4801329
4801330
4801331
4801332
4801333
4801334
4801335
4801336
4801337
4801338
4801339
4801340
4801341
4801342
4801343
4801344
4801345
4801346
4801347
4801348
4801349
4801350
4801351
4801352
4801353
4801354
4801355
4801356
4801357
4801358
4801359
4801360
4801361
4801362
4801363
4801364
4801365
4801366
4801367
4801368
4801369
4801370
4801371
4801372
4801373
4801374
4801375
4801376
4801377
4801378
4801379
4801380
4801381
4801382
4801383
4801384
4801385
4801386
4801387
4801388
4801389
4801390
4801391
4801392
4801393
4801394
4801395
4801396
4801397
4801398
4801399
4801400
4801401
4801402
4801403
4801404
4801405
4801406
4801407
4801408
4801409
4801410
4801411
4801412
4801413
4801414
4801415
4801416
4801417
4801418
4801419
4801420
4801421
4801422
4801423
4801424
4801425
4801426
4801427
4801428
4801429
4801430
4801431
4801432
4801433
4801434
4801435
4801436
4801437
4801438
4801439
4801440
4801441
4801442
4801443
4801444
4801445
4801446
4801447
4801448
4801449
4801450
4801451
4801452
4801453
4801454
4801455
4801456
4801457
4801458
4801459
4801460
4801461
4801462
4801463
4801464
4801465
4801466
4801467
4801468
4801469
4801470
4801471
4801472
4801473
4801474
4801475
4801476
4801477
4801478
4801479
4801480
4801481
4801482
4801483
4801484
4801485
4801486
4801487
4801488
4801489
4801490
4801491
4801492
4801493
4801494
4801495
4801496
4801497
4801498
4801499
4801500
4801501
4801502
4801503
4801504
4801505
4801506
4801507
4801508
4801509
4801510
4801511
4801512
4801513
4801514
4801515
4801516
4801517
4801518
4801519
4801520
4801521
4801522
4801523
4801524
4801525
4801526
4801527
4801528
4801529
4801530
4801531
4801532
4801533
4801534
4801535
4801536
4801537
4801538
4801539
4801540
4801541
4801542
4801543
4801544
4801545
4801546
4801547
4801548
4801549
4801550
4801551
4801552
4801553
4801554
4801555
4801556
4801557
4801558
4801559
4801560
4801561
4801562
4801563
4801564
4801565
4801566
4801567
4801568
4801569
4801570
4801571
4801572
4801573
4801574
4801575
4801576
4801577
4801578
4801579
4801580
4801581
4801582
4801583
4801584
4801585
4801586
4801587
4801588
4801589
4801590
4801591
4801592
4801593
4801594
4801595
4801596
4801597
4801598
4801599
4801600
4801601
4801602
4801603
4801604
4801605
4801606
4801607
4801608
4801609
4801610
4801611
4801612
4801613
4801614
4801615
4801616
4801617
4801618
4801619
4801620
4801621
4801622
4801623
4801624
4801625
4801626
4801627
4801628
4801629
4801630
4801631
4801632
4801633
4801634
4801635
4801636
4801637
4801638
4801639
4801640
4801641
4801642
4801643
4801644
4801645
4801646
4801647
4801648
4801649
4801650
4801651
4801652
4801653
4801654
4801655
4801656
4801657
4801658
4801659
4801660
4801661
4801662
4801663
4801664
4801665
4801666
4801667
4801668
4801669
4801670
4801671
4801672
4801673
4801674
4801675
4801676
4801677
4801678
4801679
4801680
4801681
4801682
4801683
4801684
4801685
4801686
4801687
4801688
4801689
4801690
4801691
4801692
4801693
4801694
4801695
4801696
4801697
4801698
4801699
4801700
4801701
4801702
4801703
4801704
4801705
4801706
4801707
4801708
4801709
4801710
4801711
4801712
4801713
4801714
4801715
4801716
4801717
4801718
4801719
4801720
4801721
4801722
4801723
4801724
4801725
4801726
4801727
4801728
4801729
4801730
4801731
4801732
4801733
4801734
4801735
4801736
4801737
4801738
4801739
4801740
4801741
4801742
4801743
4801744
4801745
4801746
4801747
4801748
4801749
4801750
4801751
4801752
4801753
4801754
4801755
4801756
4801757
4801758
4801759
4801760
4801761
4801762
4801763
4801764
4801765
4801766
4801767
4801768
4801769
4801770
4801771
4801772
4801773
4801774
4801775
4801776
4801777
4801778
4801779
4801780
4801781
4801782
4801783
4801784
4801785
4801786
4801787
4801788
4801789
4801790
4801791
4801792
4801793
4801794
4801795
4801796
4801797
4801798
4801799
4801800
4801801
4801802
4801803
4801804
4801805
4801806
4801807
4801808
4801809
4801810
4801811
4801812
4801813
4801814
4801815
4801816
4801817
4801818
4801819
4801820
4801821
4801822
4801823
4801824
4801825
4801826
4801827
4801828
4801829
4801830
4801831
4801832
4801833
4801834
4801835
4801836
4801837
4801838
4801839
4801840
4801841
4801842
4801843
4801844
4801845
4801846
4801847
4801848
4801849
4801850
4801851
4801852
4801853
4801854
4801855
4801856
4801857
4801858
4801859
4801860
4801861
4801862
4801863
4801864
4801865
4801866
4801867
4801868
4801869
4801870
4801871
4801872
4801873
4801874
4801875
4801876
4801877
4801878
4801879
4801880
4801881
4801882
4801883
4801884
4801885
4801886
4801887
4801888
4801889
4801890
4801891
4801892
4801893
4801894
4801895
4801896
4801897
4801898
4801899
4801900
4801901
4801902
4801903
4801904
4801905
4801906
4801907
4801908
4801909
4801910
4801911
4801912
4801913
4801914
4801915
4801916
4801917
4801918
4801919
4801920
4801921
4801922
4801923
4801924
4801925
4801926
4801927
4801928
4801929
4801930
4801931
4801932
4801933
4801934
4801935
4801936
4801937
4801938
4801939
4801940
4801941
4801942
4801943
4801944
4801945
4801946
4801947
4801948
4801949
4801950
4801951
4801952
4801953
4801954
4801955
4801956
4801957
4801958
4801959
4801960
4801961
4801962
4801963
4801964
4801965
4801966
4801967
4801968
4801969
4801970
4801971
4801972
4801973
4801974
4801975
4801976
4801977
4801978
4801979
4801980
4801981
4801982
4801983
4801984
4801985
4801986
4801987
4801988
4801989
4801990
4801991
4801992
4801993
4801994
4801995
4801996
4801997
4801998
4801999
4802000
4802001
4802002
4802003
4802004
4802005
4802006
4802007
4802008
4802009
4802010
4802011
4802012
4802013
4802014
4802015
4802016
4802017
4802018
4802019
4802020
4802021
4802022
4802023
4802024
4802025
4802026
4802027
4802028
4802029
4802030
4802031
4802032
4802033
4802034
4802035
4802036
4802037
4802038
4802039
4802040
4802041
4802042
4802043
4802044
4802045
4802046
4802047
4802048
4802049
4802050
4802051
4802052
4802053
4802054
4802055
4802056
4802057
4802058
4802059
4802060
4802061
4802062
4802063
4802064
4802065
4802066
4802067
4802068
4802069
4802070
4802071
4802072
4802073
4802074
4802075
4802076
4802077
4802078
4802079
4802080
4802081
4802082
4802083
4802084
4802085
4802086
4802087
4802088
4802089
4802090
4802091
4802092
4802093
4802094
4802095
4802096
4802097
4802098
4802099
4802100
4802101
4802102
4802103
4802104
4802105
4802106
4802107
4802108
4802109
4802110
4802111
4802112
4802113
4802114
4802115
4802116
4802117
4802118
4802119
4802120
4802121
4802122
4802123
4802124
4802125
4802126
4802127
4802128
4802129
4802130
4802131
4802132
4802133
4802134
4802135
4802136
4802137
4802138
4802139
4802140
4802141
4802142
4802143
4802144
4802145
4802146
4802147
4802148
4802149
4802150
4802151
4802152
4802153
4802154
4802155
4802156
4802157
4802158
4802159
4802160
4802161
4802162
4802163
4802164
4802165
4802166
4802167
4802168
4802169
4802170
4802171
4802172
4802173
4802174
4802175
4802176
4802177
4802178
4802179
4802180
4802181
4802182
4802183
4802184
4802185
4802186
4802187
4802188
4802189
4802190
4802191
4802192
4802193
4802194
4802195
4802196
4802197
4802198
4802199
4802200
4802201
4802202
4802203
4802204
4802205
4802206
4802207
4802208
4802209
4802210
4802211
4802212
4802213
4802214
4802215
4802216
4802217
4802218
4802219
4802220
4802221
4802222
4802223
4802224
4802225
4802226
4802227
4802228
4802229
4802230
4802231
4802232
4802233
4802234
4802235
4802236
4802237
4802238
4802239
4802240
4802241
4802242
4802243
4802244
4802245
4802246
4802247
4802248
4802249
4802250
4802251
4802252
4802253
4802254
4802255
4802256
4802257
4802258
4802259
4802260
4802261
4802262
4802263
4802264
4802265
4802266
4802267
4802268
4802269
4802270
4802271
4802272
4802273
4802274
4802275
4802276
4802277
4802278
4802279
4802280
4802281
4802282
4802283
4802284
4802285
4802286
4802287
4802288
4802289
4802290
4802291
4802292
4802293
4802294
4802295
4802296
4802297
4802298
4802299
4802300
4802301
4802302
4802303
4802304
4802305
4802306
4802307
4802308
4802309
4802310
4802311
4802312
4802313
4802314
4802315
4802316
4802317
4802318
4802319
4802320
4802321
4802322
4802323
4802324
4802325
4802326
4802327
4802328
4802329
4802330
4802331
4802332
4802333
4802334
4802335
4802336
4802337
4802338
4802339
4802340
4802341
4802342
4802343
4802344
4802345
4802346
4802347
4802348
4802349
4802350
4802351
4802352
4802353
4802354
4802355
4802356
4802357
4802358
4802359
4802360
4802361
4802362
4802363
4802364
4802365
4802366
4802367
4802368
4802369
4802370
4802371
4802372
4802373
4802374
4802375
4802376
4802377
4802378
4802379
4802380
4802381
4802382
4802383
4802384
4802385
4802386
4802387
4802388
4802389
4802390
4802391
4802392
4802393
4802394
4802395
4802396
4802397
4802398
4802399
4802400
4802401
4802402
4802403
4802404
4802405
4802406
4802407
4802408
4802409
4802410
4802411
4802412
4802413
4802414
4802415
4802416
4802417
4802418
4802419
4802420
4802421
4802422
4802423
4802424
4802425
4802426
4802427
4802428
4802429
4802430
4802431
4802432
4802433
4802434
4802435
4802436
4802437
4802438
4802439
4802440
4802441
4802442
4802443
4802444
4802445
4802446
4802447
4802448
4802449
4802450
4802451
4802452
4802453
4802454
4802455
4802456
4802457
4802458
4802459
4802460
4802461
4802462
4802463
4802464
4802465
4802466
4802467
4802468
4802469
4802470
4802471
4802472
4802473
4802474
4802475
4802476
4802477
4802478
4802479
4802480
4802481
4802482
4802483
4802484
4802485
4802486
4802487
4802488
4802489
4802490
4802491
4802492
4802493
4802494
4802495
4802496
4802497
4802498
4802499
4802500
4802501
4802502
4802503
4802504
4802505
4802506
4802507
4802508
4802509
4802510
4802511
4802512
4802513
4802514
4802515
4802516
4802517
4802518
4802519
4802520
4802521
4802522
4802523
4802524
4802525
4802526
4802527
4802528
4802529
4802530
4802531
4802532
4802533
4802534
4802535
4802536
4802537
4802538
4802539
4802540
4802541
4802542
4802543
4802544
4802545
4802546
4802547
4802548
4802549
4802550
4802551
4802552
4802553
4802554
4802555
4802556
4802557
4802558
4802559
4802560
4802561
4802562
4802563
4802564
4802565
4802566
4802567
4802568
4802569
4802570
4802571
4802572
4802573
4802574
4802575
4802576
4802577
4802578
4802579
4802580
4802581
4802582
4802583
4802584
4802585
4802586
4802587
4802588
4802589
4802590
4802591
4802592
4802593
4802594
4802595
4802596
4802597
4802598
4802599
4802600
4802601
4802602
4802603
4802604
4802605
4802606
4802607
4802608
4802609
4802610
4802611
4802612
4802613
4802614
4802615
4802616
4802617
4802618
4802619
4802620
4802621
4802622
4802623
4802624
4802625
4802626
4802627
4802628
4802629
4802630
4802631
4802632
4802633
4802634
4802635
4802636
4802637
4802638
4802639
4802640
4802641
4802642
4802643
4802644
4802645
4802646
4802647
4802648
4802649
4802650
4802651
4802652
4802653
4802654
4802655
4802656
4802657
4802658
4802659
4802660
4802661
4802662
4802663
4802664
4802665
4802666
4802667
4802668
4802669
4802670
4802671
4802672
4802673
4802674
4802675
4802676
4802677
4802678
4802679
4802680
4802681
4802682
4802683
4802684
4802685
4802686
4802687
4802688
4802689
4802690
4802691
4802692
4802693
4802694
4802695
4802696
4802697
4802698
4802699
4802700
4802701
4802702
4802703
4802704
4802705
4802706
4802707
4802708
4802709
4802710
4802711
4802712
4802713
4802714
4802715
4802716
4802717
4802718
4802719
4802720
4802721
4802722
4802723
4802724
4802725
4802726
4802727
4802728
4802729
4802730
4802731
4802732
4802733
4802734
4802735
4802736
4802737
4802738
4802739
4802740
4802741
4802742
4802743
4802744
4802745
4802746
4802747
4802748
4802749
4802750
4802751
4802752
4802753
4802754
4802755
4802756
4802757
4802758
4802759
4802760
4802761
4802762
4802763
4802764
4802765
4802766
4802767
4802768
4802769
4802770
4802771
4802772
4802773
4802774
4802775
4802776
4802777
4802778
4802779
4802780
4802781
4802782
4802783
4802784
4802785
4802786
4802787
4802788
4802789
4802790
4802791
4802792
4802793
4802794
4802795
4802796
4802797
4802798
4802799
4802800
4802801
4802802
4802803
4802804
4802805
4802806
4802807
4802808
4802809
4802810
4802811
4802812
4802813
4802814
4802815
4802816
4802817
4802818
4802819
4802820
4802821
4802822
4802823
4802824
4802825
4802826
4802827
4802828
4802829
4802830
4802831
4802832
4802833
4802834
4802835
4802836
4802837
4802838
4802839
4802840
4802841
4802842
4802843
4802844
4802845
4802846
4802847
4802848
4802849
4802850
4802851
4802852
4802853
4802854
4802855
4802856
4802857
4802858
4802859
4802860
4802861
4802862
4802863
4802864
4802865
4802866
4802867
4802868
4802869
4802870
4802871
4802872
4802873
4802874
4802875
4802876
4802877
4802878
4802879
4802880
4802881
4802882
4802883
4802884
4802885
4802886
4802887
4802888
4802889
4802890
4802891
4802892
4802893
4802894
4802895
4802896
4802897
4802898
4802899
4802900
4802901
4802902
4802903
4802904
4802905
4802906
4802907
4802908
4802909
4802910
4802911
4802912
4802913
4802914
4802915
4802916
4802917
4802918
4802919
4802920
4802921
4802922
4802923
4802924
4802925
4802926
4802927
4802928
4802929
4802930
4802931
4802932
4802933
4802934
4802935
4802936
4802937
4802938
4802939
4802940
4802941
4802942
4802943
4802944
4802945
4802946
4802947
4802948
4802949
4802950
4802951
4802952
4802953
4802954
4802955
4802956
4802957
4802958
4802959
4802960
4802961
4802962
4802963
4802964
4802965
4802966
4802967
4802968
4802969
4802970
4802971
4802972
4802973
4802974
4802975
4802976
4802977
4802978
4802979
4802980
4802981
4802982
4802983
4802984
4802985
4802986
4802987
4802988
4802989
4802990
4802991
4802992
4802993
4802994
4802995
4802996
4802997
4802998
4802999
4803000
4803001
4803002
4803003
4803004
4803005
4803006
4803007
4803008
4803009
4803010
4803011
4803012
4803013
4803014
4803015
4803016
4803017
4803018
4803019
4803020
4803021
4803022
4803023
4803024
4803025
4803026
4803027
4803028
4803029
4803030
4803031
4803032
4803033
4803034
4803035
4803036
4803037
4803038
4803039
4803040
4803041
4803042
4803043
4803044
4803045
4803046
4803047
4803048
4803049
4803050
4803051
4803052
4803053
4803054
4803055
4803056
4803057
4803058
4803059
4803060
4803061
4803062
4803063
4803064
4803065
4803066
4803067
4803068
4803069
4803070
4803071
4803072
4803073
4803074
4803075
4803076
4803077
4803078
4803079
4803080
4803081
4803082
4803083
4803084
4803085
4803086
4803087
4803088
4803089
4803090
4803091
4803092
4803093
4803094
4803095
4803096
4803097
4803098
4803099
4803100
4803101
4803102
4803103
4803104
4803105
4803106
4803107
4803108
4803109
4803110
4803111
4803112
4803113
4803114
4803115
4803116
4803117
4803118
4803119
4803120
4803121
4803122
4803123
4803124
4803125
4803126
4803127
4803128
4803129
4803130
4803131
4803132
4803133
4803134
4803135
4803136
4803137
4803138
4803139
4803140
4803141
4803142
4803143
4803144
4803145
4803146
4803147
4803148
4803149
4803150
4803151
4803152
4803153
4803154
4803155
4803156
4803157
4803158
4803159
4803160
4803161
4803162
4803163
4803164
4803165
4803166
4803167
4803168
4803169
4803170
4803171
4803172
4803173
4803174
4803175
4803176
4803177
4803178
4803179
4803180
4803181
4803182
4803183
4803184
4803185
4803186
4803187
4803188
4803189
4803190
4803191
4803192
4803193
4803194
4803195
4803196
4803197
4803198
4803199
4803200
4803201
4803202
4803203
4803204
4803205
4803206
4803207
4803208
4803209
4803210
4803211
4803212
4803213
4803214
4803215
4803216
4803217
4803218
4803219
4803220
4803221
4803222
4803223
4803224
4803225
4803226
4803227
4803228
4803229
4803230
4803231
4803232
4803233
4803234
4803235
4803236
4803237
4803238
4803239
4803240
4803241
4803242
4803243
4803244
4803245
4803246
4803247
4803248
4803249
4803250
4803251
4803252
4803253
4803254
4803255
4803256
4803257
4803258
4803259
4803260
4803261
4803262
4803263
4803264
4803265
4803266
4803267
4803268
4803269
4803270
4803271
4803272
4803273
4803274
4803275
4803276
4803277
4803278
4803279
4803280
4803281
4803282
4803283
4803284
4803285
4803286
4803287
4803288
4803289
4803290
4803291
4803292
4803293
4803294
4803295
4803296
4803297
4803298
4803299
4803300
4803301
4803302
4803303
4803304
4803305
4803306
4803307
4803308
4803309
4803310
4803311
4803312
4803313
4803314
4803315
4803316
4803317
4803318
4803319
4803320
4803321
4803322
4803323
4803324
4803325
4803326
4803327
4803328
4803329
4803330
4803331
4803332
4803333
4803334
4803335
4803336
4803337
4803338
4803339
4803340
4803341
4803342
4803343
4803344
4803345
4803346
4803347
4803348
4803349
4803350
4803351
4803352
4803353
4803354
4803355
4803356
4803357
4803358
4803359
4803360
4803361
4803362
4803363
4803364
4803365
4803366
4803367
4803368
4803369
4803370
4803371
4803372
4803373
4803374
4803375
4803376
4803377
4803378
4803379
4803380
4803381
4803382
4803383
4803384
4803385
4803386
4803387
4803388
4803389
4803390
4803391
4803392
4803393
4803394
4803395
4803396
4803397
4803398
4803399
4803400
4803401
4803402
4803403
4803404
4803405
4803406
4803407
4803408
4803409
4803410
4803411
4803412
4803413
4803414
4803415
4803416
4803417
4803418
4803419
4803420
4803421
4803422
4803423
4803424
4803425
4803426
4803427
4803428
4803429
4803430
4803431
4803432
4803433
4803434
4803435
4803436
4803437
4803438
4803439
4803440
4803441
4803442
4803443
4803444
4803445
4803446
4803447
4803448
4803449
4803450
4803451
4803452
4803453
4803454
4803455
4803456
4803457
4803458
4803459
4803460
4803461
4803462
4803463
4803464
4803465
4803466
4803467
4803468
4803469
4803470
4803471
4803472
4803473
4803474
4803475
4803476
4803477
4803478
4803479
4803480
4803481
4803482
4803483
4803484
4803485
4803486
4803487
4803488
4803489
4803490
4803491
4803492
4803493
4803494
4803495
4803496
4803497
4803498
4803499
4803500
4803501
4803502
4803503
4803504
4803505
4803506
4803507
4803508
4803509
4803510
4803511
4803512
4803513
4803514
4803515
4803516
4803517
4803518
4803519
4803520
4803521
4803522
4803523
4803524
4803525
4803526
4803527
4803528
4803529
4803530
4803531
4803532
4803533
4803534
4803535
4803536
4803537
4803538
4803539
4803540
4803541
4803542
4803543
4803544
4803545
4803546
4803547
4803548
4803549
4803550
4803551
4803552
4803553
4803554
4803555
4803556
4803557
4803558
4803559
4803560
4803561
4803562
4803563
4803564
4803565
4803566
4803567
4803568
4803569
4803570
4803571
4803572
4803573
4803574
4803575
4803576
4803577
4803578
4803579
4803580
4803581
4803582
4803583
4803584
4803585
4803586
4803587
4803588
4803589
4803590
4803591
4803592
4803593
4803594
4803595
4803596
4803597
4803598
4803599
4803600
4803601
4803602
4803603
4803604
4803605
4803606
4803607
4803608
4803609
4803610
4803611
4803612
4803613
4803614
4803615
4803616
4803617
4803618
4803619
4803620
4803621
4803622
4803623
4803624
4803625
4803626
4803627
4803628
4803629
4803630
4803631
4803632
4803633
4803634
4803635
4803636
4803637
4803638
4803639
4803640
4803641
4803642
4803643
4803644
4803645
4803646
4803647
4803648
4803649
4803650
4803651
4803652
4803653
4803654
4803655
4803656
4803657
4803658
4803659
4803660
4803661
4803662
4803663
4803664
4803665
4803666
4803667
4803668
4803669
4803670
4803671
4803672
4803673
4803674
4803675
4803676
4803677
4803678
4803679
4803680
4803681
4803682
4803683
4803684
4803685
4803686
4803687
4803688
4803689
4803690
4803691
4803692
4803693
4803694
4803695
4803696
4803697
4803698
4803699
4803700
4803701
4803702
4803703
4803704
4803705
4803706
4803707
4803708
4803709
4803710
4803711
4803712
4803713
4803714
4803715
4803716
4803717
4803718
4803719
4803720
4803721
4803722
4803723
4803724
4803725
4803726
4803727
4803728
4803729
4803730
4803731
4803732
4803733
4803734
4803735
4803736
4803737
4803738
4803739
4803740
4803741
4803742
4803743
4803744
4803745
4803746
4803747
4803748
4803749
4803750
4803751
4803752
4803753
4803754
4803755
4803756
4803757
4803758
4803759
4803760
4803761
4803762
4803763
4803764
4803765
4803766
4803767
4803768
4803769
4803770
4803771
4803772
4803773
4803774
4803775
4803776
4803777
4803778
4803779
4803780
4803781
4803782
4803783
4803784
4803785
4803786
4803787
4803788
4803789
4803790
4803791
4803792
4803793
4803794
4803795
4803796
4803797
4803798
4803799
4803800
4803801
4803802
4803803
4803804
4803805
4803806
4803807
4803808
4803809
4803810
4803811
4803812
4803813
4803814
4803815
4803816
4803817
4803818
4803819
4803820
4803821
4803822
4803823
4803824
4803825
4803826
4803827
4803828
4803829
4803830
4803831
4803832
4803833
4803834
4803835
4803836
4803837
4803838
4803839
4803840
4803841
4803842
4803843
4803844
4803845
4803846
4803847
4803848
4803849
4803850
4803851
4803852
4803853
4803854
4803855
4803856
4803857
4803858
4803859
4803860
4803861
4803862
4803863
4803864
4803865
4803866
4803867
4803868
4803869
4803870
4803871
4803872
4803873
4803874
4803875
4803876
4803877
4803878
4803879
4803880
4803881
4803882
4803883
4803884
4803885
4803886
4803887
4803888
4803889
4803890
4803891
4803892
4803893
4803894
4803895
4803896
4803897
4803898
4803899
4803900
4803901
4803902
4803903
4803904
4803905
4803906
4803907
4803908
4803909
4803910
4803911
4803912
4803913
4803914
4803915
4803916
4803917
4803918
4803919
4803920
4803921
4803922
4803923
4803924
4803925
4803926
4803927
4803928
4803929
4803930
4803931
4803932
4803933
4803934
4803935
4803936
4803937
4803938
4803939
4803940
4803941
4803942
4803943
4803944
4803945
4803946
4803947
4803948
4803949
4803950
4803951
4803952
4803953
4803954
4803955
4803956
4803957
4803958
4803959
4803960
4803961
4803962
4803963
4803964
4803965
4803966
4803967
4803968
4803969
4803970
4803971
4803972
4803973
4803974
4803975
4803976
4803977
4803978
4803979
4803980
4803981
4803982
4803983
4803984
4803985
4803986
4803987
4803988
4803989
4803990
4803991
4803992
4803993
4803994
4803995
4803996
4803997
4803998
4803999
4804000
4804001
4804002
4804003
4804004
4804005
4804006
4804007
4804008
4804009
4804010
4804011
4804012
4804013
4804014
4804015
4804016
4804017
4804018
4804019
4804020
4804021
4804022
4804023
4804024
4804025
4804026
4804027
4804028
4804029
4804030
4804031
4804032
4804033
4804034
4804035
4804036
4804037
4804038
4804039
4804040
4804041
4804042
4804043
4804044
4804045
4804046
4804047
4804048
4804049
4804050
4804051
4804052
4804053
4804054
4804055
4804056
4804057
4804058
4804059
4804060
4804061
4804062
4804063
4804064
4804065
4804066
4804067
4804068
4804069
4804070
4804071
4804072
4804073
4804074
4804075
4804076
4804077
4804078
4804079
4804080
4804081
4804082
4804083
4804084
4804085
4804086
4804087
4804088
4804089
4804090
4804091
4804092
4804093
4804094
4804095
4804096
4804097
4804098
4804099
4804100
4804101
4804102
4804103
4804104
4804105
4804106
4804107
4804108
4804109
4804110
4804111
4804112
4804113
4804114
4804115
4804116
4804117
4804118
4804119
4804120
4804121
4804122
4804123
4804124
4804125
4804126
4804127
4804128
4804129
4804130
4804131
4804132
4804133
4804134
4804135
4804136
4804137
4804138
4804139
4804140
4804141
4804142
4804143
4804144
4804145
4804146
4804147
4804148
4804149
4804150
4804151
4804152
4804153
4804154
4804155
4804156
4804157
4804158
4804159
4804160
4804161
4804162
4804163
4804164
4804165
4804166
4804167
4804168
4804169
4804170
4804171
4804172
4804173
4804174
4804175
4804176
4804177
4804178
4804179
4804180
4804181
4804182
4804183
4804184
4804185
4804186
4804187
4804188
4804189
4804190
4804191
4804192
4804193
4804194
4804195
4804196
4804197
4804198
4804199
4804200
4804201
4804202
4804203
4804204
4804205
4804206
4804207
4804208
4804209
4804210
4804211
4804212
4804213
4804214
4804215
4804216
4804217
4804218
4804219
4804220
4804221
4804222
4804223
4804224
4804225
4804226
4804227
4804228
4804229
4804230
4804231
4804232
4804233
4804234
4804235
4804236
4804237
4804238
4804239
4804240
4804241
4804242
4804243
4804244
4804245
4804246
4804247
4804248
4804249
4804250
4804251
4804252
4804253
4804254
4804255
4804256
4804257
4804258
4804259
4804260
4804261
4804262
4804263
4804264
4804265
4804266
4804267
4804268
4804269
4804270
4804271
4804272
4804273
4804274
4804275
4804276
4804277
4804278
4804279
4804280
4804281
4804282
4804283
4804284
4804285
4804286
4804287
4804288
4804289
4804290
4804291
4804292
4804293
4804294
4804295
4804296
4804297
4804298
4804299
4804300
4804301
4804302
4804303
4804304
4804305
4804306
4804307
4804308
4804309
4804310
4804311
4804312
4804313
4804314
4804315
4804316
4804317
4804318
4804319
4804320
4804321
4804322
4804323
4804324
4804325
4804326
4804327
4804328
4804329
4804330
4804331
4804332
4804333
4804334
4804335
4804336
4804337
4804338
4804339
4804340
4804341
4804342
4804343
4804344
4804345
4804346
4804347
4804348
4804349
4804350
4804351
4804352
4804353
4804354
4804355
4804356
4804357
4804358
4804359
4804360
4804361
4804362
4804363
4804364
4804365
4804366
4804367
4804368
4804369
4804370
4804371
4804372
4804373
4804374
4804375
4804376
4804377
4804378
4804379
4804380
4804381
4804382
4804383
4804384
4804385
4804386
4804387
4804388
4804389
4804390
4804391
4804392
4804393
4804394
4804395
4804396
4804397
4804398
4804399
4804400
4804401
4804402
4804403
4804404
4804405
4804406
4804407
4804408
4804409
4804410
4804411
4804412
4804413
4804414
4804415
4804416
4804417
4804418
4804419
4804420
4804421
4804422
4804423
4804424
4804425
4804426
4804427
4804428
4804429
4804430
4804431
4804432
4804433
4804434
4804435
4804436
4804437
4804438
4804439
4804440
4804441
4804442
4804443
4804444
4804445
4804446
4804447
4804448
4804449
4804450
4804451
4804452
4804453
4804454
4804455
4804456
4804457
4804458
4804459
4804460
4804461
4804462
4804463
4804464
4804465
4804466
4804467
4804468
4804469
4804470
4804471
4804472
4804473
4804474
4804475
4804476
4804477
4804478
4804479
4804480
4804481
4804482
4804483
4804484
4804485
4804486
4804487
4804488
4804489
4804490
4804491
4804492
4804493
4804494
4804495
4804496
4804497
4804498
4804499
4804500
4804501
4804502
4804503
4804504
4804505
4804506
4804507
4804508
4804509
4804510
4804511
4804512
4804513
4804514
4804515
4804516
4804517
4804518
4804519
4804520
4804521
4804522
4804523
4804524
4804525
4804526
4804527
4804528
4804529
4804530
4804531
4804532
4804533
4804534
4804535
4804536
4804537
4804538
4804539
4804540
4804541
4804542
4804543
4804544
4804545
4804546
4804547
4804548
4804549
4804550
4804551
4804552
4804553
4804554
4804555
4804556
4804557
4804558
4804559
4804560
4804561
4804562
4804563
4804564
4804565
4804566
4804567
4804568
4804569
4804570
4804571
4804572
4804573
4804574
4804575
4804576
4804577
4804578
4804579
4804580
4804581
4804582
4804583
4804584
4804585
4804586
4804587
4804588
4804589
4804590
4804591
4804592
4804593
4804594
4804595
4804596
4804597
4804598
4804599
4804600
4804601
4804602
4804603
4804604
4804605
4804606
4804607
4804608
4804609
4804610
4804611
4804612
4804613
4804614
4804615
4804616
4804617
4804618
4804619
4804620
4804621
4804622
4804623
4804624
4804625
4804626
4804627
4804628
4804629
4804630
4804631
4804632
4804633
4804634
4804635
4804636
4804637
4804638
4804639
4804640
4804641
4804642
4804643
4804644
4804645
4804646
4804647
4804648
4804649
4804650
4804651
4804652
4804653
4804654
4804655
4804656
4804657
4804658
4804659
4804660
4804661
4804662
4804663
4804664
4804665
4804666
4804667
4804668
4804669
4804670
4804671
4804672
4804673
4804674
4804675
4804676
4804677
4804678
4804679
4804680
4804681
4804682
4804683
4804684
4804685
4804686
4804687
4804688
4804689
4804690
4804691
4804692
4804693
4804694
4804695
4804696
4804697
4804698
4804699
4804700
4804701
4804702
4804703
4804704
4804705
4804706
4804707
4804708
4804709
4804710
4804711
4804712
4804713
4804714
4804715
4804716
4804717
4804718
4804719
4804720
4804721
4804722
4804723
4804724
4804725
4804726
4804727
4804728
4804729
4804730
4804731
4804732
4804733
4804734
4804735
4804736
4804737
4804738
4804739
4804740
4804741
4804742
4804743
4804744
4804745
4804746
4804747
4804748
4804749
4804750
4804751
4804752
4804753
4804754
4804755
4804756
4804757
4804758
4804759
4804760
4804761
4804762
4804763
4804764
4804765
4804766
4804767
4804768
4804769
4804770
4804771
4804772
4804773
4804774
4804775
4804776
4804777
4804778
4804779
4804780
4804781
4804782
4804783
4804784
4804785
4804786
4804787
4804788
4804789
4804790
4804791
4804792
4804793
4804794
4804795
4804796
4804797
4804798
4804799
4804800
4804801
4804802
4804803
4804804
4804805
4804806
4804807
4804808
4804809
4804810
4804811
4804812
4804813
4804814
4804815
4804816
4804817
4804818
4804819
4804820
4804821
4804822
4804823
4804824
4804825
4804826
4804827
4804828
4804829
4804830
4804831
4804832
4804833
4804834
4804835
4804836
4804837
4804838
4804839
4804840
4804841
4804842
4804843
4804844
4804845
4804846
4804847
4804848
4804849
4804850
4804851
4804852
4804853
4804854
4804855
4804856
4804857
4804858
4804859
4804860
4804861
4804862
4804863
4804864
4804865
4804866
4804867
4804868
4804869
4804870
4804871
4804872
4804873
4804874
4804875
4804876
4804877
4804878
4804879
4804880
4804881
4804882
4804883
4804884
4804885
4804886
4804887
4804888
4804889
4804890
4804891
4804892
4804893
4804894
4804895
4804896
4804897
4804898
4804899
4804900
4804901
4804902
4804903
4804904
4804905
4804906
4804907
4804908
4804909
4804910
4804911
4804912
4804913
4804914
4804915
4804916
4804917
4804918
4804919
4804920
4804921
4804922
4804923
4804924
4804925
4804926
4804927
4804928
4804929
4804930
4804931
4804932
4804933
4804934
4804935
4804936
4804937
4804938
4804939
4804940
4804941
4804942
4804943
4804944
4804945
4804946
4804947
4804948
4804949
4804950
4804951
4804952
4804953
4804954
4804955
4804956
4804957
4804958
4804959
4804960
4804961
4804962
4804963
4804964
4804965
4804966
4804967
4804968
4804969
4804970
4804971
4804972
4804973
4804974
4804975
4804976
4804977
4804978
4804979
4804980
4804981
4804982
4804983
4804984
4804985
4804986
4804987
4804988
4804989
4804990
4804991
4804992
4804993
4804994
4804995
4804996
4804997
4804998
4804999
4805000
4805001
4805002
4805003
4805004
4805005
4805006
4805007
4805008
4805009
4805010
4805011
4805012
4805013
4805014
4805015
4805016
4805017
4805018
4805019
4805020
4805021
4805022
4805023
4805024
4805025
4805026
4805027
4805028
4805029
4805030
4805031
4805032
4805033
4805034
4805035
4805036
4805037
4805038
4805039
4805040
4805041
4805042
4805043
4805044
4805045
4805046
4805047
4805048
4805049
4805050
4805051
4805052
4805053
4805054
4805055
4805056
4805057
4805058
4805059
4805060
4805061
4805062
4805063
4805064
4805065
4805066
4805067
4805068
4805069
4805070
4805071
4805072
4805073
4805074
4805075
4805076
4805077
4805078
4805079
4805080
4805081
4805082
4805083
4805084
4805085
4805086
4805087
4805088
4805089
4805090
4805091
4805092
4805093
4805094
4805095
4805096
4805097
4805098
4805099
4805100
4805101
4805102
4805103
4805104
4805105
4805106
4805107
4805108
4805109
4805110
4805111
4805112
4805113
4805114
4805115
4805116
4805117
4805118
4805119
4805120
4805121
4805122
4805123
4805124
4805125
4805126
4805127
4805128
4805129
4805130
4805131
4805132
4805133
4805134
4805135
4805136
4805137
4805138
4805139
4805140
4805141
4805142
4805143
4805144
4805145
4805146
4805147
4805148
4805149
4805150
4805151
4805152
4805153
4805154
4805155
4805156
4805157
4805158
4805159
4805160
4805161
4805162
4805163
4805164
4805165
4805166
4805167
4805168
4805169
4805170
4805171
4805172
4805173
4805174
4805175
4805176
4805177
4805178
4805179
4805180
4805181
4805182
4805183
4805184
4805185
4805186
4805187
4805188
4805189
4805190
4805191
4805192
4805193
4805194
4805195
4805196
4805197
4805198
4805199
4805200
4805201
4805202
4805203
4805204
4805205
4805206
4805207
4805208
4805209
4805210
4805211
4805212
4805213
4805214
4805215
4805216
4805217
4805218
4805219
4805220
4805221
4805222
4805223
4805224
4805225
4805226
4805227
4805228
4805229
4805230
4805231
4805232
4805233
4805234
4805235
4805236
4805237
4805238
4805239
4805240
4805241
4805242
4805243
4805244
4805245
4805246
4805247
4805248
4805249
4805250
4805251
4805252
4805253
4805254
4805255
4805256
4805257
4805258
4805259
4805260
4805261
4805262
4805263
4805264
4805265
4805266
4805267
4805268
4805269
4805270
4805271
4805272
4805273
4805274
4805275
4805276
4805277
4805278
4805279
4805280
4805281
4805282
4805283
4805284
4805285
4805286
4805287
4805288
4805289
4805290
4805291
4805292
4805293
4805294
4805295
4805296
4805297
4805298
4805299
4805300
4805301
4805302
4805303
4805304
4805305
4805306
4805307
4805308
4805309
4805310
4805311
4805312
4805313
4805314
4805315
4805316
4805317
4805318
4805319
4805320
4805321
4805322
4805323
4805324
4805325
4805326
4805327
4805328
4805329
4805330
4805331
4805332
4805333
4805334
4805335
4805336
4805337
4805338
4805339
4805340
4805341
4805342
4805343
4805344
4805345
4805346
4805347
4805348
4805349
4805350
4805351
4805352
4805353
4805354
4805355
4805356
4805357
4805358
4805359
4805360
4805361
4805362
4805363
4805364
4805365
4805366
4805367
4805368
4805369
4805370
4805371
4805372
4805373
4805374
4805375
4805376
4805377
4805378
4805379
4805380
4805381
4805382
4805383
4805384
4805385
4805386
4805387
4805388
4805389
4805390
4805391
4805392
4805393
4805394
4805395
4805396
4805397
4805398
4805399
4805400
4805401
4805402
4805403
4805404
4805405
4805406
4805407
4805408
4805409
4805410
4805411
4805412
4805413
4805414
4805415
4805416
4805417
4805418
4805419
4805420
4805421
4805422
4805423
4805424
4805425
4805426
4805427
4805428
4805429
4805430
4805431
4805432
4805433
4805434
4805435
4805436
4805437
4805438
4805439
4805440
4805441
4805442
4805443
4805444
4805445
4805446
4805447
4805448
4805449
4805450
4805451
4805452
4805453
4805454
4805455
4805456
4805457
4805458
4805459
4805460
4805461
4805462
4805463
4805464
4805465
4805466
4805467
4805468
4805469
4805470
4805471
4805472
4805473
4805474
4805475
4805476
4805477
4805478
4805479
4805480
4805481
4805482
4805483
4805484
4805485
4805486
4805487
4805488
4805489
4805490
4805491
4805492
4805493
4805494
4805495
4805496
4805497
4805498
4805499
4805500
4805501
4805502
4805503
4805504
4805505
4805506
4805507
4805508
4805509
4805510
4805511
4805512
4805513
4805514
4805515
4805516
4805517
4805518
4805519
4805520
4805521
4805522
4805523
4805524
4805525
4805526
4805527
4805528
4805529
4805530
4805531
4805532
4805533
4805534
4805535
4805536
4805537
4805538
4805539
4805540
4805541
4805542
4805543
4805544
4805545
4805546
4805547
4805548
4805549
4805550
4805551
4805552
4805553
4805554
4805555
4805556
4805557
4805558
4805559
4805560
4805561
4805562
4805563
4805564
4805565
4805566
4805567
4805568
4805569
4805570
4805571
4805572
4805573
4805574
4805575
4805576
4805577
4805578
4805579
4805580
4805581
4805582
4805583
4805584
4805585
4805586
4805587
4805588
4805589
4805590
4805591
4805592
4805593
4805594
4805595
4805596
4805597
4805598
4805599
4805600
4805601
4805602
4805603
4805604
4805605
4805606
4805607
4805608
4805609
4805610
4805611
4805612
4805613
4805614
4805615
4805616
4805617
4805618
4805619
4805620
4805621
4805622
4805623
4805624
4805625
4805626
4805627
4805628
4805629
4805630
4805631
4805632
4805633
4805634
4805635
4805636
4805637
4805638
4805639
4805640
4805641
4805642
4805643
4805644
4805645
4805646
4805647
4805648
4805649
4805650
4805651
4805652
4805653
4805654
4805655
4805656
4805657
4805658
4805659
4805660
4805661
4805662
4805663
4805664
4805665
4805666
4805667
4805668
4805669
4805670
4805671
4805672
4805673
4805674
4805675
4805676
4805677
4805678
4805679
4805680
4805681
4805682
4805683
4805684
4805685
4805686
4805687
4805688
4805689
4805690
4805691
4805692
4805693
4805694
4805695
4805696
4805697
4805698
4805699
4805700
4805701
4805702
4805703
4805704
4805705
4805706
4805707
4805708
4805709
4805710
4805711
4805712
4805713
4805714
4805715
4805716
4805717
4805718
4805719
4805720
4805721
4805722
4805723
4805724
4805725
4805726
4805727
4805728
4805729
4805730
4805731
4805732
4805733
4805734
4805735
4805736
4805737
4805738
4805739
4805740
4805741
4805742
4805743
4805744
4805745
4805746
4805747
4805748
4805749
4805750
4805751
4805752
4805753
4805754
4805755
4805756
4805757
4805758
4805759
4805760
4805761
4805762
4805763
4805764
4805765
4805766
4805767
4805768
4805769
4805770
4805771
4805772
4805773
4805774
4805775
4805776
4805777
4805778
4805779
4805780
4805781
4805782
4805783
4805784
4805785
4805786
4805787
4805788
4805789
4805790
4805791
4805792
4805793
4805794
4805795
4805796
4805797
4805798
4805799
4805800
4805801
4805802
4805803
4805804
4805805
4805806
4805807
4805808
4805809
4805810
4805811
4805812
4805813
4805814
4805815
4805816
4805817
4805818
4805819
4805820
4805821
4805822
4805823
4805824
4805825
4805826
4805827
4805828
4805829
4805830
4805831
4805832
4805833
4805834
4805835
4805836
4805837
4805838
4805839
4805840
4805841
4805842
4805843
4805844
4805845
4805846
4805847
4805848
4805849
4805850
4805851
4805852
4805853
4805854
4805855
4805856
4805857
4805858
4805859
4805860
4805861
4805862
4805863
4805864
4805865
4805866
4805867
4805868
4805869
4805870
4805871
4805872
4805873
4805874
4805875
4805876
4805877
4805878
4805879
4805880
4805881
4805882
4805883
4805884
4805885
4805886
4805887
4805888
4805889
4805890
4805891
4805892
4805893
4805894
4805895
4805896
4805897
4805898
4805899
4805900
4805901
4805902
4805903
4805904
4805905
4805906
4805907
4805908
4805909
4805910
4805911
4805912
4805913
4805914
4805915
4805916
4805917
4805918
4805919
4805920
4805921
4805922
4805923
4805924
4805925
4805926
4805927
4805928
4805929
4805930
4805931
4805932
4805933
4805934
4805935
4805936
4805937
4805938
4805939
4805940
4805941
4805942
4805943
4805944
4805945
4805946
4805947
4805948
4805949
4805950
4805951
4805952
4805953
4805954
4805955
4805956
4805957
4805958
4805959
4805960
4805961
4805962
4805963
4805964
4805965
4805966
4805967
4805968
4805969
4805970
4805971
4805972
4805973
4805974
4805975
4805976
4805977
4805978
4805979
4805980
4805981
4805982
4805983
4805984
4805985
4805986
4805987
4805988
4805989
4805990
4805991
4805992
4805993
4805994
4805995
4805996
4805997
4805998
4805999
4806000
4806001
4806002
4806003
4806004
4806005
4806006
4806007
4806008
4806009
4806010
4806011
4806012
4806013
4806014
4806015
4806016
4806017
4806018
4806019
4806020
4806021
4806022
4806023
4806024
4806025
4806026
4806027
4806028
4806029
4806030
4806031
4806032
4806033
4806034
4806035
4806036
4806037
4806038
4806039
4806040
4806041
4806042
4806043
4806044
4806045
4806046
4806047
4806048
4806049
4806050
4806051
4806052
4806053
4806054
4806055
4806056
4806057
4806058
4806059
4806060
4806061
4806062
4806063
4806064
4806065
4806066
4806067
4806068
4806069
4806070
4806071
4806072
4806073
4806074
4806075
4806076
4806077
4806078
4806079
4806080
4806081
4806082
4806083
4806084
4806085
4806086
4806087
4806088
4806089
4806090
4806091
4806092
4806093
4806094
4806095
4806096
4806097
4806098
4806099
4806100
4806101
4806102
4806103
4806104
4806105
4806106
4806107
4806108
4806109
4806110
4806111
4806112
4806113
4806114
4806115
4806116
4806117
4806118
4806119
4806120
4806121
4806122
4806123
4806124
4806125
4806126
4806127
4806128
4806129
4806130
4806131
4806132
4806133
4806134
4806135
4806136
4806137
4806138
4806139
4806140
4806141
4806142
4806143
4806144
4806145
4806146
4806147
4806148
4806149
4806150
4806151
4806152
4806153
4806154
4806155
4806156
4806157
4806158
4806159
4806160
4806161
4806162
4806163
4806164
4806165
4806166
4806167
4806168
4806169
4806170
4806171
4806172
4806173
4806174
4806175
4806176
4806177
4806178
4806179
4806180
4806181
4806182
4806183
4806184
4806185
4806186
4806187
4806188
4806189
4806190
4806191
4806192
4806193
4806194
4806195
4806196
4806197
4806198
4806199
4806200
4806201
4806202
4806203
4806204
4806205
4806206
4806207
4806208
4806209
4806210
4806211
4806212
4806213
4806214
4806215
4806216
4806217
4806218
4806219
4806220
4806221
4806222
4806223
4806224
4806225
4806226
4806227
4806228
4806229
4806230
4806231
4806232
4806233
4806234
4806235
4806236
4806237
4806238
4806239
4806240
4806241
4806242
4806243
4806244
4806245
4806246
4806247
4806248
4806249
4806250
4806251
4806252
4806253
4806254
4806255
4806256
4806257
4806258
4806259
4806260
4806261
4806262
4806263
4806264
4806265
4806266
4806267
4806268
4806269
4806270
4806271
4806272
4806273
4806274
4806275
4806276
4806277
4806278
4806279
4806280
4806281
4806282
4806283
4806284
4806285
4806286
4806287
4806288
4806289
4806290
4806291
4806292
4806293
4806294
4806295
4806296
4806297
4806298
4806299
4806300
4806301
4806302
4806303
4806304
4806305
4806306
4806307
4806308
4806309
4806310
4806311
4806312
4806313
4806314
4806315
4806316
4806317
4806318
4806319
4806320
4806321
4806322
4806323
4806324
4806325
4806326
4806327
4806328
4806329
4806330
4806331
4806332
4806333
4806334
4806335
4806336
4806337
4806338
4806339
4806340
4806341
4806342
4806343
4806344
4806345
4806346
4806347
4806348
4806349
4806350
4806351
4806352
4806353
4806354
4806355
4806356
4806357
4806358
4806359
4806360
4806361
4806362
4806363
4806364
4806365
4806366
4806367
4806368
4806369
4806370
4806371
4806372
4806373
4806374
4806375
4806376
4806377
4806378
4806379
4806380
4806381
4806382
4806383
4806384
4806385
4806386
4806387
4806388
4806389
4806390
4806391
4806392
4806393
4806394
4806395
4806396
4806397
4806398
4806399
4806400
4806401
4806402
4806403
4806404
4806405
4806406
4806407
4806408
4806409
4806410
4806411
4806412
4806413
4806414
4806415
4806416
4806417
4806418
4806419
4806420
4806421
4806422
4806423
4806424
4806425
4806426
4806427
4806428
4806429
4806430
4806431
4806432
4806433
4806434
4806435
4806436
4806437
4806438
4806439
4806440
4806441
4806442
4806443
4806444
4806445
4806446
4806447
4806448
4806449
4806450
4806451
4806452
4806453
4806454
4806455
4806456
4806457
4806458
4806459
4806460
4806461
4806462
4806463
4806464
4806465
4806466
4806467
4806468
4806469
4806470
4806471
4806472
4806473
4806474
4806475
4806476
4806477
4806478
4806479
4806480
4806481
4806482
4806483
4806484
4806485
4806486
4806487
4806488
4806489
4806490
4806491
4806492
4806493
4806494
4806495
4806496
4806497
4806498
4806499
4806500
4806501
4806502
4806503
4806504
4806505
4806506
4806507
4806508
4806509
4806510
4806511
4806512
4806513
4806514
4806515
4806516
4806517
4806518
4806519
4806520
4806521
4806522
4806523
4806524
4806525
4806526
4806527
4806528
4806529
4806530
4806531
4806532
4806533
4806534
4806535
4806536
4806537
4806538
4806539
4806540
4806541
4806542
4806543
4806544
4806545
4806546
4806547
4806548
4806549
4806550
4806551
4806552
4806553
4806554
4806555
4806556
4806557
4806558
4806559
4806560
4806561
4806562
4806563
4806564
4806565
4806566
4806567
4806568
4806569
4806570
4806571
4806572
4806573
4806574
4806575
4806576
4806577
4806578
4806579
4806580
4806581
4806582
4806583
4806584
4806585
4806586
4806587
4806588
4806589
4806590
4806591
4806592
4806593
4806594
4806595
4806596
4806597
4806598
4806599
4806600
4806601
4806602
4806603
4806604
4806605
4806606
4806607
4806608
4806609
4806610
4806611
4806612
4806613
4806614
4806615
4806616
4806617
4806618
4806619
4806620
4806621
4806622
4806623
4806624
4806625
4806626
4806627
4806628
4806629
4806630
4806631
4806632
4806633
4806634
4806635
4806636
4806637
4806638
4806639
4806640
4806641
4806642
4806643
4806644
4806645
4806646
4806647
4806648
4806649
4806650
4806651
4806652
4806653
4806654
4806655
4806656
4806657
4806658
4806659
4806660
4806661
4806662
4806663
4806664
4806665
4806666
4806667
4806668
4806669
4806670
4806671
4806672
4806673
4806674
4806675
4806676
4806677
4806678
4806679
4806680
4806681
4806682
4806683
4806684
4806685
4806686
4806687
4806688
4806689
4806690
4806691
4806692
4806693
4806694
4806695
4806696
4806697
4806698
4806699
4806700
4806701
4806702
4806703
4806704
4806705
4806706
4806707
4806708
4806709
4806710
4806711
4806712
4806713
4806714
4806715
4806716
4806717
4806718
4806719
4806720
4806721
4806722
4806723
4806724
4806725
4806726
4806727
4806728
4806729
4806730
4806731
4806732
4806733
4806734
4806735
4806736
4806737
4806738
4806739
4806740
4806741
4806742
4806743
4806744
4806745
4806746
4806747
4806748
4806749
4806750
4806751
4806752
4806753
4806754
4806755
4806756
4806757
4806758
4806759
4806760
4806761
4806762
4806763
4806764
4806765
4806766
4806767
4806768
4806769
4806770
4806771
4806772
4806773
4806774
4806775
4806776
4806777
4806778
4806779
4806780
4806781
4806782
4806783
4806784
4806785
4806786
4806787
4806788
4806789
4806790
4806791
4806792
4806793
4806794
4806795
4806796
4806797
4806798
4806799
4806800
4806801
4806802
4806803
4806804
4806805
4806806
4806807
4806808
4806809
4806810
4806811
4806812
4806813
4806814
4806815
4806816
4806817
4806818
4806819
4806820
4806821
4806822
4806823
4806824
4806825
4806826
4806827
4806828
4806829
4806830
4806831
4806832
4806833
4806834
4806835
4806836
4806837
4806838
4806839
4806840
4806841
4806842
4806843
4806844
4806845
4806846
4806847
4806848
4806849
4806850
4806851
4806852
4806853
4806854
4806855
4806856
4806857
4806858
4806859
4806860
4806861
4806862
4806863
4806864
4806865
4806866
4806867
4806868
4806869
4806870
4806871
4806872
4806873
4806874
4806875
4806876
4806877
4806878
4806879
4806880
4806881
4806882
4806883
4806884
4806885
4806886
4806887
4806888
4806889
4806890
4806891
4806892
4806893
4806894
4806895
4806896
4806897
4806898
4806899
4806900
4806901
4806902
4806903
4806904
4806905
4806906
4806907
4806908
4806909
4806910
4806911
4806912
4806913
4806914
4806915
4806916
4806917
4806918
4806919
4806920
4806921
4806922
4806923
4806924
4806925
4806926
4806927
4806928
4806929
4806930
4806931
4806932
4806933
4806934
4806935
4806936
4806937
4806938
4806939
4806940
4806941
4806942
4806943
4806944
4806945
4806946
4806947
4806948
4806949
4806950
4806951
4806952
4806953
4806954
4806955
4806956
4806957
4806958
4806959
4806960
4806961
4806962
4806963
4806964
4806965
4806966
4806967
4806968
4806969
4806970
4806971
4806972
4806973
4806974
4806975
4806976
4806977
4806978
4806979
4806980
4806981
4806982
4806983
4806984
4806985
4806986
4806987
4806988
4806989
4806990
4806991
4806992
4806993
4806994
4806995
4806996
4806997
4806998
4806999
4807000
4807001
4807002
4807003
4807004
4807005
4807006
4807007
4807008
4807009
4807010
4807011
4807012
4807013
4807014
4807015
4807016
4807017
4807018
4807019
4807020
4807021
4807022
4807023
4807024
4807025
4807026
4807027
4807028
4807029
4807030
4807031
4807032
4807033
4807034
4807035
4807036
4807037
4807038
4807039
4807040
4807041
4807042
4807043
4807044
4807045
4807046
4807047
4807048
4807049
4807050
4807051
4807052
4807053
4807054
4807055
4807056
4807057
4807058
4807059
4807060
4807061
4807062
4807063
4807064
4807065
4807066
4807067
4807068
4807069
4807070
4807071
4807072
4807073
4807074
4807075
4807076
4807077
4807078
4807079
4807080
4807081
4807082
4807083
4807084
4807085
4807086
4807087
4807088
4807089
4807090
4807091
4807092
4807093
4807094
4807095
4807096
4807097
4807098
4807099
4807100
4807101
4807102
4807103
4807104
4807105
4807106
4807107
4807108
4807109
4807110
4807111
4807112
4807113
4807114
4807115
4807116
4807117
4807118
4807119
4807120
4807121
4807122
4807123
4807124
4807125
4807126
4807127
4807128
4807129
4807130
4807131
4807132
4807133
4807134
4807135
4807136
4807137
4807138
4807139
4807140
4807141
4807142
4807143
4807144
4807145
4807146
4807147
4807148
4807149
4807150
4807151
4807152
4807153
4807154
4807155
4807156
4807157
4807158
4807159
4807160
4807161
4807162
4807163
4807164
4807165
4807166
4807167
4807168
4807169
4807170
4807171
4807172
4807173
4807174
4807175
4807176
4807177
4807178
4807179
4807180
4807181
4807182
4807183
4807184
4807185
4807186
4807187
4807188
4807189
4807190
4807191
4807192
4807193
4807194
4807195
4807196
4807197
4807198
4807199
4807200
4807201
4807202
4807203
4807204
4807205
4807206
4807207
4807208
4807209
4807210
4807211
4807212
4807213
4807214
4807215
4807216
4807217
4807218
4807219
4807220
4807221
4807222
4807223
4807224
4807225
4807226
4807227
4807228
4807229
4807230
4807231
4807232
4807233
4807234
4807235
4807236
4807237
4807238
4807239
4807240
4807241
4807242
4807243
4807244
4807245
4807246
4807247
4807248
4807249
4807250
4807251
4807252
4807253
4807254
4807255
4807256
4807257
4807258
4807259
4807260
4807261
4807262
4807263
4807264
4807265
4807266
4807267
4807268
4807269
4807270
4807271
4807272
4807273
4807274
4807275
4807276
4807277
4807278
4807279
4807280
4807281
4807282
4807283
4807284
4807285
4807286
4807287
4807288
4807289
4807290
4807291
4807292
4807293
4807294
4807295
4807296
4807297
4807298
4807299
4807300
4807301
4807302
4807303
4807304
4807305
4807306
4807307
4807308
4807309
4807310
4807311
4807312
4807313
4807314
4807315
4807316
4807317
4807318
4807319
4807320
4807321
4807322
4807323
4807324
4807325
4807326
4807327
4807328
4807329
4807330
4807331
4807332
4807333
4807334
4807335
4807336
4807337
4807338
4807339
4807340
4807341
4807342
4807343
4807344
4807345
4807346
4807347
4807348
4807349
4807350
4807351
4807352
4807353
4807354
4807355
4807356
4807357
4807358
4807359
4807360
4807361
4807362
4807363
4807364
4807365
4807366
4807367
4807368
4807369
4807370
4807371
4807372
4807373
4807374
4807375
4807376
4807377
4807378
4807379
4807380
4807381
4807382
4807383
4807384
4807385
4807386
4807387
4807388
4807389
4807390
4807391
4807392
4807393
4807394
4807395
4807396
4807397
4807398
4807399
4807400
4807401
4807402
4807403
4807404
4807405
4807406
4807407
4807408
4807409
4807410
4807411
4807412
4807413
4807414
4807415
4807416
4807417
4807418
4807419
4807420
4807421
4807422
4807423
4807424
4807425
4807426
4807427
4807428
4807429
4807430
4807431
4807432
4807433
4807434
4807435
4807436
4807437
4807438
4807439
4807440
4807441
4807442
4807443
4807444
4807445
4807446
4807447
4807448
4807449
4807450
4807451
4807452
4807453
4807454
4807455
4807456
4807457
4807458
4807459
4807460
4807461
4807462
4807463
4807464
4807465
4807466
4807467
4807468
4807469
4807470
4807471
4807472
4807473
4807474
4807475
4807476
4807477
4807478
4807479
4807480
4807481
4807482
4807483
4807484
4807485
4807486
4807487
4807488
4807489
4807490
4807491
4807492
4807493
4807494
4807495
4807496
4807497
4807498
4807499
4807500
4807501
4807502
4807503
4807504
4807505
4807506
4807507
4807508
4807509
4807510
4807511
4807512
4807513
4807514
4807515
4807516
4807517
4807518
4807519
4807520
4807521
4807522
4807523
4807524
4807525
4807526
4807527
4807528
4807529
4807530
4807531
4807532
4807533
4807534
4807535
4807536
4807537
4807538
4807539
4807540
4807541
4807542
4807543
4807544
4807545
4807546
4807547
4807548
4807549
4807550
4807551
4807552
4807553
4807554
4807555
4807556
4807557
4807558
4807559
4807560
4807561
4807562
4807563
4807564
4807565
4807566
4807567
4807568
4807569
4807570
4807571
4807572
4807573
4807574
4807575
4807576
4807577
4807578
4807579
4807580
4807581
4807582
4807583
4807584
4807585
4807586
4807587
4807588
4807589
4807590
4807591
4807592
4807593
4807594
4807595
4807596
4807597
4807598
4807599
4807600
4807601
4807602
4807603
4807604
4807605
4807606
4807607
4807608
4807609
4807610
4807611
4807612
4807613
4807614
4807615
4807616
4807617
4807618
4807619
4807620
4807621
4807622
4807623
4807624
4807625
4807626
4807627
4807628
4807629
4807630
4807631
4807632
4807633
4807634
4807635
4807636
4807637
4807638
4807639
4807640
4807641
4807642
4807643
4807644
4807645
4807646
4807647
4807648
4807649
4807650
4807651
4807652
4807653
4807654
4807655
4807656
4807657
4807658
4807659
4807660
4807661
4807662
4807663
4807664
4807665
4807666
4807667
4807668
4807669
4807670
4807671
4807672
4807673
4807674
4807675
4807676
4807677
4807678
4807679
4807680
4807681
4807682
4807683
4807684
4807685
4807686
4807687
4807688
4807689
4807690
4807691
4807692
4807693
4807694
4807695
4807696
4807697
4807698
4807699
4807700
4807701
4807702
4807703
4807704
4807705
4807706
4807707
4807708
4807709
4807710
4807711
4807712
4807713
4807714
4807715
4807716
4807717
4807718
4807719
4807720
4807721
4807722
4807723
4807724
4807725
4807726
4807727
4807728
4807729
4807730
4807731
4807732
4807733
4807734
4807735
4807736
4807737
4807738
4807739
4807740
4807741
4807742
4807743
4807744
4807745
4807746
4807747
4807748
4807749
4807750
4807751
4807752
4807753
4807754
4807755
4807756
4807757
4807758
4807759
4807760
4807761
4807762
4807763
4807764
4807765
4807766
4807767
4807768
4807769
4807770
4807771
4807772
4807773
4807774
4807775
4807776
4807777
4807778
4807779
4807780
4807781
4807782
4807783
4807784
4807785
4807786
4807787
4807788
4807789
4807790
4807791
4807792
4807793
4807794
4807795
4807796
4807797
4807798
4807799
4807800
4807801
4807802
4807803
4807804
4807805
4807806
4807807
4807808
4807809
4807810
4807811
4807812
4807813
4807814
4807815
4807816
4807817
4807818
4807819
4807820
4807821
4807822
4807823
4807824
4807825
4807826
4807827
4807828
4807829
4807830
4807831
4807832
4807833
4807834
4807835
4807836
4807837
4807838
4807839
4807840
4807841
4807842
4807843
4807844
4807845
4807846
4807847
4807848
4807849
4807850
4807851
4807852
4807853
4807854
4807855
4807856
4807857
4807858
4807859
4807860
4807861
4807862
4807863
4807864
4807865
4807866
4807867
4807868
4807869
4807870
4807871
4807872
4807873
4807874
4807875
4807876
4807877
4807878
4807879
4807880
4807881
4807882
4807883
4807884
4807885
4807886
4807887
4807888
4807889
4807890
4807891
4807892
4807893
4807894
4807895
4807896
4807897
4807898
4807899
4807900
4807901
4807902
4807903
4807904
4807905
4807906
4807907
4807908
4807909
4807910
4807911
4807912
4807913
4807914
4807915
4807916
4807917
4807918
4807919
4807920
4807921
4807922
4807923
4807924
4807925
4807926
4807927
4807928
4807929
4807930
4807931
4807932
4807933
4807934
4807935
4807936
4807937
4807938
4807939
4807940
4807941
4807942
4807943
4807944
4807945
4807946
4807947
4807948
4807949
4807950
4807951
4807952
4807953
4807954
4807955
4807956
4807957
4807958
4807959
4807960
4807961
4807962
4807963
4807964
4807965
4807966
4807967
4807968
4807969
4807970
4807971
4807972
4807973
4807974
4807975
4807976
4807977
4807978
4807979
4807980
4807981
4807982
4807983
4807984
4807985
4807986
4807987
4807988
4807989
4807990
4807991
4807992
4807993
4807994
4807995
4807996
4807997
4807998
4807999
4808000
4808001
4808002
4808003
4808004
4808005
4808006
4808007
4808008
4808009
4808010
4808011
4808012
4808013
4808014
4808015
4808016
4808017
4808018
4808019
4808020
4808021
4808022
4808023
4808024
4808025
4808026
4808027
4808028
4808029
4808030
4808031
4808032
4808033
4808034
4808035
4808036
4808037
4808038
4808039
4808040
4808041
4808042
4808043
4808044
4808045
4808046
4808047
4808048
4808049
4808050
4808051
4808052
4808053
4808054
4808055
4808056
4808057
4808058
4808059
4808060
4808061
4808062
4808063
4808064
4808065
4808066
4808067
4808068
4808069
4808070
4808071
4808072
4808073
4808074
4808075
4808076
4808077
4808078
4808079
4808080
4808081
4808082
4808083
4808084
4808085
4808086
4808087
4808088
4808089
4808090
4808091
4808092
4808093
4808094
4808095
4808096
4808097
4808098
4808099
4808100
4808101
4808102
4808103
4808104
4808105
4808106
4808107
4808108
4808109
4808110
4808111
4808112
4808113
4808114
4808115
4808116
4808117
4808118
4808119
4808120
4808121
4808122
4808123
4808124
4808125
4808126
4808127
4808128
4808129
4808130
4808131
4808132
4808133
4808134
4808135
4808136
4808137
4808138
4808139
4808140
4808141
4808142
4808143
4808144
4808145
4808146
4808147
4808148
4808149
4808150
4808151
4808152
4808153
4808154
4808155
4808156
4808157
4808158
4808159
4808160
4808161
4808162
4808163
4808164
4808165
4808166
4808167
4808168
4808169
4808170
4808171
4808172
4808173
4808174
4808175
4808176
4808177
4808178
4808179
4808180
4808181
4808182
4808183
4808184
4808185
4808186
4808187
4808188
4808189
4808190
4808191
4808192
4808193
4808194
4808195
4808196
4808197
4808198
4808199
4808200
4808201
4808202
4808203
4808204
4808205
4808206
4808207
4808208
4808209
4808210
4808211
4808212
4808213
4808214
4808215
4808216
4808217
4808218
4808219
4808220
4808221
4808222
4808223
4808224
4808225
4808226
4808227
4808228
4808229
4808230
4808231
4808232
4808233
4808234
4808235
4808236
4808237
4808238
4808239
4808240
4808241
4808242
4808243
4808244
4808245
4808246
4808247
4808248
4808249
4808250
4808251
4808252
4808253
4808254
4808255
4808256
4808257
4808258
4808259
4808260
4808261
4808262
4808263
4808264
4808265
4808266
4808267
4808268
4808269
4808270
4808271
4808272
4808273
4808274
4808275
4808276
4808277
4808278
4808279
4808280
4808281
4808282
4808283
4808284
4808285
4808286
4808287
4808288
4808289
4808290
4808291
4808292
4808293
4808294
4808295
4808296
4808297
4808298
4808299
4808300
4808301
4808302
4808303
4808304
4808305
4808306
4808307
4808308
4808309
4808310
4808311
4808312
4808313
4808314
4808315
4808316
4808317
4808318
4808319
4808320
4808321
4808322
4808323
4808324
4808325
4808326
4808327
4808328
4808329
4808330
4808331
4808332
4808333
4808334
4808335
4808336
4808337
4808338
4808339
4808340
4808341
4808342
4808343
4808344
4808345
4808346
4808347
4808348
4808349
4808350
4808351
4808352
4808353
4808354
4808355
4808356
4808357
4808358
4808359
4808360
4808361
4808362
4808363
4808364
4808365
4808366
4808367
4808368
4808369
4808370
4808371
4808372
4808373
4808374
4808375
4808376
4808377
4808378
4808379
4808380
4808381
4808382
4808383
4808384
4808385
4808386
4808387
4808388
4808389
4808390
4808391
4808392
4808393
4808394
4808395
4808396
4808397
4808398
4808399
4808400
4808401
4808402
4808403
4808404
4808405
4808406
4808407
4808408
4808409
4808410
4808411
4808412
4808413
4808414
4808415
4808416
4808417
4808418
4808419
4808420
4808421
4808422
4808423
4808424
4808425
4808426
4808427
4808428
4808429
4808430
4808431
4808432
4808433
4808434
4808435
4808436
4808437
4808438
4808439
4808440
4808441
4808442
4808443
4808444
4808445
4808446
4808447
4808448
4808449
4808450
4808451
4808452
4808453
4808454
4808455
4808456
4808457
4808458
4808459
4808460
4808461
4808462
4808463
4808464
4808465
4808466
4808467
4808468
4808469
4808470
4808471
4808472
4808473
4808474
4808475
4808476
4808477
4808478
4808479
4808480
4808481
4808482
4808483
4808484
4808485
4808486
4808487
4808488
4808489
4808490
4808491
4808492
4808493
4808494
4808495
4808496
4808497
4808498
4808499
4808500
4808501
4808502
4808503
4808504
4808505
4808506
4808507
4808508
4808509
4808510
4808511
4808512
4808513
4808514
4808515
4808516
4808517
4808518
4808519
4808520
4808521
4808522
4808523
4808524
4808525
4808526
4808527
4808528
4808529
4808530
4808531
4808532
4808533
4808534
4808535
4808536
4808537
4808538
4808539
4808540
4808541
4808542
4808543
4808544
4808545
4808546
4808547
4808548
4808549
4808550
4808551
4808552
4808553
4808554
4808555
4808556
4808557
4808558
4808559
4808560
4808561
4808562
4808563
4808564
4808565
4808566
4808567
4808568
4808569
4808570
4808571
4808572
4808573
4808574
4808575
4808576
4808577
4808578
4808579
4808580
4808581
4808582
4808583
4808584
4808585
4808586
4808587
4808588
4808589
4808590
4808591
4808592
4808593
4808594
4808595
4808596
4808597
4808598
4808599
4808600
4808601
4808602
4808603
4808604
4808605
4808606
4808607
4808608
4808609
4808610
4808611
4808612
4808613
4808614
4808615
4808616
4808617
4808618
4808619
4808620
4808621
4808622
4808623
4808624
4808625
4808626
4808627
4808628
4808629
4808630
4808631
4808632
4808633
4808634
4808635
4808636
4808637
4808638
4808639
4808640
4808641
4808642
4808643
4808644
4808645
4808646
4808647
4808648
4808649
4808650
4808651
4808652
4808653
4808654
4808655
4808656
4808657
4808658
4808659
4808660
4808661
4808662
4808663
4808664
4808665
4808666
4808667
4808668
4808669
4808670
4808671
4808672
4808673
4808674
4808675
4808676
4808677
4808678
4808679
4808680
4808681
4808682
4808683
4808684
4808685
4808686
4808687
4808688
4808689
4808690
4808691
4808692
4808693
4808694
4808695
4808696
4808697
4808698
4808699
4808700
4808701
4808702
4808703
4808704
4808705
4808706
4808707
4808708
4808709
4808710
4808711
4808712
4808713
4808714
4808715
4808716
4808717
4808718
4808719
4808720
4808721
4808722
4808723
4808724
4808725
4808726
4808727
4808728
4808729
4808730
4808731
4808732
4808733
4808734
4808735
4808736
4808737
4808738
4808739
4808740
4808741
4808742
4808743
4808744
4808745
4808746
4808747
4808748
4808749
4808750
4808751
4808752
4808753
4808754
4808755
4808756
4808757
4808758
4808759
4808760
4808761
4808762
4808763
4808764
4808765
4808766
4808767
4808768
4808769
4808770
4808771
4808772
4808773
4808774
4808775
4808776
4808777
4808778
4808779
4808780
4808781
4808782
4808783
4808784
4808785
4808786
4808787
4808788
4808789
4808790
4808791
4808792
4808793
4808794
4808795
4808796
4808797
4808798
4808799
4808800
4808801
4808802
4808803
4808804
4808805
4808806
4808807
4808808
4808809
4808810
4808811
4808812
4808813
4808814
4808815
4808816
4808817
4808818
4808819
4808820
4808821
4808822
4808823
4808824
4808825
4808826
4808827
4808828
4808829
4808830
4808831
4808832
4808833
4808834
4808835
4808836
4808837
4808838
4808839
4808840
4808841
4808842
4808843
4808844
4808845
4808846
4808847
4808848
4808849
4808850
4808851
4808852
4808853
4808854
4808855
4808856
4808857
4808858
4808859
4808860
4808861
4808862
4808863
4808864
4808865
4808866
4808867
4808868
4808869
4808870
4808871
4808872
4808873
4808874
4808875
4808876
4808877
4808878
4808879
4808880
4808881
4808882
4808883
4808884
4808885
4808886
4808887
4808888
4808889
4808890
4808891
4808892
4808893
4808894
4808895
4808896
4808897
4808898
4808899
4808900
4808901
4808902
4808903
4808904
4808905
4808906
4808907
4808908
4808909
4808910
4808911
4808912
4808913
4808914
4808915
4808916
4808917
4808918
4808919
4808920
4808921
4808922
4808923
4808924
4808925
4808926
4808927
4808928
4808929
4808930
4808931
4808932
4808933
4808934
4808935
4808936
4808937
4808938
4808939
4808940
4808941
4808942
4808943
4808944
4808945
4808946
4808947
4808948
4808949
4808950
4808951
4808952
4808953
4808954
4808955
4808956
4808957
4808958
4808959
4808960
4808961
4808962
4808963
4808964
4808965
4808966
4808967
4808968
4808969
4808970
4808971
4808972
4808973
4808974
4808975
4808976
4808977
4808978
4808979
4808980
4808981
4808982
4808983
4808984
4808985
4808986
4808987
4808988
4808989
4808990
4808991
4808992
4808993
4808994
4808995
4808996
4808997
4808998
4808999
4809000
4809001
4809002
4809003
4809004
4809005
4809006
4809007
4809008
4809009
4809010
4809011
4809012
4809013
4809014
4809015
4809016
4809017
4809018
4809019
4809020
4809021
4809022
4809023
4809024
4809025
4809026
4809027
4809028
4809029
4809030
4809031
4809032
4809033
4809034
4809035
4809036
4809037
4809038
4809039
4809040
4809041
4809042
4809043
4809044
4809045
4809046
4809047
4809048
4809049
4809050
4809051
4809052
4809053
4809054
4809055
4809056
4809057
4809058
4809059
4809060
4809061
4809062
4809063
4809064
4809065
4809066
4809067
4809068
4809069
4809070
4809071
4809072
4809073
4809074
4809075
4809076
4809077
4809078
4809079
4809080
4809081
4809082
4809083
4809084
4809085
4809086
4809087
4809088
4809089
4809090
4809091
4809092
4809093
4809094
4809095
4809096
4809097
4809098
4809099
4809100
4809101
4809102
4809103
4809104
4809105
4809106
4809107
4809108
4809109
4809110
4809111
4809112
4809113
4809114
4809115
4809116
4809117
4809118
4809119
4809120
4809121
4809122
4809123
4809124
4809125
4809126
4809127
4809128
4809129
4809130
4809131
4809132
4809133
4809134
4809135
4809136
4809137
4809138
4809139
4809140
4809141
4809142
4809143
4809144
4809145
4809146
4809147
4809148
4809149
4809150
4809151
4809152
4809153
4809154
4809155
4809156
4809157
4809158
4809159
4809160
4809161
4809162
4809163
4809164
4809165
4809166
4809167
4809168
4809169
4809170
4809171
4809172
4809173
4809174
4809175
4809176
4809177
4809178
4809179
4809180
4809181
4809182
4809183
4809184
4809185
4809186
4809187
4809188
4809189
4809190
4809191
4809192
4809193
4809194
4809195
4809196
4809197
4809198
4809199
4809200
4809201
4809202
4809203
4809204
4809205
4809206
4809207
4809208
4809209
4809210
4809211
4809212
4809213
4809214
4809215
4809216
4809217
4809218
4809219
4809220
4809221
4809222
4809223
4809224
4809225
4809226
4809227
4809228
4809229
4809230
4809231
4809232
4809233
4809234
4809235
4809236
4809237
4809238
4809239
4809240
4809241
4809242
4809243
4809244
4809245
4809246
4809247
4809248
4809249
4809250
4809251
4809252
4809253
4809254
4809255
4809256
4809257
4809258
4809259
4809260
4809261
4809262
4809263
4809264
4809265
4809266
4809267
4809268
4809269
4809270
4809271
4809272
4809273
4809274
4809275
4809276
4809277
4809278
4809279
4809280
4809281
4809282
4809283
4809284
4809285
4809286
4809287
4809288
4809289
4809290
4809291
4809292
4809293
4809294
4809295
4809296
4809297
4809298
4809299
4809300
4809301
4809302
4809303
4809304
4809305
4809306
4809307
4809308
4809309
4809310
4809311
4809312
4809313
4809314
4809315
4809316
4809317
4809318
4809319
4809320
4809321
4809322
4809323
4809324
4809325
4809326
4809327
4809328
4809329
4809330
4809331
4809332
4809333
4809334
4809335
4809336
4809337
4809338
4809339
4809340
4809341
4809342
4809343
4809344
4809345
4809346
4809347
4809348
4809349
4809350
4809351
4809352
4809353
4809354
4809355
4809356
4809357
4809358
4809359
4809360
4809361
4809362
4809363
4809364
4809365
4809366
4809367
4809368
4809369
4809370
4809371
4809372
4809373
4809374
4809375
4809376
4809377
4809378
4809379
4809380
4809381
4809382
4809383
4809384
4809385
4809386
4809387
4809388
4809389
4809390
4809391
4809392
4809393
4809394
4809395
4809396
4809397
4809398
4809399
4809400
4809401
4809402
4809403
4809404
4809405
4809406
4809407
4809408
4809409
4809410
4809411
4809412
4809413
4809414
4809415
4809416
4809417
4809418
4809419
4809420
4809421
4809422
4809423
4809424
4809425
4809426
4809427
4809428
4809429
4809430
4809431
4809432
4809433
4809434
4809435
4809436
4809437
4809438
4809439
4809440
4809441
4809442
4809443
4809444
4809445
4809446
4809447
4809448
4809449
4809450
4809451
4809452
4809453
4809454
4809455
4809456
4809457
4809458
4809459
4809460
4809461
4809462
4809463
4809464
4809465
4809466
4809467
4809468
4809469
4809470
4809471
4809472
4809473
4809474
4809475
4809476
4809477
4809478
4809479
4809480
4809481
4809482
4809483
4809484
4809485
4809486
4809487
4809488
4809489
4809490
4809491
4809492
4809493
4809494
4809495
4809496
4809497
4809498
4809499
4809500
4809501
4809502
4809503
4809504
4809505
4809506
4809507
4809508
4809509
4809510
4809511
4809512
4809513
4809514
4809515
4809516
4809517
4809518
4809519
4809520
4809521
4809522
4809523
4809524
4809525
4809526
4809527
4809528
4809529
4809530
4809531
4809532
4809533
4809534
4809535
4809536
4809537
4809538
4809539
4809540
4809541
4809542
4809543
4809544
4809545
4809546
4809547
4809548
4809549
4809550
4809551
4809552
4809553
4809554
4809555
4809556
4809557
4809558
4809559
4809560
4809561
4809562
4809563
4809564
4809565
4809566
4809567
4809568
4809569
4809570
4809571
4809572
4809573
4809574
4809575
4809576
4809577
4809578
4809579
4809580
4809581
4809582
4809583
4809584
4809585
4809586
4809587
4809588
4809589
4809590
4809591
4809592
4809593
4809594
4809595
4809596
4809597
4809598
4809599
4809600
4809601
4809602
4809603
4809604
4809605
4809606
4809607
4809608
4809609
4809610
4809611
4809612
4809613
4809614
4809615
4809616
4809617
4809618
4809619
4809620
4809621
4809622
4809623
4809624
4809625
4809626
4809627
4809628
4809629
4809630
4809631
4809632
4809633
4809634
4809635
4809636
4809637
4809638
4809639
4809640
4809641
4809642
4809643
4809644
4809645
4809646
4809647
4809648
4809649
4809650
4809651
4809652
4809653
4809654
4809655
4809656
4809657
4809658
4809659
4809660
4809661
4809662
4809663
4809664
4809665
4809666
4809667
4809668
4809669
4809670
4809671
4809672
4809673
4809674
4809675
4809676
4809677
4809678
4809679
4809680
4809681
4809682
4809683
4809684
4809685
4809686
4809687
4809688
4809689
4809690
4809691
4809692
4809693
4809694
4809695
4809696
4809697
4809698
4809699
4809700
4809701
4809702
4809703
4809704
4809705
4809706
4809707
4809708
4809709
4809710
4809711
4809712
4809713
4809714
4809715
4809716
4809717
4809718
4809719
4809720
4809721
4809722
4809723
4809724
4809725
4809726
4809727
4809728
4809729
4809730
4809731
4809732
4809733
4809734
4809735
4809736
4809737
4809738
4809739
4809740
4809741
4809742
4809743
4809744
4809745
4809746
4809747
4809748
4809749
4809750
4809751
4809752
4809753
4809754
4809755
4809756
4809757
4809758
4809759
4809760
4809761
4809762
4809763
4809764
4809765
4809766
4809767
4809768
4809769
4809770
4809771
4809772
4809773
4809774
4809775
4809776
4809777
4809778
4809779
4809780
4809781
4809782
4809783
4809784
4809785
4809786
4809787
4809788
4809789
4809790
4809791
4809792
4809793
4809794
4809795
4809796
4809797
4809798
4809799
4809800
4809801
4809802
4809803
4809804
4809805
4809806
4809807
4809808
4809809
4809810
4809811
4809812
4809813
4809814
4809815
4809816
4809817
4809818
4809819
4809820
4809821
4809822
4809823
4809824
4809825
4809826
4809827
4809828
4809829
4809830
4809831
4809832
4809833
4809834
4809835
4809836
4809837
4809838
4809839
4809840
4809841
4809842
4809843
4809844
4809845
4809846
4809847
4809848
4809849
4809850
4809851
4809852
4809853
4809854
4809855
4809856
4809857
4809858
4809859
4809860
4809861
4809862
4809863
4809864
4809865
4809866
4809867
4809868
4809869
4809870
4809871
4809872
4809873
4809874
4809875
4809876
4809877
4809878
4809879
4809880
4809881
4809882
4809883
4809884
4809885
4809886
4809887
4809888
4809889
4809890
4809891
4809892
4809893
4809894
4809895
4809896
4809897
4809898
4809899
4809900
4809901
4809902
4809903
4809904
4809905
4809906
4809907
4809908
4809909
4809910
4809911
4809912
4809913
4809914
4809915
4809916
4809917
4809918
4809919
4809920
4809921
4809922
4809923
4809924
4809925
4809926
4809927
4809928
4809929
4809930
4809931
4809932
4809933
4809934
4809935
4809936
4809937
4809938
4809939
4809940
4809941
4809942
4809943
4809944
4809945
4809946
4809947
4809948
4809949
4809950
4809951
4809952
4809953
4809954
4809955
4809956
4809957
4809958
4809959
4809960
4809961
4809962
4809963
4809964
4809965
4809966
4809967
4809968
4809969
4809970
4809971
4809972
4809973
4809974
4809975
4809976
4809977
4809978
4809979
4809980
4809981
4809982
4809983
4809984
4809985
4809986
4809987
4809988
4809989
4809990
4809991
4809992
4809993
4809994
4809995
4809996
4809997
4809998
4809999
4810000
