5000001
5000002
5000003
5000004
5000005
5000006
5000007
5000008
5000009
5000010
5000011
5000012
5000013
5000014
5000015
5000016
5000017
5000018
5000019
5000020
5000021
5000022
5000023
5000024
5000025
5000026
5000027
5000028
5000029
5000030
5000031
5000032
5000033
5000034
5000035
5000036
5000037
5000038
5000039
5000040
5000041
5000042
5000043
5000044
5000045
5000046
5000047
5000048
5000049
5000050
5000051
5000052
5000053
5000054
5000055
5000056
5000057
5000058
5000059
5000060
5000061
5000062
5000063
5000064
5000065
5000066
5000067
5000068
5000069
5000070
5000071
5000072
5000073
5000074
5000075
5000076
5000077
5000078
5000079
5000080
5000081
5000082
5000083
5000084
5000085
5000086
5000087
5000088
5000089
5000090
5000091
5000092
5000093
5000094
5000095
5000096
5000097
5000098
5000099
5000100
5000101
5000102
5000103
5000104
5000105
5000106
5000107
5000108
5000109
5000110
5000111
5000112
5000113
5000114
5000115
5000116
5000117
5000118
5000119
5000120
5000121
5000122
5000123
5000124
5000125
5000126
5000127
5000128
5000129
5000130
5000131
5000132
5000133
5000134
5000135
5000136
5000137
5000138
5000139
5000140
5000141
5000142
5000143
5000144
5000145
5000146
5000147
5000148
5000149
5000150
5000151
5000152
5000153
5000154
5000155
5000156
5000157
5000158
5000159
5000160
5000161
5000162
5000163
5000164
5000165
5000166
5000167
5000168
5000169
5000170
5000171
5000172
5000173
5000174
5000175
5000176
5000177
5000178
5000179
5000180
5000181
5000182
5000183
5000184
5000185
5000186
5000187
5000188
5000189
5000190
5000191
5000192
5000193
5000194
5000195
5000196
5000197
5000198
5000199
5000200
5000201
5000202
5000203
5000204
5000205
5000206
5000207
5000208
5000209
5000210
5000211
5000212
5000213
5000214
5000215
5000216
5000217
5000218
5000219
5000220
5000221
5000222
5000223
5000224
5000225
5000226
5000227
5000228
5000229
5000230
5000231
5000232
5000233
5000234
5000235
5000236
5000237
5000238
5000239
5000240
5000241
5000242
5000243
5000244
5000245
5000246
5000247
5000248
5000249
5000250
5000251
5000252
5000253
5000254
5000255
5000256
5000257
5000258
5000259
5000260
5000261
5000262
5000263
5000264
5000265
5000266
5000267
5000268
5000269
5000270
5000271
5000272
5000273
5000274
5000275
5000276
5000277
5000278
5000279
5000280
5000281
5000282
5000283
5000284
5000285
5000286
5000287
5000288
5000289
5000290
5000291
5000292
5000293
5000294
5000295
5000296
5000297
5000298
5000299
5000300
5000301
5000302
5000303
5000304
5000305
5000306
5000307
5000308
5000309
5000310
5000311
5000312
5000313
5000314
5000315
5000316
5000317
5000318
5000319
5000320
5000321
5000322
5000323
5000324
5000325
5000326
5000327
5000328
5000329
5000330
5000331
5000332
5000333
5000334
5000335
5000336
5000337
5000338
5000339
5000340
5000341
5000342
5000343
5000344
5000345
5000346
5000347
5000348
5000349
5000350
5000351
5000352
5000353
5000354
5000355
5000356
5000357
5000358
5000359
5000360
5000361
5000362
5000363
5000364
5000365
5000366
5000367
5000368
5000369
5000370
5000371
5000372
5000373
5000374
5000375
5000376
5000377
5000378
5000379
5000380
5000381
5000382
5000383
5000384
5000385
5000386
5000387
5000388
5000389
5000390
5000391
5000392
5000393
5000394
5000395
5000396
5000397
5000398
5000399
5000400
5000401
5000402
5000403
5000404
5000405
5000406
5000407
5000408
5000409
5000410
5000411
5000412
5000413
5000414
5000415
5000416
5000417
5000418
5000419
5000420
5000421
5000422
5000423
5000424
5000425
5000426
5000427
5000428
5000429
5000430
5000431
5000432
5000433
5000434
5000435
5000436
5000437
5000438
5000439
5000440
5000441
5000442
5000443
5000444
5000445
5000446
5000447
5000448
5000449
5000450
5000451
5000452
5000453
5000454
5000455
5000456
5000457
5000458
5000459
5000460
5000461
5000462
5000463
5000464
5000465
5000466
5000467
5000468
5000469
5000470
5000471
5000472
5000473
5000474
5000475
5000476
5000477
5000478
5000479
5000480
5000481
5000482
5000483
5000484
5000485
5000486
5000487
5000488
5000489
5000490
5000491
5000492
5000493
5000494
5000495
5000496
5000497
5000498
5000499
5000500
5000501
5000502
5000503
5000504
5000505
5000506
5000507
5000508
5000509
5000510
5000511
5000512
5000513
5000514
5000515
5000516
5000517
5000518
5000519
5000520
5000521
5000522
5000523
5000524
5000525
5000526
5000527
5000528
5000529
5000530
5000531
5000532
5000533
5000534
5000535
5000536
5000537
5000538
5000539
5000540
5000541
5000542
5000543
5000544
5000545
5000546
5000547
5000548
5000549
5000550
5000551
5000552
5000553
5000554
5000555
5000556
5000557
5000558
5000559
5000560
5000561
5000562
5000563
5000564
5000565
5000566
5000567
5000568
5000569
5000570
5000571
5000572
5000573
5000574
5000575
5000576
5000577
5000578
5000579
5000580
5000581
5000582
5000583
5000584
5000585
5000586
5000587
5000588
5000589
5000590
5000591
5000592
5000593
5000594
5000595
5000596
5000597
5000598
5000599
5000600
5000601
5000602
5000603
5000604
5000605
5000606
5000607
5000608
5000609
5000610
5000611
5000612
5000613
5000614
5000615
5000616
5000617
5000618
5000619
5000620
5000621
5000622
5000623
5000624
5000625
5000626
5000627
5000628
5000629
5000630
5000631
5000632
5000633
5000634
5000635
5000636
5000637
5000638
5000639
5000640
5000641
5000642
5000643
5000644
5000645
5000646
5000647
5000648
5000649
5000650
5000651
5000652
5000653
5000654
5000655
5000656
5000657
5000658
5000659
5000660
5000661
5000662
5000663
5000664
5000665
5000666
5000667
5000668
5000669
5000670
5000671
5000672
5000673
5000674
5000675
5000676
5000677
5000678
5000679
5000680
5000681
5000682
5000683
5000684
5000685
5000686
5000687
5000688
5000689
5000690
5000691
5000692
5000693
5000694
5000695
5000696
5000697
5000698
5000699
5000700
5000701
5000702
5000703
5000704
5000705
5000706
5000707
5000708
5000709
5000710
5000711
5000712
5000713
5000714
5000715
5000716
5000717
5000718
5000719
5000720
5000721
5000722
5000723
5000724
5000725
5000726
5000727
5000728
5000729
5000730
5000731
5000732
5000733
5000734
5000735
5000736
5000737
5000738
5000739
5000740
5000741
5000742
5000743
5000744
5000745
5000746
5000747
5000748
5000749
5000750
5000751
5000752
5000753
5000754
5000755
5000756
5000757
5000758
5000759
5000760
5000761
5000762
5000763
5000764
5000765
5000766
5000767
5000768
5000769
5000770
5000771
5000772
5000773
5000774
5000775
5000776
5000777
5000778
5000779
5000780
5000781
5000782
5000783
5000784
5000785
5000786
5000787
5000788
5000789
5000790
5000791
5000792
5000793
5000794
5000795
5000796
5000797
5000798
5000799
5000800
5000801
5000802
5000803
5000804
5000805
5000806
5000807
5000808
5000809
5000810
5000811
5000812
5000813
5000814
5000815
5000816
5000817
5000818
5000819
5000820
5000821
5000822
5000823
5000824
5000825
5000826
5000827
5000828
5000829
5000830
5000831
5000832
5000833
5000834
5000835
5000836
5000837
5000838
5000839
5000840
5000841
5000842
5000843
5000844
5000845
5000846
5000847
5000848
5000849
5000850
5000851
5000852
5000853
5000854
5000855
5000856
5000857
5000858
5000859
5000860
5000861
5000862
5000863
5000864
5000865
5000866
5000867
5000868
5000869
5000870
5000871
5000872
5000873
5000874
5000875
5000876
5000877
5000878
5000879
5000880
5000881
5000882
5000883
5000884
5000885
5000886
5000887
5000888
5000889
5000890
5000891
5000892
5000893
5000894
5000895
5000896
5000897
5000898
5000899
5000900
5000901
5000902
5000903
5000904
5000905
5000906
5000907
5000908
5000909
5000910
5000911
5000912
5000913
5000914
5000915
5000916
5000917
5000918
5000919
5000920
5000921
5000922
5000923
5000924
5000925
5000926
5000927
5000928
5000929
5000930
5000931
5000932
5000933
5000934
5000935
5000936
5000937
5000938
5000939
5000940
5000941
5000942
5000943
5000944
5000945
5000946
5000947
5000948
5000949
5000950
5000951
5000952
5000953
5000954
5000955
5000956
5000957
5000958
5000959
5000960
5000961
5000962
5000963
5000964
5000965
5000966
5000967
5000968
5000969
5000970
5000971
5000972
5000973
5000974
5000975
5000976
5000977
5000978
5000979
5000980
5000981
5000982
5000983
5000984
5000985
5000986
5000987
5000988
5000989
5000990
5000991
5000992
5000993
5000994
5000995
5000996
5000997
5000998
5000999
5001000
5001001
5001002
5001003
5001004
5001005
5001006
5001007
5001008
5001009
5001010
5001011
5001012
5001013
5001014
5001015
5001016
5001017
5001018
5001019
5001020
5001021
5001022
5001023
5001024
5001025
5001026
5001027
5001028
5001029
5001030
5001031
5001032
5001033
5001034
5001035
5001036
5001037
5001038
5001039
5001040
5001041
5001042
5001043
5001044
5001045
5001046
5001047
5001048
5001049
5001050
5001051
5001052
5001053
5001054
5001055
5001056
5001057
5001058
5001059
5001060
5001061
5001062
5001063
5001064
5001065
5001066
5001067
5001068
5001069
5001070
5001071
5001072
5001073
5001074
5001075
5001076
5001077
5001078
5001079
5001080
5001081
5001082
5001083
5001084
5001085
5001086
5001087
5001088
5001089
5001090
5001091
5001092
5001093
5001094
5001095
5001096
5001097
5001098
5001099
5001100
5001101
5001102
5001103
5001104
5001105
5001106
5001107
5001108
5001109
5001110
5001111
5001112
5001113
5001114
5001115
5001116
5001117
5001118
5001119
5001120
5001121
5001122
5001123
5001124
5001125
5001126
5001127
5001128
5001129
5001130
5001131
5001132
5001133
5001134
5001135
5001136
5001137
5001138
5001139
5001140
5001141
5001142
5001143
5001144
5001145
5001146
5001147
5001148
5001149
5001150
5001151
5001152
5001153
5001154
5001155
5001156
5001157
5001158
5001159
5001160
5001161
5001162
5001163
5001164
5001165
5001166
5001167
5001168
5001169
5001170
5001171
5001172
5001173
5001174
5001175
5001176
5001177
5001178
5001179
5001180
5001181
5001182
5001183
5001184
5001185
5001186
5001187
5001188
5001189
5001190
5001191
5001192
5001193
5001194
5001195
5001196
5001197
5001198
5001199
5001200
5001201
5001202
5001203
5001204
5001205
5001206
5001207
5001208
5001209
5001210
5001211
5001212
5001213
5001214
5001215
5001216
5001217
5001218
5001219
5001220
5001221
5001222
5001223
5001224
5001225
5001226
5001227
5001228
5001229
5001230
5001231
5001232
5001233
5001234
5001235
5001236
5001237
5001238
5001239
5001240
5001241
5001242
5001243
5001244
5001245
5001246
5001247
5001248
5001249
5001250
5001251
5001252
5001253
5001254
5001255
5001256
5001257
5001258
5001259
5001260
5001261
5001262
5001263
5001264
5001265
5001266
5001267
5001268
5001269
5001270
5001271
5001272
5001273
5001274
5001275
5001276
5001277
5001278
5001279
5001280
5001281
5001282
5001283
5001284
5001285
5001286
5001287
5001288
5001289
5001290
5001291
5001292
5001293
5001294
5001295
5001296
5001297
5001298
5001299
5001300
5001301
5001302
5001303
5001304
5001305
5001306
5001307
5001308
5001309
5001310
5001311
5001312
5001313
5001314
5001315
5001316
5001317
5001318
5001319
5001320
5001321
5001322
5001323
5001324
5001325
5001326
5001327
5001328
5001329
5001330
5001331
5001332
5001333
5001334
5001335
5001336
5001337
5001338
5001339
5001340
5001341
5001342
5001343
5001344
5001345
5001346
5001347
5001348
5001349
5001350
5001351
5001352
5001353
5001354
5001355
5001356
5001357
5001358
5001359
5001360
5001361
5001362
5001363
5001364
5001365
5001366
5001367
5001368
5001369
5001370
5001371
5001372
5001373
5001374
5001375
5001376
5001377
5001378
5001379
5001380
5001381
5001382
5001383
5001384
5001385
5001386
5001387
5001388
5001389
5001390
5001391
5001392
5001393
5001394
5001395
5001396
5001397
5001398
5001399
5001400
5001401
5001402
5001403
5001404
5001405
5001406
5001407
5001408
5001409
5001410
5001411
5001412
5001413
5001414
5001415
5001416
5001417
5001418
5001419
5001420
5001421
5001422
5001423
5001424
5001425
5001426
5001427
5001428
5001429
5001430
5001431
5001432
5001433
5001434
5001435
5001436
5001437
5001438
5001439
5001440
5001441
5001442
5001443
5001444
5001445
5001446
5001447
5001448
5001449
5001450
5001451
5001452
5001453
5001454
5001455
5001456
5001457
5001458
5001459
5001460
5001461
5001462
5001463
5001464
5001465
5001466
5001467
5001468
5001469
5001470
5001471
5001472
5001473
5001474
5001475
5001476
5001477
5001478
5001479
5001480
5001481
5001482
5001483
5001484
5001485
5001486
5001487
5001488
5001489
5001490
5001491
5001492
5001493
5001494
5001495
5001496
5001497
5001498
5001499
5001500
5001501
5001502
5001503
5001504
5001505
5001506
5001507
5001508
5001509
5001510
5001511
5001512
5001513
5001514
5001515
5001516
5001517
5001518
5001519
5001520
5001521
5001522
5001523
5001524
5001525
5001526
5001527
5001528
5001529
5001530
5001531
5001532
5001533
5001534
5001535
5001536
5001537
5001538
5001539
5001540
5001541
5001542
5001543
5001544
5001545
5001546
5001547
5001548
5001549
5001550
5001551
5001552
5001553
5001554
5001555
5001556
5001557
5001558
5001559
5001560
5001561
5001562
5001563
5001564
5001565
5001566
5001567
5001568
5001569
5001570
5001571
5001572
5001573
5001574
5001575
5001576
5001577
5001578
5001579
5001580
5001581
5001582
5001583
5001584
5001585
5001586
5001587
5001588
5001589
5001590
5001591
5001592
5001593
5001594
5001595
5001596
5001597
5001598
5001599
5001600
5001601
5001602
5001603
5001604
5001605
5001606
5001607
5001608
5001609
5001610
5001611
5001612
5001613
5001614
5001615
5001616
5001617
5001618
5001619
5001620
5001621
5001622
5001623
5001624
5001625
5001626
5001627
5001628
5001629
5001630
5001631
5001632
5001633
5001634
5001635
5001636
5001637
5001638
5001639
5001640
5001641
5001642
5001643
5001644
5001645
5001646
5001647
5001648
5001649
5001650
5001651
5001652
5001653
5001654
5001655
5001656
5001657
5001658
5001659
5001660
5001661
5001662
5001663
5001664
5001665
5001666
5001667
5001668
5001669
5001670
5001671
5001672
5001673
5001674
5001675
5001676
5001677
5001678
5001679
5001680
5001681
5001682
5001683
5001684
5001685
5001686
5001687
5001688
5001689
5001690
5001691
5001692
5001693
5001694
5001695
5001696
5001697
5001698
5001699
5001700
5001701
5001702
5001703
5001704
5001705
5001706
5001707
5001708
5001709
5001710
5001711
5001712
5001713
5001714
5001715
5001716
5001717
5001718
5001719
5001720
5001721
5001722
5001723
5001724
5001725
5001726
5001727
5001728
5001729
5001730
5001731
5001732
5001733
5001734
5001735
5001736
5001737
5001738
5001739
5001740
5001741
5001742
5001743
5001744
5001745
5001746
5001747
5001748
5001749
5001750
5001751
5001752
5001753
5001754
5001755
5001756
5001757
5001758
5001759
5001760
5001761
5001762
5001763
5001764
5001765
5001766
5001767
5001768
5001769
5001770
5001771
5001772
5001773
5001774
5001775
5001776
5001777
5001778
5001779
5001780
5001781
5001782
5001783
5001784
5001785
5001786
5001787
5001788
5001789
5001790
5001791
5001792
5001793
5001794
5001795
5001796
5001797
5001798
5001799
5001800
5001801
5001802
5001803
5001804
5001805
5001806
5001807
5001808
5001809
5001810
5001811
5001812
5001813
5001814
5001815
5001816
5001817
5001818
5001819
5001820
5001821
5001822
5001823
5001824
5001825
5001826
5001827
5001828
5001829
5001830
5001831
5001832
5001833
5001834
5001835
5001836
5001837
5001838
5001839
5001840
5001841
5001842
5001843
5001844
5001845
5001846
5001847
5001848
5001849
5001850
5001851
5001852
5001853
5001854
5001855
5001856
5001857
5001858
5001859
5001860
5001861
5001862
5001863
5001864
5001865
5001866
5001867
5001868
5001869
5001870
5001871
5001872
5001873
5001874
5001875
5001876
5001877
5001878
5001879
5001880
5001881
5001882
5001883
5001884
5001885
5001886
5001887
5001888
5001889
5001890
5001891
5001892
5001893
5001894
5001895
5001896
5001897
5001898
5001899
5001900
5001901
5001902
5001903
5001904
5001905
5001906
5001907
5001908
5001909
5001910
5001911
5001912
5001913
5001914
5001915
5001916
5001917
5001918
5001919
5001920
5001921
5001922
5001923
5001924
5001925
5001926
5001927
5001928
5001929
5001930
5001931
5001932
5001933
5001934
5001935
5001936
5001937
5001938
5001939
5001940
5001941
5001942
5001943
5001944
5001945
5001946
5001947
5001948
5001949
5001950
5001951
5001952
5001953
5001954
5001955
5001956
5001957
5001958
5001959
5001960
5001961
5001962
5001963
5001964
5001965
5001966
5001967
5001968
5001969
5001970
5001971
5001972
5001973
5001974
5001975
5001976
5001977
5001978
5001979
5001980
5001981
5001982
5001983
5001984
5001985
5001986
5001987
5001988
5001989
5001990
5001991
5001992
5001993
5001994
5001995
5001996
5001997
5001998
5001999
5002000
5002001
5002002
5002003
5002004
5002005
5002006
5002007
5002008
5002009
5002010
5002011
5002012
5002013
5002014
5002015
5002016
5002017
5002018
5002019
5002020
5002021
5002022
5002023
5002024
5002025
5002026
5002027
5002028
5002029
5002030
5002031
5002032
5002033
5002034
5002035
5002036
5002037
5002038
5002039
5002040
5002041
5002042
5002043
5002044
5002045
5002046
5002047
5002048
5002049
5002050
5002051
5002052
5002053
5002054
5002055
5002056
5002057
5002058
5002059
5002060
5002061
5002062
5002063
5002064
5002065
5002066
5002067
5002068
5002069
5002070
5002071
5002072
5002073
5002074
5002075
5002076
5002077
5002078
5002079
5002080
5002081
5002082
5002083
5002084
5002085
5002086
5002087
5002088
5002089
5002090
5002091
5002092
5002093
5002094
5002095
5002096
5002097
5002098
5002099
5002100
5002101
5002102
5002103
5002104
5002105
5002106
5002107
5002108
5002109
5002110
5002111
5002112
5002113
5002114
5002115
5002116
5002117
5002118
5002119
5002120
5002121
5002122
5002123
5002124
5002125
5002126
5002127
5002128
5002129
5002130
5002131
5002132
5002133
5002134
5002135
5002136
5002137
5002138
5002139
5002140
5002141
5002142
5002143
5002144
5002145
5002146
5002147
5002148
5002149
5002150
5002151
5002152
5002153
5002154
5002155
5002156
5002157
5002158
5002159
5002160
5002161
5002162
5002163
5002164
5002165
5002166
5002167
5002168
5002169
5002170
5002171
5002172
5002173
5002174
5002175
5002176
5002177
5002178
5002179
5002180
5002181
5002182
5002183
5002184
5002185
5002186
5002187
5002188
5002189
5002190
5002191
5002192
5002193
5002194
5002195
5002196
5002197
5002198
5002199
5002200
5002201
5002202
5002203
5002204
5002205
5002206
5002207
5002208
5002209
5002210
5002211
5002212
5002213
5002214
5002215
5002216
5002217
5002218
5002219
5002220
5002221
5002222
5002223
5002224
5002225
5002226
5002227
5002228
5002229
5002230
5002231
5002232
5002233
5002234
5002235
5002236
5002237
5002238
5002239
5002240
5002241
5002242
5002243
5002244
5002245
5002246
5002247
5002248
5002249
5002250
5002251
5002252
5002253
5002254
5002255
5002256
5002257
5002258
5002259
5002260
5002261
5002262
5002263
5002264
5002265
5002266
5002267
5002268
5002269
5002270
5002271
5002272
5002273
5002274
5002275
5002276
5002277
5002278
5002279
5002280
5002281
5002282
5002283
5002284
5002285
5002286
5002287
5002288
5002289
5002290
5002291
5002292
5002293
5002294
5002295
5002296
5002297
5002298
5002299
5002300
5002301
5002302
5002303
5002304
5002305
5002306
5002307
5002308
5002309
5002310
5002311
5002312
5002313
5002314
5002315
5002316
5002317
5002318
5002319
5002320
5002321
5002322
5002323
5002324
5002325
5002326
5002327
5002328
5002329
5002330
5002331
5002332
5002333
5002334
5002335
5002336
5002337
5002338
5002339
5002340
5002341
5002342
5002343
5002344
5002345
5002346
5002347
5002348
5002349
5002350
5002351
5002352
5002353
5002354
5002355
5002356
5002357
5002358
5002359
5002360
5002361
5002362
5002363
5002364
5002365
5002366
5002367
5002368
5002369
5002370
5002371
5002372
5002373
5002374
5002375
5002376
5002377
5002378
5002379
5002380
5002381
5002382
5002383
5002384
5002385
5002386
5002387
5002388
5002389
5002390
5002391
5002392
5002393
5002394
5002395
5002396
5002397
5002398
5002399
5002400
5002401
5002402
5002403
5002404
5002405
5002406
5002407
5002408
5002409
5002410
5002411
5002412
5002413
5002414
5002415
5002416
5002417
5002418
5002419
5002420
5002421
5002422
5002423
5002424
5002425
5002426
5002427
5002428
5002429
5002430
5002431
5002432
5002433
5002434
5002435
5002436
5002437
5002438
5002439
5002440
5002441
5002442
5002443
5002444
5002445
5002446
5002447
5002448
5002449
5002450
5002451
5002452
5002453
5002454
5002455
5002456
5002457
5002458
5002459
5002460
5002461
5002462
5002463
5002464
5002465
5002466
5002467
5002468
5002469
5002470
5002471
5002472
5002473
5002474
5002475
5002476
5002477
5002478
5002479
5002480
5002481
5002482
5002483
5002484
5002485
5002486
5002487
5002488
5002489
5002490
5002491
5002492
5002493
5002494
5002495
5002496
5002497
5002498
5002499
5002500
5002501
5002502
5002503
5002504
5002505
5002506
5002507
5002508
5002509
5002510
5002511
5002512
5002513
5002514
5002515
5002516
5002517
5002518
5002519
5002520
5002521
5002522
5002523
5002524
5002525
5002526
5002527
5002528
5002529
5002530
5002531
5002532
5002533
5002534
5002535
5002536
5002537
5002538
5002539
5002540
5002541
5002542
5002543
5002544
5002545
5002546
5002547
5002548
5002549
5002550
5002551
5002552
5002553
5002554
5002555
5002556
5002557
5002558
5002559
5002560
5002561
5002562
5002563
5002564
5002565
5002566
5002567
5002568
5002569
5002570
5002571
5002572
5002573
5002574
5002575
5002576
5002577
5002578
5002579
5002580
5002581
5002582
5002583
5002584
5002585
5002586
5002587
5002588
5002589
5002590
5002591
5002592
5002593
5002594
5002595
5002596
5002597
5002598
5002599
5002600
5002601
5002602
5002603
5002604
5002605
5002606
5002607
5002608
5002609
5002610
5002611
5002612
5002613
5002614
5002615
5002616
5002617
5002618
5002619
5002620
5002621
5002622
5002623
5002624
5002625
5002626
5002627
5002628
5002629
5002630
5002631
5002632
5002633
5002634
5002635
5002636
5002637
5002638
5002639
5002640
5002641
5002642
5002643
5002644
5002645
5002646
5002647
5002648
5002649
5002650
5002651
5002652
5002653
5002654
5002655
5002656
5002657
5002658
5002659
5002660
5002661
5002662
5002663
5002664
5002665
5002666
5002667
5002668
5002669
5002670
5002671
5002672
5002673
5002674
5002675
5002676
5002677
5002678
5002679
5002680
5002681
5002682
5002683
5002684
5002685
5002686
5002687
5002688
5002689
5002690
5002691
5002692
5002693
5002694
5002695
5002696
5002697
5002698
5002699
5002700
5002701
5002702
5002703
5002704
5002705
5002706
5002707
5002708
5002709
5002710
5002711
5002712
5002713
5002714
5002715
5002716
5002717
5002718
5002719
5002720
5002721
5002722
5002723
5002724
5002725
5002726
5002727
5002728
5002729
5002730
5002731
5002732
5002733
5002734
5002735
5002736
5002737
5002738
5002739
5002740
5002741
5002742
5002743
5002744
5002745
5002746
5002747
5002748
5002749
5002750
5002751
5002752
5002753
5002754
5002755
5002756
5002757
5002758
5002759
5002760
5002761
5002762
5002763
5002764
5002765
5002766
5002767
5002768
5002769
5002770
5002771
5002772
5002773
5002774
5002775
5002776
5002777
5002778
5002779
5002780
5002781
5002782
5002783
5002784
5002785
5002786
5002787
5002788
5002789
5002790
5002791
5002792
5002793
5002794
5002795
5002796
5002797
5002798
5002799
5002800
5002801
5002802
5002803
5002804
5002805
5002806
5002807
5002808
5002809
5002810
5002811
5002812
5002813
5002814
5002815
5002816
5002817
5002818
5002819
5002820
5002821
5002822
5002823
5002824
5002825
5002826
5002827
5002828
5002829
5002830
5002831
5002832
5002833
5002834
5002835
5002836
5002837
5002838
5002839
5002840
5002841
5002842
5002843
5002844
5002845
5002846
5002847
5002848
5002849
5002850
5002851
5002852
5002853
5002854
5002855
5002856
5002857
5002858
5002859
5002860
5002861
5002862
5002863
5002864
5002865
5002866
5002867
5002868
5002869
5002870
5002871
5002872
5002873
5002874
5002875
5002876
5002877
5002878
5002879
5002880
5002881
5002882
5002883
5002884
5002885
5002886
5002887
5002888
5002889
5002890
5002891
5002892
5002893
5002894
5002895
5002896
5002897
5002898
5002899
5002900
5002901
5002902
5002903
5002904
5002905
5002906
5002907
5002908
5002909
5002910
5002911
5002912
5002913
5002914
5002915
5002916
5002917
5002918
5002919
5002920
5002921
5002922
5002923
5002924
5002925
5002926
5002927
5002928
5002929
5002930
5002931
5002932
5002933
5002934
5002935
5002936
5002937
5002938
5002939
5002940
5002941
5002942
5002943
5002944
5002945
5002946
5002947
5002948
5002949
5002950
5002951
5002952
5002953
5002954
5002955
5002956
5002957
5002958
5002959
5002960
5002961
5002962
5002963
5002964
5002965
5002966
5002967
5002968
5002969
5002970
5002971
5002972
5002973
5002974
5002975
5002976
5002977
5002978
5002979
5002980
5002981
5002982
5002983
5002984
5002985
5002986
5002987
5002988
5002989
5002990
5002991
5002992
5002993
5002994
5002995
5002996
5002997
5002998
5002999
5003000
5003001
5003002
5003003
5003004
5003005
5003006
5003007
5003008
5003009
5003010
5003011
5003012
5003013
5003014
5003015
5003016
5003017
5003018
5003019
5003020
5003021
5003022
5003023
5003024
5003025
5003026
5003027
5003028
5003029
5003030
5003031
5003032
5003033
5003034
5003035
5003036
5003037
5003038
5003039
5003040
5003041
5003042
5003043
5003044
5003045
5003046
5003047
5003048
5003049
5003050
5003051
5003052
5003053
5003054
5003055
5003056
5003057
5003058
5003059
5003060
5003061
5003062
5003063
5003064
5003065
5003066
5003067
5003068
5003069
5003070
5003071
5003072
5003073
5003074
5003075
5003076
5003077
5003078
5003079
5003080
5003081
5003082
5003083
5003084
5003085
5003086
5003087
5003088
5003089
5003090
5003091
5003092
5003093
5003094
5003095
5003096
5003097
5003098
5003099
5003100
5003101
5003102
5003103
5003104
5003105
5003106
5003107
5003108
5003109
5003110
5003111
5003112
5003113
5003114
5003115
5003116
5003117
5003118
5003119
5003120
5003121
5003122
5003123
5003124
5003125
5003126
5003127
5003128
5003129
5003130
5003131
5003132
5003133
5003134
5003135
5003136
5003137
5003138
5003139
5003140
5003141
5003142
5003143
5003144
5003145
5003146
5003147
5003148
5003149
5003150
5003151
5003152
5003153
5003154
5003155
5003156
5003157
5003158
5003159
5003160
5003161
5003162
5003163
5003164
5003165
5003166
5003167
5003168
5003169
5003170
5003171
5003172
5003173
5003174
5003175
5003176
5003177
5003178
5003179
5003180
5003181
5003182
5003183
5003184
5003185
5003186
5003187
5003188
5003189
5003190
5003191
5003192
5003193
5003194
5003195
5003196
5003197
5003198
5003199
5003200
5003201
5003202
5003203
5003204
5003205
5003206
5003207
5003208
5003209
5003210
5003211
5003212
5003213
5003214
5003215
5003216
5003217
5003218
5003219
5003220
5003221
5003222
5003223
5003224
5003225
5003226
5003227
5003228
5003229
5003230
5003231
5003232
5003233
5003234
5003235
5003236
5003237
5003238
5003239
5003240
5003241
5003242
5003243
5003244
5003245
5003246
5003247
5003248
5003249
5003250
5003251
5003252
5003253
5003254
5003255
5003256
5003257
5003258
5003259
5003260
5003261
5003262
5003263
5003264
5003265
5003266
5003267
5003268
5003269
5003270
5003271
5003272
5003273
5003274
5003275
5003276
5003277
5003278
5003279
5003280
5003281
5003282
5003283
5003284
5003285
5003286
5003287
5003288
5003289
5003290
5003291
5003292
5003293
5003294
5003295
5003296
5003297
5003298
5003299
5003300
5003301
5003302
5003303
5003304
5003305
5003306
5003307
5003308
5003309
5003310
5003311
5003312
5003313
5003314
5003315
5003316
5003317
5003318
5003319
5003320
5003321
5003322
5003323
5003324
5003325
5003326
5003327
5003328
5003329
5003330
5003331
5003332
5003333
5003334
5003335
5003336
5003337
5003338
5003339
5003340
5003341
5003342
5003343
5003344
5003345
5003346
5003347
5003348
5003349
5003350
5003351
5003352
5003353
5003354
5003355
5003356
5003357
5003358
5003359
5003360
5003361
5003362
5003363
5003364
5003365
5003366
5003367
5003368
5003369
5003370
5003371
5003372
5003373
5003374
5003375
5003376
5003377
5003378
5003379
5003380
5003381
5003382
5003383
5003384
5003385
5003386
5003387
5003388
5003389
5003390
5003391
5003392
5003393
5003394
5003395
5003396
5003397
5003398
5003399
5003400
5003401
5003402
5003403
5003404
5003405
5003406
5003407
5003408
5003409
5003410
5003411
5003412
5003413
5003414
5003415
5003416
5003417
5003418
5003419
5003420
5003421
5003422
5003423
5003424
5003425
5003426
5003427
5003428
5003429
5003430
5003431
5003432
5003433
5003434
5003435
5003436
5003437
5003438
5003439
5003440
5003441
5003442
5003443
5003444
5003445
5003446
5003447
5003448
5003449
5003450
5003451
5003452
5003453
5003454
5003455
5003456
5003457
5003458
5003459
5003460
5003461
5003462
5003463
5003464
5003465
5003466
5003467
5003468
5003469
5003470
5003471
5003472
5003473
5003474
5003475
5003476
5003477
5003478
5003479
5003480
5003481
5003482
5003483
5003484
5003485
5003486
5003487
5003488
5003489
5003490
5003491
5003492
5003493
5003494
5003495
5003496
5003497
5003498
5003499
5003500
5003501
5003502
5003503
5003504
5003505
5003506
5003507
5003508
5003509
5003510
5003511
5003512
5003513
5003514
5003515
5003516
5003517
5003518
5003519
5003520
5003521
5003522
5003523
5003524
5003525
5003526
5003527
5003528
5003529
5003530
5003531
5003532
5003533
5003534
5003535
5003536
5003537
5003538
5003539
5003540
5003541
5003542
5003543
5003544
5003545
5003546
5003547
5003548
5003549
5003550
5003551
5003552
5003553
5003554
5003555
5003556
5003557
5003558
5003559
5003560
5003561
5003562
5003563
5003564
5003565
5003566
5003567
5003568
5003569
5003570
5003571
5003572
5003573
5003574
5003575
5003576
5003577
5003578
5003579
5003580
5003581
5003582
5003583
5003584
5003585
5003586
5003587
5003588
5003589
5003590
5003591
5003592
5003593
5003594
5003595
5003596
5003597
5003598
5003599
5003600
5003601
5003602
5003603
5003604
5003605
5003606
5003607
5003608
5003609
5003610
5003611
5003612
5003613
5003614
5003615
5003616
5003617
5003618
5003619
5003620
5003621
5003622
5003623
5003624
5003625
5003626
5003627
5003628
5003629
5003630
5003631
5003632
5003633
5003634
5003635
5003636
5003637
5003638
5003639
5003640
5003641
5003642
5003643
5003644
5003645
5003646
5003647
5003648
5003649
5003650
5003651
5003652
5003653
5003654
5003655
5003656
5003657
5003658
5003659
5003660
5003661
5003662
5003663
5003664
5003665
5003666
5003667
5003668
5003669
5003670
5003671
5003672
5003673
5003674
5003675
5003676
5003677
5003678
5003679
5003680
5003681
5003682
5003683
5003684
5003685
5003686
5003687
5003688
5003689
5003690
5003691
5003692
5003693
5003694
5003695
5003696
5003697
5003698
5003699
5003700
5003701
5003702
5003703
5003704
5003705
5003706
5003707
5003708
5003709
5003710
5003711
5003712
5003713
5003714
5003715
5003716
5003717
5003718
5003719
5003720
5003721
5003722
5003723
5003724
5003725
5003726
5003727
5003728
5003729
5003730
5003731
5003732
5003733
5003734
5003735
5003736
5003737
5003738
5003739
5003740
5003741
5003742
5003743
5003744
5003745
5003746
5003747
5003748
5003749
5003750
5003751
5003752
5003753
5003754
5003755
5003756
5003757
5003758
5003759
5003760
5003761
5003762
5003763
5003764
5003765
5003766
5003767
5003768
5003769
5003770
5003771
5003772
5003773
5003774
5003775
5003776
5003777
5003778
5003779
5003780
5003781
5003782
5003783
5003784
5003785
5003786
5003787
5003788
5003789
5003790
5003791
5003792
5003793
5003794
5003795
5003796
5003797
5003798
5003799
5003800
5003801
5003802
5003803
5003804
5003805
5003806
5003807
5003808
5003809
5003810
5003811
5003812
5003813
5003814
5003815
5003816
5003817
5003818
5003819
5003820
5003821
5003822
5003823
5003824
5003825
5003826
5003827
5003828
5003829
5003830
5003831
5003832
5003833
5003834
5003835
5003836
5003837
5003838
5003839
5003840
5003841
5003842
5003843
5003844
5003845
5003846
5003847
5003848
5003849
5003850
5003851
5003852
5003853
5003854
5003855
5003856
5003857
5003858
5003859
5003860
5003861
5003862
5003863
5003864
5003865
5003866
5003867
5003868
5003869
5003870
5003871
5003872
5003873
5003874
5003875
5003876
5003877
5003878
5003879
5003880
5003881
5003882
5003883
5003884
5003885
5003886
5003887
5003888
5003889
5003890
5003891
5003892
5003893
5003894
5003895
5003896
5003897
5003898
5003899
5003900
5003901
5003902
5003903
5003904
5003905
5003906
5003907
5003908
5003909
5003910
5003911
5003912
5003913
5003914
5003915
5003916
5003917
5003918
5003919
5003920
5003921
5003922
5003923
5003924
5003925
5003926
5003927
5003928
5003929
5003930
5003931
5003932
5003933
5003934
5003935
5003936
5003937
5003938
5003939
5003940
5003941
5003942
5003943
5003944
5003945
5003946
5003947
5003948
5003949
5003950
5003951
5003952
5003953
5003954
5003955
5003956
5003957
5003958
5003959
5003960
5003961
5003962
5003963
5003964
5003965
5003966
5003967
5003968
5003969
5003970
5003971
5003972
5003973
5003974
5003975
5003976
5003977
5003978
5003979
5003980
5003981
5003982
5003983
5003984
5003985
5003986
5003987
5003988
5003989
5003990
5003991
5003992
5003993
5003994
5003995
5003996
5003997
5003998
5003999
5004000
5004001
5004002
5004003
5004004
5004005
5004006
5004007
5004008
5004009
5004010
5004011
5004012
5004013
5004014
5004015
5004016
5004017
5004018
5004019
5004020
5004021
5004022
5004023
5004024
5004025
5004026
5004027
5004028
5004029
5004030
5004031
5004032
5004033
5004034
5004035
5004036
5004037
5004038
5004039
5004040
5004041
5004042
5004043
5004044
5004045
5004046
5004047
5004048
5004049
5004050
5004051
5004052
5004053
5004054
5004055
5004056
5004057
5004058
5004059
5004060
5004061
5004062
5004063
5004064
5004065
5004066
5004067
5004068
5004069
5004070
5004071
5004072
5004073
5004074
5004075
5004076
5004077
5004078
5004079
5004080
5004081
5004082
5004083
5004084
5004085
5004086
5004087
5004088
5004089
5004090
5004091
5004092
5004093
5004094
5004095
5004096
5004097
5004098
5004099
5004100
5004101
5004102
5004103
5004104
5004105
5004106
5004107
5004108
5004109
5004110
5004111
5004112
5004113
5004114
5004115
5004116
5004117
5004118
5004119
5004120
5004121
5004122
5004123
5004124
5004125
5004126
5004127
5004128
5004129
5004130
5004131
5004132
5004133
5004134
5004135
5004136
5004137
5004138
5004139
5004140
5004141
5004142
5004143
5004144
5004145
5004146
5004147
5004148
5004149
5004150
5004151
5004152
5004153
5004154
5004155
5004156
5004157
5004158
5004159
5004160
5004161
5004162
5004163
5004164
5004165
5004166
5004167
5004168
5004169
5004170
5004171
5004172
5004173
5004174
5004175
5004176
5004177
5004178
5004179
5004180
5004181
5004182
5004183
5004184
5004185
5004186
5004187
5004188
5004189
5004190
5004191
5004192
5004193
5004194
5004195
5004196
5004197
5004198
5004199
5004200
5004201
5004202
5004203
5004204
5004205
5004206
5004207
5004208
5004209
5004210
5004211
5004212
5004213
5004214
5004215
5004216
5004217
5004218
5004219
5004220
5004221
5004222
5004223
5004224
5004225
5004226
5004227
5004228
5004229
5004230
5004231
5004232
5004233
5004234
5004235
5004236
5004237
5004238
5004239
5004240
5004241
5004242
5004243
5004244
5004245
5004246
5004247
5004248
5004249
5004250
5004251
5004252
5004253
5004254
5004255
5004256
5004257
5004258
5004259
5004260
5004261
5004262
5004263
5004264
5004265
5004266
5004267
5004268
5004269
5004270
5004271
5004272
5004273
5004274
5004275
5004276
5004277
5004278
5004279
5004280
5004281
5004282
5004283
5004284
5004285
5004286
5004287
5004288
5004289
5004290
5004291
5004292
5004293
5004294
5004295
5004296
5004297
5004298
5004299
5004300
5004301
5004302
5004303
5004304
5004305
5004306
5004307
5004308
5004309
5004310
5004311
5004312
5004313
5004314
5004315
5004316
5004317
5004318
5004319
5004320
5004321
5004322
5004323
5004324
5004325
5004326
5004327
5004328
5004329
5004330
5004331
5004332
5004333
5004334
5004335
5004336
5004337
5004338
5004339
5004340
5004341
5004342
5004343
5004344
5004345
5004346
5004347
5004348
5004349
5004350
5004351
5004352
5004353
5004354
5004355
5004356
5004357
5004358
5004359
5004360
5004361
5004362
5004363
5004364
5004365
5004366
5004367
5004368
5004369
5004370
5004371
5004372
5004373
5004374
5004375
5004376
5004377
5004378
5004379
5004380
5004381
5004382
5004383
5004384
5004385
5004386
5004387
5004388
5004389
5004390
5004391
5004392
5004393
5004394
5004395
5004396
5004397
5004398
5004399
5004400
5004401
5004402
5004403
5004404
5004405
5004406
5004407
5004408
5004409
5004410
5004411
5004412
5004413
5004414
5004415
5004416
5004417
5004418
5004419
5004420
5004421
5004422
5004423
5004424
5004425
5004426
5004427
5004428
5004429
5004430
5004431
5004432
5004433
5004434
5004435
5004436
5004437
5004438
5004439
5004440
5004441
5004442
5004443
5004444
5004445
5004446
5004447
5004448
5004449
5004450
5004451
5004452
5004453
5004454
5004455
5004456
5004457
5004458
5004459
5004460
5004461
5004462
5004463
5004464
5004465
5004466
5004467
5004468
5004469
5004470
5004471
5004472
5004473
5004474
5004475
5004476
5004477
5004478
5004479
5004480
5004481
5004482
5004483
5004484
5004485
5004486
5004487
5004488
5004489
5004490
5004491
5004492
5004493
5004494
5004495
5004496
5004497
5004498
5004499
5004500
5004501
5004502
5004503
5004504
5004505
5004506
5004507
5004508
5004509
5004510
5004511
5004512
5004513
5004514
5004515
5004516
5004517
5004518
5004519
5004520
5004521
5004522
5004523
5004524
5004525
5004526
5004527
5004528
5004529
5004530
5004531
5004532
5004533
5004534
5004535
5004536
5004537
5004538
5004539
5004540
5004541
5004542
5004543
5004544
5004545
5004546
5004547
5004548
5004549
5004550
5004551
5004552
5004553
5004554
5004555
5004556
5004557
5004558
5004559
5004560
5004561
5004562
5004563
5004564
5004565
5004566
5004567
5004568
5004569
5004570
5004571
5004572
5004573
5004574
5004575
5004576
5004577
5004578
5004579
5004580
5004581
5004582
5004583
5004584
5004585
5004586
5004587
5004588
5004589
5004590
5004591
5004592
5004593
5004594
5004595
5004596
5004597
5004598
5004599
5004600
5004601
5004602
5004603
5004604
5004605
5004606
5004607
5004608
5004609
5004610
5004611
5004612
5004613
5004614
5004615
5004616
5004617
5004618
5004619
5004620
5004621
5004622
5004623
5004624
5004625
5004626
5004627
5004628
5004629
5004630
5004631
5004632
5004633
5004634
5004635
5004636
5004637
5004638
5004639
5004640
5004641
5004642
5004643
5004644
5004645
5004646
5004647
5004648
5004649
5004650
5004651
5004652
5004653
5004654
5004655
5004656
5004657
5004658
5004659
5004660
5004661
5004662
5004663
5004664
5004665
5004666
5004667
5004668
5004669
5004670
5004671
5004672
5004673
5004674
5004675
5004676
5004677
5004678
5004679
5004680
5004681
5004682
5004683
5004684
5004685
5004686
5004687
5004688
5004689
5004690
5004691
5004692
5004693
5004694
5004695
5004696
5004697
5004698
5004699
5004700
5004701
5004702
5004703
5004704
5004705
5004706
5004707
5004708
5004709
5004710
5004711
5004712
5004713
5004714
5004715
5004716
5004717
5004718
5004719
5004720
5004721
5004722
5004723
5004724
5004725
5004726
5004727
5004728
5004729
5004730
5004731
5004732
5004733
5004734
5004735
5004736
5004737
5004738
5004739
5004740
5004741
5004742
5004743
5004744
5004745
5004746
5004747
5004748
5004749
5004750
5004751
5004752
5004753
5004754
5004755
5004756
5004757
5004758
5004759
5004760
5004761
5004762
5004763
5004764
5004765
5004766
5004767
5004768
5004769
5004770
5004771
5004772
5004773
5004774
5004775
5004776
5004777
5004778
5004779
5004780
5004781
5004782
5004783
5004784
5004785
5004786
5004787
5004788
5004789
5004790
5004791
5004792
5004793
5004794
5004795
5004796
5004797
5004798
5004799
5004800
5004801
5004802
5004803
5004804
5004805
5004806
5004807
5004808
5004809
5004810
5004811
5004812
5004813
5004814
5004815
5004816
5004817
5004818
5004819
5004820
5004821
5004822
5004823
5004824
5004825
5004826
5004827
5004828
5004829
5004830
5004831
5004832
5004833
5004834
5004835
5004836
5004837
5004838
5004839
5004840
5004841
5004842
5004843
5004844
5004845
5004846
5004847
5004848
5004849
5004850
5004851
5004852
5004853
5004854
5004855
5004856
5004857
5004858
5004859
5004860
5004861
5004862
5004863
5004864
5004865
5004866
5004867
5004868
5004869
5004870
5004871
5004872
5004873
5004874
5004875
5004876
5004877
5004878
5004879
5004880
5004881
5004882
5004883
5004884
5004885
5004886
5004887
5004888
5004889
5004890
5004891
5004892
5004893
5004894
5004895
5004896
5004897
5004898
5004899
5004900
5004901
5004902
5004903
5004904
5004905
5004906
5004907
5004908
5004909
5004910
5004911
5004912
5004913
5004914
5004915
5004916
5004917
5004918
5004919
5004920
5004921
5004922
5004923
5004924
5004925
5004926
5004927
5004928
5004929
5004930
5004931
5004932
5004933
5004934
5004935
5004936
5004937
5004938
5004939
5004940
5004941
5004942
5004943
5004944
5004945
5004946
5004947
5004948
5004949
5004950
5004951
5004952
5004953
5004954
5004955
5004956
5004957
5004958
5004959
5004960
5004961
5004962
5004963
5004964
5004965
5004966
5004967
5004968
5004969
5004970
5004971
5004972
5004973
5004974
5004975
5004976
5004977
5004978
5004979
5004980
5004981
5004982
5004983
5004984
5004985
5004986
5004987
5004988
5004989
5004990
5004991
5004992
5004993
5004994
5004995
5004996
5004997
5004998
5004999
5005000
5005001
5005002
5005003
5005004
5005005
5005006
5005007
5005008
5005009
5005010
5005011
5005012
5005013
5005014
5005015
5005016
5005017
5005018
5005019
5005020
5005021
5005022
5005023
5005024
5005025
5005026
5005027
5005028
5005029
5005030
5005031
5005032
5005033
5005034
5005035
5005036
5005037
5005038
5005039
5005040
5005041
5005042
5005043
5005044
5005045
5005046
5005047
5005048
5005049
5005050
5005051
5005052
5005053
5005054
5005055
5005056
5005057
5005058
5005059
5005060
5005061
5005062
5005063
5005064
5005065
5005066
5005067
5005068
5005069
5005070
5005071
5005072
5005073
5005074
5005075
5005076
5005077
5005078
5005079
5005080
5005081
5005082
5005083
5005084
5005085
5005086
5005087
5005088
5005089
5005090
5005091
5005092
5005093
5005094
5005095
5005096
5005097
5005098
5005099
5005100
5005101
5005102
5005103
5005104
5005105
5005106
5005107
5005108
5005109
5005110
5005111
5005112
5005113
5005114
5005115
5005116
5005117
5005118
5005119
5005120
5005121
5005122
5005123
5005124
5005125
5005126
5005127
5005128
5005129
5005130
5005131
5005132
5005133
5005134
5005135
5005136
5005137
5005138
5005139
5005140
5005141
5005142
5005143
5005144
5005145
5005146
5005147
5005148
5005149
5005150
5005151
5005152
5005153
5005154
5005155
5005156
5005157
5005158
5005159
5005160
5005161
5005162
5005163
5005164
5005165
5005166
5005167
5005168
5005169
5005170
5005171
5005172
5005173
5005174
5005175
5005176
5005177
5005178
5005179
5005180
5005181
5005182
5005183
5005184
5005185
5005186
5005187
5005188
5005189
5005190
5005191
5005192
5005193
5005194
5005195
5005196
5005197
5005198
5005199
5005200
5005201
5005202
5005203
5005204
5005205
5005206
5005207
5005208
5005209
5005210
5005211
5005212
5005213
5005214
5005215
5005216
5005217
5005218
5005219
5005220
5005221
5005222
5005223
5005224
5005225
5005226
5005227
5005228
5005229
5005230
5005231
5005232
5005233
5005234
5005235
5005236
5005237
5005238
5005239
5005240
5005241
5005242
5005243
5005244
5005245
5005246
5005247
5005248
5005249
5005250
5005251
5005252
5005253
5005254
5005255
5005256
5005257
5005258
5005259
5005260
5005261
5005262
5005263
5005264
5005265
5005266
5005267
5005268
5005269
5005270
5005271
5005272
5005273
5005274
5005275
5005276
5005277
5005278
5005279
5005280
5005281
5005282
5005283
5005284
5005285
5005286
5005287
5005288
5005289
5005290
5005291
5005292
5005293
5005294
5005295
5005296
5005297
5005298
5005299
5005300
5005301
5005302
5005303
5005304
5005305
5005306
5005307
5005308
5005309
5005310
5005311
5005312
5005313
5005314
5005315
5005316
5005317
5005318
5005319
5005320
5005321
5005322
5005323
5005324
5005325
5005326
5005327
5005328
5005329
5005330
5005331
5005332
5005333
5005334
5005335
5005336
5005337
5005338
5005339
5005340
5005341
5005342
5005343
5005344
5005345
5005346
5005347
5005348
5005349
5005350
5005351
5005352
5005353
5005354
5005355
5005356
5005357
5005358
5005359
5005360
5005361
5005362
5005363
5005364
5005365
5005366
5005367
5005368
5005369
5005370
5005371
5005372
5005373
5005374
5005375
5005376
5005377
5005378
5005379
5005380
5005381
5005382
5005383
5005384
5005385
5005386
5005387
5005388
5005389
5005390
5005391
5005392
5005393
5005394
5005395
5005396
5005397
5005398
5005399
5005400
5005401
5005402
5005403
5005404
5005405
5005406
5005407
5005408
5005409
5005410
5005411
5005412
5005413
5005414
5005415
5005416
5005417
5005418
5005419
5005420
5005421
5005422
5005423
5005424
5005425
5005426
5005427
5005428
5005429
5005430
5005431
5005432
5005433
5005434
5005435
5005436
5005437
5005438
5005439
5005440
5005441
5005442
5005443
5005444
5005445
5005446
5005447
5005448
5005449
5005450
5005451
5005452
5005453
5005454
5005455
5005456
5005457
5005458
5005459
5005460
5005461
5005462
5005463
5005464
5005465
5005466
5005467
5005468
5005469
5005470
5005471
5005472
5005473
5005474
5005475
5005476
5005477
5005478
5005479
5005480
5005481
5005482
5005483
5005484
5005485
5005486
5005487
5005488
5005489
5005490
5005491
5005492
5005493
5005494
5005495
5005496
5005497
5005498
5005499
5005500
5005501
5005502
5005503
5005504
5005505
5005506
5005507
5005508
5005509
5005510
5005511
5005512
5005513
5005514
5005515
5005516
5005517
5005518
5005519
5005520
5005521
5005522
5005523
5005524
5005525
5005526
5005527
5005528
5005529
5005530
5005531
5005532
5005533
5005534
5005535
5005536
5005537
5005538
5005539
5005540
5005541
5005542
5005543
5005544
5005545
5005546
5005547
5005548
5005549
5005550
5005551
5005552
5005553
5005554
5005555
5005556
5005557
5005558
5005559
5005560
5005561
5005562
5005563
5005564
5005565
5005566
5005567
5005568
5005569
5005570
5005571
5005572
5005573
5005574
5005575
5005576
5005577
5005578
5005579
5005580
5005581
5005582
5005583
5005584
5005585
5005586
5005587
5005588
5005589
5005590
5005591
5005592
5005593
5005594
5005595
5005596
5005597
5005598
5005599
5005600
5005601
5005602
5005603
5005604
5005605
5005606
5005607
5005608
5005609
5005610
5005611
5005612
5005613
5005614
5005615
5005616
5005617
5005618
5005619
5005620
5005621
5005622
5005623
5005624
5005625
5005626
5005627
5005628
5005629
5005630
5005631
5005632
5005633
5005634
5005635
5005636
5005637
5005638
5005639
5005640
5005641
5005642
5005643
5005644
5005645
5005646
5005647
5005648
5005649
5005650
5005651
5005652
5005653
5005654
5005655
5005656
5005657
5005658
5005659
5005660
5005661
5005662
5005663
5005664
5005665
5005666
5005667
5005668
5005669
5005670
5005671
5005672
5005673
5005674
5005675
5005676
5005677
5005678
5005679
5005680
5005681
5005682
5005683
5005684
5005685
5005686
5005687
5005688
5005689
5005690
5005691
5005692
5005693
5005694
5005695
5005696
5005697
5005698
5005699
5005700
5005701
5005702
5005703
5005704
5005705
5005706
5005707
5005708
5005709
5005710
5005711
5005712
5005713
5005714
5005715
5005716
5005717
5005718
5005719
5005720
5005721
5005722
5005723
5005724
5005725
5005726
5005727
5005728
5005729
5005730
5005731
5005732
5005733
5005734
5005735
5005736
5005737
5005738
5005739
5005740
5005741
5005742
5005743
5005744
5005745
5005746
5005747
5005748
5005749
5005750
5005751
5005752
5005753
5005754
5005755
5005756
5005757
5005758
5005759
5005760
5005761
5005762
5005763
5005764
5005765
5005766
5005767
5005768
5005769
5005770
5005771
5005772
5005773
5005774
5005775
5005776
5005777
5005778
5005779
5005780
5005781
5005782
5005783
5005784
5005785
5005786
5005787
5005788
5005789
5005790
5005791
5005792
5005793
5005794
5005795
5005796
5005797
5005798
5005799
5005800
5005801
5005802
5005803
5005804
5005805
5005806
5005807
5005808
5005809
5005810
5005811
5005812
5005813
5005814
5005815
5005816
5005817
5005818
5005819
5005820
5005821
5005822
5005823
5005824
5005825
5005826
5005827
5005828
5005829
5005830
5005831
5005832
5005833
5005834
5005835
5005836
5005837
5005838
5005839
5005840
5005841
5005842
5005843
5005844
5005845
5005846
5005847
5005848
5005849
5005850
5005851
5005852
5005853
5005854
5005855
5005856
5005857
5005858
5005859
5005860
5005861
5005862
5005863
5005864
5005865
5005866
5005867
5005868
5005869
5005870
5005871
5005872
5005873
5005874
5005875
5005876
5005877
5005878
5005879
5005880
5005881
5005882
5005883
5005884
5005885
5005886
5005887
5005888
5005889
5005890
5005891
5005892
5005893
5005894
5005895
5005896
5005897
5005898
5005899
5005900
5005901
5005902
5005903
5005904
5005905
5005906
5005907
5005908
5005909
5005910
5005911
5005912
5005913
5005914
5005915
5005916
5005917
5005918
5005919
5005920
5005921
5005922
5005923
5005924
5005925
5005926
5005927
5005928
5005929
5005930
5005931
5005932
5005933
5005934
5005935
5005936
5005937
5005938
5005939
5005940
5005941
5005942
5005943
5005944
5005945
5005946
5005947
5005948
5005949
5005950
5005951
5005952
5005953
5005954
5005955
5005956
5005957
5005958
5005959
5005960
5005961
5005962
5005963
5005964
5005965
5005966
5005967
5005968
5005969
5005970
5005971
5005972
5005973
5005974
5005975
5005976
5005977
5005978
5005979
5005980
5005981
5005982
5005983
5005984
5005985
5005986
5005987
5005988
5005989
5005990
5005991
5005992
5005993
5005994
5005995
5005996
5005997
5005998
5005999
5006000
5006001
5006002
5006003
5006004
5006005
5006006
5006007
5006008
5006009
5006010
5006011
5006012
5006013
5006014
5006015
5006016
5006017
5006018
5006019
5006020
5006021
5006022
5006023
5006024
5006025
5006026
5006027
5006028
5006029
5006030
5006031
5006032
5006033
5006034
5006035
5006036
5006037
5006038
5006039
5006040
5006041
5006042
5006043
5006044
5006045
5006046
5006047
5006048
5006049
5006050
5006051
5006052
5006053
5006054
5006055
5006056
5006057
5006058
5006059
5006060
5006061
5006062
5006063
5006064
5006065
5006066
5006067
5006068
5006069
5006070
5006071
5006072
5006073
5006074
5006075
5006076
5006077
5006078
5006079
5006080
5006081
5006082
5006083
5006084
5006085
5006086
5006087
5006088
5006089
5006090
5006091
5006092
5006093
5006094
5006095
5006096
5006097
5006098
5006099
5006100
5006101
5006102
5006103
5006104
5006105
5006106
5006107
5006108
5006109
5006110
5006111
5006112
5006113
5006114
5006115
5006116
5006117
5006118
5006119
5006120
5006121
5006122
5006123
5006124
5006125
5006126
5006127
5006128
5006129
5006130
5006131
5006132
5006133
5006134
5006135
5006136
5006137
5006138
5006139
5006140
5006141
5006142
5006143
5006144
5006145
5006146
5006147
5006148
5006149
5006150
5006151
5006152
5006153
5006154
5006155
5006156
5006157
5006158
5006159
5006160
5006161
5006162
5006163
5006164
5006165
5006166
5006167
5006168
5006169
5006170
5006171
5006172
5006173
5006174
5006175
5006176
5006177
5006178
5006179
5006180
5006181
5006182
5006183
5006184
5006185
5006186
5006187
5006188
5006189
5006190
5006191
5006192
5006193
5006194
5006195
5006196
5006197
5006198
5006199
5006200
5006201
5006202
5006203
5006204
5006205
5006206
5006207
5006208
5006209
5006210
5006211
5006212
5006213
5006214
5006215
5006216
5006217
5006218
5006219
5006220
5006221
5006222
5006223
5006224
5006225
5006226
5006227
5006228
5006229
5006230
5006231
5006232
5006233
5006234
5006235
5006236
5006237
5006238
5006239
5006240
5006241
5006242
5006243
5006244
5006245
5006246
5006247
5006248
5006249
5006250
5006251
5006252
5006253
5006254
5006255
5006256
5006257
5006258
5006259
5006260
5006261
5006262
5006263
5006264
5006265
5006266
5006267
5006268
5006269
5006270
5006271
5006272
5006273
5006274
5006275
5006276
5006277
5006278
5006279
5006280
5006281
5006282
5006283
5006284
5006285
5006286
5006287
5006288
5006289
5006290
5006291
5006292
5006293
5006294
5006295
5006296
5006297
5006298
5006299
5006300
5006301
5006302
5006303
5006304
5006305
5006306
5006307
5006308
5006309
5006310
5006311
5006312
5006313
5006314
5006315
5006316
5006317
5006318
5006319
5006320
5006321
5006322
5006323
5006324
5006325
5006326
5006327
5006328
5006329
5006330
5006331
5006332
5006333
5006334
5006335
5006336
5006337
5006338
5006339
5006340
5006341
5006342
5006343
5006344
5006345
5006346
5006347
5006348
5006349
5006350
5006351
5006352
5006353
5006354
5006355
5006356
5006357
5006358
5006359
5006360
5006361
5006362
5006363
5006364
5006365
5006366
5006367
5006368
5006369
5006370
5006371
5006372
5006373
5006374
5006375
5006376
5006377
5006378
5006379
5006380
5006381
5006382
5006383
5006384
5006385
5006386
5006387
5006388
5006389
5006390
5006391
5006392
5006393
5006394
5006395
5006396
5006397
5006398
5006399
5006400
5006401
5006402
5006403
5006404
5006405
5006406
5006407
5006408
5006409
5006410
5006411
5006412
5006413
5006414
5006415
5006416
5006417
5006418
5006419
5006420
5006421
5006422
5006423
5006424
5006425
5006426
5006427
5006428
5006429
5006430
5006431
5006432
5006433
5006434
5006435
5006436
5006437
5006438
5006439
5006440
5006441
5006442
5006443
5006444
5006445
5006446
5006447
5006448
5006449
5006450
5006451
5006452
5006453
5006454
5006455
5006456
5006457
5006458
5006459
5006460
5006461
5006462
5006463
5006464
5006465
5006466
5006467
5006468
5006469
5006470
5006471
5006472
5006473
5006474
5006475
5006476
5006477
5006478
5006479
5006480
5006481
5006482
5006483
5006484
5006485
5006486
5006487
5006488
5006489
5006490
5006491
5006492
5006493
5006494
5006495
5006496
5006497
5006498
5006499
5006500
5006501
5006502
5006503
5006504
5006505
5006506
5006507
5006508
5006509
5006510
5006511
5006512
5006513
5006514
5006515
5006516
5006517
5006518
5006519
5006520
5006521
5006522
5006523
5006524
5006525
5006526
5006527
5006528
5006529
5006530
5006531
5006532
5006533
5006534
5006535
5006536
5006537
5006538
5006539
5006540
5006541
5006542
5006543
5006544
5006545
5006546
5006547
5006548
5006549
5006550
5006551
5006552
5006553
5006554
5006555
5006556
5006557
5006558
5006559
5006560
5006561
5006562
5006563
5006564
5006565
5006566
5006567
5006568
5006569
5006570
5006571
5006572
5006573
5006574
5006575
5006576
5006577
5006578
5006579
5006580
5006581
5006582
5006583
5006584
5006585
5006586
5006587
5006588
5006589
5006590
5006591
5006592
5006593
5006594
5006595
5006596
5006597
5006598
5006599
5006600
5006601
5006602
5006603
5006604
5006605
5006606
5006607
5006608
5006609
5006610
5006611
5006612
5006613
5006614
5006615
5006616
5006617
5006618
5006619
5006620
5006621
5006622
5006623
5006624
5006625
5006626
5006627
5006628
5006629
5006630
5006631
5006632
5006633
5006634
5006635
5006636
5006637
5006638
5006639
5006640
5006641
5006642
5006643
5006644
5006645
5006646
5006647
5006648
5006649
5006650
5006651
5006652
5006653
5006654
5006655
5006656
5006657
5006658
5006659
5006660
5006661
5006662
5006663
5006664
5006665
5006666
5006667
5006668
5006669
5006670
5006671
5006672
5006673
5006674
5006675
5006676
5006677
5006678
5006679
5006680
5006681
5006682
5006683
5006684
5006685
5006686
5006687
5006688
5006689
5006690
5006691
5006692
5006693
5006694
5006695
5006696
5006697
5006698
5006699
5006700
5006701
5006702
5006703
5006704
5006705
5006706
5006707
5006708
5006709
5006710
5006711
5006712
5006713
5006714
5006715
5006716
5006717
5006718
5006719
5006720
5006721
5006722
5006723
5006724
5006725
5006726
5006727
5006728
5006729
5006730
5006731
5006732
5006733
5006734
5006735
5006736
5006737
5006738
5006739
5006740
5006741
5006742
5006743
5006744
5006745
5006746
5006747
5006748
5006749
5006750
5006751
5006752
5006753
5006754
5006755
5006756
5006757
5006758
5006759
5006760
5006761
5006762
5006763
5006764
5006765
5006766
5006767
5006768
5006769
5006770
5006771
5006772
5006773
5006774
5006775
5006776
5006777
5006778
5006779
5006780
5006781
5006782
5006783
5006784
5006785
5006786
5006787
5006788
5006789
5006790
5006791
5006792
5006793
5006794
5006795
5006796
5006797
5006798
5006799
5006800
5006801
5006802
5006803
5006804
5006805
5006806
5006807
5006808
5006809
5006810
5006811
5006812
5006813
5006814
5006815
5006816
5006817
5006818
5006819
5006820
5006821
5006822
5006823
5006824
5006825
5006826
5006827
5006828
5006829
5006830
5006831
5006832
5006833
5006834
5006835
5006836
5006837
5006838
5006839
5006840
5006841
5006842
5006843
5006844
5006845
5006846
5006847
5006848
5006849
5006850
5006851
5006852
5006853
5006854
5006855
5006856
5006857
5006858
5006859
5006860
5006861
5006862
5006863
5006864
5006865
5006866
5006867
5006868
5006869
5006870
5006871
5006872
5006873
5006874
5006875
5006876
5006877
5006878
5006879
5006880
5006881
5006882
5006883
5006884
5006885
5006886
5006887
5006888
5006889
5006890
5006891
5006892
5006893
5006894
5006895
5006896
5006897
5006898
5006899
5006900
5006901
5006902
5006903
5006904
5006905
5006906
5006907
5006908
5006909
5006910
5006911
5006912
5006913
5006914
5006915
5006916
5006917
5006918
5006919
5006920
5006921
5006922
5006923
5006924
5006925
5006926
5006927
5006928
5006929
5006930
5006931
5006932
5006933
5006934
5006935
5006936
5006937
5006938
5006939
5006940
5006941
5006942
5006943
5006944
5006945
5006946
5006947
5006948
5006949
5006950
5006951
5006952
5006953
5006954
5006955
5006956
5006957
5006958
5006959
5006960
5006961
5006962
5006963
5006964
5006965
5006966
5006967
5006968
5006969
5006970
5006971
5006972
5006973
5006974
5006975
5006976
5006977
5006978
5006979
5006980
5006981
5006982
5006983
5006984
5006985
5006986
5006987
5006988
5006989
5006990
5006991
5006992
5006993
5006994
5006995
5006996
5006997
5006998
5006999
5007000
5007001
5007002
5007003
5007004
5007005
5007006
5007007
5007008
5007009
5007010
5007011
5007012
5007013
5007014
5007015
5007016
5007017
5007018
5007019
5007020
5007021
5007022
5007023
5007024
5007025
5007026
5007027
5007028
5007029
5007030
5007031
5007032
5007033
5007034
5007035
5007036
5007037
5007038
5007039
5007040
5007041
5007042
5007043
5007044
5007045
5007046
5007047
5007048
5007049
5007050
5007051
5007052
5007053
5007054
5007055
5007056
5007057
5007058
5007059
5007060
5007061
5007062
5007063
5007064
5007065
5007066
5007067
5007068
5007069
5007070
5007071
5007072
5007073
5007074
5007075
5007076
5007077
5007078
5007079
5007080
5007081
5007082
5007083
5007084
5007085
5007086
5007087
5007088
5007089
5007090
5007091
5007092
5007093
5007094
5007095
5007096
5007097
5007098
5007099
5007100
5007101
5007102
5007103
5007104
5007105
5007106
5007107
5007108
5007109
5007110
5007111
5007112
5007113
5007114
5007115
5007116
5007117
5007118
5007119
5007120
5007121
5007122
5007123
5007124
5007125
5007126
5007127
5007128
5007129
5007130
5007131
5007132
5007133
5007134
5007135
5007136
5007137
5007138
5007139
5007140
5007141
5007142
5007143
5007144
5007145
5007146
5007147
5007148
5007149
5007150
5007151
5007152
5007153
5007154
5007155
5007156
5007157
5007158
5007159
5007160
5007161
5007162
5007163
5007164
5007165
5007166
5007167
5007168
5007169
5007170
5007171
5007172
5007173
5007174
5007175
5007176
5007177
5007178
5007179
5007180
5007181
5007182
5007183
5007184
5007185
5007186
5007187
5007188
5007189
5007190
5007191
5007192
5007193
5007194
5007195
5007196
5007197
5007198
5007199
5007200
5007201
5007202
5007203
5007204
5007205
5007206
5007207
5007208
5007209
5007210
5007211
5007212
5007213
5007214
5007215
5007216
5007217
5007218
5007219
5007220
5007221
5007222
5007223
5007224
5007225
5007226
5007227
5007228
5007229
5007230
5007231
5007232
5007233
5007234
5007235
5007236
5007237
5007238
5007239
5007240
5007241
5007242
5007243
5007244
5007245
5007246
5007247
5007248
5007249
5007250
5007251
5007252
5007253
5007254
5007255
5007256
5007257
5007258
5007259
5007260
5007261
5007262
5007263
5007264
5007265
5007266
5007267
5007268
5007269
5007270
5007271
5007272
5007273
5007274
5007275
5007276
5007277
5007278
5007279
5007280
5007281
5007282
5007283
5007284
5007285
5007286
5007287
5007288
5007289
5007290
5007291
5007292
5007293
5007294
5007295
5007296
5007297
5007298
5007299
5007300
5007301
5007302
5007303
5007304
5007305
5007306
5007307
5007308
5007309
5007310
5007311
5007312
5007313
5007314
5007315
5007316
5007317
5007318
5007319
5007320
5007321
5007322
5007323
5007324
5007325
5007326
5007327
5007328
5007329
5007330
5007331
5007332
5007333
5007334
5007335
5007336
5007337
5007338
5007339
5007340
5007341
5007342
5007343
5007344
5007345
5007346
5007347
5007348
5007349
5007350
5007351
5007352
5007353
5007354
5007355
5007356
5007357
5007358
5007359
5007360
5007361
5007362
5007363
5007364
5007365
5007366
5007367
5007368
5007369
5007370
5007371
5007372
5007373
5007374
5007375
5007376
5007377
5007378
5007379
5007380
5007381
5007382
5007383
5007384
5007385
5007386
5007387
5007388
5007389
5007390
5007391
5007392
5007393
5007394
5007395
5007396
5007397
5007398
5007399
5007400
5007401
5007402
5007403
5007404
5007405
5007406
5007407
5007408
5007409
5007410
5007411
5007412
5007413
5007414
5007415
5007416
5007417
5007418
5007419
5007420
5007421
5007422
5007423
5007424
5007425
5007426
5007427
5007428
5007429
5007430
5007431
5007432
5007433
5007434
5007435
5007436
5007437
5007438
5007439
5007440
5007441
5007442
5007443
5007444
5007445
5007446
5007447
5007448
5007449
5007450
5007451
5007452
5007453
5007454
5007455
5007456
5007457
5007458
5007459
5007460
5007461
5007462
5007463
5007464
5007465
5007466
5007467
5007468
5007469
5007470
5007471
5007472
5007473
5007474
5007475
5007476
5007477
5007478
5007479
5007480
5007481
5007482
5007483
5007484
5007485
5007486
5007487
5007488
5007489
5007490
5007491
5007492
5007493
5007494
5007495
5007496
5007497
5007498
5007499
5007500
5007501
5007502
5007503
5007504
5007505
5007506
5007507
5007508
5007509
5007510
5007511
5007512
5007513
5007514
5007515
5007516
5007517
5007518
5007519
5007520
5007521
5007522
5007523
5007524
5007525
5007526
5007527
5007528
5007529
5007530
5007531
5007532
5007533
5007534
5007535
5007536
5007537
5007538
5007539
5007540
5007541
5007542
5007543
5007544
5007545
5007546
5007547
5007548
5007549
5007550
5007551
5007552
5007553
5007554
5007555
5007556
5007557
5007558
5007559
5007560
5007561
5007562
5007563
5007564
5007565
5007566
5007567
5007568
5007569
5007570
5007571
5007572
5007573
5007574
5007575
5007576
5007577
5007578
5007579
5007580
5007581
5007582
5007583
5007584
5007585
5007586
5007587
5007588
5007589
5007590
5007591
5007592
5007593
5007594
5007595
5007596
5007597
5007598
5007599
5007600
5007601
5007602
5007603
5007604
5007605
5007606
5007607
5007608
5007609
5007610
5007611
5007612
5007613
5007614
5007615
5007616
5007617
5007618
5007619
5007620
5007621
5007622
5007623
5007624
5007625
5007626
5007627
5007628
5007629
5007630
5007631
5007632
5007633
5007634
5007635
5007636
5007637
5007638
5007639
5007640
5007641
5007642
5007643
5007644
5007645
5007646
5007647
5007648
5007649
5007650
5007651
5007652
5007653
5007654
5007655
5007656
5007657
5007658
5007659
5007660
5007661
5007662
5007663
5007664
5007665
5007666
5007667
5007668
5007669
5007670
5007671
5007672
5007673
5007674
5007675
5007676
5007677
5007678
5007679
5007680
5007681
5007682
5007683
5007684
5007685
5007686
5007687
5007688
5007689
5007690
5007691
5007692
5007693
5007694
5007695
5007696
5007697
5007698
5007699
5007700
5007701
5007702
5007703
5007704
5007705
5007706
5007707
5007708
5007709
5007710
5007711
5007712
5007713
5007714
5007715
5007716
5007717
5007718
5007719
5007720
5007721
5007722
5007723
5007724
5007725
5007726
5007727
5007728
5007729
5007730
5007731
5007732
5007733
5007734
5007735
5007736
5007737
5007738
5007739
5007740
5007741
5007742
5007743
5007744
5007745
5007746
5007747
5007748
5007749
5007750
5007751
5007752
5007753
5007754
5007755
5007756
5007757
5007758
5007759
5007760
5007761
5007762
5007763
5007764
5007765
5007766
5007767
5007768
5007769
5007770
5007771
5007772
5007773
5007774
5007775
5007776
5007777
5007778
5007779
5007780
5007781
5007782
5007783
5007784
5007785
5007786
5007787
5007788
5007789
5007790
5007791
5007792
5007793
5007794
5007795
5007796
5007797
5007798
5007799
5007800
5007801
5007802
5007803
5007804
5007805
5007806
5007807
5007808
5007809
5007810
5007811
5007812
5007813
5007814
5007815
5007816
5007817
5007818
5007819
5007820
5007821
5007822
5007823
5007824
5007825
5007826
5007827
5007828
5007829
5007830
5007831
5007832
5007833
5007834
5007835
5007836
5007837
5007838
5007839
5007840
5007841
5007842
5007843
5007844
5007845
5007846
5007847
5007848
5007849
5007850
5007851
5007852
5007853
5007854
5007855
5007856
5007857
5007858
5007859
5007860
5007861
5007862
5007863
5007864
5007865
5007866
5007867
5007868
5007869
5007870
5007871
5007872
5007873
5007874
5007875
5007876
5007877
5007878
5007879
5007880
5007881
5007882
5007883
5007884
5007885
5007886
5007887
5007888
5007889
5007890
5007891
5007892
5007893
5007894
5007895
5007896
5007897
5007898
5007899
5007900
5007901
5007902
5007903
5007904
5007905
5007906
5007907
5007908
5007909
5007910
5007911
5007912
5007913
5007914
5007915
5007916
5007917
5007918
5007919
5007920
5007921
5007922
5007923
5007924
5007925
5007926
5007927
5007928
5007929
5007930
5007931
5007932
5007933
5007934
5007935
5007936
5007937
5007938
5007939
5007940
5007941
5007942
5007943
5007944
5007945
5007946
5007947
5007948
5007949
5007950
5007951
5007952
5007953
5007954
5007955
5007956
5007957
5007958
5007959
5007960
5007961
5007962
5007963
5007964
5007965
5007966
5007967
5007968
5007969
5007970
5007971
5007972
5007973
5007974
5007975
5007976
5007977
5007978
5007979
5007980
5007981
5007982
5007983
5007984
5007985
5007986
5007987
5007988
5007989
5007990
5007991
5007992
5007993
5007994
5007995
5007996
5007997
5007998
5007999
5008000
5008001
5008002
5008003
5008004
5008005
5008006
5008007
5008008
5008009
5008010
5008011
5008012
5008013
5008014
5008015
5008016
5008017
5008018
5008019
5008020
5008021
5008022
5008023
5008024
5008025
5008026
5008027
5008028
5008029
5008030
5008031
5008032
5008033
5008034
5008035
5008036
5008037
5008038
5008039
5008040
5008041
5008042
5008043
5008044
5008045
5008046
5008047
5008048
5008049
5008050
5008051
5008052
5008053
5008054
5008055
5008056
5008057
5008058
5008059
5008060
5008061
5008062
5008063
5008064
5008065
5008066
5008067
5008068
5008069
5008070
5008071
5008072
5008073
5008074
5008075
5008076
5008077
5008078
5008079
5008080
5008081
5008082
5008083
5008084
5008085
5008086
5008087
5008088
5008089
5008090
5008091
5008092
5008093
5008094
5008095
5008096
5008097
5008098
5008099
5008100
5008101
5008102
5008103
5008104
5008105
5008106
5008107
5008108
5008109
5008110
5008111
5008112
5008113
5008114
5008115
5008116
5008117
5008118
5008119
5008120
5008121
5008122
5008123
5008124
5008125
5008126
5008127
5008128
5008129
5008130
5008131
5008132
5008133
5008134
5008135
5008136
5008137
5008138
5008139
5008140
5008141
5008142
5008143
5008144
5008145
5008146
5008147
5008148
5008149
5008150
5008151
5008152
5008153
5008154
5008155
5008156
5008157
5008158
5008159
5008160
5008161
5008162
5008163
5008164
5008165
5008166
5008167
5008168
5008169
5008170
5008171
5008172
5008173
5008174
5008175
5008176
5008177
5008178
5008179
5008180
5008181
5008182
5008183
5008184
5008185
5008186
5008187
5008188
5008189
5008190
5008191
5008192
5008193
5008194
5008195
5008196
5008197
5008198
5008199
5008200
5008201
5008202
5008203
5008204
5008205
5008206
5008207
5008208
5008209
5008210
5008211
5008212
5008213
5008214
5008215
5008216
5008217
5008218
5008219
5008220
5008221
5008222
5008223
5008224
5008225
5008226
5008227
5008228
5008229
5008230
5008231
5008232
5008233
5008234
5008235
5008236
5008237
5008238
5008239
5008240
5008241
5008242
5008243
5008244
5008245
5008246
5008247
5008248
5008249
5008250
5008251
5008252
5008253
5008254
5008255
5008256
5008257
5008258
5008259
5008260
5008261
5008262
5008263
5008264
5008265
5008266
5008267
5008268
5008269
5008270
5008271
5008272
5008273
5008274
5008275
5008276
5008277
5008278
5008279
5008280
5008281
5008282
5008283
5008284
5008285
5008286
5008287
5008288
5008289
5008290
5008291
5008292
5008293
5008294
5008295
5008296
5008297
5008298
5008299
5008300
5008301
5008302
5008303
5008304
5008305
5008306
5008307
5008308
5008309
5008310
5008311
5008312
5008313
5008314
5008315
5008316
5008317
5008318
5008319
5008320
5008321
5008322
5008323
5008324
5008325
5008326
5008327
5008328
5008329
5008330
5008331
5008332
5008333
5008334
5008335
5008336
5008337
5008338
5008339
5008340
5008341
5008342
5008343
5008344
5008345
5008346
5008347
5008348
5008349
5008350
5008351
5008352
5008353
5008354
5008355
5008356
5008357
5008358
5008359
5008360
5008361
5008362
5008363
5008364
5008365
5008366
5008367
5008368
5008369
5008370
5008371
5008372
5008373
5008374
5008375
5008376
5008377
5008378
5008379
5008380
5008381
5008382
5008383
5008384
5008385
5008386
5008387
5008388
5008389
5008390
5008391
5008392
5008393
5008394
5008395
5008396
5008397
5008398
5008399
5008400
5008401
5008402
5008403
5008404
5008405
5008406
5008407
5008408
5008409
5008410
5008411
5008412
5008413
5008414
5008415
5008416
5008417
5008418
5008419
5008420
5008421
5008422
5008423
5008424
5008425
5008426
5008427
5008428
5008429
5008430
5008431
5008432
5008433
5008434
5008435
5008436
5008437
5008438
5008439
5008440
5008441
5008442
5008443
5008444
5008445
5008446
5008447
5008448
5008449
5008450
5008451
5008452
5008453
5008454
5008455
5008456
5008457
5008458
5008459
5008460
5008461
5008462
5008463
5008464
5008465
5008466
5008467
5008468
5008469
5008470
5008471
5008472
5008473
5008474
5008475
5008476
5008477
5008478
5008479
5008480
5008481
5008482
5008483
5008484
5008485
5008486
5008487
5008488
5008489
5008490
5008491
5008492
5008493
5008494
5008495
5008496
5008497
5008498
5008499
5008500
5008501
5008502
5008503
5008504
5008505
5008506
5008507
5008508
5008509
5008510
5008511
5008512
5008513
5008514
5008515
5008516
5008517
5008518
5008519
5008520
5008521
5008522
5008523
5008524
5008525
5008526
5008527
5008528
5008529
5008530
5008531
5008532
5008533
5008534
5008535
5008536
5008537
5008538
5008539
5008540
5008541
5008542
5008543
5008544
5008545
5008546
5008547
5008548
5008549
5008550
5008551
5008552
5008553
5008554
5008555
5008556
5008557
5008558
5008559
5008560
5008561
5008562
5008563
5008564
5008565
5008566
5008567
5008568
5008569
5008570
5008571
5008572
5008573
5008574
5008575
5008576
5008577
5008578
5008579
5008580
5008581
5008582
5008583
5008584
5008585
5008586
5008587
5008588
5008589
5008590
5008591
5008592
5008593
5008594
5008595
5008596
5008597
5008598
5008599
5008600
5008601
5008602
5008603
5008604
5008605
5008606
5008607
5008608
5008609
5008610
5008611
5008612
5008613
5008614
5008615
5008616
5008617
5008618
5008619
5008620
5008621
5008622
5008623
5008624
5008625
5008626
5008627
5008628
5008629
5008630
5008631
5008632
5008633
5008634
5008635
5008636
5008637
5008638
5008639
5008640
5008641
5008642
5008643
5008644
5008645
5008646
5008647
5008648
5008649
5008650
5008651
5008652
5008653
5008654
5008655
5008656
5008657
5008658
5008659
5008660
5008661
5008662
5008663
5008664
5008665
5008666
5008667
5008668
5008669
5008670
5008671
5008672
5008673
5008674
5008675
5008676
5008677
5008678
5008679
5008680
5008681
5008682
5008683
5008684
5008685
5008686
5008687
5008688
5008689
5008690
5008691
5008692
5008693
5008694
5008695
5008696
5008697
5008698
5008699
5008700
5008701
5008702
5008703
5008704
5008705
5008706
5008707
5008708
5008709
5008710
5008711
5008712
5008713
5008714
5008715
5008716
5008717
5008718
5008719
5008720
5008721
5008722
5008723
5008724
5008725
5008726
5008727
5008728
5008729
5008730
5008731
5008732
5008733
5008734
5008735
5008736
5008737
5008738
5008739
5008740
5008741
5008742
5008743
5008744
5008745
5008746
5008747
5008748
5008749
5008750
5008751
5008752
5008753
5008754
5008755
5008756
5008757
5008758
5008759
5008760
5008761
5008762
5008763
5008764
5008765
5008766
5008767
5008768
5008769
5008770
5008771
5008772
5008773
5008774
5008775
5008776
5008777
5008778
5008779
5008780
5008781
5008782
5008783
5008784
5008785
5008786
5008787
5008788
5008789
5008790
5008791
5008792
5008793
5008794
5008795
5008796
5008797
5008798
5008799
5008800
5008801
5008802
5008803
5008804
5008805
5008806
5008807
5008808
5008809
5008810
5008811
5008812
5008813
5008814
5008815
5008816
5008817
5008818
5008819
5008820
5008821
5008822
5008823
5008824
5008825
5008826
5008827
5008828
5008829
5008830
5008831
5008832
5008833
5008834
5008835
5008836
5008837
5008838
5008839
5008840
5008841
5008842
5008843
5008844
5008845
5008846
5008847
5008848
5008849
5008850
5008851
5008852
5008853
5008854
5008855
5008856
5008857
5008858
5008859
5008860
5008861
5008862
5008863
5008864
5008865
5008866
5008867
5008868
5008869
5008870
5008871
5008872
5008873
5008874
5008875
5008876
5008877
5008878
5008879
5008880
5008881
5008882
5008883
5008884
5008885
5008886
5008887
5008888
5008889
5008890
5008891
5008892
5008893
5008894
5008895
5008896
5008897
5008898
5008899
5008900
5008901
5008902
5008903
5008904
5008905
5008906
5008907
5008908
5008909
5008910
5008911
5008912
5008913
5008914
5008915
5008916
5008917
5008918
5008919
5008920
5008921
5008922
5008923
5008924
5008925
5008926
5008927
5008928
5008929
5008930
5008931
5008932
5008933
5008934
5008935
5008936
5008937
5008938
5008939
5008940
5008941
5008942
5008943
5008944
5008945
5008946
5008947
5008948
5008949
5008950
5008951
5008952
5008953
5008954
5008955
5008956
5008957
5008958
5008959
5008960
5008961
5008962
5008963
5008964
5008965
5008966
5008967
5008968
5008969
5008970
5008971
5008972
5008973
5008974
5008975
5008976
5008977
5008978
5008979
5008980
5008981
5008982
5008983
5008984
5008985
5008986
5008987
5008988
5008989
5008990
5008991
5008992
5008993
5008994
5008995
5008996
5008997
5008998
5008999
5009000
5009001
5009002
5009003
5009004
5009005
5009006
5009007
5009008
5009009
5009010
5009011
5009012
5009013
5009014
5009015
5009016
5009017
5009018
5009019
5009020
5009021
5009022
5009023
5009024
5009025
5009026
5009027
5009028
5009029
5009030
5009031
5009032
5009033
5009034
5009035
5009036
5009037
5009038
5009039
5009040
5009041
5009042
5009043
5009044
5009045
5009046
5009047
5009048
5009049
5009050
5009051
5009052
5009053
5009054
5009055
5009056
5009057
5009058
5009059
5009060
5009061
5009062
5009063
5009064
5009065
5009066
5009067
5009068
5009069
5009070
5009071
5009072
5009073
5009074
5009075
5009076
5009077
5009078
5009079
5009080
5009081
5009082
5009083
5009084
5009085
5009086
5009087
5009088
5009089
5009090
5009091
5009092
5009093
5009094
5009095
5009096
5009097
5009098
5009099
5009100
5009101
5009102
5009103
5009104
5009105
5009106
5009107
5009108
5009109
5009110
5009111
5009112
5009113
5009114
5009115
5009116
5009117
5009118
5009119
5009120
5009121
5009122
5009123
5009124
5009125
5009126
5009127
5009128
5009129
5009130
5009131
5009132
5009133
5009134
5009135
5009136
5009137
5009138
5009139
5009140
5009141
5009142
5009143
5009144
5009145
5009146
5009147
5009148
5009149
5009150
5009151
5009152
5009153
5009154
5009155
5009156
5009157
5009158
5009159
5009160
5009161
5009162
5009163
5009164
5009165
5009166
5009167
5009168
5009169
5009170
5009171
5009172
5009173
5009174
5009175
5009176
5009177
5009178
5009179
5009180
5009181
5009182
5009183
5009184
5009185
5009186
5009187
5009188
5009189
5009190
5009191
5009192
5009193
5009194
5009195
5009196
5009197
5009198
5009199
5009200
5009201
5009202
5009203
5009204
5009205
5009206
5009207
5009208
5009209
5009210
5009211
5009212
5009213
5009214
5009215
5009216
5009217
5009218
5009219
5009220
5009221
5009222
5009223
5009224
5009225
5009226
5009227
5009228
5009229
5009230
5009231
5009232
5009233
5009234
5009235
5009236
5009237
5009238
5009239
5009240
5009241
5009242
5009243
5009244
5009245
5009246
5009247
5009248
5009249
5009250
5009251
5009252
5009253
5009254
5009255
5009256
5009257
5009258
5009259
5009260
5009261
5009262
5009263
5009264
5009265
5009266
5009267
5009268
5009269
5009270
5009271
5009272
5009273
5009274
5009275
5009276
5009277
5009278
5009279
5009280
5009281
5009282
5009283
5009284
5009285
5009286
5009287
5009288
5009289
5009290
5009291
5009292
5009293
5009294
5009295
5009296
5009297
5009298
5009299
5009300
5009301
5009302
5009303
5009304
5009305
5009306
5009307
5009308
5009309
5009310
5009311
5009312
5009313
5009314
5009315
5009316
5009317
5009318
5009319
5009320
5009321
5009322
5009323
5009324
5009325
5009326
5009327
5009328
5009329
5009330
5009331
5009332
5009333
5009334
5009335
5009336
5009337
5009338
5009339
5009340
5009341
5009342
5009343
5009344
5009345
5009346
5009347
5009348
5009349
5009350
5009351
5009352
5009353
5009354
5009355
5009356
5009357
5009358
5009359
5009360
5009361
5009362
5009363
5009364
5009365
5009366
5009367
5009368
5009369
5009370
5009371
5009372
5009373
5009374
5009375
5009376
5009377
5009378
5009379
5009380
5009381
5009382
5009383
5009384
5009385
5009386
5009387
5009388
5009389
5009390
5009391
5009392
5009393
5009394
5009395
5009396
5009397
5009398
5009399
5009400
5009401
5009402
5009403
5009404
5009405
5009406
5009407
5009408
5009409
5009410
5009411
5009412
5009413
5009414
5009415
5009416
5009417
5009418
5009419
5009420
5009421
5009422
5009423
5009424
5009425
5009426
5009427
5009428
5009429
5009430
5009431
5009432
5009433
5009434
5009435
5009436
5009437
5009438
5009439
5009440
5009441
5009442
5009443
5009444
5009445
5009446
5009447
5009448
5009449
5009450
5009451
5009452
5009453
5009454
5009455
5009456
5009457
5009458
5009459
5009460
5009461
5009462
5009463
5009464
5009465
5009466
5009467
5009468
5009469
5009470
5009471
5009472
5009473
5009474
5009475
5009476
5009477
5009478
5009479
5009480
5009481
5009482
5009483
5009484
5009485
5009486
5009487
5009488
5009489
5009490
5009491
5009492
5009493
5009494
5009495
5009496
5009497
5009498
5009499
5009500
5009501
5009502
5009503
5009504
5009505
5009506
5009507
5009508
5009509
5009510
5009511
5009512
5009513
5009514
5009515
5009516
5009517
5009518
5009519
5009520
5009521
5009522
5009523
5009524
5009525
5009526
5009527
5009528
5009529
5009530
5009531
5009532
5009533
5009534
5009535
5009536
5009537
5009538
5009539
5009540
5009541
5009542
5009543
5009544
5009545
5009546
5009547
5009548
5009549
5009550
5009551
5009552
5009553
5009554
5009555
5009556
5009557
5009558
5009559
5009560
5009561
5009562
5009563
5009564
5009565
5009566
5009567
5009568
5009569
5009570
5009571
5009572
5009573
5009574
5009575
5009576
5009577
5009578
5009579
5009580
5009581
5009582
5009583
5009584
5009585
5009586
5009587
5009588
5009589
5009590
5009591
5009592
5009593
5009594
5009595
5009596
5009597
5009598
5009599
5009600
5009601
5009602
5009603
5009604
5009605
5009606
5009607
5009608
5009609
5009610
5009611
5009612
5009613
5009614
5009615
5009616
5009617
5009618
5009619
5009620
5009621
5009622
5009623
5009624
5009625
5009626
5009627
5009628
5009629
5009630
5009631
5009632
5009633
5009634
5009635
5009636
5009637
5009638
5009639
5009640
5009641
5009642
5009643
5009644
5009645
5009646
5009647
5009648
5009649
5009650
5009651
5009652
5009653
5009654
5009655
5009656
5009657
5009658
5009659
5009660
5009661
5009662
5009663
5009664
5009665
5009666
5009667
5009668
5009669
5009670
5009671
5009672
5009673
5009674
5009675
5009676
5009677
5009678
5009679
5009680
5009681
5009682
5009683
5009684
5009685
5009686
5009687
5009688
5009689
5009690
5009691
5009692
5009693
5009694
5009695
5009696
5009697
5009698
5009699
5009700
5009701
5009702
5009703
5009704
5009705
5009706
5009707
5009708
5009709
5009710
5009711
5009712
5009713
5009714
5009715
5009716
5009717
5009718
5009719
5009720
5009721
5009722
5009723
5009724
5009725
5009726
5009727
5009728
5009729
5009730
5009731
5009732
5009733
5009734
5009735
5009736
5009737
5009738
5009739
5009740
5009741
5009742
5009743
5009744
5009745
5009746
5009747
5009748
5009749
5009750
5009751
5009752
5009753
5009754
5009755
5009756
5009757
5009758
5009759
5009760
5009761
5009762
5009763
5009764
5009765
5009766
5009767
5009768
5009769
5009770
5009771
5009772
5009773
5009774
5009775
5009776
5009777
5009778
5009779
5009780
5009781
5009782
5009783
5009784
5009785
5009786
5009787
5009788
5009789
5009790
5009791
5009792
5009793
5009794
5009795
5009796
5009797
5009798
5009799
5009800
5009801
5009802
5009803
5009804
5009805
5009806
5009807
5009808
5009809
5009810
5009811
5009812
5009813
5009814
5009815
5009816
5009817
5009818
5009819
5009820
5009821
5009822
5009823
5009824
5009825
5009826
5009827
5009828
5009829
5009830
5009831
5009832
5009833
5009834
5009835
5009836
5009837
5009838
5009839
5009840
5009841
5009842
5009843
5009844
5009845
5009846
5009847
5009848
5009849
5009850
5009851
5009852
5009853
5009854
5009855
5009856
5009857
5009858
5009859
5009860
5009861
5009862
5009863
5009864
5009865
5009866
5009867
5009868
5009869
5009870
5009871
5009872
5009873
5009874
5009875
5009876
5009877
5009878
5009879
5009880
5009881
5009882
5009883
5009884
5009885
5009886
5009887
5009888
5009889
5009890
5009891
5009892
5009893
5009894
5009895
5009896
5009897
5009898
5009899
5009900
5009901
5009902
5009903
5009904
5009905
5009906
5009907
5009908
5009909
5009910
5009911
5009912
5009913
5009914
5009915
5009916
5009917
5009918
5009919
5009920
5009921
5009922
5009923
5009924
5009925
5009926
5009927
5009928
5009929
5009930
5009931
5009932
5009933
5009934
5009935
5009936
5009937
5009938
5009939
5009940
5009941
5009942
5009943
5009944
5009945
5009946
5009947
5009948
5009949
5009950
5009951
5009952
5009953
5009954
5009955
5009956
5009957
5009958
5009959
5009960
5009961
5009962
5009963
5009964
5009965
5009966
5009967
5009968
5009969
5009970
5009971
5009972
5009973
5009974
5009975
5009976
5009977
5009978
5009979
5009980
5009981
5009982
5009983
5009984
5009985
5009986
5009987
5009988
5009989
5009990
5009991
5009992
5009993
5009994
5009995
5009996
5009997
5009998
5009999
5010000
