5650001
5650002
5650003
5650004
5650005
5650006
5650007
5650008
5650009
5650010
5650011
5650012
5650013
5650014
5650015
5650016
5650017
5650018
5650019
5650020
5650021
5650022
5650023
5650024
5650025
5650026
5650027
5650028
5650029
5650030
5650031
5650032
5650033
5650034
5650035
5650036
5650037
5650038
5650039
5650040
5650041
5650042
5650043
5650044
5650045
5650046
5650047
5650048
5650049
5650050
5650051
5650052
5650053
5650054
5650055
5650056
5650057
5650058
5650059
5650060
5650061
5650062
5650063
5650064
5650065
5650066
5650067
5650068
5650069
5650070
5650071
5650072
5650073
5650074
5650075
5650076
5650077
5650078
5650079
5650080
5650081
5650082
5650083
5650084
5650085
5650086
5650087
5650088
5650089
5650090
5650091
5650092
5650093
5650094
5650095
5650096
5650097
5650098
5650099
5650100
5650101
5650102
5650103
5650104
5650105
5650106
5650107
5650108
5650109
5650110
5650111
5650112
5650113
5650114
5650115
5650116
5650117
5650118
5650119
5650120
5650121
5650122
5650123
5650124
5650125
5650126
5650127
5650128
5650129
5650130
5650131
5650132
5650133
5650134
5650135
5650136
5650137
5650138
5650139
5650140
5650141
5650142
5650143
5650144
5650145
5650146
5650147
5650148
5650149
5650150
5650151
5650152
5650153
5650154
5650155
5650156
5650157
5650158
5650159
5650160
5650161
5650162
5650163
5650164
5650165
5650166
5650167
5650168
5650169
5650170
5650171
5650172
5650173
5650174
5650175
5650176
5650177
5650178
5650179
5650180
5650181
5650182
5650183
5650184
5650185
5650186
5650187
5650188
5650189
5650190
5650191
5650192
5650193
5650194
5650195
5650196
5650197
5650198
5650199
5650200
5650201
5650202
5650203
5650204
5650205
5650206
5650207
5650208
5650209
5650210
5650211
5650212
5650213
5650214
5650215
5650216
5650217
5650218
5650219
5650220
5650221
5650222
5650223
5650224
5650225
5650226
5650227
5650228
5650229
5650230
5650231
5650232
5650233
5650234
5650235
5650236
5650237
5650238
5650239
5650240
5650241
5650242
5650243
5650244
5650245
5650246
5650247
5650248
5650249
5650250
5650251
5650252
5650253
5650254
5650255
5650256
5650257
5650258
5650259
5650260
5650261
5650262
5650263
5650264
5650265
5650266
5650267
5650268
5650269
5650270
5650271
5650272
5650273
5650274
5650275
5650276
5650277
5650278
5650279
5650280
5650281
5650282
5650283
5650284
5650285
5650286
5650287
5650288
5650289
5650290
5650291
5650292
5650293
5650294
5650295
5650296
5650297
5650298
5650299
5650300
5650301
5650302
5650303
5650304
5650305
5650306
5650307
5650308
5650309
5650310
5650311
5650312
5650313
5650314
5650315
5650316
5650317
5650318
5650319
5650320
5650321
5650322
5650323
5650324
5650325
5650326
5650327
5650328
5650329
5650330
5650331
5650332
5650333
5650334
5650335
5650336
5650337
5650338
5650339
5650340
5650341
5650342
5650343
5650344
5650345
5650346
5650347
5650348
5650349
5650350
5650351
5650352
5650353
5650354
5650355
5650356
5650357
5650358
5650359
5650360
5650361
5650362
5650363
5650364
5650365
5650366
5650367
5650368
5650369
5650370
5650371
5650372
5650373
5650374
5650375
5650376
5650377
5650378
5650379
5650380
5650381
5650382
5650383
5650384
5650385
5650386
5650387
5650388
5650389
5650390
5650391
5650392
5650393
5650394
5650395
5650396
5650397
5650398
5650399
5650400
5650401
5650402
5650403
5650404
5650405
5650406
5650407
5650408
5650409
5650410
5650411
5650412
5650413
5650414
5650415
5650416
5650417
5650418
5650419
5650420
5650421
5650422
5650423
5650424
5650425
5650426
5650427
5650428
5650429
5650430
5650431
5650432
5650433
5650434
5650435
5650436
5650437
5650438
5650439
5650440
5650441
5650442
5650443
5650444
5650445
5650446
5650447
5650448
5650449
5650450
5650451
5650452
5650453
5650454
5650455
5650456
5650457
5650458
5650459
5650460
5650461
5650462
5650463
5650464
5650465
5650466
5650467
5650468
5650469
5650470
5650471
5650472
5650473
5650474
5650475
5650476
5650477
5650478
5650479
5650480
5650481
5650482
5650483
5650484
5650485
5650486
5650487
5650488
5650489
5650490
5650491
5650492
5650493
5650494
5650495
5650496
5650497
5650498
5650499
5650500
5650501
5650502
5650503
5650504
5650505
5650506
5650507
5650508
5650509
5650510
5650511
5650512
5650513
5650514
5650515
5650516
5650517
5650518
5650519
5650520
5650521
5650522
5650523
5650524
5650525
5650526
5650527
5650528
5650529
5650530
5650531
5650532
5650533
5650534
5650535
5650536
5650537
5650538
5650539
5650540
5650541
5650542
5650543
5650544
5650545
5650546
5650547
5650548
5650549
5650550
5650551
5650552
5650553
5650554
5650555
5650556
5650557
5650558
5650559
5650560
5650561
5650562
5650563
5650564
5650565
5650566
5650567
5650568
5650569
5650570
5650571
5650572
5650573
5650574
5650575
5650576
5650577
5650578
5650579
5650580
5650581
5650582
5650583
5650584
5650585
5650586
5650587
5650588
5650589
5650590
5650591
5650592
5650593
5650594
5650595
5650596
5650597
5650598
5650599
5650600
5650601
5650602
5650603
5650604
5650605
5650606
5650607
5650608
5650609
5650610
5650611
5650612
5650613
5650614
5650615
5650616
5650617
5650618
5650619
5650620
5650621
5650622
5650623
5650624
5650625
5650626
5650627
5650628
5650629
5650630
5650631
5650632
5650633
5650634
5650635
5650636
5650637
5650638
5650639
5650640
5650641
5650642
5650643
5650644
5650645
5650646
5650647
5650648
5650649
5650650
5650651
5650652
5650653
5650654
5650655
5650656
5650657
5650658
5650659
5650660
5650661
5650662
5650663
5650664
5650665
5650666
5650667
5650668
5650669
5650670
5650671
5650672
5650673
5650674
5650675
5650676
5650677
5650678
5650679
5650680
5650681
5650682
5650683
5650684
5650685
5650686
5650687
5650688
5650689
5650690
5650691
5650692
5650693
5650694
5650695
5650696
5650697
5650698
5650699
5650700
5650701
5650702
5650703
5650704
5650705
5650706
5650707
5650708
5650709
5650710
5650711
5650712
5650713
5650714
5650715
5650716
5650717
5650718
5650719
5650720
5650721
5650722
5650723
5650724
5650725
5650726
5650727
5650728
5650729
5650730
5650731
5650732
5650733
5650734
5650735
5650736
5650737
5650738
5650739
5650740
5650741
5650742
5650743
5650744
5650745
5650746
5650747
5650748
5650749
5650750
5650751
5650752
5650753
5650754
5650755
5650756
5650757
5650758
5650759
5650760
5650761
5650762
5650763
5650764
5650765
5650766
5650767
5650768
5650769
5650770
5650771
5650772
5650773
5650774
5650775
5650776
5650777
5650778
5650779
5650780
5650781
5650782
5650783
5650784
5650785
5650786
5650787
5650788
5650789
5650790
5650791
5650792
5650793
5650794
5650795
5650796
5650797
5650798
5650799
5650800
5650801
5650802
5650803
5650804
5650805
5650806
5650807
5650808
5650809
5650810
5650811
5650812
5650813
5650814
5650815
5650816
5650817
5650818
5650819
5650820
5650821
5650822
5650823
5650824
5650825
5650826
5650827
5650828
5650829
5650830
5650831
5650832
5650833
5650834
5650835
5650836
5650837
5650838
5650839
5650840
5650841
5650842
5650843
5650844
5650845
5650846
5650847
5650848
5650849
5650850
5650851
5650852
5650853
5650854
5650855
5650856
5650857
5650858
5650859
5650860
5650861
5650862
5650863
5650864
5650865
5650866
5650867
5650868
5650869
5650870
5650871
5650872
5650873
5650874
5650875
5650876
5650877
5650878
5650879
5650880
5650881
5650882
5650883
5650884
5650885
5650886
5650887
5650888
5650889
5650890
5650891
5650892
5650893
5650894
5650895
5650896
5650897
5650898
5650899
5650900
5650901
5650902
5650903
5650904
5650905
5650906
5650907
5650908
5650909
5650910
5650911
5650912
5650913
5650914
5650915
5650916
5650917
5650918
5650919
5650920
5650921
5650922
5650923
5650924
5650925
5650926
5650927
5650928
5650929
5650930
5650931
5650932
5650933
5650934
5650935
5650936
5650937
5650938
5650939
5650940
5650941
5650942
5650943
5650944
5650945
5650946
5650947
5650948
5650949
5650950
5650951
5650952
5650953
5650954
5650955
5650956
5650957
5650958
5650959
5650960
5650961
5650962
5650963
5650964
5650965
5650966
5650967
5650968
5650969
5650970
5650971
5650972
5650973
5650974
5650975
5650976
5650977
5650978
5650979
5650980
5650981
5650982
5650983
5650984
5650985
5650986
5650987
5650988
5650989
5650990
5650991
5650992
5650993
5650994
5650995
5650996
5650997
5650998
5650999
5651000
5651001
5651002
5651003
5651004
5651005
5651006
5651007
5651008
5651009
5651010
5651011
5651012
5651013
5651014
5651015
5651016
5651017
5651018
5651019
5651020
5651021
5651022
5651023
5651024
5651025
5651026
5651027
5651028
5651029
5651030
5651031
5651032
5651033
5651034
5651035
5651036
5651037
5651038
5651039
5651040
5651041
5651042
5651043
5651044
5651045
5651046
5651047
5651048
5651049
5651050
5651051
5651052
5651053
5651054
5651055
5651056
5651057
5651058
5651059
5651060
5651061
5651062
5651063
5651064
5651065
5651066
5651067
5651068
5651069
5651070
5651071
5651072
5651073
5651074
5651075
5651076
5651077
5651078
5651079
5651080
5651081
5651082
5651083
5651084
5651085
5651086
5651087
5651088
5651089
5651090
5651091
5651092
5651093
5651094
5651095
5651096
5651097
5651098
5651099
5651100
5651101
5651102
5651103
5651104
5651105
5651106
5651107
5651108
5651109
5651110
5651111
5651112
5651113
5651114
5651115
5651116
5651117
5651118
5651119
5651120
5651121
5651122
5651123
5651124
5651125
5651126
5651127
5651128
5651129
5651130
5651131
5651132
5651133
5651134
5651135
5651136
5651137
5651138
5651139
5651140
5651141
5651142
5651143
5651144
5651145
5651146
5651147
5651148
5651149
5651150
5651151
5651152
5651153
5651154
5651155
5651156
5651157
5651158
5651159
5651160
5651161
5651162
5651163
5651164
5651165
5651166
5651167
5651168
5651169
5651170
5651171
5651172
5651173
5651174
5651175
5651176
5651177
5651178
5651179
5651180
5651181
5651182
5651183
5651184
5651185
5651186
5651187
5651188
5651189
5651190
5651191
5651192
5651193
5651194
5651195
5651196
5651197
5651198
5651199
5651200
5651201
5651202
5651203
5651204
5651205
5651206
5651207
5651208
5651209
5651210
5651211
5651212
5651213
5651214
5651215
5651216
5651217
5651218
5651219
5651220
5651221
5651222
5651223
5651224
5651225
5651226
5651227
5651228
5651229
5651230
5651231
5651232
5651233
5651234
5651235
5651236
5651237
5651238
5651239
5651240
5651241
5651242
5651243
5651244
5651245
5651246
5651247
5651248
5651249
5651250
5651251
5651252
5651253
5651254
5651255
5651256
5651257
5651258
5651259
5651260
5651261
5651262
5651263
5651264
5651265
5651266
5651267
5651268
5651269
5651270
5651271
5651272
5651273
5651274
5651275
5651276
5651277
5651278
5651279
5651280
5651281
5651282
5651283
5651284
5651285
5651286
5651287
5651288
5651289
5651290
5651291
5651292
5651293
5651294
5651295
5651296
5651297
5651298
5651299
5651300
5651301
5651302
5651303
5651304
5651305
5651306
5651307
5651308
5651309
5651310
5651311
5651312
5651313
5651314
5651315
5651316
5651317
5651318
5651319
5651320
5651321
5651322
5651323
5651324
5651325
5651326
5651327
5651328
5651329
5651330
5651331
5651332
5651333
5651334
5651335
5651336
5651337
5651338
5651339
5651340
5651341
5651342
5651343
5651344
5651345
5651346
5651347
5651348
5651349
5651350
5651351
5651352
5651353
5651354
5651355
5651356
5651357
5651358
5651359
5651360
5651361
5651362
5651363
5651364
5651365
5651366
5651367
5651368
5651369
5651370
5651371
5651372
5651373
5651374
5651375
5651376
5651377
5651378
5651379
5651380
5651381
5651382
5651383
5651384
5651385
5651386
5651387
5651388
5651389
5651390
5651391
5651392
5651393
5651394
5651395
5651396
5651397
5651398
5651399
5651400
5651401
5651402
5651403
5651404
5651405
5651406
5651407
5651408
5651409
5651410
5651411
5651412
5651413
5651414
5651415
5651416
5651417
5651418
5651419
5651420
5651421
5651422
5651423
5651424
5651425
5651426
5651427
5651428
5651429
5651430
5651431
5651432
5651433
5651434
5651435
5651436
5651437
5651438
5651439
5651440
5651441
5651442
5651443
5651444
5651445
5651446
5651447
5651448
5651449
5651450
5651451
5651452
5651453
5651454
5651455
5651456
5651457
5651458
5651459
5651460
5651461
5651462
5651463
5651464
5651465
5651466
5651467
5651468
5651469
5651470
5651471
5651472
5651473
5651474
5651475
5651476
5651477
5651478
5651479
5651480
5651481
5651482
5651483
5651484
5651485
5651486
5651487
5651488
5651489
5651490
5651491
5651492
5651493
5651494
5651495
5651496
5651497
5651498
5651499
5651500
5651501
5651502
5651503
5651504
5651505
5651506
5651507
5651508
5651509
5651510
5651511
5651512
5651513
5651514
5651515
5651516
5651517
5651518
5651519
5651520
5651521
5651522
5651523
5651524
5651525
5651526
5651527
5651528
5651529
5651530
5651531
5651532
5651533
5651534
5651535
5651536
5651537
5651538
5651539
5651540
5651541
5651542
5651543
5651544
5651545
5651546
5651547
5651548
5651549
5651550
5651551
5651552
5651553
5651554
5651555
5651556
5651557
5651558
5651559
5651560
5651561
5651562
5651563
5651564
5651565
5651566
5651567
5651568
5651569
5651570
5651571
5651572
5651573
5651574
5651575
5651576
5651577
5651578
5651579
5651580
5651581
5651582
5651583
5651584
5651585
5651586
5651587
5651588
5651589
5651590
5651591
5651592
5651593
5651594
5651595
5651596
5651597
5651598
5651599
5651600
5651601
5651602
5651603
5651604
5651605
5651606
5651607
5651608
5651609
5651610
5651611
5651612
5651613
5651614
5651615
5651616
5651617
5651618
5651619
5651620
5651621
5651622
5651623
5651624
5651625
5651626
5651627
5651628
5651629
5651630
5651631
5651632
5651633
5651634
5651635
5651636
5651637
5651638
5651639
5651640
5651641
5651642
5651643
5651644
5651645
5651646
5651647
5651648
5651649
5651650
5651651
5651652
5651653
5651654
5651655
5651656
5651657
5651658
5651659
5651660
5651661
5651662
5651663
5651664
5651665
5651666
5651667
5651668
5651669
5651670
5651671
5651672
5651673
5651674
5651675
5651676
5651677
5651678
5651679
5651680
5651681
5651682
5651683
5651684
5651685
5651686
5651687
5651688
5651689
5651690
5651691
5651692
5651693
5651694
5651695
5651696
5651697
5651698
5651699
5651700
5651701
5651702
5651703
5651704
5651705
5651706
5651707
5651708
5651709
5651710
5651711
5651712
5651713
5651714
5651715
5651716
5651717
5651718
5651719
5651720
5651721
5651722
5651723
5651724
5651725
5651726
5651727
5651728
5651729
5651730
5651731
5651732
5651733
5651734
5651735
5651736
5651737
5651738
5651739
5651740
5651741
5651742
5651743
5651744
5651745
5651746
5651747
5651748
5651749
5651750
5651751
5651752
5651753
5651754
5651755
5651756
5651757
5651758
5651759
5651760
5651761
5651762
5651763
5651764
5651765
5651766
5651767
5651768
5651769
5651770
5651771
5651772
5651773
5651774
5651775
5651776
5651777
5651778
5651779
5651780
5651781
5651782
5651783
5651784
5651785
5651786
5651787
5651788
5651789
5651790
5651791
5651792
5651793
5651794
5651795
5651796
5651797
5651798
5651799
5651800
5651801
5651802
5651803
5651804
5651805
5651806
5651807
5651808
5651809
5651810
5651811
5651812
5651813
5651814
5651815
5651816
5651817
5651818
5651819
5651820
5651821
5651822
5651823
5651824
5651825
5651826
5651827
5651828
5651829
5651830
5651831
5651832
5651833
5651834
5651835
5651836
5651837
5651838
5651839
5651840
5651841
5651842
5651843
5651844
5651845
5651846
5651847
5651848
5651849
5651850
5651851
5651852
5651853
5651854
5651855
5651856
5651857
5651858
5651859
5651860
5651861
5651862
5651863
5651864
5651865
5651866
5651867
5651868
5651869
5651870
5651871
5651872
5651873
5651874
5651875
5651876
5651877
5651878
5651879
5651880
5651881
5651882
5651883
5651884
5651885
5651886
5651887
5651888
5651889
5651890
5651891
5651892
5651893
5651894
5651895
5651896
5651897
5651898
5651899
5651900
5651901
5651902
5651903
5651904
5651905
5651906
5651907
5651908
5651909
5651910
5651911
5651912
5651913
5651914
5651915
5651916
5651917
5651918
5651919
5651920
5651921
5651922
5651923
5651924
5651925
5651926
5651927
5651928
5651929
5651930
5651931
5651932
5651933
5651934
5651935
5651936
5651937
5651938
5651939
5651940
5651941
5651942
5651943
5651944
5651945
5651946
5651947
5651948
5651949
5651950
5651951
5651952
5651953
5651954
5651955
5651956
5651957
5651958
5651959
5651960
5651961
5651962
5651963
5651964
5651965
5651966
5651967
5651968
5651969
5651970
5651971
5651972
5651973
5651974
5651975
5651976
5651977
5651978
5651979
5651980
5651981
5651982
5651983
5651984
5651985
5651986
5651987
5651988
5651989
5651990
5651991
5651992
5651993
5651994
5651995
5651996
5651997
5651998
5651999
5652000
5652001
5652002
5652003
5652004
5652005
5652006
5652007
5652008
5652009
5652010
5652011
5652012
5652013
5652014
5652015
5652016
5652017
5652018
5652019
5652020
5652021
5652022
5652023
5652024
5652025
5652026
5652027
5652028
5652029
5652030
5652031
5652032
5652033
5652034
5652035
5652036
5652037
5652038
5652039
5652040
5652041
5652042
5652043
5652044
5652045
5652046
5652047
5652048
5652049
5652050
5652051
5652052
5652053
5652054
5652055
5652056
5652057
5652058
5652059
5652060
5652061
5652062
5652063
5652064
5652065
5652066
5652067
5652068
5652069
5652070
5652071
5652072
5652073
5652074
5652075
5652076
5652077
5652078
5652079
5652080
5652081
5652082
5652083
5652084
5652085
5652086
5652087
5652088
5652089
5652090
5652091
5652092
5652093
5652094
5652095
5652096
5652097
5652098
5652099
5652100
5652101
5652102
5652103
5652104
5652105
5652106
5652107
5652108
5652109
5652110
5652111
5652112
5652113
5652114
5652115
5652116
5652117
5652118
5652119
5652120
5652121
5652122
5652123
5652124
5652125
5652126
5652127
5652128
5652129
5652130
5652131
5652132
5652133
5652134
5652135
5652136
5652137
5652138
5652139
5652140
5652141
5652142
5652143
5652144
5652145
5652146
5652147
5652148
5652149
5652150
5652151
5652152
5652153
5652154
5652155
5652156
5652157
5652158
5652159
5652160
5652161
5652162
5652163
5652164
5652165
5652166
5652167
5652168
5652169
5652170
5652171
5652172
5652173
5652174
5652175
5652176
5652177
5652178
5652179
5652180
5652181
5652182
5652183
5652184
5652185
5652186
5652187
5652188
5652189
5652190
5652191
5652192
5652193
5652194
5652195
5652196
5652197
5652198
5652199
5652200
5652201
5652202
5652203
5652204
5652205
5652206
5652207
5652208
5652209
5652210
5652211
5652212
5652213
5652214
5652215
5652216
5652217
5652218
5652219
5652220
5652221
5652222
5652223
5652224
5652225
5652226
5652227
5652228
5652229
5652230
5652231
5652232
5652233
5652234
5652235
5652236
5652237
5652238
5652239
5652240
5652241
5652242
5652243
5652244
5652245
5652246
5652247
5652248
5652249
5652250
5652251
5652252
5652253
5652254
5652255
5652256
5652257
5652258
5652259
5652260
5652261
5652262
5652263
5652264
5652265
5652266
5652267
5652268
5652269
5652270
5652271
5652272
5652273
5652274
5652275
5652276
5652277
5652278
5652279
5652280
5652281
5652282
5652283
5652284
5652285
5652286
5652287
5652288
5652289
5652290
5652291
5652292
5652293
5652294
5652295
5652296
5652297
5652298
5652299
5652300
5652301
5652302
5652303
5652304
5652305
5652306
5652307
5652308
5652309
5652310
5652311
5652312
5652313
5652314
5652315
5652316
5652317
5652318
5652319
5652320
5652321
5652322
5652323
5652324
5652325
5652326
5652327
5652328
5652329
5652330
5652331
5652332
5652333
5652334
5652335
5652336
5652337
5652338
5652339
5652340
5652341
5652342
5652343
5652344
5652345
5652346
5652347
5652348
5652349
5652350
5652351
5652352
5652353
5652354
5652355
5652356
5652357
5652358
5652359
5652360
5652361
5652362
5652363
5652364
5652365
5652366
5652367
5652368
5652369
5652370
5652371
5652372
5652373
5652374
5652375
5652376
5652377
5652378
5652379
5652380
5652381
5652382
5652383
5652384
5652385
5652386
5652387
5652388
5652389
5652390
5652391
5652392
5652393
5652394
5652395
5652396
5652397
5652398
5652399
5652400
5652401
5652402
5652403
5652404
5652405
5652406
5652407
5652408
5652409
5652410
5652411
5652412
5652413
5652414
5652415
5652416
5652417
5652418
5652419
5652420
5652421
5652422
5652423
5652424
5652425
5652426
5652427
5652428
5652429
5652430
5652431
5652432
5652433
5652434
5652435
5652436
5652437
5652438
5652439
5652440
5652441
5652442
5652443
5652444
5652445
5652446
5652447
5652448
5652449
5652450
5652451
5652452
5652453
5652454
5652455
5652456
5652457
5652458
5652459
5652460
5652461
5652462
5652463
5652464
5652465
5652466
5652467
5652468
5652469
5652470
5652471
5652472
5652473
5652474
5652475
5652476
5652477
5652478
5652479
5652480
5652481
5652482
5652483
5652484
5652485
5652486
5652487
5652488
5652489
5652490
5652491
5652492
5652493
5652494
5652495
5652496
5652497
5652498
5652499
5652500
5652501
5652502
5652503
5652504
5652505
5652506
5652507
5652508
5652509
5652510
5652511
5652512
5652513
5652514
5652515
5652516
5652517
5652518
5652519
5652520
5652521
5652522
5652523
5652524
5652525
5652526
5652527
5652528
5652529
5652530
5652531
5652532
5652533
5652534
5652535
5652536
5652537
5652538
5652539
5652540
5652541
5652542
5652543
5652544
5652545
5652546
5652547
5652548
5652549
5652550
5652551
5652552
5652553
5652554
5652555
5652556
5652557
5652558
5652559
5652560
5652561
5652562
5652563
5652564
5652565
5652566
5652567
5652568
5652569
5652570
5652571
5652572
5652573
5652574
5652575
5652576
5652577
5652578
5652579
5652580
5652581
5652582
5652583
5652584
5652585
5652586
5652587
5652588
5652589
5652590
5652591
5652592
5652593
5652594
5652595
5652596
5652597
5652598
5652599
5652600
5652601
5652602
5652603
5652604
5652605
5652606
5652607
5652608
5652609
5652610
5652611
5652612
5652613
5652614
5652615
5652616
5652617
5652618
5652619
5652620
5652621
5652622
5652623
5652624
5652625
5652626
5652627
5652628
5652629
5652630
5652631
5652632
5652633
5652634
5652635
5652636
5652637
5652638
5652639
5652640
5652641
5652642
5652643
5652644
5652645
5652646
5652647
5652648
5652649
5652650
5652651
5652652
5652653
5652654
5652655
5652656
5652657
5652658
5652659
5652660
5652661
5652662
5652663
5652664
5652665
5652666
5652667
5652668
5652669
5652670
5652671
5652672
5652673
5652674
5652675
5652676
5652677
5652678
5652679
5652680
5652681
5652682
5652683
5652684
5652685
5652686
5652687
5652688
5652689
5652690
5652691
5652692
5652693
5652694
5652695
5652696
5652697
5652698
5652699
5652700
5652701
5652702
5652703
5652704
5652705
5652706
5652707
5652708
5652709
5652710
5652711
5652712
5652713
5652714
5652715
5652716
5652717
5652718
5652719
5652720
5652721
5652722
5652723
5652724
5652725
5652726
5652727
5652728
5652729
5652730
5652731
5652732
5652733
5652734
5652735
5652736
5652737
5652738
5652739
5652740
5652741
5652742
5652743
5652744
5652745
5652746
5652747
5652748
5652749
5652750
5652751
5652752
5652753
5652754
5652755
5652756
5652757
5652758
5652759
5652760
5652761
5652762
5652763
5652764
5652765
5652766
5652767
5652768
5652769
5652770
5652771
5652772
5652773
5652774
5652775
5652776
5652777
5652778
5652779
5652780
5652781
5652782
5652783
5652784
5652785
5652786
5652787
5652788
5652789
5652790
5652791
5652792
5652793
5652794
5652795
5652796
5652797
5652798
5652799
5652800
5652801
5652802
5652803
5652804
5652805
5652806
5652807
5652808
5652809
5652810
5652811
5652812
5652813
5652814
5652815
5652816
5652817
5652818
5652819
5652820
5652821
5652822
5652823
5652824
5652825
5652826
5652827
5652828
5652829
5652830
5652831
5652832
5652833
5652834
5652835
5652836
5652837
5652838
5652839
5652840
5652841
5652842
5652843
5652844
5652845
5652846
5652847
5652848
5652849
5652850
5652851
5652852
5652853
5652854
5652855
5652856
5652857
5652858
5652859
5652860
5652861
5652862
5652863
5652864
5652865
5652866
5652867
5652868
5652869
5652870
5652871
5652872
5652873
5652874
5652875
5652876
5652877
5652878
5652879
5652880
5652881
5652882
5652883
5652884
5652885
5652886
5652887
5652888
5652889
5652890
5652891
5652892
5652893
5652894
5652895
5652896
5652897
5652898
5652899
5652900
5652901
5652902
5652903
5652904
5652905
5652906
5652907
5652908
5652909
5652910
5652911
5652912
5652913
5652914
5652915
5652916
5652917
5652918
5652919
5652920
5652921
5652922
5652923
5652924
5652925
5652926
5652927
5652928
5652929
5652930
5652931
5652932
5652933
5652934
5652935
5652936
5652937
5652938
5652939
5652940
5652941
5652942
5652943
5652944
5652945
5652946
5652947
5652948
5652949
5652950
5652951
5652952
5652953
5652954
5652955
5652956
5652957
5652958
5652959
5652960
5652961
5652962
5652963
5652964
5652965
5652966
5652967
5652968
5652969
5652970
5652971
5652972
5652973
5652974
5652975
5652976
5652977
5652978
5652979
5652980
5652981
5652982
5652983
5652984
5652985
5652986
5652987
5652988
5652989
5652990
5652991
5652992
5652993
5652994
5652995
5652996
5652997
5652998
5652999
5653000
5653001
5653002
5653003
5653004
5653005
5653006
5653007
5653008
5653009
5653010
5653011
5653012
5653013
5653014
5653015
5653016
5653017
5653018
5653019
5653020
5653021
5653022
5653023
5653024
5653025
5653026
5653027
5653028
5653029
5653030
5653031
5653032
5653033
5653034
5653035
5653036
5653037
5653038
5653039
5653040
5653041
5653042
5653043
5653044
5653045
5653046
5653047
5653048
5653049
5653050
5653051
5653052
5653053
5653054
5653055
5653056
5653057
5653058
5653059
5653060
5653061
5653062
5653063
5653064
5653065
5653066
5653067
5653068
5653069
5653070
5653071
5653072
5653073
5653074
5653075
5653076
5653077
5653078
5653079
5653080
5653081
5653082
5653083
5653084
5653085
5653086
5653087
5653088
5653089
5653090
5653091
5653092
5653093
5653094
5653095
5653096
5653097
5653098
5653099
5653100
5653101
5653102
5653103
5653104
5653105
5653106
5653107
5653108
5653109
5653110
5653111
5653112
5653113
5653114
5653115
5653116
5653117
5653118
5653119
5653120
5653121
5653122
5653123
5653124
5653125
5653126
5653127
5653128
5653129
5653130
5653131
5653132
5653133
5653134
5653135
5653136
5653137
5653138
5653139
5653140
5653141
5653142
5653143
5653144
5653145
5653146
5653147
5653148
5653149
5653150
5653151
5653152
5653153
5653154
5653155
5653156
5653157
5653158
5653159
5653160
5653161
5653162
5653163
5653164
5653165
5653166
5653167
5653168
5653169
5653170
5653171
5653172
5653173
5653174
5653175
5653176
5653177
5653178
5653179
5653180
5653181
5653182
5653183
5653184
5653185
5653186
5653187
5653188
5653189
5653190
5653191
5653192
5653193
5653194
5653195
5653196
5653197
5653198
5653199
5653200
5653201
5653202
5653203
5653204
5653205
5653206
5653207
5653208
5653209
5653210
5653211
5653212
5653213
5653214
5653215
5653216
5653217
5653218
5653219
5653220
5653221
5653222
5653223
5653224
5653225
5653226
5653227
5653228
5653229
5653230
5653231
5653232
5653233
5653234
5653235
5653236
5653237
5653238
5653239
5653240
5653241
5653242
5653243
5653244
5653245
5653246
5653247
5653248
5653249
5653250
5653251
5653252
5653253
5653254
5653255
5653256
5653257
5653258
5653259
5653260
5653261
5653262
5653263
5653264
5653265
5653266
5653267
5653268
5653269
5653270
5653271
5653272
5653273
5653274
5653275
5653276
5653277
5653278
5653279
5653280
5653281
5653282
5653283
5653284
5653285
5653286
5653287
5653288
5653289
5653290
5653291
5653292
5653293
5653294
5653295
5653296
5653297
5653298
5653299
5653300
5653301
5653302
5653303
5653304
5653305
5653306
5653307
5653308
5653309
5653310
5653311
5653312
5653313
5653314
5653315
5653316
5653317
5653318
5653319
5653320
5653321
5653322
5653323
5653324
5653325
5653326
5653327
5653328
5653329
5653330
5653331
5653332
5653333
5653334
5653335
5653336
5653337
5653338
5653339
5653340
5653341
5653342
5653343
5653344
5653345
5653346
5653347
5653348
5653349
5653350
5653351
5653352
5653353
5653354
5653355
5653356
5653357
5653358
5653359
5653360
5653361
5653362
5653363
5653364
5653365
5653366
5653367
5653368
5653369
5653370
5653371
5653372
5653373
5653374
5653375
5653376
5653377
5653378
5653379
5653380
5653381
5653382
5653383
5653384
5653385
5653386
5653387
5653388
5653389
5653390
5653391
5653392
5653393
5653394
5653395
5653396
5653397
5653398
5653399
5653400
5653401
5653402
5653403
5653404
5653405
5653406
5653407
5653408
5653409
5653410
5653411
5653412
5653413
5653414
5653415
5653416
5653417
5653418
5653419
5653420
5653421
5653422
5653423
5653424
5653425
5653426
5653427
5653428
5653429
5653430
5653431
5653432
5653433
5653434
5653435
5653436
5653437
5653438
5653439
5653440
5653441
5653442
5653443
5653444
5653445
5653446
5653447
5653448
5653449
5653450
5653451
5653452
5653453
5653454
5653455
5653456
5653457
5653458
5653459
5653460
5653461
5653462
5653463
5653464
5653465
5653466
5653467
5653468
5653469
5653470
5653471
5653472
5653473
5653474
5653475
5653476
5653477
5653478
5653479
5653480
5653481
5653482
5653483
5653484
5653485
5653486
5653487
5653488
5653489
5653490
5653491
5653492
5653493
5653494
5653495
5653496
5653497
5653498
5653499
5653500
5653501
5653502
5653503
5653504
5653505
5653506
5653507
5653508
5653509
5653510
5653511
5653512
5653513
5653514
5653515
5653516
5653517
5653518
5653519
5653520
5653521
5653522
5653523
5653524
5653525
5653526
5653527
5653528
5653529
5653530
5653531
5653532
5653533
5653534
5653535
5653536
5653537
5653538
5653539
5653540
5653541
5653542
5653543
5653544
5653545
5653546
5653547
5653548
5653549
5653550
5653551
5653552
5653553
5653554
5653555
5653556
5653557
5653558
5653559
5653560
5653561
5653562
5653563
5653564
5653565
5653566
5653567
5653568
5653569
5653570
5653571
5653572
5653573
5653574
5653575
5653576
5653577
5653578
5653579
5653580
5653581
5653582
5653583
5653584
5653585
5653586
5653587
5653588
5653589
5653590
5653591
5653592
5653593
5653594
5653595
5653596
5653597
5653598
5653599
5653600
5653601
5653602
5653603
5653604
5653605
5653606
5653607
5653608
5653609
5653610
5653611
5653612
5653613
5653614
5653615
5653616
5653617
5653618
5653619
5653620
5653621
5653622
5653623
5653624
5653625
5653626
5653627
5653628
5653629
5653630
5653631
5653632
5653633
5653634
5653635
5653636
5653637
5653638
5653639
5653640
5653641
5653642
5653643
5653644
5653645
5653646
5653647
5653648
5653649
5653650
5653651
5653652
5653653
5653654
5653655
5653656
5653657
5653658
5653659
5653660
5653661
5653662
5653663
5653664
5653665
5653666
5653667
5653668
5653669
5653670
5653671
5653672
5653673
5653674
5653675
5653676
5653677
5653678
5653679
5653680
5653681
5653682
5653683
5653684
5653685
5653686
5653687
5653688
5653689
5653690
5653691
5653692
5653693
5653694
5653695
5653696
5653697
5653698
5653699
5653700
5653701
5653702
5653703
5653704
5653705
5653706
5653707
5653708
5653709
5653710
5653711
5653712
5653713
5653714
5653715
5653716
5653717
5653718
5653719
5653720
5653721
5653722
5653723
5653724
5653725
5653726
5653727
5653728
5653729
5653730
5653731
5653732
5653733
5653734
5653735
5653736
5653737
5653738
5653739
5653740
5653741
5653742
5653743
5653744
5653745
5653746
5653747
5653748
5653749
5653750
5653751
5653752
5653753
5653754
5653755
5653756
5653757
5653758
5653759
5653760
5653761
5653762
5653763
5653764
5653765
5653766
5653767
5653768
5653769
5653770
5653771
5653772
5653773
5653774
5653775
5653776
5653777
5653778
5653779
5653780
5653781
5653782
5653783
5653784
5653785
5653786
5653787
5653788
5653789
5653790
5653791
5653792
5653793
5653794
5653795
5653796
5653797
5653798
5653799
5653800
5653801
5653802
5653803
5653804
5653805
5653806
5653807
5653808
5653809
5653810
5653811
5653812
5653813
5653814
5653815
5653816
5653817
5653818
5653819
5653820
5653821
5653822
5653823
5653824
5653825
5653826
5653827
5653828
5653829
5653830
5653831
5653832
5653833
5653834
5653835
5653836
5653837
5653838
5653839
5653840
5653841
5653842
5653843
5653844
5653845
5653846
5653847
5653848
5653849
5653850
5653851
5653852
5653853
5653854
5653855
5653856
5653857
5653858
5653859
5653860
5653861
5653862
5653863
5653864
5653865
5653866
5653867
5653868
5653869
5653870
5653871
5653872
5653873
5653874
5653875
5653876
5653877
5653878
5653879
5653880
5653881
5653882
5653883
5653884
5653885
5653886
5653887
5653888
5653889
5653890
5653891
5653892
5653893
5653894
5653895
5653896
5653897
5653898
5653899
5653900
5653901
5653902
5653903
5653904
5653905
5653906
5653907
5653908
5653909
5653910
5653911
5653912
5653913
5653914
5653915
5653916
5653917
5653918
5653919
5653920
5653921
5653922
5653923
5653924
5653925
5653926
5653927
5653928
5653929
5653930
5653931
5653932
5653933
5653934
5653935
5653936
5653937
5653938
5653939
5653940
5653941
5653942
5653943
5653944
5653945
5653946
5653947
5653948
5653949
5653950
5653951
5653952
5653953
5653954
5653955
5653956
5653957
5653958
5653959
5653960
5653961
5653962
5653963
5653964
5653965
5653966
5653967
5653968
5653969
5653970
5653971
5653972
5653973
5653974
5653975
5653976
5653977
5653978
5653979
5653980
5653981
5653982
5653983
5653984
5653985
5653986
5653987
5653988
5653989
5653990
5653991
5653992
5653993
5653994
5653995
5653996
5653997
5653998
5653999
5654000
5654001
5654002
5654003
5654004
5654005
5654006
5654007
5654008
5654009
5654010
5654011
5654012
5654013
5654014
5654015
5654016
5654017
5654018
5654019
5654020
5654021
5654022
5654023
5654024
5654025
5654026
5654027
5654028
5654029
5654030
5654031
5654032
5654033
5654034
5654035
5654036
5654037
5654038
5654039
5654040
5654041
5654042
5654043
5654044
5654045
5654046
5654047
5654048
5654049
5654050
5654051
5654052
5654053
5654054
5654055
5654056
5654057
5654058
5654059
5654060
5654061
5654062
5654063
5654064
5654065
5654066
5654067
5654068
5654069
5654070
5654071
5654072
5654073
5654074
5654075
5654076
5654077
5654078
5654079
5654080
5654081
5654082
5654083
5654084
5654085
5654086
5654087
5654088
5654089
5654090
5654091
5654092
5654093
5654094
5654095
5654096
5654097
5654098
5654099
5654100
5654101
5654102
5654103
5654104
5654105
5654106
5654107
5654108
5654109
5654110
5654111
5654112
5654113
5654114
5654115
5654116
5654117
5654118
5654119
5654120
5654121
5654122
5654123
5654124
5654125
5654126
5654127
5654128
5654129
5654130
5654131
5654132
5654133
5654134
5654135
5654136
5654137
5654138
5654139
5654140
5654141
5654142
5654143
5654144
5654145
5654146
5654147
5654148
5654149
5654150
5654151
5654152
5654153
5654154
5654155
5654156
5654157
5654158
5654159
5654160
5654161
5654162
5654163
5654164
5654165
5654166
5654167
5654168
5654169
5654170
5654171
5654172
5654173
5654174
5654175
5654176
5654177
5654178
5654179
5654180
5654181
5654182
5654183
5654184
5654185
5654186
5654187
5654188
5654189
5654190
5654191
5654192
5654193
5654194
5654195
5654196
5654197
5654198
5654199
5654200
5654201
5654202
5654203
5654204
5654205
5654206
5654207
5654208
5654209
5654210
5654211
5654212
5654213
5654214
5654215
5654216
5654217
5654218
5654219
5654220
5654221
5654222
5654223
5654224
5654225
5654226
5654227
5654228
5654229
5654230
5654231
5654232
5654233
5654234
5654235
5654236
5654237
5654238
5654239
5654240
5654241
5654242
5654243
5654244
5654245
5654246
5654247
5654248
5654249
5654250
5654251
5654252
5654253
5654254
5654255
5654256
5654257
5654258
5654259
5654260
5654261
5654262
5654263
5654264
5654265
5654266
5654267
5654268
5654269
5654270
5654271
5654272
5654273
5654274
5654275
5654276
5654277
5654278
5654279
5654280
5654281
5654282
5654283
5654284
5654285
5654286
5654287
5654288
5654289
5654290
5654291
5654292
5654293
5654294
5654295
5654296
5654297
5654298
5654299
5654300
5654301
5654302
5654303
5654304
5654305
5654306
5654307
5654308
5654309
5654310
5654311
5654312
5654313
5654314
5654315
5654316
5654317
5654318
5654319
5654320
5654321
5654322
5654323
5654324
5654325
5654326
5654327
5654328
5654329
5654330
5654331
5654332
5654333
5654334
5654335
5654336
5654337
5654338
5654339
5654340
5654341
5654342
5654343
5654344
5654345
5654346
5654347
5654348
5654349
5654350
5654351
5654352
5654353
5654354
5654355
5654356
5654357
5654358
5654359
5654360
5654361
5654362
5654363
5654364
5654365
5654366
5654367
5654368
5654369
5654370
5654371
5654372
5654373
5654374
5654375
5654376
5654377
5654378
5654379
5654380
5654381
5654382
5654383
5654384
5654385
5654386
5654387
5654388
5654389
5654390
5654391
5654392
5654393
5654394
5654395
5654396
5654397
5654398
5654399
5654400
5654401
5654402
5654403
5654404
5654405
5654406
5654407
5654408
5654409
5654410
5654411
5654412
5654413
5654414
5654415
5654416
5654417
5654418
5654419
5654420
5654421
5654422
5654423
5654424
5654425
5654426
5654427
5654428
5654429
5654430
5654431
5654432
5654433
5654434
5654435
5654436
5654437
5654438
5654439
5654440
5654441
5654442
5654443
5654444
5654445
5654446
5654447
5654448
5654449
5654450
5654451
5654452
5654453
5654454
5654455
5654456
5654457
5654458
5654459
5654460
5654461
5654462
5654463
5654464
5654465
5654466
5654467
5654468
5654469
5654470
5654471
5654472
5654473
5654474
5654475
5654476
5654477
5654478
5654479
5654480
5654481
5654482
5654483
5654484
5654485
5654486
5654487
5654488
5654489
5654490
5654491
5654492
5654493
5654494
5654495
5654496
5654497
5654498
5654499
5654500
5654501
5654502
5654503
5654504
5654505
5654506
5654507
5654508
5654509
5654510
5654511
5654512
5654513
5654514
5654515
5654516
5654517
5654518
5654519
5654520
5654521
5654522
5654523
5654524
5654525
5654526
5654527
5654528
5654529
5654530
5654531
5654532
5654533
5654534
5654535
5654536
5654537
5654538
5654539
5654540
5654541
5654542
5654543
5654544
5654545
5654546
5654547
5654548
5654549
5654550
5654551
5654552
5654553
5654554
5654555
5654556
5654557
5654558
5654559
5654560
5654561
5654562
5654563
5654564
5654565
5654566
5654567
5654568
5654569
5654570
5654571
5654572
5654573
5654574
5654575
5654576
5654577
5654578
5654579
5654580
5654581
5654582
5654583
5654584
5654585
5654586
5654587
5654588
5654589
5654590
5654591
5654592
5654593
5654594
5654595
5654596
5654597
5654598
5654599
5654600
5654601
5654602
5654603
5654604
5654605
5654606
5654607
5654608
5654609
5654610
5654611
5654612
5654613
5654614
5654615
5654616
5654617
5654618
5654619
5654620
5654621
5654622
5654623
5654624
5654625
5654626
5654627
5654628
5654629
5654630
5654631
5654632
5654633
5654634
5654635
5654636
5654637
5654638
5654639
5654640
5654641
5654642
5654643
5654644
5654645
5654646
5654647
5654648
5654649
5654650
5654651
5654652
5654653
5654654
5654655
5654656
5654657
5654658
5654659
5654660
5654661
5654662
5654663
5654664
5654665
5654666
5654667
5654668
5654669
5654670
5654671
5654672
5654673
5654674
5654675
5654676
5654677
5654678
5654679
5654680
5654681
5654682
5654683
5654684
5654685
5654686
5654687
5654688
5654689
5654690
5654691
5654692
5654693
5654694
5654695
5654696
5654697
5654698
5654699
5654700
5654701
5654702
5654703
5654704
5654705
5654706
5654707
5654708
5654709
5654710
5654711
5654712
5654713
5654714
5654715
5654716
5654717
5654718
5654719
5654720
5654721
5654722
5654723
5654724
5654725
5654726
5654727
5654728
5654729
5654730
5654731
5654732
5654733
5654734
5654735
5654736
5654737
5654738
5654739
5654740
5654741
5654742
5654743
5654744
5654745
5654746
5654747
5654748
5654749
5654750
5654751
5654752
5654753
5654754
5654755
5654756
5654757
5654758
5654759
5654760
5654761
5654762
5654763
5654764
5654765
5654766
5654767
5654768
5654769
5654770
5654771
5654772
5654773
5654774
5654775
5654776
5654777
5654778
5654779
5654780
5654781
5654782
5654783
5654784
5654785
5654786
5654787
5654788
5654789
5654790
5654791
5654792
5654793
5654794
5654795
5654796
5654797
5654798
5654799
5654800
5654801
5654802
5654803
5654804
5654805
5654806
5654807
5654808
5654809
5654810
5654811
5654812
5654813
5654814
5654815
5654816
5654817
5654818
5654819
5654820
5654821
5654822
5654823
5654824
5654825
5654826
5654827
5654828
5654829
5654830
5654831
5654832
5654833
5654834
5654835
5654836
5654837
5654838
5654839
5654840
5654841
5654842
5654843
5654844
5654845
5654846
5654847
5654848
5654849
5654850
5654851
5654852
5654853
5654854
5654855
5654856
5654857
5654858
5654859
5654860
5654861
5654862
5654863
5654864
5654865
5654866
5654867
5654868
5654869
5654870
5654871
5654872
5654873
5654874
5654875
5654876
5654877
5654878
5654879
5654880
5654881
5654882
5654883
5654884
5654885
5654886
5654887
5654888
5654889
5654890
5654891
5654892
5654893
5654894
5654895
5654896
5654897
5654898
5654899
5654900
5654901
5654902
5654903
5654904
5654905
5654906
5654907
5654908
5654909
5654910
5654911
5654912
5654913
5654914
5654915
5654916
5654917
5654918
5654919
5654920
5654921
5654922
5654923
5654924
5654925
5654926
5654927
5654928
5654929
5654930
5654931
5654932
5654933
5654934
5654935
5654936
5654937
5654938
5654939
5654940
5654941
5654942
5654943
5654944
5654945
5654946
5654947
5654948
5654949
5654950
5654951
5654952
5654953
5654954
5654955
5654956
5654957
5654958
5654959
5654960
5654961
5654962
5654963
5654964
5654965
5654966
5654967
5654968
5654969
5654970
5654971
5654972
5654973
5654974
5654975
5654976
5654977
5654978
5654979
5654980
5654981
5654982
5654983
5654984
5654985
5654986
5654987
5654988
5654989
5654990
5654991
5654992
5654993
5654994
5654995
5654996
5654997
5654998
5654999
5655000
5655001
5655002
5655003
5655004
5655005
5655006
5655007
5655008
5655009
5655010
5655011
5655012
5655013
5655014
5655015
5655016
5655017
5655018
5655019
5655020
5655021
5655022
5655023
5655024
5655025
5655026
5655027
5655028
5655029
5655030
5655031
5655032
5655033
5655034
5655035
5655036
5655037
5655038
5655039
5655040
5655041
5655042
5655043
5655044
5655045
5655046
5655047
5655048
5655049
5655050
5655051
5655052
5655053
5655054
5655055
5655056
5655057
5655058
5655059
5655060
5655061
5655062
5655063
5655064
5655065
5655066
5655067
5655068
5655069
5655070
5655071
5655072
5655073
5655074
5655075
5655076
5655077
5655078
5655079
5655080
5655081
5655082
5655083
5655084
5655085
5655086
5655087
5655088
5655089
5655090
5655091
5655092
5655093
5655094
5655095
5655096
5655097
5655098
5655099
5655100
5655101
5655102
5655103
5655104
5655105
5655106
5655107
5655108
5655109
5655110
5655111
5655112
5655113
5655114
5655115
5655116
5655117
5655118
5655119
5655120
5655121
5655122
5655123
5655124
5655125
5655126
5655127
5655128
5655129
5655130
5655131
5655132
5655133
5655134
5655135
5655136
5655137
5655138
5655139
5655140
5655141
5655142
5655143
5655144
5655145
5655146
5655147
5655148
5655149
5655150
5655151
5655152
5655153
5655154
5655155
5655156
5655157
5655158
5655159
5655160
5655161
5655162
5655163
5655164
5655165
5655166
5655167
5655168
5655169
5655170
5655171
5655172
5655173
5655174
5655175
5655176
5655177
5655178
5655179
5655180
5655181
5655182
5655183
5655184
5655185
5655186
5655187
5655188
5655189
5655190
5655191
5655192
5655193
5655194
5655195
5655196
5655197
5655198
5655199
5655200
5655201
5655202
5655203
5655204
5655205
5655206
5655207
5655208
5655209
5655210
5655211
5655212
5655213
5655214
5655215
5655216
5655217
5655218
5655219
5655220
5655221
5655222
5655223
5655224
5655225
5655226
5655227
5655228
5655229
5655230
5655231
5655232
5655233
5655234
5655235
5655236
5655237
5655238
5655239
5655240
5655241
5655242
5655243
5655244
5655245
5655246
5655247
5655248
5655249
5655250
5655251
5655252
5655253
5655254
5655255
5655256
5655257
5655258
5655259
5655260
5655261
5655262
5655263
5655264
5655265
5655266
5655267
5655268
5655269
5655270
5655271
5655272
5655273
5655274
5655275
5655276
5655277
5655278
5655279
5655280
5655281
5655282
5655283
5655284
5655285
5655286
5655287
5655288
5655289
5655290
5655291
5655292
5655293
5655294
5655295
5655296
5655297
5655298
5655299
5655300
5655301
5655302
5655303
5655304
5655305
5655306
5655307
5655308
5655309
5655310
5655311
5655312
5655313
5655314
5655315
5655316
5655317
5655318
5655319
5655320
5655321
5655322
5655323
5655324
5655325
5655326
5655327
5655328
5655329
5655330
5655331
5655332
5655333
5655334
5655335
5655336
5655337
5655338
5655339
5655340
5655341
5655342
5655343
5655344
5655345
5655346
5655347
5655348
5655349
5655350
5655351
5655352
5655353
5655354
5655355
5655356
5655357
5655358
5655359
5655360
5655361
5655362
5655363
5655364
5655365
5655366
5655367
5655368
5655369
5655370
5655371
5655372
5655373
5655374
5655375
5655376
5655377
5655378
5655379
5655380
5655381
5655382
5655383
5655384
5655385
5655386
5655387
5655388
5655389
5655390
5655391
5655392
5655393
5655394
5655395
5655396
5655397
5655398
5655399
5655400
5655401
5655402
5655403
5655404
5655405
5655406
5655407
5655408
5655409
5655410
5655411
5655412
5655413
5655414
5655415
5655416
5655417
5655418
5655419
5655420
5655421
5655422
5655423
5655424
5655425
5655426
5655427
5655428
5655429
5655430
5655431
5655432
5655433
5655434
5655435
5655436
5655437
5655438
5655439
5655440
5655441
5655442
5655443
5655444
5655445
5655446
5655447
5655448
5655449
5655450
5655451
5655452
5655453
5655454
5655455
5655456
5655457
5655458
5655459
5655460
5655461
5655462
5655463
5655464
5655465
5655466
5655467
5655468
5655469
5655470
5655471
5655472
5655473
5655474
5655475
5655476
5655477
5655478
5655479
5655480
5655481
5655482
5655483
5655484
5655485
5655486
5655487
5655488
5655489
5655490
5655491
5655492
5655493
5655494
5655495
5655496
5655497
5655498
5655499
5655500
5655501
5655502
5655503
5655504
5655505
5655506
5655507
5655508
5655509
5655510
5655511
5655512
5655513
5655514
5655515
5655516
5655517
5655518
5655519
5655520
5655521
5655522
5655523
5655524
5655525
5655526
5655527
5655528
5655529
5655530
5655531
5655532
5655533
5655534
5655535
5655536
5655537
5655538
5655539
5655540
5655541
5655542
5655543
5655544
5655545
5655546
5655547
5655548
5655549
5655550
5655551
5655552
5655553
5655554
5655555
5655556
5655557
5655558
5655559
5655560
5655561
5655562
5655563
5655564
5655565
5655566
5655567
5655568
5655569
5655570
5655571
5655572
5655573
5655574
5655575
5655576
5655577
5655578
5655579
5655580
5655581
5655582
5655583
5655584
5655585
5655586
5655587
5655588
5655589
5655590
5655591
5655592
5655593
5655594
5655595
5655596
5655597
5655598
5655599
5655600
5655601
5655602
5655603
5655604
5655605
5655606
5655607
5655608
5655609
5655610
5655611
5655612
5655613
5655614
5655615
5655616
5655617
5655618
5655619
5655620
5655621
5655622
5655623
5655624
5655625
5655626
5655627
5655628
5655629
5655630
5655631
5655632
5655633
5655634
5655635
5655636
5655637
5655638
5655639
5655640
5655641
5655642
5655643
5655644
5655645
5655646
5655647
5655648
5655649
5655650
5655651
5655652
5655653
5655654
5655655
5655656
5655657
5655658
5655659
5655660
5655661
5655662
5655663
5655664
5655665
5655666
5655667
5655668
5655669
5655670
5655671
5655672
5655673
5655674
5655675
5655676
5655677
5655678
5655679
5655680
5655681
5655682
5655683
5655684
5655685
5655686
5655687
5655688
5655689
5655690
5655691
5655692
5655693
5655694
5655695
5655696
5655697
5655698
5655699
5655700
5655701
5655702
5655703
5655704
5655705
5655706
5655707
5655708
5655709
5655710
5655711
5655712
5655713
5655714
5655715
5655716
5655717
5655718
5655719
5655720
5655721
5655722
5655723
5655724
5655725
5655726
5655727
5655728
5655729
5655730
5655731
5655732
5655733
5655734
5655735
5655736
5655737
5655738
5655739
5655740
5655741
5655742
5655743
5655744
5655745
5655746
5655747
5655748
5655749
5655750
5655751
5655752
5655753
5655754
5655755
5655756
5655757
5655758
5655759
5655760
5655761
5655762
5655763
5655764
5655765
5655766
5655767
5655768
5655769
5655770
5655771
5655772
5655773
5655774
5655775
5655776
5655777
5655778
5655779
5655780
5655781
5655782
5655783
5655784
5655785
5655786
5655787
5655788
5655789
5655790
5655791
5655792
5655793
5655794
5655795
5655796
5655797
5655798
5655799
5655800
5655801
5655802
5655803
5655804
5655805
5655806
5655807
5655808
5655809
5655810
5655811
5655812
5655813
5655814
5655815
5655816
5655817
5655818
5655819
5655820
5655821
5655822
5655823
5655824
5655825
5655826
5655827
5655828
5655829
5655830
5655831
5655832
5655833
5655834
5655835
5655836
5655837
5655838
5655839
5655840
5655841
5655842
5655843
5655844
5655845
5655846
5655847
5655848
5655849
5655850
5655851
5655852
5655853
5655854
5655855
5655856
5655857
5655858
5655859
5655860
5655861
5655862
5655863
5655864
5655865
5655866
5655867
5655868
5655869
5655870
5655871
5655872
5655873
5655874
5655875
5655876
5655877
5655878
5655879
5655880
5655881
5655882
5655883
5655884
5655885
5655886
5655887
5655888
5655889
5655890
5655891
5655892
5655893
5655894
5655895
5655896
5655897
5655898
5655899
5655900
5655901
5655902
5655903
5655904
5655905
5655906
5655907
5655908
5655909
5655910
5655911
5655912
5655913
5655914
5655915
5655916
5655917
5655918
5655919
5655920
5655921
5655922
5655923
5655924
5655925
5655926
5655927
5655928
5655929
5655930
5655931
5655932
5655933
5655934
5655935
5655936
5655937
5655938
5655939
5655940
5655941
5655942
5655943
5655944
5655945
5655946
5655947
5655948
5655949
5655950
5655951
5655952
5655953
5655954
5655955
5655956
5655957
5655958
5655959
5655960
5655961
5655962
5655963
5655964
5655965
5655966
5655967
5655968
5655969
5655970
5655971
5655972
5655973
5655974
5655975
5655976
5655977
5655978
5655979
5655980
5655981
5655982
5655983
5655984
5655985
5655986
5655987
5655988
5655989
5655990
5655991
5655992
5655993
5655994
5655995
5655996
5655997
5655998
5655999
5656000
5656001
5656002
5656003
5656004
5656005
5656006
5656007
5656008
5656009
5656010
5656011
5656012
5656013
5656014
5656015
5656016
5656017
5656018
5656019
5656020
5656021
5656022
5656023
5656024
5656025
5656026
5656027
5656028
5656029
5656030
5656031
5656032
5656033
5656034
5656035
5656036
5656037
5656038
5656039
5656040
5656041
5656042
5656043
5656044
5656045
5656046
5656047
5656048
5656049
5656050
5656051
5656052
5656053
5656054
5656055
5656056
5656057
5656058
5656059
5656060
5656061
5656062
5656063
5656064
5656065
5656066
5656067
5656068
5656069
5656070
5656071
5656072
5656073
5656074
5656075
5656076
5656077
5656078
5656079
5656080
5656081
5656082
5656083
5656084
5656085
5656086
5656087
5656088
5656089
5656090
5656091
5656092
5656093
5656094
5656095
5656096
5656097
5656098
5656099
5656100
5656101
5656102
5656103
5656104
5656105
5656106
5656107
5656108
5656109
5656110
5656111
5656112
5656113
5656114
5656115
5656116
5656117
5656118
5656119
5656120
5656121
5656122
5656123
5656124
5656125
5656126
5656127
5656128
5656129
5656130
5656131
5656132
5656133
5656134
5656135
5656136
5656137
5656138
5656139
5656140
5656141
5656142
5656143
5656144
5656145
5656146
5656147
5656148
5656149
5656150
5656151
5656152
5656153
5656154
5656155
5656156
5656157
5656158
5656159
5656160
5656161
5656162
5656163
5656164
5656165
5656166
5656167
5656168
5656169
5656170
5656171
5656172
5656173
5656174
5656175
5656176
5656177
5656178
5656179
5656180
5656181
5656182
5656183
5656184
5656185
5656186
5656187
5656188
5656189
5656190
5656191
5656192
5656193
5656194
5656195
5656196
5656197
5656198
5656199
5656200
5656201
5656202
5656203
5656204
5656205
5656206
5656207
5656208
5656209
5656210
5656211
5656212
5656213
5656214
5656215
5656216
5656217
5656218
5656219
5656220
5656221
5656222
5656223
5656224
5656225
5656226
5656227
5656228
5656229
5656230
5656231
5656232
5656233
5656234
5656235
5656236
5656237
5656238
5656239
5656240
5656241
5656242
5656243
5656244
5656245
5656246
5656247
5656248
5656249
5656250
5656251
5656252
5656253
5656254
5656255
5656256
5656257
5656258
5656259
5656260
5656261
5656262
5656263
5656264
5656265
5656266
5656267
5656268
5656269
5656270
5656271
5656272
5656273
5656274
5656275
5656276
5656277
5656278
5656279
5656280
5656281
5656282
5656283
5656284
5656285
5656286
5656287
5656288
5656289
5656290
5656291
5656292
5656293
5656294
5656295
5656296
5656297
5656298
5656299
5656300
5656301
5656302
5656303
5656304
5656305
5656306
5656307
5656308
5656309
5656310
5656311
5656312
5656313
5656314
5656315
5656316
5656317
5656318
5656319
5656320
5656321
5656322
5656323
5656324
5656325
5656326
5656327
5656328
5656329
5656330
5656331
5656332
5656333
5656334
5656335
5656336
5656337
5656338
5656339
5656340
5656341
5656342
5656343
5656344
5656345
5656346
5656347
5656348
5656349
5656350
5656351
5656352
5656353
5656354
5656355
5656356
5656357
5656358
5656359
5656360
5656361
5656362
5656363
5656364
5656365
5656366
5656367
5656368
5656369
5656370
5656371
5656372
5656373
5656374
5656375
5656376
5656377
5656378
5656379
5656380
5656381
5656382
5656383
5656384
5656385
5656386
5656387
5656388
5656389
5656390
5656391
5656392
5656393
5656394
5656395
5656396
5656397
5656398
5656399
5656400
5656401
5656402
5656403
5656404
5656405
5656406
5656407
5656408
5656409
5656410
5656411
5656412
5656413
5656414
5656415
5656416
5656417
5656418
5656419
5656420
5656421
5656422
5656423
5656424
5656425
5656426
5656427
5656428
5656429
5656430
5656431
5656432
5656433
5656434
5656435
5656436
5656437
5656438
5656439
5656440
5656441
5656442
5656443
5656444
5656445
5656446
5656447
5656448
5656449
5656450
5656451
5656452
5656453
5656454
5656455
5656456
5656457
5656458
5656459
5656460
5656461
5656462
5656463
5656464
5656465
5656466
5656467
5656468
5656469
5656470
5656471
5656472
5656473
5656474
5656475
5656476
5656477
5656478
5656479
5656480
5656481
5656482
5656483
5656484
5656485
5656486
5656487
5656488
5656489
5656490
5656491
5656492
5656493
5656494
5656495
5656496
5656497
5656498
5656499
5656500
5656501
5656502
5656503
5656504
5656505
5656506
5656507
5656508
5656509
5656510
5656511
5656512
5656513
5656514
5656515
5656516
5656517
5656518
5656519
5656520
5656521
5656522
5656523
5656524
5656525
5656526
5656527
5656528
5656529
5656530
5656531
5656532
5656533
5656534
5656535
5656536
5656537
5656538
5656539
5656540
5656541
5656542
5656543
5656544
5656545
5656546
5656547
5656548
5656549
5656550
5656551
5656552
5656553
5656554
5656555
5656556
5656557
5656558
5656559
5656560
5656561
5656562
5656563
5656564
5656565
5656566
5656567
5656568
5656569
5656570
5656571
5656572
5656573
5656574
5656575
5656576
5656577
5656578
5656579
5656580
5656581
5656582
5656583
5656584
5656585
5656586
5656587
5656588
5656589
5656590
5656591
5656592
5656593
5656594
5656595
5656596
5656597
5656598
5656599
5656600
5656601
5656602
5656603
5656604
5656605
5656606
5656607
5656608
5656609
5656610
5656611
5656612
5656613
5656614
5656615
5656616
5656617
5656618
5656619
5656620
5656621
5656622
5656623
5656624
5656625
5656626
5656627
5656628
5656629
5656630
5656631
5656632
5656633
5656634
5656635
5656636
5656637
5656638
5656639
5656640
5656641
5656642
5656643
5656644
5656645
5656646
5656647
5656648
5656649
5656650
5656651
5656652
5656653
5656654
5656655
5656656
5656657
5656658
5656659
5656660
5656661
5656662
5656663
5656664
5656665
5656666
5656667
5656668
5656669
5656670
5656671
5656672
5656673
5656674
5656675
5656676
5656677
5656678
5656679
5656680
5656681
5656682
5656683
5656684
5656685
5656686
5656687
5656688
5656689
5656690
5656691
5656692
5656693
5656694
5656695
5656696
5656697
5656698
5656699
5656700
5656701
5656702
5656703
5656704
5656705
5656706
5656707
5656708
5656709
5656710
5656711
5656712
5656713
5656714
5656715
5656716
5656717
5656718
5656719
5656720
5656721
5656722
5656723
5656724
5656725
5656726
5656727
5656728
5656729
5656730
5656731
5656732
5656733
5656734
5656735
5656736
5656737
5656738
5656739
5656740
5656741
5656742
5656743
5656744
5656745
5656746
5656747
5656748
5656749
5656750
5656751
5656752
5656753
5656754
5656755
5656756
5656757
5656758
5656759
5656760
5656761
5656762
5656763
5656764
5656765
5656766
5656767
5656768
5656769
5656770
5656771
5656772
5656773
5656774
5656775
5656776
5656777
5656778
5656779
5656780
5656781
5656782
5656783
5656784
5656785
5656786
5656787
5656788
5656789
5656790
5656791
5656792
5656793
5656794
5656795
5656796
5656797
5656798
5656799
5656800
5656801
5656802
5656803
5656804
5656805
5656806
5656807
5656808
5656809
5656810
5656811
5656812
5656813
5656814
5656815
5656816
5656817
5656818
5656819
5656820
5656821
5656822
5656823
5656824
5656825
5656826
5656827
5656828
5656829
5656830
5656831
5656832
5656833
5656834
5656835
5656836
5656837
5656838
5656839
5656840
5656841
5656842
5656843
5656844
5656845
5656846
5656847
5656848
5656849
5656850
5656851
5656852
5656853
5656854
5656855
5656856
5656857
5656858
5656859
5656860
5656861
5656862
5656863
5656864
5656865
5656866
5656867
5656868
5656869
5656870
5656871
5656872
5656873
5656874
5656875
5656876
5656877
5656878
5656879
5656880
5656881
5656882
5656883
5656884
5656885
5656886
5656887
5656888
5656889
5656890
5656891
5656892
5656893
5656894
5656895
5656896
5656897
5656898
5656899
5656900
5656901
5656902
5656903
5656904
5656905
5656906
5656907
5656908
5656909
5656910
5656911
5656912
5656913
5656914
5656915
5656916
5656917
5656918
5656919
5656920
5656921
5656922
5656923
5656924
5656925
5656926
5656927
5656928
5656929
5656930
5656931
5656932
5656933
5656934
5656935
5656936
5656937
5656938
5656939
5656940
5656941
5656942
5656943
5656944
5656945
5656946
5656947
5656948
5656949
5656950
5656951
5656952
5656953
5656954
5656955
5656956
5656957
5656958
5656959
5656960
5656961
5656962
5656963
5656964
5656965
5656966
5656967
5656968
5656969
5656970
5656971
5656972
5656973
5656974
5656975
5656976
5656977
5656978
5656979
5656980
5656981
5656982
5656983
5656984
5656985
5656986
5656987
5656988
5656989
5656990
5656991
5656992
5656993
5656994
5656995
5656996
5656997
5656998
5656999
5657000
5657001
5657002
5657003
5657004
5657005
5657006
5657007
5657008
5657009
5657010
5657011
5657012
5657013
5657014
5657015
5657016
5657017
5657018
5657019
5657020
5657021
5657022
5657023
5657024
5657025
5657026
5657027
5657028
5657029
5657030
5657031
5657032
5657033
5657034
5657035
5657036
5657037
5657038
5657039
5657040
5657041
5657042
5657043
5657044
5657045
5657046
5657047
5657048
5657049
5657050
5657051
5657052
5657053
5657054
5657055
5657056
5657057
5657058
5657059
5657060
5657061
5657062
5657063
5657064
5657065
5657066
5657067
5657068
5657069
5657070
5657071
5657072
5657073
5657074
5657075
5657076
5657077
5657078
5657079
5657080
5657081
5657082
5657083
5657084
5657085
5657086
5657087
5657088
5657089
5657090
5657091
5657092
5657093
5657094
5657095
5657096
5657097
5657098
5657099
5657100
5657101
5657102
5657103
5657104
5657105
5657106
5657107
5657108
5657109
5657110
5657111
5657112
5657113
5657114
5657115
5657116
5657117
5657118
5657119
5657120
5657121
5657122
5657123
5657124
5657125
5657126
5657127
5657128
5657129
5657130
5657131
5657132
5657133
5657134
5657135
5657136
5657137
5657138
5657139
5657140
5657141
5657142
5657143
5657144
5657145
5657146
5657147
5657148
5657149
5657150
5657151
5657152
5657153
5657154
5657155
5657156
5657157
5657158
5657159
5657160
5657161
5657162
5657163
5657164
5657165
5657166
5657167
5657168
5657169
5657170
5657171
5657172
5657173
5657174
5657175
5657176
5657177
5657178
5657179
5657180
5657181
5657182
5657183
5657184
5657185
5657186
5657187
5657188
5657189
5657190
5657191
5657192
5657193
5657194
5657195
5657196
5657197
5657198
5657199
5657200
5657201
5657202
5657203
5657204
5657205
5657206
5657207
5657208
5657209
5657210
5657211
5657212
5657213
5657214
5657215
5657216
5657217
5657218
5657219
5657220
5657221
5657222
5657223
5657224
5657225
5657226
5657227
5657228
5657229
5657230
5657231
5657232
5657233
5657234
5657235
5657236
5657237
5657238
5657239
5657240
5657241
5657242
5657243
5657244
5657245
5657246
5657247
5657248
5657249
5657250
5657251
5657252
5657253
5657254
5657255
5657256
5657257
5657258
5657259
5657260
5657261
5657262
5657263
5657264
5657265
5657266
5657267
5657268
5657269
5657270
5657271
5657272
5657273
5657274
5657275
5657276
5657277
5657278
5657279
5657280
5657281
5657282
5657283
5657284
5657285
5657286
5657287
5657288
5657289
5657290
5657291
5657292
5657293
5657294
5657295
5657296
5657297
5657298
5657299
5657300
5657301
5657302
5657303
5657304
5657305
5657306
5657307
5657308
5657309
5657310
5657311
5657312
5657313
5657314
5657315
5657316
5657317
5657318
5657319
5657320
5657321
5657322
5657323
5657324
5657325
5657326
5657327
5657328
5657329
5657330
5657331
5657332
5657333
5657334
5657335
5657336
5657337
5657338
5657339
5657340
5657341
5657342
5657343
5657344
5657345
5657346
5657347
5657348
5657349
5657350
5657351
5657352
5657353
5657354
5657355
5657356
5657357
5657358
5657359
5657360
5657361
5657362
5657363
5657364
5657365
5657366
5657367
5657368
5657369
5657370
5657371
5657372
5657373
5657374
5657375
5657376
5657377
5657378
5657379
5657380
5657381
5657382
5657383
5657384
5657385
5657386
5657387
5657388
5657389
5657390
5657391
5657392
5657393
5657394
5657395
5657396
5657397
5657398
5657399
5657400
5657401
5657402
5657403
5657404
5657405
5657406
5657407
5657408
5657409
5657410
5657411
5657412
5657413
5657414
5657415
5657416
5657417
5657418
5657419
5657420
5657421
5657422
5657423
5657424
5657425
5657426
5657427
5657428
5657429
5657430
5657431
5657432
5657433
5657434
5657435
5657436
5657437
5657438
5657439
5657440
5657441
5657442
5657443
5657444
5657445
5657446
5657447
5657448
5657449
5657450
5657451
5657452
5657453
5657454
5657455
5657456
5657457
5657458
5657459
5657460
5657461
5657462
5657463
5657464
5657465
5657466
5657467
5657468
5657469
5657470
5657471
5657472
5657473
5657474
5657475
5657476
5657477
5657478
5657479
5657480
5657481
5657482
5657483
5657484
5657485
5657486
5657487
5657488
5657489
5657490
5657491
5657492
5657493
5657494
5657495
5657496
5657497
5657498
5657499
5657500
5657501
5657502
5657503
5657504
5657505
5657506
5657507
5657508
5657509
5657510
5657511
5657512
5657513
5657514
5657515
5657516
5657517
5657518
5657519
5657520
5657521
5657522
5657523
5657524
5657525
5657526
5657527
5657528
5657529
5657530
5657531
5657532
5657533
5657534
5657535
5657536
5657537
5657538
5657539
5657540
5657541
5657542
5657543
5657544
5657545
5657546
5657547
5657548
5657549
5657550
5657551
5657552
5657553
5657554
5657555
5657556
5657557
5657558
5657559
5657560
5657561
5657562
5657563
5657564
5657565
5657566
5657567
5657568
5657569
5657570
5657571
5657572
5657573
5657574
5657575
5657576
5657577
5657578
5657579
5657580
5657581
5657582
5657583
5657584
5657585
5657586
5657587
5657588
5657589
5657590
5657591
5657592
5657593
5657594
5657595
5657596
5657597
5657598
5657599
5657600
5657601
5657602
5657603
5657604
5657605
5657606
5657607
5657608
5657609
5657610
5657611
5657612
5657613
5657614
5657615
5657616
5657617
5657618
5657619
5657620
5657621
5657622
5657623
5657624
5657625
5657626
5657627
5657628
5657629
5657630
5657631
5657632
5657633
5657634
5657635
5657636
5657637
5657638
5657639
5657640
5657641
5657642
5657643
5657644
5657645
5657646
5657647
5657648
5657649
5657650
5657651
5657652
5657653
5657654
5657655
5657656
5657657
5657658
5657659
5657660
5657661
5657662
5657663
5657664
5657665
5657666
5657667
5657668
5657669
5657670
5657671
5657672
5657673
5657674
5657675
5657676
5657677
5657678
5657679
5657680
5657681
5657682
5657683
5657684
5657685
5657686
5657687
5657688
5657689
5657690
5657691
5657692
5657693
5657694
5657695
5657696
5657697
5657698
5657699
5657700
5657701
5657702
5657703
5657704
5657705
5657706
5657707
5657708
5657709
5657710
5657711
5657712
5657713
5657714
5657715
5657716
5657717
5657718
5657719
5657720
5657721
5657722
5657723
5657724
5657725
5657726
5657727
5657728
5657729
5657730
5657731
5657732
5657733
5657734
5657735
5657736
5657737
5657738
5657739
5657740
5657741
5657742
5657743
5657744
5657745
5657746
5657747
5657748
5657749
5657750
5657751
5657752
5657753
5657754
5657755
5657756
5657757
5657758
5657759
5657760
5657761
5657762
5657763
5657764
5657765
5657766
5657767
5657768
5657769
5657770
5657771
5657772
5657773
5657774
5657775
5657776
5657777
5657778
5657779
5657780
5657781
5657782
5657783
5657784
5657785
5657786
5657787
5657788
5657789
5657790
5657791
5657792
5657793
5657794
5657795
5657796
5657797
5657798
5657799
5657800
5657801
5657802
5657803
5657804
5657805
5657806
5657807
5657808
5657809
5657810
5657811
5657812
5657813
5657814
5657815
5657816
5657817
5657818
5657819
5657820
5657821
5657822
5657823
5657824
5657825
5657826
5657827
5657828
5657829
5657830
5657831
5657832
5657833
5657834
5657835
5657836
5657837
5657838
5657839
5657840
5657841
5657842
5657843
5657844
5657845
5657846
5657847
5657848
5657849
5657850
5657851
5657852
5657853
5657854
5657855
5657856
5657857
5657858
5657859
5657860
5657861
5657862
5657863
5657864
5657865
5657866
5657867
5657868
5657869
5657870
5657871
5657872
5657873
5657874
5657875
5657876
5657877
5657878
5657879
5657880
5657881
5657882
5657883
5657884
5657885
5657886
5657887
5657888
5657889
5657890
5657891
5657892
5657893
5657894
5657895
5657896
5657897
5657898
5657899
5657900
5657901
5657902
5657903
5657904
5657905
5657906
5657907
5657908
5657909
5657910
5657911
5657912
5657913
5657914
5657915
5657916
5657917
5657918
5657919
5657920
5657921
5657922
5657923
5657924
5657925
5657926
5657927
5657928
5657929
5657930
5657931
5657932
5657933
5657934
5657935
5657936
5657937
5657938
5657939
5657940
5657941
5657942
5657943
5657944
5657945
5657946
5657947
5657948
5657949
5657950
5657951
5657952
5657953
5657954
5657955
5657956
5657957
5657958
5657959
5657960
5657961
5657962
5657963
5657964
5657965
5657966
5657967
5657968
5657969
5657970
5657971
5657972
5657973
5657974
5657975
5657976
5657977
5657978
5657979
5657980
5657981
5657982
5657983
5657984
5657985
5657986
5657987
5657988
5657989
5657990
5657991
5657992
5657993
5657994
5657995
5657996
5657997
5657998
5657999
5658000
5658001
5658002
5658003
5658004
5658005
5658006
5658007
5658008
5658009
5658010
5658011
5658012
5658013
5658014
5658015
5658016
5658017
5658018
5658019
5658020
5658021
5658022
5658023
5658024
5658025
5658026
5658027
5658028
5658029
5658030
5658031
5658032
5658033
5658034
5658035
5658036
5658037
5658038
5658039
5658040
5658041
5658042
5658043
5658044
5658045
5658046
5658047
5658048
5658049
5658050
5658051
5658052
5658053
5658054
5658055
5658056
5658057
5658058
5658059
5658060
5658061
5658062
5658063
5658064
5658065
5658066
5658067
5658068
5658069
5658070
5658071
5658072
5658073
5658074
5658075
5658076
5658077
5658078
5658079
5658080
5658081
5658082
5658083
5658084
5658085
5658086
5658087
5658088
5658089
5658090
5658091
5658092
5658093
5658094
5658095
5658096
5658097
5658098
5658099
5658100
5658101
5658102
5658103
5658104
5658105
5658106
5658107
5658108
5658109
5658110
5658111
5658112
5658113
5658114
5658115
5658116
5658117
5658118
5658119
5658120
5658121
5658122
5658123
5658124
5658125
5658126
5658127
5658128
5658129
5658130
5658131
5658132
5658133
5658134
5658135
5658136
5658137
5658138
5658139
5658140
5658141
5658142
5658143
5658144
5658145
5658146
5658147
5658148
5658149
5658150
5658151
5658152
5658153
5658154
5658155
5658156
5658157
5658158
5658159
5658160
5658161
5658162
5658163
5658164
5658165
5658166
5658167
5658168
5658169
5658170
5658171
5658172
5658173
5658174
5658175
5658176
5658177
5658178
5658179
5658180
5658181
5658182
5658183
5658184
5658185
5658186
5658187
5658188
5658189
5658190
5658191
5658192
5658193
5658194
5658195
5658196
5658197
5658198
5658199
5658200
5658201
5658202
5658203
5658204
5658205
5658206
5658207
5658208
5658209
5658210
5658211
5658212
5658213
5658214
5658215
5658216
5658217
5658218
5658219
5658220
5658221
5658222
5658223
5658224
5658225
5658226
5658227
5658228
5658229
5658230
5658231
5658232
5658233
5658234
5658235
5658236
5658237
5658238
5658239
5658240
5658241
5658242
5658243
5658244
5658245
5658246
5658247
5658248
5658249
5658250
5658251
5658252
5658253
5658254
5658255
5658256
5658257
5658258
5658259
5658260
5658261
5658262
5658263
5658264
5658265
5658266
5658267
5658268
5658269
5658270
5658271
5658272
5658273
5658274
5658275
5658276
5658277
5658278
5658279
5658280
5658281
5658282
5658283
5658284
5658285
5658286
5658287
5658288
5658289
5658290
5658291
5658292
5658293
5658294
5658295
5658296
5658297
5658298
5658299
5658300
5658301
5658302
5658303
5658304
5658305
5658306
5658307
5658308
5658309
5658310
5658311
5658312
5658313
5658314
5658315
5658316
5658317
5658318
5658319
5658320
5658321
5658322
5658323
5658324
5658325
5658326
5658327
5658328
5658329
5658330
5658331
5658332
5658333
5658334
5658335
5658336
5658337
5658338
5658339
5658340
5658341
5658342
5658343
5658344
5658345
5658346
5658347
5658348
5658349
5658350
5658351
5658352
5658353
5658354
5658355
5658356
5658357
5658358
5658359
5658360
5658361
5658362
5658363
5658364
5658365
5658366
5658367
5658368
5658369
5658370
5658371
5658372
5658373
5658374
5658375
5658376
5658377
5658378
5658379
5658380
5658381
5658382
5658383
5658384
5658385
5658386
5658387
5658388
5658389
5658390
5658391
5658392
5658393
5658394
5658395
5658396
5658397
5658398
5658399
5658400
5658401
5658402
5658403
5658404
5658405
5658406
5658407
5658408
5658409
5658410
5658411
5658412
5658413
5658414
5658415
5658416
5658417
5658418
5658419
5658420
5658421
5658422
5658423
5658424
5658425
5658426
5658427
5658428
5658429
5658430
5658431
5658432
5658433
5658434
5658435
5658436
5658437
5658438
5658439
5658440
5658441
5658442
5658443
5658444
5658445
5658446
5658447
5658448
5658449
5658450
5658451
5658452
5658453
5658454
5658455
5658456
5658457
5658458
5658459
5658460
5658461
5658462
5658463
5658464
5658465
5658466
5658467
5658468
5658469
5658470
5658471
5658472
5658473
5658474
5658475
5658476
5658477
5658478
5658479
5658480
5658481
5658482
5658483
5658484
5658485
5658486
5658487
5658488
5658489
5658490
5658491
5658492
5658493
5658494
5658495
5658496
5658497
5658498
5658499
5658500
5658501
5658502
5658503
5658504
5658505
5658506
5658507
5658508
5658509
5658510
5658511
5658512
5658513
5658514
5658515
5658516
5658517
5658518
5658519
5658520
5658521
5658522
5658523
5658524
5658525
5658526
5658527
5658528
5658529
5658530
5658531
5658532
5658533
5658534
5658535
5658536
5658537
5658538
5658539
5658540
5658541
5658542
5658543
5658544
5658545
5658546
5658547
5658548
5658549
5658550
5658551
5658552
5658553
5658554
5658555
5658556
5658557
5658558
5658559
5658560
5658561
5658562
5658563
5658564
5658565
5658566
5658567
5658568
5658569
5658570
5658571
5658572
5658573
5658574
5658575
5658576
5658577
5658578
5658579
5658580
5658581
5658582
5658583
5658584
5658585
5658586
5658587
5658588
5658589
5658590
5658591
5658592
5658593
5658594
5658595
5658596
5658597
5658598
5658599
5658600
5658601
5658602
5658603
5658604
5658605
5658606
5658607
5658608
5658609
5658610
5658611
5658612
5658613
5658614
5658615
5658616
5658617
5658618
5658619
5658620
5658621
5658622
5658623
5658624
5658625
5658626
5658627
5658628
5658629
5658630
5658631
5658632
5658633
5658634
5658635
5658636
5658637
5658638
5658639
5658640
5658641
5658642
5658643
5658644
5658645
5658646
5658647
5658648
5658649
5658650
5658651
5658652
5658653
5658654
5658655
5658656
5658657
5658658
5658659
5658660
5658661
5658662
5658663
5658664
5658665
5658666
5658667
5658668
5658669
5658670
5658671
5658672
5658673
5658674
5658675
5658676
5658677
5658678
5658679
5658680
5658681
5658682
5658683
5658684
5658685
5658686
5658687
5658688
5658689
5658690
5658691
5658692
5658693
5658694
5658695
5658696
5658697
5658698
5658699
5658700
5658701
5658702
5658703
5658704
5658705
5658706
5658707
5658708
5658709
5658710
5658711
5658712
5658713
5658714
5658715
5658716
5658717
5658718
5658719
5658720
5658721
5658722
5658723
5658724
5658725
5658726
5658727
5658728
5658729
5658730
5658731
5658732
5658733
5658734
5658735
5658736
5658737
5658738
5658739
5658740
5658741
5658742
5658743
5658744
5658745
5658746
5658747
5658748
5658749
5658750
5658751
5658752
5658753
5658754
5658755
5658756
5658757
5658758
5658759
5658760
5658761
5658762
5658763
5658764
5658765
5658766
5658767
5658768
5658769
5658770
5658771
5658772
5658773
5658774
5658775
5658776
5658777
5658778
5658779
5658780
5658781
5658782
5658783
5658784
5658785
5658786
5658787
5658788
5658789
5658790
5658791
5658792
5658793
5658794
5658795
5658796
5658797
5658798
5658799
5658800
5658801
5658802
5658803
5658804
5658805
5658806
5658807
5658808
5658809
5658810
5658811
5658812
5658813
5658814
5658815
5658816
5658817
5658818
5658819
5658820
5658821
5658822
5658823
5658824
5658825
5658826
5658827
5658828
5658829
5658830
5658831
5658832
5658833
5658834
5658835
5658836
5658837
5658838
5658839
5658840
5658841
5658842
5658843
5658844
5658845
5658846
5658847
5658848
5658849
5658850
5658851
5658852
5658853
5658854
5658855
5658856
5658857
5658858
5658859
5658860
5658861
5658862
5658863
5658864
5658865
5658866
5658867
5658868
5658869
5658870
5658871
5658872
5658873
5658874
5658875
5658876
5658877
5658878
5658879
5658880
5658881
5658882
5658883
5658884
5658885
5658886
5658887
5658888
5658889
5658890
5658891
5658892
5658893
5658894
5658895
5658896
5658897
5658898
5658899
5658900
5658901
5658902
5658903
5658904
5658905
5658906
5658907
5658908
5658909
5658910
5658911
5658912
5658913
5658914
5658915
5658916
5658917
5658918
5658919
5658920
5658921
5658922
5658923
5658924
5658925
5658926
5658927
5658928
5658929
5658930
5658931
5658932
5658933
5658934
5658935
5658936
5658937
5658938
5658939
5658940
5658941
5658942
5658943
5658944
5658945
5658946
5658947
5658948
5658949
5658950
5658951
5658952
5658953
5658954
5658955
5658956
5658957
5658958
5658959
5658960
5658961
5658962
5658963
5658964
5658965
5658966
5658967
5658968
5658969
5658970
5658971
5658972
5658973
5658974
5658975
5658976
5658977
5658978
5658979
5658980
5658981
5658982
5658983
5658984
5658985
5658986
5658987
5658988
5658989
5658990
5658991
5658992
5658993
5658994
5658995
5658996
5658997
5658998
5658999
5659000
5659001
5659002
5659003
5659004
5659005
5659006
5659007
5659008
5659009
5659010
5659011
5659012
5659013
5659014
5659015
5659016
5659017
5659018
5659019
5659020
5659021
5659022
5659023
5659024
5659025
5659026
5659027
5659028
5659029
5659030
5659031
5659032
5659033
5659034
5659035
5659036
5659037
5659038
5659039
5659040
5659041
5659042
5659043
5659044
5659045
5659046
5659047
5659048
5659049
5659050
5659051
5659052
5659053
5659054
5659055
5659056
5659057
5659058
5659059
5659060
5659061
5659062
5659063
5659064
5659065
5659066
5659067
5659068
5659069
5659070
5659071
5659072
5659073
5659074
5659075
5659076
5659077
5659078
5659079
5659080
5659081
5659082
5659083
5659084
5659085
5659086
5659087
5659088
5659089
5659090
5659091
5659092
5659093
5659094
5659095
5659096
5659097
5659098
5659099
5659100
5659101
5659102
5659103
5659104
5659105
5659106
5659107
5659108
5659109
5659110
5659111
5659112
5659113
5659114
5659115
5659116
5659117
5659118
5659119
5659120
5659121
5659122
5659123
5659124
5659125
5659126
5659127
5659128
5659129
5659130
5659131
5659132
5659133
5659134
5659135
5659136
5659137
5659138
5659139
5659140
5659141
5659142
5659143
5659144
5659145
5659146
5659147
5659148
5659149
5659150
5659151
5659152
5659153
5659154
5659155
5659156
5659157
5659158
5659159
5659160
5659161
5659162
5659163
5659164
5659165
5659166
5659167
5659168
5659169
5659170
5659171
5659172
5659173
5659174
5659175
5659176
5659177
5659178
5659179
5659180
5659181
5659182
5659183
5659184
5659185
5659186
5659187
5659188
5659189
5659190
5659191
5659192
5659193
5659194
5659195
5659196
5659197
5659198
5659199
5659200
5659201
5659202
5659203
5659204
5659205
5659206
5659207
5659208
5659209
5659210
5659211
5659212
5659213
5659214
5659215
5659216
5659217
5659218
5659219
5659220
5659221
5659222
5659223
5659224
5659225
5659226
5659227
5659228
5659229
5659230
5659231
5659232
5659233
5659234
5659235
5659236
5659237
5659238
5659239
5659240
5659241
5659242
5659243
5659244
5659245
5659246
5659247
5659248
5659249
5659250
5659251
5659252
5659253
5659254
5659255
5659256
5659257
5659258
5659259
5659260
5659261
5659262
5659263
5659264
5659265
5659266
5659267
5659268
5659269
5659270
5659271
5659272
5659273
5659274
5659275
5659276
5659277
5659278
5659279
5659280
5659281
5659282
5659283
5659284
5659285
5659286
5659287
5659288
5659289
5659290
5659291
5659292
5659293
5659294
5659295
5659296
5659297
5659298
5659299
5659300
5659301
5659302
5659303
5659304
5659305
5659306
5659307
5659308
5659309
5659310
5659311
5659312
5659313
5659314
5659315
5659316
5659317
5659318
5659319
5659320
5659321
5659322
5659323
5659324
5659325
5659326
5659327
5659328
5659329
5659330
5659331
5659332
5659333
5659334
5659335
5659336
5659337
5659338
5659339
5659340
5659341
5659342
5659343
5659344
5659345
5659346
5659347
5659348
5659349
5659350
5659351
5659352
5659353
5659354
5659355
5659356
5659357
5659358
5659359
5659360
5659361
5659362
5659363
5659364
5659365
5659366
5659367
5659368
5659369
5659370
5659371
5659372
5659373
5659374
5659375
5659376
5659377
5659378
5659379
5659380
5659381
5659382
5659383
5659384
5659385
5659386
5659387
5659388
5659389
5659390
5659391
5659392
5659393
5659394
5659395
5659396
5659397
5659398
5659399
5659400
5659401
5659402
5659403
5659404
5659405
5659406
5659407
5659408
5659409
5659410
5659411
5659412
5659413
5659414
5659415
5659416
5659417
5659418
5659419
5659420
5659421
5659422
5659423
5659424
5659425
5659426
5659427
5659428
5659429
5659430
5659431
5659432
5659433
5659434
5659435
5659436
5659437
5659438
5659439
5659440
5659441
5659442
5659443
5659444
5659445
5659446
5659447
5659448
5659449
5659450
5659451
5659452
5659453
5659454
5659455
5659456
5659457
5659458
5659459
5659460
5659461
5659462
5659463
5659464
5659465
5659466
5659467
5659468
5659469
5659470
5659471
5659472
5659473
5659474
5659475
5659476
5659477
5659478
5659479
5659480
5659481
5659482
5659483
5659484
5659485
5659486
5659487
5659488
5659489
5659490
5659491
5659492
5659493
5659494
5659495
5659496
5659497
5659498
5659499
5659500
5659501
5659502
5659503
5659504
5659505
5659506
5659507
5659508
5659509
5659510
5659511
5659512
5659513
5659514
5659515
5659516
5659517
5659518
5659519
5659520
5659521
5659522
5659523
5659524
5659525
5659526
5659527
5659528
5659529
5659530
5659531
5659532
5659533
5659534
5659535
5659536
5659537
5659538
5659539
5659540
5659541
5659542
5659543
5659544
5659545
5659546
5659547
5659548
5659549
5659550
5659551
5659552
5659553
5659554
5659555
5659556
5659557
5659558
5659559
5659560
5659561
5659562
5659563
5659564
5659565
5659566
5659567
5659568
5659569
5659570
5659571
5659572
5659573
5659574
5659575
5659576
5659577
5659578
5659579
5659580
5659581
5659582
5659583
5659584
5659585
5659586
5659587
5659588
5659589
5659590
5659591
5659592
5659593
5659594
5659595
5659596
5659597
5659598
5659599
5659600
5659601
5659602
5659603
5659604
5659605
5659606
5659607
5659608
5659609
5659610
5659611
5659612
5659613
5659614
5659615
5659616
5659617
5659618
5659619
5659620
5659621
5659622
5659623
5659624
5659625
5659626
5659627
5659628
5659629
5659630
5659631
5659632
5659633
5659634
5659635
5659636
5659637
5659638
5659639
5659640
5659641
5659642
5659643
5659644
5659645
5659646
5659647
5659648
5659649
5659650
5659651
5659652
5659653
5659654
5659655
5659656
5659657
5659658
5659659
5659660
5659661
5659662
5659663
5659664
5659665
5659666
5659667
5659668
5659669
5659670
5659671
5659672
5659673
5659674
5659675
5659676
5659677
5659678
5659679
5659680
5659681
5659682
5659683
5659684
5659685
5659686
5659687
5659688
5659689
5659690
5659691
5659692
5659693
5659694
5659695
5659696
5659697
5659698
5659699
5659700
5659701
5659702
5659703
5659704
5659705
5659706
5659707
5659708
5659709
5659710
5659711
5659712
5659713
5659714
5659715
5659716
5659717
5659718
5659719
5659720
5659721
5659722
5659723
5659724
5659725
5659726
5659727
5659728
5659729
5659730
5659731
5659732
5659733
5659734
5659735
5659736
5659737
5659738
5659739
5659740
5659741
5659742
5659743
5659744
5659745
5659746
5659747
5659748
5659749
5659750
5659751
5659752
5659753
5659754
5659755
5659756
5659757
5659758
5659759
5659760
5659761
5659762
5659763
5659764
5659765
5659766
5659767
5659768
5659769
5659770
5659771
5659772
5659773
5659774
5659775
5659776
5659777
5659778
5659779
5659780
5659781
5659782
5659783
5659784
5659785
5659786
5659787
5659788
5659789
5659790
5659791
5659792
5659793
5659794
5659795
5659796
5659797
5659798
5659799
5659800
5659801
5659802
5659803
5659804
5659805
5659806
5659807
5659808
5659809
5659810
5659811
5659812
5659813
5659814
5659815
5659816
5659817
5659818
5659819
5659820
5659821
5659822
5659823
5659824
5659825
5659826
5659827
5659828
5659829
5659830
5659831
5659832
5659833
5659834
5659835
5659836
5659837
5659838
5659839
5659840
5659841
5659842
5659843
5659844
5659845
5659846
5659847
5659848
5659849
5659850
5659851
5659852
5659853
5659854
5659855
5659856
5659857
5659858
5659859
5659860
5659861
5659862
5659863
5659864
5659865
5659866
5659867
5659868
5659869
5659870
5659871
5659872
5659873
5659874
5659875
5659876
5659877
5659878
5659879
5659880
5659881
5659882
5659883
5659884
5659885
5659886
5659887
5659888
5659889
5659890
5659891
5659892
5659893
5659894
5659895
5659896
5659897
5659898
5659899
5659900
5659901
5659902
5659903
5659904
5659905
5659906
5659907
5659908
5659909
5659910
5659911
5659912
5659913
5659914
5659915
5659916
5659917
5659918
5659919
5659920
5659921
5659922
5659923
5659924
5659925
5659926
5659927
5659928
5659929
5659930
5659931
5659932
5659933
5659934
5659935
5659936
5659937
5659938
5659939
5659940
5659941
5659942
5659943
5659944
5659945
5659946
5659947
5659948
5659949
5659950
5659951
5659952
5659953
5659954
5659955
5659956
5659957
5659958
5659959
5659960
5659961
5659962
5659963
5659964
5659965
5659966
5659967
5659968
5659969
5659970
5659971
5659972
5659973
5659974
5659975
5659976
5659977
5659978
5659979
5659980
5659981
5659982
5659983
5659984
5659985
5659986
5659987
5659988
5659989
5659990
5659991
5659992
5659993
5659994
5659995
5659996
5659997
5659998
5659999
5660000
