5780001
5780002
5780003
5780004
5780005
5780006
5780007
5780008
5780009
5780010
5780011
5780012
5780013
5780014
5780015
5780016
5780017
5780018
5780019
5780020
5780021
5780022
5780023
5780024
5780025
5780026
5780027
5780028
5780029
5780030
5780031
5780032
5780033
5780034
5780035
5780036
5780037
5780038
5780039
5780040
5780041
5780042
5780043
5780044
5780045
5780046
5780047
5780048
5780049
5780050
5780051
5780052
5780053
5780054
5780055
5780056
5780057
5780058
5780059
5780060
5780061
5780062
5780063
5780064
5780065
5780066
5780067
5780068
5780069
5780070
5780071
5780072
5780073
5780074
5780075
5780076
5780077
5780078
5780079
5780080
5780081
5780082
5780083
5780084
5780085
5780086
5780087
5780088
5780089
5780090
5780091
5780092
5780093
5780094
5780095
5780096
5780097
5780098
5780099
5780100
5780101
5780102
5780103
5780104
5780105
5780106
5780107
5780108
5780109
5780110
5780111
5780112
5780113
5780114
5780115
5780116
5780117
5780118
5780119
5780120
5780121
5780122
5780123
5780124
5780125
5780126
5780127
5780128
5780129
5780130
5780131
5780132
5780133
5780134
5780135
5780136
5780137
5780138
5780139
5780140
5780141
5780142
5780143
5780144
5780145
5780146
5780147
5780148
5780149
5780150
5780151
5780152
5780153
5780154
5780155
5780156
5780157
5780158
5780159
5780160
5780161
5780162
5780163
5780164
5780165
5780166
5780167
5780168
5780169
5780170
5780171
5780172
5780173
5780174
5780175
5780176
5780177
5780178
5780179
5780180
5780181
5780182
5780183
5780184
5780185
5780186
5780187
5780188
5780189
5780190
5780191
5780192
5780193
5780194
5780195
5780196
5780197
5780198
5780199
5780200
5780201
5780202
5780203
5780204
5780205
5780206
5780207
5780208
5780209
5780210
5780211
5780212
5780213
5780214
5780215
5780216
5780217
5780218
5780219
5780220
5780221
5780222
5780223
5780224
5780225
5780226
5780227
5780228
5780229
5780230
5780231
5780232
5780233
5780234
5780235
5780236
5780237
5780238
5780239
5780240
5780241
5780242
5780243
5780244
5780245
5780246
5780247
5780248
5780249
5780250
5780251
5780252
5780253
5780254
5780255
5780256
5780257
5780258
5780259
5780260
5780261
5780262
5780263
5780264
5780265
5780266
5780267
5780268
5780269
5780270
5780271
5780272
5780273
5780274
5780275
5780276
5780277
5780278
5780279
5780280
5780281
5780282
5780283
5780284
5780285
5780286
5780287
5780288
5780289
5780290
5780291
5780292
5780293
5780294
5780295
5780296
5780297
5780298
5780299
5780300
5780301
5780302
5780303
5780304
5780305
5780306
5780307
5780308
5780309
5780310
5780311
5780312
5780313
5780314
5780315
5780316
5780317
5780318
5780319
5780320
5780321
5780322
5780323
5780324
5780325
5780326
5780327
5780328
5780329
5780330
5780331
5780332
5780333
5780334
5780335
5780336
5780337
5780338
5780339
5780340
5780341
5780342
5780343
5780344
5780345
5780346
5780347
5780348
5780349
5780350
5780351
5780352
5780353
5780354
5780355
5780356
5780357
5780358
5780359
5780360
5780361
5780362
5780363
5780364
5780365
5780366
5780367
5780368
5780369
5780370
5780371
5780372
5780373
5780374
5780375
5780376
5780377
5780378
5780379
5780380
5780381
5780382
5780383
5780384
5780385
5780386
5780387
5780388
5780389
5780390
5780391
5780392
5780393
5780394
5780395
5780396
5780397
5780398
5780399
5780400
5780401
5780402
5780403
5780404
5780405
5780406
5780407
5780408
5780409
5780410
5780411
5780412
5780413
5780414
5780415
5780416
5780417
5780418
5780419
5780420
5780421
5780422
5780423
5780424
5780425
5780426
5780427
5780428
5780429
5780430
5780431
5780432
5780433
5780434
5780435
5780436
5780437
5780438
5780439
5780440
5780441
5780442
5780443
5780444
5780445
5780446
5780447
5780448
5780449
5780450
5780451
5780452
5780453
5780454
5780455
5780456
5780457
5780458
5780459
5780460
5780461
5780462
5780463
5780464
5780465
5780466
5780467
5780468
5780469
5780470
5780471
5780472
5780473
5780474
5780475
5780476
5780477
5780478
5780479
5780480
5780481
5780482
5780483
5780484
5780485
5780486
5780487
5780488
5780489
5780490
5780491
5780492
5780493
5780494
5780495
5780496
5780497
5780498
5780499
5780500
5780501
5780502
5780503
5780504
5780505
5780506
5780507
5780508
5780509
5780510
5780511
5780512
5780513
5780514
5780515
5780516
5780517
5780518
5780519
5780520
5780521
5780522
5780523
5780524
5780525
5780526
5780527
5780528
5780529
5780530
5780531
5780532
5780533
5780534
5780535
5780536
5780537
5780538
5780539
5780540
5780541
5780542
5780543
5780544
5780545
5780546
5780547
5780548
5780549
5780550
5780551
5780552
5780553
5780554
5780555
5780556
5780557
5780558
5780559
5780560
5780561
5780562
5780563
5780564
5780565
5780566
5780567
5780568
5780569
5780570
5780571
5780572
5780573
5780574
5780575
5780576
5780577
5780578
5780579
5780580
5780581
5780582
5780583
5780584
5780585
5780586
5780587
5780588
5780589
5780590
5780591
5780592
5780593
5780594
5780595
5780596
5780597
5780598
5780599
5780600
5780601
5780602
5780603
5780604
5780605
5780606
5780607
5780608
5780609
5780610
5780611
5780612
5780613
5780614
5780615
5780616
5780617
5780618
5780619
5780620
5780621
5780622
5780623
5780624
5780625
5780626
5780627
5780628
5780629
5780630
5780631
5780632
5780633
5780634
5780635
5780636
5780637
5780638
5780639
5780640
5780641
5780642
5780643
5780644
5780645
5780646
5780647
5780648
5780649
5780650
5780651
5780652
5780653
5780654
5780655
5780656
5780657
5780658
5780659
5780660
5780661
5780662
5780663
5780664
5780665
5780666
5780667
5780668
5780669
5780670
5780671
5780672
5780673
5780674
5780675
5780676
5780677
5780678
5780679
5780680
5780681
5780682
5780683
5780684
5780685
5780686
5780687
5780688
5780689
5780690
5780691
5780692
5780693
5780694
5780695
5780696
5780697
5780698
5780699
5780700
5780701
5780702
5780703
5780704
5780705
5780706
5780707
5780708
5780709
5780710
5780711
5780712
5780713
5780714
5780715
5780716
5780717
5780718
5780719
5780720
5780721
5780722
5780723
5780724
5780725
5780726
5780727
5780728
5780729
5780730
5780731
5780732
5780733
5780734
5780735
5780736
5780737
5780738
5780739
5780740
5780741
5780742
5780743
5780744
5780745
5780746
5780747
5780748
5780749
5780750
5780751
5780752
5780753
5780754
5780755
5780756
5780757
5780758
5780759
5780760
5780761
5780762
5780763
5780764
5780765
5780766
5780767
5780768
5780769
5780770
5780771
5780772
5780773
5780774
5780775
5780776
5780777
5780778
5780779
5780780
5780781
5780782
5780783
5780784
5780785
5780786
5780787
5780788
5780789
5780790
5780791
5780792
5780793
5780794
5780795
5780796
5780797
5780798
5780799
5780800
5780801
5780802
5780803
5780804
5780805
5780806
5780807
5780808
5780809
5780810
5780811
5780812
5780813
5780814
5780815
5780816
5780817
5780818
5780819
5780820
5780821
5780822
5780823
5780824
5780825
5780826
5780827
5780828
5780829
5780830
5780831
5780832
5780833
5780834
5780835
5780836
5780837
5780838
5780839
5780840
5780841
5780842
5780843
5780844
5780845
5780846
5780847
5780848
5780849
5780850
5780851
5780852
5780853
5780854
5780855
5780856
5780857
5780858
5780859
5780860
5780861
5780862
5780863
5780864
5780865
5780866
5780867
5780868
5780869
5780870
5780871
5780872
5780873
5780874
5780875
5780876
5780877
5780878
5780879
5780880
5780881
5780882
5780883
5780884
5780885
5780886
5780887
5780888
5780889
5780890
5780891
5780892
5780893
5780894
5780895
5780896
5780897
5780898
5780899
5780900
5780901
5780902
5780903
5780904
5780905
5780906
5780907
5780908
5780909
5780910
5780911
5780912
5780913
5780914
5780915
5780916
5780917
5780918
5780919
5780920
5780921
5780922
5780923
5780924
5780925
5780926
5780927
5780928
5780929
5780930
5780931
5780932
5780933
5780934
5780935
5780936
5780937
5780938
5780939
5780940
5780941
5780942
5780943
5780944
5780945
5780946
5780947
5780948
5780949
5780950
5780951
5780952
5780953
5780954
5780955
5780956
5780957
5780958
5780959
5780960
5780961
5780962
5780963
5780964
5780965
5780966
5780967
5780968
5780969
5780970
5780971
5780972
5780973
5780974
5780975
5780976
5780977
5780978
5780979
5780980
5780981
5780982
5780983
5780984
5780985
5780986
5780987
5780988
5780989
5780990
5780991
5780992
5780993
5780994
5780995
5780996
5780997
5780998
5780999
5781000
5781001
5781002
5781003
5781004
5781005
5781006
5781007
5781008
5781009
5781010
5781011
5781012
5781013
5781014
5781015
5781016
5781017
5781018
5781019
5781020
5781021
5781022
5781023
5781024
5781025
5781026
5781027
5781028
5781029
5781030
5781031
5781032
5781033
5781034
5781035
5781036
5781037
5781038
5781039
5781040
5781041
5781042
5781043
5781044
5781045
5781046
5781047
5781048
5781049
5781050
5781051
5781052
5781053
5781054
5781055
5781056
5781057
5781058
5781059
5781060
5781061
5781062
5781063
5781064
5781065
5781066
5781067
5781068
5781069
5781070
5781071
5781072
5781073
5781074
5781075
5781076
5781077
5781078
5781079
5781080
5781081
5781082
5781083
5781084
5781085
5781086
5781087
5781088
5781089
5781090
5781091
5781092
5781093
5781094
5781095
5781096
5781097
5781098
5781099
5781100
5781101
5781102
5781103
5781104
5781105
5781106
5781107
5781108
5781109
5781110
5781111
5781112
5781113
5781114
5781115
5781116
5781117
5781118
5781119
5781120
5781121
5781122
5781123
5781124
5781125
5781126
5781127
5781128
5781129
5781130
5781131
5781132
5781133
5781134
5781135
5781136
5781137
5781138
5781139
5781140
5781141
5781142
5781143
5781144
5781145
5781146
5781147
5781148
5781149
5781150
5781151
5781152
5781153
5781154
5781155
5781156
5781157
5781158
5781159
5781160
5781161
5781162
5781163
5781164
5781165
5781166
5781167
5781168
5781169
5781170
5781171
5781172
5781173
5781174
5781175
5781176
5781177
5781178
5781179
5781180
5781181
5781182
5781183
5781184
5781185
5781186
5781187
5781188
5781189
5781190
5781191
5781192
5781193
5781194
5781195
5781196
5781197
5781198
5781199
5781200
5781201
5781202
5781203
5781204
5781205
5781206
5781207
5781208
5781209
5781210
5781211
5781212
5781213
5781214
5781215
5781216
5781217
5781218
5781219
5781220
5781221
5781222
5781223
5781224
5781225
5781226
5781227
5781228
5781229
5781230
5781231
5781232
5781233
5781234
5781235
5781236
5781237
5781238
5781239
5781240
5781241
5781242
5781243
5781244
5781245
5781246
5781247
5781248
5781249
5781250
5781251
5781252
5781253
5781254
5781255
5781256
5781257
5781258
5781259
5781260
5781261
5781262
5781263
5781264
5781265
5781266
5781267
5781268
5781269
5781270
5781271
5781272
5781273
5781274
5781275
5781276
5781277
5781278
5781279
5781280
5781281
5781282
5781283
5781284
5781285
5781286
5781287
5781288
5781289
5781290
5781291
5781292
5781293
5781294
5781295
5781296
5781297
5781298
5781299
5781300
5781301
5781302
5781303
5781304
5781305
5781306
5781307
5781308
5781309
5781310
5781311
5781312
5781313
5781314
5781315
5781316
5781317
5781318
5781319
5781320
5781321
5781322
5781323
5781324
5781325
5781326
5781327
5781328
5781329
5781330
5781331
5781332
5781333
5781334
5781335
5781336
5781337
5781338
5781339
5781340
5781341
5781342
5781343
5781344
5781345
5781346
5781347
5781348
5781349
5781350
5781351
5781352
5781353
5781354
5781355
5781356
5781357
5781358
5781359
5781360
5781361
5781362
5781363
5781364
5781365
5781366
5781367
5781368
5781369
5781370
5781371
5781372
5781373
5781374
5781375
5781376
5781377
5781378
5781379
5781380
5781381
5781382
5781383
5781384
5781385
5781386
5781387
5781388
5781389
5781390
5781391
5781392
5781393
5781394
5781395
5781396
5781397
5781398
5781399
5781400
5781401
5781402
5781403
5781404
5781405
5781406
5781407
5781408
5781409
5781410
5781411
5781412
5781413
5781414
5781415
5781416
5781417
5781418
5781419
5781420
5781421
5781422
5781423
5781424
5781425
5781426
5781427
5781428
5781429
5781430
5781431
5781432
5781433
5781434
5781435
5781436
5781437
5781438
5781439
5781440
5781441
5781442
5781443
5781444
5781445
5781446
5781447
5781448
5781449
5781450
5781451
5781452
5781453
5781454
5781455
5781456
5781457
5781458
5781459
5781460
5781461
5781462
5781463
5781464
5781465
5781466
5781467
5781468
5781469
5781470
5781471
5781472
5781473
5781474
5781475
5781476
5781477
5781478
5781479
5781480
5781481
5781482
5781483
5781484
5781485
5781486
5781487
5781488
5781489
5781490
5781491
5781492
5781493
5781494
5781495
5781496
5781497
5781498
5781499
5781500
5781501
5781502
5781503
5781504
5781505
5781506
5781507
5781508
5781509
5781510
5781511
5781512
5781513
5781514
5781515
5781516
5781517
5781518
5781519
5781520
5781521
5781522
5781523
5781524
5781525
5781526
5781527
5781528
5781529
5781530
5781531
5781532
5781533
5781534
5781535
5781536
5781537
5781538
5781539
5781540
5781541
5781542
5781543
5781544
5781545
5781546
5781547
5781548
5781549
5781550
5781551
5781552
5781553
5781554
5781555
5781556
5781557
5781558
5781559
5781560
5781561
5781562
5781563
5781564
5781565
5781566
5781567
5781568
5781569
5781570
5781571
5781572
5781573
5781574
5781575
5781576
5781577
5781578
5781579
5781580
5781581
5781582
5781583
5781584
5781585
5781586
5781587
5781588
5781589
5781590
5781591
5781592
5781593
5781594
5781595
5781596
5781597
5781598
5781599
5781600
5781601
5781602
5781603
5781604
5781605
5781606
5781607
5781608
5781609
5781610
5781611
5781612
5781613
5781614
5781615
5781616
5781617
5781618
5781619
5781620
5781621
5781622
5781623
5781624
5781625
5781626
5781627
5781628
5781629
5781630
5781631
5781632
5781633
5781634
5781635
5781636
5781637
5781638
5781639
5781640
5781641
5781642
5781643
5781644
5781645
5781646
5781647
5781648
5781649
5781650
5781651
5781652
5781653
5781654
5781655
5781656
5781657
5781658
5781659
5781660
5781661
5781662
5781663
5781664
5781665
5781666
5781667
5781668
5781669
5781670
5781671
5781672
5781673
5781674
5781675
5781676
5781677
5781678
5781679
5781680
5781681
5781682
5781683
5781684
5781685
5781686
5781687
5781688
5781689
5781690
5781691
5781692
5781693
5781694
5781695
5781696
5781697
5781698
5781699
5781700
5781701
5781702
5781703
5781704
5781705
5781706
5781707
5781708
5781709
5781710
5781711
5781712
5781713
5781714
5781715
5781716
5781717
5781718
5781719
5781720
5781721
5781722
5781723
5781724
5781725
5781726
5781727
5781728
5781729
5781730
5781731
5781732
5781733
5781734
5781735
5781736
5781737
5781738
5781739
5781740
5781741
5781742
5781743
5781744
5781745
5781746
5781747
5781748
5781749
5781750
5781751
5781752
5781753
5781754
5781755
5781756
5781757
5781758
5781759
5781760
5781761
5781762
5781763
5781764
5781765
5781766
5781767
5781768
5781769
5781770
5781771
5781772
5781773
5781774
5781775
5781776
5781777
5781778
5781779
5781780
5781781
5781782
5781783
5781784
5781785
5781786
5781787
5781788
5781789
5781790
5781791
5781792
5781793
5781794
5781795
5781796
5781797
5781798
5781799
5781800
5781801
5781802
5781803
5781804
5781805
5781806
5781807
5781808
5781809
5781810
5781811
5781812
5781813
5781814
5781815
5781816
5781817
5781818
5781819
5781820
5781821
5781822
5781823
5781824
5781825
5781826
5781827
5781828
5781829
5781830
5781831
5781832
5781833
5781834
5781835
5781836
5781837
5781838
5781839
5781840
5781841
5781842
5781843
5781844
5781845
5781846
5781847
5781848
5781849
5781850
5781851
5781852
5781853
5781854
5781855
5781856
5781857
5781858
5781859
5781860
5781861
5781862
5781863
5781864
5781865
5781866
5781867
5781868
5781869
5781870
5781871
5781872
5781873
5781874
5781875
5781876
5781877
5781878
5781879
5781880
5781881
5781882
5781883
5781884
5781885
5781886
5781887
5781888
5781889
5781890
5781891
5781892
5781893
5781894
5781895
5781896
5781897
5781898
5781899
5781900
5781901
5781902
5781903
5781904
5781905
5781906
5781907
5781908
5781909
5781910
5781911
5781912
5781913
5781914
5781915
5781916
5781917
5781918
5781919
5781920
5781921
5781922
5781923
5781924
5781925
5781926
5781927
5781928
5781929
5781930
5781931
5781932
5781933
5781934
5781935
5781936
5781937
5781938
5781939
5781940
5781941
5781942
5781943
5781944
5781945
5781946
5781947
5781948
5781949
5781950
5781951
5781952
5781953
5781954
5781955
5781956
5781957
5781958
5781959
5781960
5781961
5781962
5781963
5781964
5781965
5781966
5781967
5781968
5781969
5781970
5781971
5781972
5781973
5781974
5781975
5781976
5781977
5781978
5781979
5781980
5781981
5781982
5781983
5781984
5781985
5781986
5781987
5781988
5781989
5781990
5781991
5781992
5781993
5781994
5781995
5781996
5781997
5781998
5781999
5782000
5782001
5782002
5782003
5782004
5782005
5782006
5782007
5782008
5782009
5782010
5782011
5782012
5782013
5782014
5782015
5782016
5782017
5782018
5782019
5782020
5782021
5782022
5782023
5782024
5782025
5782026
5782027
5782028
5782029
5782030
5782031
5782032
5782033
5782034
5782035
5782036
5782037
5782038
5782039
5782040
5782041
5782042
5782043
5782044
5782045
5782046
5782047
5782048
5782049
5782050
5782051
5782052
5782053
5782054
5782055
5782056
5782057
5782058
5782059
5782060
5782061
5782062
5782063
5782064
5782065
5782066
5782067
5782068
5782069
5782070
5782071
5782072
5782073
5782074
5782075
5782076
5782077
5782078
5782079
5782080
5782081
5782082
5782083
5782084
5782085
5782086
5782087
5782088
5782089
5782090
5782091
5782092
5782093
5782094
5782095
5782096
5782097
5782098
5782099
5782100
5782101
5782102
5782103
5782104
5782105
5782106
5782107
5782108
5782109
5782110
5782111
5782112
5782113
5782114
5782115
5782116
5782117
5782118
5782119
5782120
5782121
5782122
5782123
5782124
5782125
5782126
5782127
5782128
5782129
5782130
5782131
5782132
5782133
5782134
5782135
5782136
5782137
5782138
5782139
5782140
5782141
5782142
5782143
5782144
5782145
5782146
5782147
5782148
5782149
5782150
5782151
5782152
5782153
5782154
5782155
5782156
5782157
5782158
5782159
5782160
5782161
5782162
5782163
5782164
5782165
5782166
5782167
5782168
5782169
5782170
5782171
5782172
5782173
5782174
5782175
5782176
5782177
5782178
5782179
5782180
5782181
5782182
5782183
5782184
5782185
5782186
5782187
5782188
5782189
5782190
5782191
5782192
5782193
5782194
5782195
5782196
5782197
5782198
5782199
5782200
5782201
5782202
5782203
5782204
5782205
5782206
5782207
5782208
5782209
5782210
5782211
5782212
5782213
5782214
5782215
5782216
5782217
5782218
5782219
5782220
5782221
5782222
5782223
5782224
5782225
5782226
5782227
5782228
5782229
5782230
5782231
5782232
5782233
5782234
5782235
5782236
5782237
5782238
5782239
5782240
5782241
5782242
5782243
5782244
5782245
5782246
5782247
5782248
5782249
5782250
5782251
5782252
5782253
5782254
5782255
5782256
5782257
5782258
5782259
5782260
5782261
5782262
5782263
5782264
5782265
5782266
5782267
5782268
5782269
5782270
5782271
5782272
5782273
5782274
5782275
5782276
5782277
5782278
5782279
5782280
5782281
5782282
5782283
5782284
5782285
5782286
5782287
5782288
5782289
5782290
5782291
5782292
5782293
5782294
5782295
5782296
5782297
5782298
5782299
5782300
5782301
5782302
5782303
5782304
5782305
5782306
5782307
5782308
5782309
5782310
5782311
5782312
5782313
5782314
5782315
5782316
5782317
5782318
5782319
5782320
5782321
5782322
5782323
5782324
5782325
5782326
5782327
5782328
5782329
5782330
5782331
5782332
5782333
5782334
5782335
5782336
5782337
5782338
5782339
5782340
5782341
5782342
5782343
5782344
5782345
5782346
5782347
5782348
5782349
5782350
5782351
5782352
5782353
5782354
5782355
5782356
5782357
5782358
5782359
5782360
5782361
5782362
5782363
5782364
5782365
5782366
5782367
5782368
5782369
5782370
5782371
5782372
5782373
5782374
5782375
5782376
5782377
5782378
5782379
5782380
5782381
5782382
5782383
5782384
5782385
5782386
5782387
5782388
5782389
5782390
5782391
5782392
5782393
5782394
5782395
5782396
5782397
5782398
5782399
5782400
5782401
5782402
5782403
5782404
5782405
5782406
5782407
5782408
5782409
5782410
5782411
5782412
5782413
5782414
5782415
5782416
5782417
5782418
5782419
5782420
5782421
5782422
5782423
5782424
5782425
5782426
5782427
5782428
5782429
5782430
5782431
5782432
5782433
5782434
5782435
5782436
5782437
5782438
5782439
5782440
5782441
5782442
5782443
5782444
5782445
5782446
5782447
5782448
5782449
5782450
5782451
5782452
5782453
5782454
5782455
5782456
5782457
5782458
5782459
5782460
5782461
5782462
5782463
5782464
5782465
5782466
5782467
5782468
5782469
5782470
5782471
5782472
5782473
5782474
5782475
5782476
5782477
5782478
5782479
5782480
5782481
5782482
5782483
5782484
5782485
5782486
5782487
5782488
5782489
5782490
5782491
5782492
5782493
5782494
5782495
5782496
5782497
5782498
5782499
5782500
5782501
5782502
5782503
5782504
5782505
5782506
5782507
5782508
5782509
5782510
5782511
5782512
5782513
5782514
5782515
5782516
5782517
5782518
5782519
5782520
5782521
5782522
5782523
5782524
5782525
5782526
5782527
5782528
5782529
5782530
5782531
5782532
5782533
5782534
5782535
5782536
5782537
5782538
5782539
5782540
5782541
5782542
5782543
5782544
5782545
5782546
5782547
5782548
5782549
5782550
5782551
5782552
5782553
5782554
5782555
5782556
5782557
5782558
5782559
5782560
5782561
5782562
5782563
5782564
5782565
5782566
5782567
5782568
5782569
5782570
5782571
5782572
5782573
5782574
5782575
5782576
5782577
5782578
5782579
5782580
5782581
5782582
5782583
5782584
5782585
5782586
5782587
5782588
5782589
5782590
5782591
5782592
5782593
5782594
5782595
5782596
5782597
5782598
5782599
5782600
5782601
5782602
5782603
5782604
5782605
5782606
5782607
5782608
5782609
5782610
5782611
5782612
5782613
5782614
5782615
5782616
5782617
5782618
5782619
5782620
5782621
5782622
5782623
5782624
5782625
5782626
5782627
5782628
5782629
5782630
5782631
5782632
5782633
5782634
5782635
5782636
5782637
5782638
5782639
5782640
5782641
5782642
5782643
5782644
5782645
5782646
5782647
5782648
5782649
5782650
5782651
5782652
5782653
5782654
5782655
5782656
5782657
5782658
5782659
5782660
5782661
5782662
5782663
5782664
5782665
5782666
5782667
5782668
5782669
5782670
5782671
5782672
5782673
5782674
5782675
5782676
5782677
5782678
5782679
5782680
5782681
5782682
5782683
5782684
5782685
5782686
5782687
5782688
5782689
5782690
5782691
5782692
5782693
5782694
5782695
5782696
5782697
5782698
5782699
5782700
5782701
5782702
5782703
5782704
5782705
5782706
5782707
5782708
5782709
5782710
5782711
5782712
5782713
5782714
5782715
5782716
5782717
5782718
5782719
5782720
5782721
5782722
5782723
5782724
5782725
5782726
5782727
5782728
5782729
5782730
5782731
5782732
5782733
5782734
5782735
5782736
5782737
5782738
5782739
5782740
5782741
5782742
5782743
5782744
5782745
5782746
5782747
5782748
5782749
5782750
5782751
5782752
5782753
5782754
5782755
5782756
5782757
5782758
5782759
5782760
5782761
5782762
5782763
5782764
5782765
5782766
5782767
5782768
5782769
5782770
5782771
5782772
5782773
5782774
5782775
5782776
5782777
5782778
5782779
5782780
5782781
5782782
5782783
5782784
5782785
5782786
5782787
5782788
5782789
5782790
5782791
5782792
5782793
5782794
5782795
5782796
5782797
5782798
5782799
5782800
5782801
5782802
5782803
5782804
5782805
5782806
5782807
5782808
5782809
5782810
5782811
5782812
5782813
5782814
5782815
5782816
5782817
5782818
5782819
5782820
5782821
5782822
5782823
5782824
5782825
5782826
5782827
5782828
5782829
5782830
5782831
5782832
5782833
5782834
5782835
5782836
5782837
5782838
5782839
5782840
5782841
5782842
5782843
5782844
5782845
5782846
5782847
5782848
5782849
5782850
5782851
5782852
5782853
5782854
5782855
5782856
5782857
5782858
5782859
5782860
5782861
5782862
5782863
5782864
5782865
5782866
5782867
5782868
5782869
5782870
5782871
5782872
5782873
5782874
5782875
5782876
5782877
5782878
5782879
5782880
5782881
5782882
5782883
5782884
5782885
5782886
5782887
5782888
5782889
5782890
5782891
5782892
5782893
5782894
5782895
5782896
5782897
5782898
5782899
5782900
5782901
5782902
5782903
5782904
5782905
5782906
5782907
5782908
5782909
5782910
5782911
5782912
5782913
5782914
5782915
5782916
5782917
5782918
5782919
5782920
5782921
5782922
5782923
5782924
5782925
5782926
5782927
5782928
5782929
5782930
5782931
5782932
5782933
5782934
5782935
5782936
5782937
5782938
5782939
5782940
5782941
5782942
5782943
5782944
5782945
5782946
5782947
5782948
5782949
5782950
5782951
5782952
5782953
5782954
5782955
5782956
5782957
5782958
5782959
5782960
5782961
5782962
5782963
5782964
5782965
5782966
5782967
5782968
5782969
5782970
5782971
5782972
5782973
5782974
5782975
5782976
5782977
5782978
5782979
5782980
5782981
5782982
5782983
5782984
5782985
5782986
5782987
5782988
5782989
5782990
5782991
5782992
5782993
5782994
5782995
5782996
5782997
5782998
5782999
5783000
5783001
5783002
5783003
5783004
5783005
5783006
5783007
5783008
5783009
5783010
5783011
5783012
5783013
5783014
5783015
5783016
5783017
5783018
5783019
5783020
5783021
5783022
5783023
5783024
5783025
5783026
5783027
5783028
5783029
5783030
5783031
5783032
5783033
5783034
5783035
5783036
5783037
5783038
5783039
5783040
5783041
5783042
5783043
5783044
5783045
5783046
5783047
5783048
5783049
5783050
5783051
5783052
5783053
5783054
5783055
5783056
5783057
5783058
5783059
5783060
5783061
5783062
5783063
5783064
5783065
5783066
5783067
5783068
5783069
5783070
5783071
5783072
5783073
5783074
5783075
5783076
5783077
5783078
5783079
5783080
5783081
5783082
5783083
5783084
5783085
5783086
5783087
5783088
5783089
5783090
5783091
5783092
5783093
5783094
5783095
5783096
5783097
5783098
5783099
5783100
5783101
5783102
5783103
5783104
5783105
5783106
5783107
5783108
5783109
5783110
5783111
5783112
5783113
5783114
5783115
5783116
5783117
5783118
5783119
5783120
5783121
5783122
5783123
5783124
5783125
5783126
5783127
5783128
5783129
5783130
5783131
5783132
5783133
5783134
5783135
5783136
5783137
5783138
5783139
5783140
5783141
5783142
5783143
5783144
5783145
5783146
5783147
5783148
5783149
5783150
5783151
5783152
5783153
5783154
5783155
5783156
5783157
5783158
5783159
5783160
5783161
5783162
5783163
5783164
5783165
5783166
5783167
5783168
5783169
5783170
5783171
5783172
5783173
5783174
5783175
5783176
5783177
5783178
5783179
5783180
5783181
5783182
5783183
5783184
5783185
5783186
5783187
5783188
5783189
5783190
5783191
5783192
5783193
5783194
5783195
5783196
5783197
5783198
5783199
5783200
5783201
5783202
5783203
5783204
5783205
5783206
5783207
5783208
5783209
5783210
5783211
5783212
5783213
5783214
5783215
5783216
5783217
5783218
5783219
5783220
5783221
5783222
5783223
5783224
5783225
5783226
5783227
5783228
5783229
5783230
5783231
5783232
5783233
5783234
5783235
5783236
5783237
5783238
5783239
5783240
5783241
5783242
5783243
5783244
5783245
5783246
5783247
5783248
5783249
5783250
5783251
5783252
5783253
5783254
5783255
5783256
5783257
5783258
5783259
5783260
5783261
5783262
5783263
5783264
5783265
5783266
5783267
5783268
5783269
5783270
5783271
5783272
5783273
5783274
5783275
5783276
5783277
5783278
5783279
5783280
5783281
5783282
5783283
5783284
5783285
5783286
5783287
5783288
5783289
5783290
5783291
5783292
5783293
5783294
5783295
5783296
5783297
5783298
5783299
5783300
5783301
5783302
5783303
5783304
5783305
5783306
5783307
5783308
5783309
5783310
5783311
5783312
5783313
5783314
5783315
5783316
5783317
5783318
5783319
5783320
5783321
5783322
5783323
5783324
5783325
5783326
5783327
5783328
5783329
5783330
5783331
5783332
5783333
5783334
5783335
5783336
5783337
5783338
5783339
5783340
5783341
5783342
5783343
5783344
5783345
5783346
5783347
5783348
5783349
5783350
5783351
5783352
5783353
5783354
5783355
5783356
5783357
5783358
5783359
5783360
5783361
5783362
5783363
5783364
5783365
5783366
5783367
5783368
5783369
5783370
5783371
5783372
5783373
5783374
5783375
5783376
5783377
5783378
5783379
5783380
5783381
5783382
5783383
5783384
5783385
5783386
5783387
5783388
5783389
5783390
5783391
5783392
5783393
5783394
5783395
5783396
5783397
5783398
5783399
5783400
5783401
5783402
5783403
5783404
5783405
5783406
5783407
5783408
5783409
5783410
5783411
5783412
5783413
5783414
5783415
5783416
5783417
5783418
5783419
5783420
5783421
5783422
5783423
5783424
5783425
5783426
5783427
5783428
5783429
5783430
5783431
5783432
5783433
5783434
5783435
5783436
5783437
5783438
5783439
5783440
5783441
5783442
5783443
5783444
5783445
5783446
5783447
5783448
5783449
5783450
5783451
5783452
5783453
5783454
5783455
5783456
5783457
5783458
5783459
5783460
5783461
5783462
5783463
5783464
5783465
5783466
5783467
5783468
5783469
5783470
5783471
5783472
5783473
5783474
5783475
5783476
5783477
5783478
5783479
5783480
5783481
5783482
5783483
5783484
5783485
5783486
5783487
5783488
5783489
5783490
5783491
5783492
5783493
5783494
5783495
5783496
5783497
5783498
5783499
5783500
5783501
5783502
5783503
5783504
5783505
5783506
5783507
5783508
5783509
5783510
5783511
5783512
5783513
5783514
5783515
5783516
5783517
5783518
5783519
5783520
5783521
5783522
5783523
5783524
5783525
5783526
5783527
5783528
5783529
5783530
5783531
5783532
5783533
5783534
5783535
5783536
5783537
5783538
5783539
5783540
5783541
5783542
5783543
5783544
5783545
5783546
5783547
5783548
5783549
5783550
5783551
5783552
5783553
5783554
5783555
5783556
5783557
5783558
5783559
5783560
5783561
5783562
5783563
5783564
5783565
5783566
5783567
5783568
5783569
5783570
5783571
5783572
5783573
5783574
5783575
5783576
5783577
5783578
5783579
5783580
5783581
5783582
5783583
5783584
5783585
5783586
5783587
5783588
5783589
5783590
5783591
5783592
5783593
5783594
5783595
5783596
5783597
5783598
5783599
5783600
5783601
5783602
5783603
5783604
5783605
5783606
5783607
5783608
5783609
5783610
5783611
5783612
5783613
5783614
5783615
5783616
5783617
5783618
5783619
5783620
5783621
5783622
5783623
5783624
5783625
5783626
5783627
5783628
5783629
5783630
5783631
5783632
5783633
5783634
5783635
5783636
5783637
5783638
5783639
5783640
5783641
5783642
5783643
5783644
5783645
5783646
5783647
5783648
5783649
5783650
5783651
5783652
5783653
5783654
5783655
5783656
5783657
5783658
5783659
5783660
5783661
5783662
5783663
5783664
5783665
5783666
5783667
5783668
5783669
5783670
5783671
5783672
5783673
5783674
5783675
5783676
5783677
5783678
5783679
5783680
5783681
5783682
5783683
5783684
5783685
5783686
5783687
5783688
5783689
5783690
5783691
5783692
5783693
5783694
5783695
5783696
5783697
5783698
5783699
5783700
5783701
5783702
5783703
5783704
5783705
5783706
5783707
5783708
5783709
5783710
5783711
5783712
5783713
5783714
5783715
5783716
5783717
5783718
5783719
5783720
5783721
5783722
5783723
5783724
5783725
5783726
5783727
5783728
5783729
5783730
5783731
5783732
5783733
5783734
5783735
5783736
5783737
5783738
5783739
5783740
5783741
5783742
5783743
5783744
5783745
5783746
5783747
5783748
5783749
5783750
5783751
5783752
5783753
5783754
5783755
5783756
5783757
5783758
5783759
5783760
5783761
5783762
5783763
5783764
5783765
5783766
5783767
5783768
5783769
5783770
5783771
5783772
5783773
5783774
5783775
5783776
5783777
5783778
5783779
5783780
5783781
5783782
5783783
5783784
5783785
5783786
5783787
5783788
5783789
5783790
5783791
5783792
5783793
5783794
5783795
5783796
5783797
5783798
5783799
5783800
5783801
5783802
5783803
5783804
5783805
5783806
5783807
5783808
5783809
5783810
5783811
5783812
5783813
5783814
5783815
5783816
5783817
5783818
5783819
5783820
5783821
5783822
5783823
5783824
5783825
5783826
5783827
5783828
5783829
5783830
5783831
5783832
5783833
5783834
5783835
5783836
5783837
5783838
5783839
5783840
5783841
5783842
5783843
5783844
5783845
5783846
5783847
5783848
5783849
5783850
5783851
5783852
5783853
5783854
5783855
5783856
5783857
5783858
5783859
5783860
5783861
5783862
5783863
5783864
5783865
5783866
5783867
5783868
5783869
5783870
5783871
5783872
5783873
5783874
5783875
5783876
5783877
5783878
5783879
5783880
5783881
5783882
5783883
5783884
5783885
5783886
5783887
5783888
5783889
5783890
5783891
5783892
5783893
5783894
5783895
5783896
5783897
5783898
5783899
5783900
5783901
5783902
5783903
5783904
5783905
5783906
5783907
5783908
5783909
5783910
5783911
5783912
5783913
5783914
5783915
5783916
5783917
5783918
5783919
5783920
5783921
5783922
5783923
5783924
5783925
5783926
5783927
5783928
5783929
5783930
5783931
5783932
5783933
5783934
5783935
5783936
5783937
5783938
5783939
5783940
5783941
5783942
5783943
5783944
5783945
5783946
5783947
5783948
5783949
5783950
5783951
5783952
5783953
5783954
5783955
5783956
5783957
5783958
5783959
5783960
5783961
5783962
5783963
5783964
5783965
5783966
5783967
5783968
5783969
5783970
5783971
5783972
5783973
5783974
5783975
5783976
5783977
5783978
5783979
5783980
5783981
5783982
5783983
5783984
5783985
5783986
5783987
5783988
5783989
5783990
5783991
5783992
5783993
5783994
5783995
5783996
5783997
5783998
5783999
5784000
5784001
5784002
5784003
5784004
5784005
5784006
5784007
5784008
5784009
5784010
5784011
5784012
5784013
5784014
5784015
5784016
5784017
5784018
5784019
5784020
5784021
5784022
5784023
5784024
5784025
5784026
5784027
5784028
5784029
5784030
5784031
5784032
5784033
5784034
5784035
5784036
5784037
5784038
5784039
5784040
5784041
5784042
5784043
5784044
5784045
5784046
5784047
5784048
5784049
5784050
5784051
5784052
5784053
5784054
5784055
5784056
5784057
5784058
5784059
5784060
5784061
5784062
5784063
5784064
5784065
5784066
5784067
5784068
5784069
5784070
5784071
5784072
5784073
5784074
5784075
5784076
5784077
5784078
5784079
5784080
5784081
5784082
5784083
5784084
5784085
5784086
5784087
5784088
5784089
5784090
5784091
5784092
5784093
5784094
5784095
5784096
5784097
5784098
5784099
5784100
5784101
5784102
5784103
5784104
5784105
5784106
5784107
5784108
5784109
5784110
5784111
5784112
5784113
5784114
5784115
5784116
5784117
5784118
5784119
5784120
5784121
5784122
5784123
5784124
5784125
5784126
5784127
5784128
5784129
5784130
5784131
5784132
5784133
5784134
5784135
5784136
5784137
5784138
5784139
5784140
5784141
5784142
5784143
5784144
5784145
5784146
5784147
5784148
5784149
5784150
5784151
5784152
5784153
5784154
5784155
5784156
5784157
5784158
5784159
5784160
5784161
5784162
5784163
5784164
5784165
5784166
5784167
5784168
5784169
5784170
5784171
5784172
5784173
5784174
5784175
5784176
5784177
5784178
5784179
5784180
5784181
5784182
5784183
5784184
5784185
5784186
5784187
5784188
5784189
5784190
5784191
5784192
5784193
5784194
5784195
5784196
5784197
5784198
5784199
5784200
5784201
5784202
5784203
5784204
5784205
5784206
5784207
5784208
5784209
5784210
5784211
5784212
5784213
5784214
5784215
5784216
5784217
5784218
5784219
5784220
5784221
5784222
5784223
5784224
5784225
5784226
5784227
5784228
5784229
5784230
5784231
5784232
5784233
5784234
5784235
5784236
5784237
5784238
5784239
5784240
5784241
5784242
5784243
5784244
5784245
5784246
5784247
5784248
5784249
5784250
5784251
5784252
5784253
5784254
5784255
5784256
5784257
5784258
5784259
5784260
5784261
5784262
5784263
5784264
5784265
5784266
5784267
5784268
5784269
5784270
5784271
5784272
5784273
5784274
5784275
5784276
5784277
5784278
5784279
5784280
5784281
5784282
5784283
5784284
5784285
5784286
5784287
5784288
5784289
5784290
5784291
5784292
5784293
5784294
5784295
5784296
5784297
5784298
5784299
5784300
5784301
5784302
5784303
5784304
5784305
5784306
5784307
5784308
5784309
5784310
5784311
5784312
5784313
5784314
5784315
5784316
5784317
5784318
5784319
5784320
5784321
5784322
5784323
5784324
5784325
5784326
5784327
5784328
5784329
5784330
5784331
5784332
5784333
5784334
5784335
5784336
5784337
5784338
5784339
5784340
5784341
5784342
5784343
5784344
5784345
5784346
5784347
5784348
5784349
5784350
5784351
5784352
5784353
5784354
5784355
5784356
5784357
5784358
5784359
5784360
5784361
5784362
5784363
5784364
5784365
5784366
5784367
5784368
5784369
5784370
5784371
5784372
5784373
5784374
5784375
5784376
5784377
5784378
5784379
5784380
5784381
5784382
5784383
5784384
5784385
5784386
5784387
5784388
5784389
5784390
5784391
5784392
5784393
5784394
5784395
5784396
5784397
5784398
5784399
5784400
5784401
5784402
5784403
5784404
5784405
5784406
5784407
5784408
5784409
5784410
5784411
5784412
5784413
5784414
5784415
5784416
5784417
5784418
5784419
5784420
5784421
5784422
5784423
5784424
5784425
5784426
5784427
5784428
5784429
5784430
5784431
5784432
5784433
5784434
5784435
5784436
5784437
5784438
5784439
5784440
5784441
5784442
5784443
5784444
5784445
5784446
5784447
5784448
5784449
5784450
5784451
5784452
5784453
5784454
5784455
5784456
5784457
5784458
5784459
5784460
5784461
5784462
5784463
5784464
5784465
5784466
5784467
5784468
5784469
5784470
5784471
5784472
5784473
5784474
5784475
5784476
5784477
5784478
5784479
5784480
5784481
5784482
5784483
5784484
5784485
5784486
5784487
5784488
5784489
5784490
5784491
5784492
5784493
5784494
5784495
5784496
5784497
5784498
5784499
5784500
5784501
5784502
5784503
5784504
5784505
5784506
5784507
5784508
5784509
5784510
5784511
5784512
5784513
5784514
5784515
5784516
5784517
5784518
5784519
5784520
5784521
5784522
5784523
5784524
5784525
5784526
5784527
5784528
5784529
5784530
5784531
5784532
5784533
5784534
5784535
5784536
5784537
5784538
5784539
5784540
5784541
5784542
5784543
5784544
5784545
5784546
5784547
5784548
5784549
5784550
5784551
5784552
5784553
5784554
5784555
5784556
5784557
5784558
5784559
5784560
5784561
5784562
5784563
5784564
5784565
5784566
5784567
5784568
5784569
5784570
5784571
5784572
5784573
5784574
5784575
5784576
5784577
5784578
5784579
5784580
5784581
5784582
5784583
5784584
5784585
5784586
5784587
5784588
5784589
5784590
5784591
5784592
5784593
5784594
5784595
5784596
5784597
5784598
5784599
5784600
5784601
5784602
5784603
5784604
5784605
5784606
5784607
5784608
5784609
5784610
5784611
5784612
5784613
5784614
5784615
5784616
5784617
5784618
5784619
5784620
5784621
5784622
5784623
5784624
5784625
5784626
5784627
5784628
5784629
5784630
5784631
5784632
5784633
5784634
5784635
5784636
5784637
5784638
5784639
5784640
5784641
5784642
5784643
5784644
5784645
5784646
5784647
5784648
5784649
5784650
5784651
5784652
5784653
5784654
5784655
5784656
5784657
5784658
5784659
5784660
5784661
5784662
5784663
5784664
5784665
5784666
5784667
5784668
5784669
5784670
5784671
5784672
5784673
5784674
5784675
5784676
5784677
5784678
5784679
5784680
5784681
5784682
5784683
5784684
5784685
5784686
5784687
5784688
5784689
5784690
5784691
5784692
5784693
5784694
5784695
5784696
5784697
5784698
5784699
5784700
5784701
5784702
5784703
5784704
5784705
5784706
5784707
5784708
5784709
5784710
5784711
5784712
5784713
5784714
5784715
5784716
5784717
5784718
5784719
5784720
5784721
5784722
5784723
5784724
5784725
5784726
5784727
5784728
5784729
5784730
5784731
5784732
5784733
5784734
5784735
5784736
5784737
5784738
5784739
5784740
5784741
5784742
5784743
5784744
5784745
5784746
5784747
5784748
5784749
5784750
5784751
5784752
5784753
5784754
5784755
5784756
5784757
5784758
5784759
5784760
5784761
5784762
5784763
5784764
5784765
5784766
5784767
5784768
5784769
5784770
5784771
5784772
5784773
5784774
5784775
5784776
5784777
5784778
5784779
5784780
5784781
5784782
5784783
5784784
5784785
5784786
5784787
5784788
5784789
5784790
5784791
5784792
5784793
5784794
5784795
5784796
5784797
5784798
5784799
5784800
5784801
5784802
5784803
5784804
5784805
5784806
5784807
5784808
5784809
5784810
5784811
5784812
5784813
5784814
5784815
5784816
5784817
5784818
5784819
5784820
5784821
5784822
5784823
5784824
5784825
5784826
5784827
5784828
5784829
5784830
5784831
5784832
5784833
5784834
5784835
5784836
5784837
5784838
5784839
5784840
5784841
5784842
5784843
5784844
5784845
5784846
5784847
5784848
5784849
5784850
5784851
5784852
5784853
5784854
5784855
5784856
5784857
5784858
5784859
5784860
5784861
5784862
5784863
5784864
5784865
5784866
5784867
5784868
5784869
5784870
5784871
5784872
5784873
5784874
5784875
5784876
5784877
5784878
5784879
5784880
5784881
5784882
5784883
5784884
5784885
5784886
5784887
5784888
5784889
5784890
5784891
5784892
5784893
5784894
5784895
5784896
5784897
5784898
5784899
5784900
5784901
5784902
5784903
5784904
5784905
5784906
5784907
5784908
5784909
5784910
5784911
5784912
5784913
5784914
5784915
5784916
5784917
5784918
5784919
5784920
5784921
5784922
5784923
5784924
5784925
5784926
5784927
5784928
5784929
5784930
5784931
5784932
5784933
5784934
5784935
5784936
5784937
5784938
5784939
5784940
5784941
5784942
5784943
5784944
5784945
5784946
5784947
5784948
5784949
5784950
5784951
5784952
5784953
5784954
5784955
5784956
5784957
5784958
5784959
5784960
5784961
5784962
5784963
5784964
5784965
5784966
5784967
5784968
5784969
5784970
5784971
5784972
5784973
5784974
5784975
5784976
5784977
5784978
5784979
5784980
5784981
5784982
5784983
5784984
5784985
5784986
5784987
5784988
5784989
5784990
5784991
5784992
5784993
5784994
5784995
5784996
5784997
5784998
5784999
5785000
5785001
5785002
5785003
5785004
5785005
5785006
5785007
5785008
5785009
5785010
5785011
5785012
5785013
5785014
5785015
5785016
5785017
5785018
5785019
5785020
5785021
5785022
5785023
5785024
5785025
5785026
5785027
5785028
5785029
5785030
5785031
5785032
5785033
5785034
5785035
5785036
5785037
5785038
5785039
5785040
5785041
5785042
5785043
5785044
5785045
5785046
5785047
5785048
5785049
5785050
5785051
5785052
5785053
5785054
5785055
5785056
5785057
5785058
5785059
5785060
5785061
5785062
5785063
5785064
5785065
5785066
5785067
5785068
5785069
5785070
5785071
5785072
5785073
5785074
5785075
5785076
5785077
5785078
5785079
5785080
5785081
5785082
5785083
5785084
5785085
5785086
5785087
5785088
5785089
5785090
5785091
5785092
5785093
5785094
5785095
5785096
5785097
5785098
5785099
5785100
5785101
5785102
5785103
5785104
5785105
5785106
5785107
5785108
5785109
5785110
5785111
5785112
5785113
5785114
5785115
5785116
5785117
5785118
5785119
5785120
5785121
5785122
5785123
5785124
5785125
5785126
5785127
5785128
5785129
5785130
5785131
5785132
5785133
5785134
5785135
5785136
5785137
5785138
5785139
5785140
5785141
5785142
5785143
5785144
5785145
5785146
5785147
5785148
5785149
5785150
5785151
5785152
5785153
5785154
5785155
5785156
5785157
5785158
5785159
5785160
5785161
5785162
5785163
5785164
5785165
5785166
5785167
5785168
5785169
5785170
5785171
5785172
5785173
5785174
5785175
5785176
5785177
5785178
5785179
5785180
5785181
5785182
5785183
5785184
5785185
5785186
5785187
5785188
5785189
5785190
5785191
5785192
5785193
5785194
5785195
5785196
5785197
5785198
5785199
5785200
5785201
5785202
5785203
5785204
5785205
5785206
5785207
5785208
5785209
5785210
5785211
5785212
5785213
5785214
5785215
5785216
5785217
5785218
5785219
5785220
5785221
5785222
5785223
5785224
5785225
5785226
5785227
5785228
5785229
5785230
5785231
5785232
5785233
5785234
5785235
5785236
5785237
5785238
5785239
5785240
5785241
5785242
5785243
5785244
5785245
5785246
5785247
5785248
5785249
5785250
5785251
5785252
5785253
5785254
5785255
5785256
5785257
5785258
5785259
5785260
5785261
5785262
5785263
5785264
5785265
5785266
5785267
5785268
5785269
5785270
5785271
5785272
5785273
5785274
5785275
5785276
5785277
5785278
5785279
5785280
5785281
5785282
5785283
5785284
5785285
5785286
5785287
5785288
5785289
5785290
5785291
5785292
5785293
5785294
5785295
5785296
5785297
5785298
5785299
5785300
5785301
5785302
5785303
5785304
5785305
5785306
5785307
5785308
5785309
5785310
5785311
5785312
5785313
5785314
5785315
5785316
5785317
5785318
5785319
5785320
5785321
5785322
5785323
5785324
5785325
5785326
5785327
5785328
5785329
5785330
5785331
5785332
5785333
5785334
5785335
5785336
5785337
5785338
5785339
5785340
5785341
5785342
5785343
5785344
5785345
5785346
5785347
5785348
5785349
5785350
5785351
5785352
5785353
5785354
5785355
5785356
5785357
5785358
5785359
5785360
5785361
5785362
5785363
5785364
5785365
5785366
5785367
5785368
5785369
5785370
5785371
5785372
5785373
5785374
5785375
5785376
5785377
5785378
5785379
5785380
5785381
5785382
5785383
5785384
5785385
5785386
5785387
5785388
5785389
5785390
5785391
5785392
5785393
5785394
5785395
5785396
5785397
5785398
5785399
5785400
5785401
5785402
5785403
5785404
5785405
5785406
5785407
5785408
5785409
5785410
5785411
5785412
5785413
5785414
5785415
5785416
5785417
5785418
5785419
5785420
5785421
5785422
5785423
5785424
5785425
5785426
5785427
5785428
5785429
5785430
5785431
5785432
5785433
5785434
5785435
5785436
5785437
5785438
5785439
5785440
5785441
5785442
5785443
5785444
5785445
5785446
5785447
5785448
5785449
5785450
5785451
5785452
5785453
5785454
5785455
5785456
5785457
5785458
5785459
5785460
5785461
5785462
5785463
5785464
5785465
5785466
5785467
5785468
5785469
5785470
5785471
5785472
5785473
5785474
5785475
5785476
5785477
5785478
5785479
5785480
5785481
5785482
5785483
5785484
5785485
5785486
5785487
5785488
5785489
5785490
5785491
5785492
5785493
5785494
5785495
5785496
5785497
5785498
5785499
5785500
5785501
5785502
5785503
5785504
5785505
5785506
5785507
5785508
5785509
5785510
5785511
5785512
5785513
5785514
5785515
5785516
5785517
5785518
5785519
5785520
5785521
5785522
5785523
5785524
5785525
5785526
5785527
5785528
5785529
5785530
5785531
5785532
5785533
5785534
5785535
5785536
5785537
5785538
5785539
5785540
5785541
5785542
5785543
5785544
5785545
5785546
5785547
5785548
5785549
5785550
5785551
5785552
5785553
5785554
5785555
5785556
5785557
5785558
5785559
5785560
5785561
5785562
5785563
5785564
5785565
5785566
5785567
5785568
5785569
5785570
5785571
5785572
5785573
5785574
5785575
5785576
5785577
5785578
5785579
5785580
5785581
5785582
5785583
5785584
5785585
5785586
5785587
5785588
5785589
5785590
5785591
5785592
5785593
5785594
5785595
5785596
5785597
5785598
5785599
5785600
5785601
5785602
5785603
5785604
5785605
5785606
5785607
5785608
5785609
5785610
5785611
5785612
5785613
5785614
5785615
5785616
5785617
5785618
5785619
5785620
5785621
5785622
5785623
5785624
5785625
5785626
5785627
5785628
5785629
5785630
5785631
5785632
5785633
5785634
5785635
5785636
5785637
5785638
5785639
5785640
5785641
5785642
5785643
5785644
5785645
5785646
5785647
5785648
5785649
5785650
5785651
5785652
5785653
5785654
5785655
5785656
5785657
5785658
5785659
5785660
5785661
5785662
5785663
5785664
5785665
5785666
5785667
5785668
5785669
5785670
5785671
5785672
5785673
5785674
5785675
5785676
5785677
5785678
5785679
5785680
5785681
5785682
5785683
5785684
5785685
5785686
5785687
5785688
5785689
5785690
5785691
5785692
5785693
5785694
5785695
5785696
5785697
5785698
5785699
5785700
5785701
5785702
5785703
5785704
5785705
5785706
5785707
5785708
5785709
5785710
5785711
5785712
5785713
5785714
5785715
5785716
5785717
5785718
5785719
5785720
5785721
5785722
5785723
5785724
5785725
5785726
5785727
5785728
5785729
5785730
5785731
5785732
5785733
5785734
5785735
5785736
5785737
5785738
5785739
5785740
5785741
5785742
5785743
5785744
5785745
5785746
5785747
5785748
5785749
5785750
5785751
5785752
5785753
5785754
5785755
5785756
5785757
5785758
5785759
5785760
5785761
5785762
5785763
5785764
5785765
5785766
5785767
5785768
5785769
5785770
5785771
5785772
5785773
5785774
5785775
5785776
5785777
5785778
5785779
5785780
5785781
5785782
5785783
5785784
5785785
5785786
5785787
5785788
5785789
5785790
5785791
5785792
5785793
5785794
5785795
5785796
5785797
5785798
5785799
5785800
5785801
5785802
5785803
5785804
5785805
5785806
5785807
5785808
5785809
5785810
5785811
5785812
5785813
5785814
5785815
5785816
5785817
5785818
5785819
5785820
5785821
5785822
5785823
5785824
5785825
5785826
5785827
5785828
5785829
5785830
5785831
5785832
5785833
5785834
5785835
5785836
5785837
5785838
5785839
5785840
5785841
5785842
5785843
5785844
5785845
5785846
5785847
5785848
5785849
5785850
5785851
5785852
5785853
5785854
5785855
5785856
5785857
5785858
5785859
5785860
5785861
5785862
5785863
5785864
5785865
5785866
5785867
5785868
5785869
5785870
5785871
5785872
5785873
5785874
5785875
5785876
5785877
5785878
5785879
5785880
5785881
5785882
5785883
5785884
5785885
5785886
5785887
5785888
5785889
5785890
5785891
5785892
5785893
5785894
5785895
5785896
5785897
5785898
5785899
5785900
5785901
5785902
5785903
5785904
5785905
5785906
5785907
5785908
5785909
5785910
5785911
5785912
5785913
5785914
5785915
5785916
5785917
5785918
5785919
5785920
5785921
5785922
5785923
5785924
5785925
5785926
5785927
5785928
5785929
5785930
5785931
5785932
5785933
5785934
5785935
5785936
5785937
5785938
5785939
5785940
5785941
5785942
5785943
5785944
5785945
5785946
5785947
5785948
5785949
5785950
5785951
5785952
5785953
5785954
5785955
5785956
5785957
5785958
5785959
5785960
5785961
5785962
5785963
5785964
5785965
5785966
5785967
5785968
5785969
5785970
5785971
5785972
5785973
5785974
5785975
5785976
5785977
5785978
5785979
5785980
5785981
5785982
5785983
5785984
5785985
5785986
5785987
5785988
5785989
5785990
5785991
5785992
5785993
5785994
5785995
5785996
5785997
5785998
5785999
5786000
5786001
5786002
5786003
5786004
5786005
5786006
5786007
5786008
5786009
5786010
5786011
5786012
5786013
5786014
5786015
5786016
5786017
5786018
5786019
5786020
5786021
5786022
5786023
5786024
5786025
5786026
5786027
5786028
5786029
5786030
5786031
5786032
5786033
5786034
5786035
5786036
5786037
5786038
5786039
5786040
5786041
5786042
5786043
5786044
5786045
5786046
5786047
5786048
5786049
5786050
5786051
5786052
5786053
5786054
5786055
5786056
5786057
5786058
5786059
5786060
5786061
5786062
5786063
5786064
5786065
5786066
5786067
5786068
5786069
5786070
5786071
5786072
5786073
5786074
5786075
5786076
5786077
5786078
5786079
5786080
5786081
5786082
5786083
5786084
5786085
5786086
5786087
5786088
5786089
5786090
5786091
5786092
5786093
5786094
5786095
5786096
5786097
5786098
5786099
5786100
5786101
5786102
5786103
5786104
5786105
5786106
5786107
5786108
5786109
5786110
5786111
5786112
5786113
5786114
5786115
5786116
5786117
5786118
5786119
5786120
5786121
5786122
5786123
5786124
5786125
5786126
5786127
5786128
5786129
5786130
5786131
5786132
5786133
5786134
5786135
5786136
5786137
5786138
5786139
5786140
5786141
5786142
5786143
5786144
5786145
5786146
5786147
5786148
5786149
5786150
5786151
5786152
5786153
5786154
5786155
5786156
5786157
5786158
5786159
5786160
5786161
5786162
5786163
5786164
5786165
5786166
5786167
5786168
5786169
5786170
5786171
5786172
5786173
5786174
5786175
5786176
5786177
5786178
5786179
5786180
5786181
5786182
5786183
5786184
5786185
5786186
5786187
5786188
5786189
5786190
5786191
5786192
5786193
5786194
5786195
5786196
5786197
5786198
5786199
5786200
5786201
5786202
5786203
5786204
5786205
5786206
5786207
5786208
5786209
5786210
5786211
5786212
5786213
5786214
5786215
5786216
5786217
5786218
5786219
5786220
5786221
5786222
5786223
5786224
5786225
5786226
5786227
5786228
5786229
5786230
5786231
5786232
5786233
5786234
5786235
5786236
5786237
5786238
5786239
5786240
5786241
5786242
5786243
5786244
5786245
5786246
5786247
5786248
5786249
5786250
5786251
5786252
5786253
5786254
5786255
5786256
5786257
5786258
5786259
5786260
5786261
5786262
5786263
5786264
5786265
5786266
5786267
5786268
5786269
5786270
5786271
5786272
5786273
5786274
5786275
5786276
5786277
5786278
5786279
5786280
5786281
5786282
5786283
5786284
5786285
5786286
5786287
5786288
5786289
5786290
5786291
5786292
5786293
5786294
5786295
5786296
5786297
5786298
5786299
5786300
5786301
5786302
5786303
5786304
5786305
5786306
5786307
5786308
5786309
5786310
5786311
5786312
5786313
5786314
5786315
5786316
5786317
5786318
5786319
5786320
5786321
5786322
5786323
5786324
5786325
5786326
5786327
5786328
5786329
5786330
5786331
5786332
5786333
5786334
5786335
5786336
5786337
5786338
5786339
5786340
5786341
5786342
5786343
5786344
5786345
5786346
5786347
5786348
5786349
5786350
5786351
5786352
5786353
5786354
5786355
5786356
5786357
5786358
5786359
5786360
5786361
5786362
5786363
5786364
5786365
5786366
5786367
5786368
5786369
5786370
5786371
5786372
5786373
5786374
5786375
5786376
5786377
5786378
5786379
5786380
5786381
5786382
5786383
5786384
5786385
5786386
5786387
5786388
5786389
5786390
5786391
5786392
5786393
5786394
5786395
5786396
5786397
5786398
5786399
5786400
5786401
5786402
5786403
5786404
5786405
5786406
5786407
5786408
5786409
5786410
5786411
5786412
5786413
5786414
5786415
5786416
5786417
5786418
5786419
5786420
5786421
5786422
5786423
5786424
5786425
5786426
5786427
5786428
5786429
5786430
5786431
5786432
5786433
5786434
5786435
5786436
5786437
5786438
5786439
5786440
5786441
5786442
5786443
5786444
5786445
5786446
5786447
5786448
5786449
5786450
5786451
5786452
5786453
5786454
5786455
5786456
5786457
5786458
5786459
5786460
5786461
5786462
5786463
5786464
5786465
5786466
5786467
5786468
5786469
5786470
5786471
5786472
5786473
5786474
5786475
5786476
5786477
5786478
5786479
5786480
5786481
5786482
5786483
5786484
5786485
5786486
5786487
5786488
5786489
5786490
5786491
5786492
5786493
5786494
5786495
5786496
5786497
5786498
5786499
5786500
5786501
5786502
5786503
5786504
5786505
5786506
5786507
5786508
5786509
5786510
5786511
5786512
5786513
5786514
5786515
5786516
5786517
5786518
5786519
5786520
5786521
5786522
5786523
5786524
5786525
5786526
5786527
5786528
5786529
5786530
5786531
5786532
5786533
5786534
5786535
5786536
5786537
5786538
5786539
5786540
5786541
5786542
5786543
5786544
5786545
5786546
5786547
5786548
5786549
5786550
5786551
5786552
5786553
5786554
5786555
5786556
5786557
5786558
5786559
5786560
5786561
5786562
5786563
5786564
5786565
5786566
5786567
5786568
5786569
5786570
5786571
5786572
5786573
5786574
5786575
5786576
5786577
5786578
5786579
5786580
5786581
5786582
5786583
5786584
5786585
5786586
5786587
5786588
5786589
5786590
5786591
5786592
5786593
5786594
5786595
5786596
5786597
5786598
5786599
5786600
5786601
5786602
5786603
5786604
5786605
5786606
5786607
5786608
5786609
5786610
5786611
5786612
5786613
5786614
5786615
5786616
5786617
5786618
5786619
5786620
5786621
5786622
5786623
5786624
5786625
5786626
5786627
5786628
5786629
5786630
5786631
5786632
5786633
5786634
5786635
5786636
5786637
5786638
5786639
5786640
5786641
5786642
5786643
5786644
5786645
5786646
5786647
5786648
5786649
5786650
5786651
5786652
5786653
5786654
5786655
5786656
5786657
5786658
5786659
5786660
5786661
5786662
5786663
5786664
5786665
5786666
5786667
5786668
5786669
5786670
5786671
5786672
5786673
5786674
5786675
5786676
5786677
5786678
5786679
5786680
5786681
5786682
5786683
5786684
5786685
5786686
5786687
5786688
5786689
5786690
5786691
5786692
5786693
5786694
5786695
5786696
5786697
5786698
5786699
5786700
5786701
5786702
5786703
5786704
5786705
5786706
5786707
5786708
5786709
5786710
5786711
5786712
5786713
5786714
5786715
5786716
5786717
5786718
5786719
5786720
5786721
5786722
5786723
5786724
5786725
5786726
5786727
5786728
5786729
5786730
5786731
5786732
5786733
5786734
5786735
5786736
5786737
5786738
5786739
5786740
5786741
5786742
5786743
5786744
5786745
5786746
5786747
5786748
5786749
5786750
5786751
5786752
5786753
5786754
5786755
5786756
5786757
5786758
5786759
5786760
5786761
5786762
5786763
5786764
5786765
5786766
5786767
5786768
5786769
5786770
5786771
5786772
5786773
5786774
5786775
5786776
5786777
5786778
5786779
5786780
5786781
5786782
5786783
5786784
5786785
5786786
5786787
5786788
5786789
5786790
5786791
5786792
5786793
5786794
5786795
5786796
5786797
5786798
5786799
5786800
5786801
5786802
5786803
5786804
5786805
5786806
5786807
5786808
5786809
5786810
5786811
5786812
5786813
5786814
5786815
5786816
5786817
5786818
5786819
5786820
5786821
5786822
5786823
5786824
5786825
5786826
5786827
5786828
5786829
5786830
5786831
5786832
5786833
5786834
5786835
5786836
5786837
5786838
5786839
5786840
5786841
5786842
5786843
5786844
5786845
5786846
5786847
5786848
5786849
5786850
5786851
5786852
5786853
5786854
5786855
5786856
5786857
5786858
5786859
5786860
5786861
5786862
5786863
5786864
5786865
5786866
5786867
5786868
5786869
5786870
5786871
5786872
5786873
5786874
5786875
5786876
5786877
5786878
5786879
5786880
5786881
5786882
5786883
5786884
5786885
5786886
5786887
5786888
5786889
5786890
5786891
5786892
5786893
5786894
5786895
5786896
5786897
5786898
5786899
5786900
5786901
5786902
5786903
5786904
5786905
5786906
5786907
5786908
5786909
5786910
5786911
5786912
5786913
5786914
5786915
5786916
5786917
5786918
5786919
5786920
5786921
5786922
5786923
5786924
5786925
5786926
5786927
5786928
5786929
5786930
5786931
5786932
5786933
5786934
5786935
5786936
5786937
5786938
5786939
5786940
5786941
5786942
5786943
5786944
5786945
5786946
5786947
5786948
5786949
5786950
5786951
5786952
5786953
5786954
5786955
5786956
5786957
5786958
5786959
5786960
5786961
5786962
5786963
5786964
5786965
5786966
5786967
5786968
5786969
5786970
5786971
5786972
5786973
5786974
5786975
5786976
5786977
5786978
5786979
5786980
5786981
5786982
5786983
5786984
5786985
5786986
5786987
5786988
5786989
5786990
5786991
5786992
5786993
5786994
5786995
5786996
5786997
5786998
5786999
5787000
5787001
5787002
5787003
5787004
5787005
5787006
5787007
5787008
5787009
5787010
5787011
5787012
5787013
5787014
5787015
5787016
5787017
5787018
5787019
5787020
5787021
5787022
5787023
5787024
5787025
5787026
5787027
5787028
5787029
5787030
5787031
5787032
5787033
5787034
5787035
5787036
5787037
5787038
5787039
5787040
5787041
5787042
5787043
5787044
5787045
5787046
5787047
5787048
5787049
5787050
5787051
5787052
5787053
5787054
5787055
5787056
5787057
5787058
5787059
5787060
5787061
5787062
5787063
5787064
5787065
5787066
5787067
5787068
5787069
5787070
5787071
5787072
5787073
5787074
5787075
5787076
5787077
5787078
5787079
5787080
5787081
5787082
5787083
5787084
5787085
5787086
5787087
5787088
5787089
5787090
5787091
5787092
5787093
5787094
5787095
5787096
5787097
5787098
5787099
5787100
5787101
5787102
5787103
5787104
5787105
5787106
5787107
5787108
5787109
5787110
5787111
5787112
5787113
5787114
5787115
5787116
5787117
5787118
5787119
5787120
5787121
5787122
5787123
5787124
5787125
5787126
5787127
5787128
5787129
5787130
5787131
5787132
5787133
5787134
5787135
5787136
5787137
5787138
5787139
5787140
5787141
5787142
5787143
5787144
5787145
5787146
5787147
5787148
5787149
5787150
5787151
5787152
5787153
5787154
5787155
5787156
5787157
5787158
5787159
5787160
5787161
5787162
5787163
5787164
5787165
5787166
5787167
5787168
5787169
5787170
5787171
5787172
5787173
5787174
5787175
5787176
5787177
5787178
5787179
5787180
5787181
5787182
5787183
5787184
5787185
5787186
5787187
5787188
5787189
5787190
5787191
5787192
5787193
5787194
5787195
5787196
5787197
5787198
5787199
5787200
5787201
5787202
5787203
5787204
5787205
5787206
5787207
5787208
5787209
5787210
5787211
5787212
5787213
5787214
5787215
5787216
5787217
5787218
5787219
5787220
5787221
5787222
5787223
5787224
5787225
5787226
5787227
5787228
5787229
5787230
5787231
5787232
5787233
5787234
5787235
5787236
5787237
5787238
5787239
5787240
5787241
5787242
5787243
5787244
5787245
5787246
5787247
5787248
5787249
5787250
5787251
5787252
5787253
5787254
5787255
5787256
5787257
5787258
5787259
5787260
5787261
5787262
5787263
5787264
5787265
5787266
5787267
5787268
5787269
5787270
5787271
5787272
5787273
5787274
5787275
5787276
5787277
5787278
5787279
5787280
5787281
5787282
5787283
5787284
5787285
5787286
5787287
5787288
5787289
5787290
5787291
5787292
5787293
5787294
5787295
5787296
5787297
5787298
5787299
5787300
5787301
5787302
5787303
5787304
5787305
5787306
5787307
5787308
5787309
5787310
5787311
5787312
5787313
5787314
5787315
5787316
5787317
5787318
5787319
5787320
5787321
5787322
5787323
5787324
5787325
5787326
5787327
5787328
5787329
5787330
5787331
5787332
5787333
5787334
5787335
5787336
5787337
5787338
5787339
5787340
5787341
5787342
5787343
5787344
5787345
5787346
5787347
5787348
5787349
5787350
5787351
5787352
5787353
5787354
5787355
5787356
5787357
5787358
5787359
5787360
5787361
5787362
5787363
5787364
5787365
5787366
5787367
5787368
5787369
5787370
5787371
5787372
5787373
5787374
5787375
5787376
5787377
5787378
5787379
5787380
5787381
5787382
5787383
5787384
5787385
5787386
5787387
5787388
5787389
5787390
5787391
5787392
5787393
5787394
5787395
5787396
5787397
5787398
5787399
5787400
5787401
5787402
5787403
5787404
5787405
5787406
5787407
5787408
5787409
5787410
5787411
5787412
5787413
5787414
5787415
5787416
5787417
5787418
5787419
5787420
5787421
5787422
5787423
5787424
5787425
5787426
5787427
5787428
5787429
5787430
5787431
5787432
5787433
5787434
5787435
5787436
5787437
5787438
5787439
5787440
5787441
5787442
5787443
5787444
5787445
5787446
5787447
5787448
5787449
5787450
5787451
5787452
5787453
5787454
5787455
5787456
5787457
5787458
5787459
5787460
5787461
5787462
5787463
5787464
5787465
5787466
5787467
5787468
5787469
5787470
5787471
5787472
5787473
5787474
5787475
5787476
5787477
5787478
5787479
5787480
5787481
5787482
5787483
5787484
5787485
5787486
5787487
5787488
5787489
5787490
5787491
5787492
5787493
5787494
5787495
5787496
5787497
5787498
5787499
5787500
5787501
5787502
5787503
5787504
5787505
5787506
5787507
5787508
5787509
5787510
5787511
5787512
5787513
5787514
5787515
5787516
5787517
5787518
5787519
5787520
5787521
5787522
5787523
5787524
5787525
5787526
5787527
5787528
5787529
5787530
5787531
5787532
5787533
5787534
5787535
5787536
5787537
5787538
5787539
5787540
5787541
5787542
5787543
5787544
5787545
5787546
5787547
5787548
5787549
5787550
5787551
5787552
5787553
5787554
5787555
5787556
5787557
5787558
5787559
5787560
5787561
5787562
5787563
5787564
5787565
5787566
5787567
5787568
5787569
5787570
5787571
5787572
5787573
5787574
5787575
5787576
5787577
5787578
5787579
5787580
5787581
5787582
5787583
5787584
5787585
5787586
5787587
5787588
5787589
5787590
5787591
5787592
5787593
5787594
5787595
5787596
5787597
5787598
5787599
5787600
5787601
5787602
5787603
5787604
5787605
5787606
5787607
5787608
5787609
5787610
5787611
5787612
5787613
5787614
5787615
5787616
5787617
5787618
5787619
5787620
5787621
5787622
5787623
5787624
5787625
5787626
5787627
5787628
5787629
5787630
5787631
5787632
5787633
5787634
5787635
5787636
5787637
5787638
5787639
5787640
5787641
5787642
5787643
5787644
5787645
5787646
5787647
5787648
5787649
5787650
5787651
5787652
5787653
5787654
5787655
5787656
5787657
5787658
5787659
5787660
5787661
5787662
5787663
5787664
5787665
5787666
5787667
5787668
5787669
5787670
5787671
5787672
5787673
5787674
5787675
5787676
5787677
5787678
5787679
5787680
5787681
5787682
5787683
5787684
5787685
5787686
5787687
5787688
5787689
5787690
5787691
5787692
5787693
5787694
5787695
5787696
5787697
5787698
5787699
5787700
5787701
5787702
5787703
5787704
5787705
5787706
5787707
5787708
5787709
5787710
5787711
5787712
5787713
5787714
5787715
5787716
5787717
5787718
5787719
5787720
5787721
5787722
5787723
5787724
5787725
5787726
5787727
5787728
5787729
5787730
5787731
5787732
5787733
5787734
5787735
5787736
5787737
5787738
5787739
5787740
5787741
5787742
5787743
5787744
5787745
5787746
5787747
5787748
5787749
5787750
5787751
5787752
5787753
5787754
5787755
5787756
5787757
5787758
5787759
5787760
5787761
5787762
5787763
5787764
5787765
5787766
5787767
5787768
5787769
5787770
5787771
5787772
5787773
5787774
5787775
5787776
5787777
5787778
5787779
5787780
5787781
5787782
5787783
5787784
5787785
5787786
5787787
5787788
5787789
5787790
5787791
5787792
5787793
5787794
5787795
5787796
5787797
5787798
5787799
5787800
5787801
5787802
5787803
5787804
5787805
5787806
5787807
5787808
5787809
5787810
5787811
5787812
5787813
5787814
5787815
5787816
5787817
5787818
5787819
5787820
5787821
5787822
5787823
5787824
5787825
5787826
5787827
5787828
5787829
5787830
5787831
5787832
5787833
5787834
5787835
5787836
5787837
5787838
5787839
5787840
5787841
5787842
5787843
5787844
5787845
5787846
5787847
5787848
5787849
5787850
5787851
5787852
5787853
5787854
5787855
5787856
5787857
5787858
5787859
5787860
5787861
5787862
5787863
5787864
5787865
5787866
5787867
5787868
5787869
5787870
5787871
5787872
5787873
5787874
5787875
5787876
5787877
5787878
5787879
5787880
5787881
5787882
5787883
5787884
5787885
5787886
5787887
5787888
5787889
5787890
5787891
5787892
5787893
5787894
5787895
5787896
5787897
5787898
5787899
5787900
5787901
5787902
5787903
5787904
5787905
5787906
5787907
5787908
5787909
5787910
5787911
5787912
5787913
5787914
5787915
5787916
5787917
5787918
5787919
5787920
5787921
5787922
5787923
5787924
5787925
5787926
5787927
5787928
5787929
5787930
5787931
5787932
5787933
5787934
5787935
5787936
5787937
5787938
5787939
5787940
5787941
5787942
5787943
5787944
5787945
5787946
5787947
5787948
5787949
5787950
5787951
5787952
5787953
5787954
5787955
5787956
5787957
5787958
5787959
5787960
5787961
5787962
5787963
5787964
5787965
5787966
5787967
5787968
5787969
5787970
5787971
5787972
5787973
5787974
5787975
5787976
5787977
5787978
5787979
5787980
5787981
5787982
5787983
5787984
5787985
5787986
5787987
5787988
5787989
5787990
5787991
5787992
5787993
5787994
5787995
5787996
5787997
5787998
5787999
5788000
5788001
5788002
5788003
5788004
5788005
5788006
5788007
5788008
5788009
5788010
5788011
5788012
5788013
5788014
5788015
5788016
5788017
5788018
5788019
5788020
5788021
5788022
5788023
5788024
5788025
5788026
5788027
5788028
5788029
5788030
5788031
5788032
5788033
5788034
5788035
5788036
5788037
5788038
5788039
5788040
5788041
5788042
5788043
5788044
5788045
5788046
5788047
5788048
5788049
5788050
5788051
5788052
5788053
5788054
5788055
5788056
5788057
5788058
5788059
5788060
5788061
5788062
5788063
5788064
5788065
5788066
5788067
5788068
5788069
5788070
5788071
5788072
5788073
5788074
5788075
5788076
5788077
5788078
5788079
5788080
5788081
5788082
5788083
5788084
5788085
5788086
5788087
5788088
5788089
5788090
5788091
5788092
5788093
5788094
5788095
5788096
5788097
5788098
5788099
5788100
5788101
5788102
5788103
5788104
5788105
5788106
5788107
5788108
5788109
5788110
5788111
5788112
5788113
5788114
5788115
5788116
5788117
5788118
5788119
5788120
5788121
5788122
5788123
5788124
5788125
5788126
5788127
5788128
5788129
5788130
5788131
5788132
5788133
5788134
5788135
5788136
5788137
5788138
5788139
5788140
5788141
5788142
5788143
5788144
5788145
5788146
5788147
5788148
5788149
5788150
5788151
5788152
5788153
5788154
5788155
5788156
5788157
5788158
5788159
5788160
5788161
5788162
5788163
5788164
5788165
5788166
5788167
5788168
5788169
5788170
5788171
5788172
5788173
5788174
5788175
5788176
5788177
5788178
5788179
5788180
5788181
5788182
5788183
5788184
5788185
5788186
5788187
5788188
5788189
5788190
5788191
5788192
5788193
5788194
5788195
5788196
5788197
5788198
5788199
5788200
5788201
5788202
5788203
5788204
5788205
5788206
5788207
5788208
5788209
5788210
5788211
5788212
5788213
5788214
5788215
5788216
5788217
5788218
5788219
5788220
5788221
5788222
5788223
5788224
5788225
5788226
5788227
5788228
5788229
5788230
5788231
5788232
5788233
5788234
5788235
5788236
5788237
5788238
5788239
5788240
5788241
5788242
5788243
5788244
5788245
5788246
5788247
5788248
5788249
5788250
5788251
5788252
5788253
5788254
5788255
5788256
5788257
5788258
5788259
5788260
5788261
5788262
5788263
5788264
5788265
5788266
5788267
5788268
5788269
5788270
5788271
5788272
5788273
5788274
5788275
5788276
5788277
5788278
5788279
5788280
5788281
5788282
5788283
5788284
5788285
5788286
5788287
5788288
5788289
5788290
5788291
5788292
5788293
5788294
5788295
5788296
5788297
5788298
5788299
5788300
5788301
5788302
5788303
5788304
5788305
5788306
5788307
5788308
5788309
5788310
5788311
5788312
5788313
5788314
5788315
5788316
5788317
5788318
5788319
5788320
5788321
5788322
5788323
5788324
5788325
5788326
5788327
5788328
5788329
5788330
5788331
5788332
5788333
5788334
5788335
5788336
5788337
5788338
5788339
5788340
5788341
5788342
5788343
5788344
5788345
5788346
5788347
5788348
5788349
5788350
5788351
5788352
5788353
5788354
5788355
5788356
5788357
5788358
5788359
5788360
5788361
5788362
5788363
5788364
5788365
5788366
5788367
5788368
5788369
5788370
5788371
5788372
5788373
5788374
5788375
5788376
5788377
5788378
5788379
5788380
5788381
5788382
5788383
5788384
5788385
5788386
5788387
5788388
5788389
5788390
5788391
5788392
5788393
5788394
5788395
5788396
5788397
5788398
5788399
5788400
5788401
5788402
5788403
5788404
5788405
5788406
5788407
5788408
5788409
5788410
5788411
5788412
5788413
5788414
5788415
5788416
5788417
5788418
5788419
5788420
5788421
5788422
5788423
5788424
5788425
5788426
5788427
5788428
5788429
5788430
5788431
5788432
5788433
5788434
5788435
5788436
5788437
5788438
5788439
5788440
5788441
5788442
5788443
5788444
5788445
5788446
5788447
5788448
5788449
5788450
5788451
5788452
5788453
5788454
5788455
5788456
5788457
5788458
5788459
5788460
5788461
5788462
5788463
5788464
5788465
5788466
5788467
5788468
5788469
5788470
5788471
5788472
5788473
5788474
5788475
5788476
5788477
5788478
5788479
5788480
5788481
5788482
5788483
5788484
5788485
5788486
5788487
5788488
5788489
5788490
5788491
5788492
5788493
5788494
5788495
5788496
5788497
5788498
5788499
5788500
5788501
5788502
5788503
5788504
5788505
5788506
5788507
5788508
5788509
5788510
5788511
5788512
5788513
5788514
5788515
5788516
5788517
5788518
5788519
5788520
5788521
5788522
5788523
5788524
5788525
5788526
5788527
5788528
5788529
5788530
5788531
5788532
5788533
5788534
5788535
5788536
5788537
5788538
5788539
5788540
5788541
5788542
5788543
5788544
5788545
5788546
5788547
5788548
5788549
5788550
5788551
5788552
5788553
5788554
5788555
5788556
5788557
5788558
5788559
5788560
5788561
5788562
5788563
5788564
5788565
5788566
5788567
5788568
5788569
5788570
5788571
5788572
5788573
5788574
5788575
5788576
5788577
5788578
5788579
5788580
5788581
5788582
5788583
5788584
5788585
5788586
5788587
5788588
5788589
5788590
5788591
5788592
5788593
5788594
5788595
5788596
5788597
5788598
5788599
5788600
5788601
5788602
5788603
5788604
5788605
5788606
5788607
5788608
5788609
5788610
5788611
5788612
5788613
5788614
5788615
5788616
5788617
5788618
5788619
5788620
5788621
5788622
5788623
5788624
5788625
5788626
5788627
5788628
5788629
5788630
5788631
5788632
5788633
5788634
5788635
5788636
5788637
5788638
5788639
5788640
5788641
5788642
5788643
5788644
5788645
5788646
5788647
5788648
5788649
5788650
5788651
5788652
5788653
5788654
5788655
5788656
5788657
5788658
5788659
5788660
5788661
5788662
5788663
5788664
5788665
5788666
5788667
5788668
5788669
5788670
5788671
5788672
5788673
5788674
5788675
5788676
5788677
5788678
5788679
5788680
5788681
5788682
5788683
5788684
5788685
5788686
5788687
5788688
5788689
5788690
5788691
5788692
5788693
5788694
5788695
5788696
5788697
5788698
5788699
5788700
5788701
5788702
5788703
5788704
5788705
5788706
5788707
5788708
5788709
5788710
5788711
5788712
5788713
5788714
5788715
5788716
5788717
5788718
5788719
5788720
5788721
5788722
5788723
5788724
5788725
5788726
5788727
5788728
5788729
5788730
5788731
5788732
5788733
5788734
5788735
5788736
5788737
5788738
5788739
5788740
5788741
5788742
5788743
5788744
5788745
5788746
5788747
5788748
5788749
5788750
5788751
5788752
5788753
5788754
5788755
5788756
5788757
5788758
5788759
5788760
5788761
5788762
5788763
5788764
5788765
5788766
5788767
5788768
5788769
5788770
5788771
5788772
5788773
5788774
5788775
5788776
5788777
5788778
5788779
5788780
5788781
5788782
5788783
5788784
5788785
5788786
5788787
5788788
5788789
5788790
5788791
5788792
5788793
5788794
5788795
5788796
5788797
5788798
5788799
5788800
5788801
5788802
5788803
5788804
5788805
5788806
5788807
5788808
5788809
5788810
5788811
5788812
5788813
5788814
5788815
5788816
5788817
5788818
5788819
5788820
5788821
5788822
5788823
5788824
5788825
5788826
5788827
5788828
5788829
5788830
5788831
5788832
5788833
5788834
5788835
5788836
5788837
5788838
5788839
5788840
5788841
5788842
5788843
5788844
5788845
5788846
5788847
5788848
5788849
5788850
5788851
5788852
5788853
5788854
5788855
5788856
5788857
5788858
5788859
5788860
5788861
5788862
5788863
5788864
5788865
5788866
5788867
5788868
5788869
5788870
5788871
5788872
5788873
5788874
5788875
5788876
5788877
5788878
5788879
5788880
5788881
5788882
5788883
5788884
5788885
5788886
5788887
5788888
5788889
5788890
5788891
5788892
5788893
5788894
5788895
5788896
5788897
5788898
5788899
5788900
5788901
5788902
5788903
5788904
5788905
5788906
5788907
5788908
5788909
5788910
5788911
5788912
5788913
5788914
5788915
5788916
5788917
5788918
5788919
5788920
5788921
5788922
5788923
5788924
5788925
5788926
5788927
5788928
5788929
5788930
5788931
5788932
5788933
5788934
5788935
5788936
5788937
5788938
5788939
5788940
5788941
5788942
5788943
5788944
5788945
5788946
5788947
5788948
5788949
5788950
5788951
5788952
5788953
5788954
5788955
5788956
5788957
5788958
5788959
5788960
5788961
5788962
5788963
5788964
5788965
5788966
5788967
5788968
5788969
5788970
5788971
5788972
5788973
5788974
5788975
5788976
5788977
5788978
5788979
5788980
5788981
5788982
5788983
5788984
5788985
5788986
5788987
5788988
5788989
5788990
5788991
5788992
5788993
5788994
5788995
5788996
5788997
5788998
5788999
5789000
5789001
5789002
5789003
5789004
5789005
5789006
5789007
5789008
5789009
5789010
5789011
5789012
5789013
5789014
5789015
5789016
5789017
5789018
5789019
5789020
5789021
5789022
5789023
5789024
5789025
5789026
5789027
5789028
5789029
5789030
5789031
5789032
5789033
5789034
5789035
5789036
5789037
5789038
5789039
5789040
5789041
5789042
5789043
5789044
5789045
5789046
5789047
5789048
5789049
5789050
5789051
5789052
5789053
5789054
5789055
5789056
5789057
5789058
5789059
5789060
5789061
5789062
5789063
5789064
5789065
5789066
5789067
5789068
5789069
5789070
5789071
5789072
5789073
5789074
5789075
5789076
5789077
5789078
5789079
5789080
5789081
5789082
5789083
5789084
5789085
5789086
5789087
5789088
5789089
5789090
5789091
5789092
5789093
5789094
5789095
5789096
5789097
5789098
5789099
5789100
5789101
5789102
5789103
5789104
5789105
5789106
5789107
5789108
5789109
5789110
5789111
5789112
5789113
5789114
5789115
5789116
5789117
5789118
5789119
5789120
5789121
5789122
5789123
5789124
5789125
5789126
5789127
5789128
5789129
5789130
5789131
5789132
5789133
5789134
5789135
5789136
5789137
5789138
5789139
5789140
5789141
5789142
5789143
5789144
5789145
5789146
5789147
5789148
5789149
5789150
5789151
5789152
5789153
5789154
5789155
5789156
5789157
5789158
5789159
5789160
5789161
5789162
5789163
5789164
5789165
5789166
5789167
5789168
5789169
5789170
5789171
5789172
5789173
5789174
5789175
5789176
5789177
5789178
5789179
5789180
5789181
5789182
5789183
5789184
5789185
5789186
5789187
5789188
5789189
5789190
5789191
5789192
5789193
5789194
5789195
5789196
5789197
5789198
5789199
5789200
5789201
5789202
5789203
5789204
5789205
5789206
5789207
5789208
5789209
5789210
5789211
5789212
5789213
5789214
5789215
5789216
5789217
5789218
5789219
5789220
5789221
5789222
5789223
5789224
5789225
5789226
5789227
5789228
5789229
5789230
5789231
5789232
5789233
5789234
5789235
5789236
5789237
5789238
5789239
5789240
5789241
5789242
5789243
5789244
5789245
5789246
5789247
5789248
5789249
5789250
5789251
5789252
5789253
5789254
5789255
5789256
5789257
5789258
5789259
5789260
5789261
5789262
5789263
5789264
5789265
5789266
5789267
5789268
5789269
5789270
5789271
5789272
5789273
5789274
5789275
5789276
5789277
5789278
5789279
5789280
5789281
5789282
5789283
5789284
5789285
5789286
5789287
5789288
5789289
5789290
5789291
5789292
5789293
5789294
5789295
5789296
5789297
5789298
5789299
5789300
5789301
5789302
5789303
5789304
5789305
5789306
5789307
5789308
5789309
5789310
5789311
5789312
5789313
5789314
5789315
5789316
5789317
5789318
5789319
5789320
5789321
5789322
5789323
5789324
5789325
5789326
5789327
5789328
5789329
5789330
5789331
5789332
5789333
5789334
5789335
5789336
5789337
5789338
5789339
5789340
5789341
5789342
5789343
5789344
5789345
5789346
5789347
5789348
5789349
5789350
5789351
5789352
5789353
5789354
5789355
5789356
5789357
5789358
5789359
5789360
5789361
5789362
5789363
5789364
5789365
5789366
5789367
5789368
5789369
5789370
5789371
5789372
5789373
5789374
5789375
5789376
5789377
5789378
5789379
5789380
5789381
5789382
5789383
5789384
5789385
5789386
5789387
5789388
5789389
5789390
5789391
5789392
5789393
5789394
5789395
5789396
5789397
5789398
5789399
5789400
5789401
5789402
5789403
5789404
5789405
5789406
5789407
5789408
5789409
5789410
5789411
5789412
5789413
5789414
5789415
5789416
5789417
5789418
5789419
5789420
5789421
5789422
5789423
5789424
5789425
5789426
5789427
5789428
5789429
5789430
5789431
5789432
5789433
5789434
5789435
5789436
5789437
5789438
5789439
5789440
5789441
5789442
5789443
5789444
5789445
5789446
5789447
5789448
5789449
5789450
5789451
5789452
5789453
5789454
5789455
5789456
5789457
5789458
5789459
5789460
5789461
5789462
5789463
5789464
5789465
5789466
5789467
5789468
5789469
5789470
5789471
5789472
5789473
5789474
5789475
5789476
5789477
5789478
5789479
5789480
5789481
5789482
5789483
5789484
5789485
5789486
5789487
5789488
5789489
5789490
5789491
5789492
5789493
5789494
5789495
5789496
5789497
5789498
5789499
5789500
5789501
5789502
5789503
5789504
5789505
5789506
5789507
5789508
5789509
5789510
5789511
5789512
5789513
5789514
5789515
5789516
5789517
5789518
5789519
5789520
5789521
5789522
5789523
5789524
5789525
5789526
5789527
5789528
5789529
5789530
5789531
5789532
5789533
5789534
5789535
5789536
5789537
5789538
5789539
5789540
5789541
5789542
5789543
5789544
5789545
5789546
5789547
5789548
5789549
5789550
5789551
5789552
5789553
5789554
5789555
5789556
5789557
5789558
5789559
5789560
5789561
5789562
5789563
5789564
5789565
5789566
5789567
5789568
5789569
5789570
5789571
5789572
5789573
5789574
5789575
5789576
5789577
5789578
5789579
5789580
5789581
5789582
5789583
5789584
5789585
5789586
5789587
5789588
5789589
5789590
5789591
5789592
5789593
5789594
5789595
5789596
5789597
5789598
5789599
5789600
5789601
5789602
5789603
5789604
5789605
5789606
5789607
5789608
5789609
5789610
5789611
5789612
5789613
5789614
5789615
5789616
5789617
5789618
5789619
5789620
5789621
5789622
5789623
5789624
5789625
5789626
5789627
5789628
5789629
5789630
5789631
5789632
5789633
5789634
5789635
5789636
5789637
5789638
5789639
5789640
5789641
5789642
5789643
5789644
5789645
5789646
5789647
5789648
5789649
5789650
5789651
5789652
5789653
5789654
5789655
5789656
5789657
5789658
5789659
5789660
5789661
5789662
5789663
5789664
5789665
5789666
5789667
5789668
5789669
5789670
5789671
5789672
5789673
5789674
5789675
5789676
5789677
5789678
5789679
5789680
5789681
5789682
5789683
5789684
5789685
5789686
5789687
5789688
5789689
5789690
5789691
5789692
5789693
5789694
5789695
5789696
5789697
5789698
5789699
5789700
5789701
5789702
5789703
5789704
5789705
5789706
5789707
5789708
5789709
5789710
5789711
5789712
5789713
5789714
5789715
5789716
5789717
5789718
5789719
5789720
5789721
5789722
5789723
5789724
5789725
5789726
5789727
5789728
5789729
5789730
5789731
5789732
5789733
5789734
5789735
5789736
5789737
5789738
5789739
5789740
5789741
5789742
5789743
5789744
5789745
5789746
5789747
5789748
5789749
5789750
5789751
5789752
5789753
5789754
5789755
5789756
5789757
5789758
5789759
5789760
5789761
5789762
5789763
5789764
5789765
5789766
5789767
5789768
5789769
5789770
5789771
5789772
5789773
5789774
5789775
5789776
5789777
5789778
5789779
5789780
5789781
5789782
5789783
5789784
5789785
5789786
5789787
5789788
5789789
5789790
5789791
5789792
5789793
5789794
5789795
5789796
5789797
5789798
5789799
5789800
5789801
5789802
5789803
5789804
5789805
5789806
5789807
5789808
5789809
5789810
5789811
5789812
5789813
5789814
5789815
5789816
5789817
5789818
5789819
5789820
5789821
5789822
5789823
5789824
5789825
5789826
5789827
5789828
5789829
5789830
5789831
5789832
5789833
5789834
5789835
5789836
5789837
5789838
5789839
5789840
5789841
5789842
5789843
5789844
5789845
5789846
5789847
5789848
5789849
5789850
5789851
5789852
5789853
5789854
5789855
5789856
5789857
5789858
5789859
5789860
5789861
5789862
5789863
5789864
5789865
5789866
5789867
5789868
5789869
5789870
5789871
5789872
5789873
5789874
5789875
5789876
5789877
5789878
5789879
5789880
5789881
5789882
5789883
5789884
5789885
5789886
5789887
5789888
5789889
5789890
5789891
5789892
5789893
5789894
5789895
5789896
5789897
5789898
5789899
5789900
5789901
5789902
5789903
5789904
5789905
5789906
5789907
5789908
5789909
5789910
5789911
5789912
5789913
5789914
5789915
5789916
5789917
5789918
5789919
5789920
5789921
5789922
5789923
5789924
5789925
5789926
5789927
5789928
5789929
5789930
5789931
5789932
5789933
5789934
5789935
5789936
5789937
5789938
5789939
5789940
5789941
5789942
5789943
5789944
5789945
5789946
5789947
5789948
5789949
5789950
5789951
5789952
5789953
5789954
5789955
5789956
5789957
5789958
5789959
5789960
5789961
5789962
5789963
5789964
5789965
5789966
5789967
5789968
5789969
5789970
5789971
5789972
5789973
5789974
5789975
5789976
5789977
5789978
5789979
5789980
5789981
5789982
5789983
5789984
5789985
5789986
5789987
5789988
5789989
5789990
5789991
5789992
5789993
5789994
5789995
5789996
5789997
5789998
5789999
5790000
