5870001
5870002
5870003
5870004
5870005
5870006
5870007
5870008
5870009
5870010
5870011
5870012
5870013
5870014
5870015
5870016
5870017
5870018
5870019
5870020
5870021
5870022
5870023
5870024
5870025
5870026
5870027
5870028
5870029
5870030
5870031
5870032
5870033
5870034
5870035
5870036
5870037
5870038
5870039
5870040
5870041
5870042
5870043
5870044
5870045
5870046
5870047
5870048
5870049
5870050
5870051
5870052
5870053
5870054
5870055
5870056
5870057
5870058
5870059
5870060
5870061
5870062
5870063
5870064
5870065
5870066
5870067
5870068
5870069
5870070
5870071
5870072
5870073
5870074
5870075
5870076
5870077
5870078
5870079
5870080
5870081
5870082
5870083
5870084
5870085
5870086
5870087
5870088
5870089
5870090
5870091
5870092
5870093
5870094
5870095
5870096
5870097
5870098
5870099
5870100
5870101
5870102
5870103
5870104
5870105
5870106
5870107
5870108
5870109
5870110
5870111
5870112
5870113
5870114
5870115
5870116
5870117
5870118
5870119
5870120
5870121
5870122
5870123
5870124
5870125
5870126
5870127
5870128
5870129
5870130
5870131
5870132
5870133
5870134
5870135
5870136
5870137
5870138
5870139
5870140
5870141
5870142
5870143
5870144
5870145
5870146
5870147
5870148
5870149
5870150
5870151
5870152
5870153
5870154
5870155
5870156
5870157
5870158
5870159
5870160
5870161
5870162
5870163
5870164
5870165
5870166
5870167
5870168
5870169
5870170
5870171
5870172
5870173
5870174
5870175
5870176
5870177
5870178
5870179
5870180
5870181
5870182
5870183
5870184
5870185
5870186
5870187
5870188
5870189
5870190
5870191
5870192
5870193
5870194
5870195
5870196
5870197
5870198
5870199
5870200
5870201
5870202
5870203
5870204
5870205
5870206
5870207
5870208
5870209
5870210
5870211
5870212
5870213
5870214
5870215
5870216
5870217
5870218
5870219
5870220
5870221
5870222
5870223
5870224
5870225
5870226
5870227
5870228
5870229
5870230
5870231
5870232
5870233
5870234
5870235
5870236
5870237
5870238
5870239
5870240
5870241
5870242
5870243
5870244
5870245
5870246
5870247
5870248
5870249
5870250
5870251
5870252
5870253
5870254
5870255
5870256
5870257
5870258
5870259
5870260
5870261
5870262
5870263
5870264
5870265
5870266
5870267
5870268
5870269
5870270
5870271
5870272
5870273
5870274
5870275
5870276
5870277
5870278
5870279
5870280
5870281
5870282
5870283
5870284
5870285
5870286
5870287
5870288
5870289
5870290
5870291
5870292
5870293
5870294
5870295
5870296
5870297
5870298
5870299
5870300
5870301
5870302
5870303
5870304
5870305
5870306
5870307
5870308
5870309
5870310
5870311
5870312
5870313
5870314
5870315
5870316
5870317
5870318
5870319
5870320
5870321
5870322
5870323
5870324
5870325
5870326
5870327
5870328
5870329
5870330
5870331
5870332
5870333
5870334
5870335
5870336
5870337
5870338
5870339
5870340
5870341
5870342
5870343
5870344
5870345
5870346
5870347
5870348
5870349
5870350
5870351
5870352
5870353
5870354
5870355
5870356
5870357
5870358
5870359
5870360
5870361
5870362
5870363
5870364
5870365
5870366
5870367
5870368
5870369
5870370
5870371
5870372
5870373
5870374
5870375
5870376
5870377
5870378
5870379
5870380
5870381
5870382
5870383
5870384
5870385
5870386
5870387
5870388
5870389
5870390
5870391
5870392
5870393
5870394
5870395
5870396
5870397
5870398
5870399
5870400
5870401
5870402
5870403
5870404
5870405
5870406
5870407
5870408
5870409
5870410
5870411
5870412
5870413
5870414
5870415
5870416
5870417
5870418
5870419
5870420
5870421
5870422
5870423
5870424
5870425
5870426
5870427
5870428
5870429
5870430
5870431
5870432
5870433
5870434
5870435
5870436
5870437
5870438
5870439
5870440
5870441
5870442
5870443
5870444
5870445
5870446
5870447
5870448
5870449
5870450
5870451
5870452
5870453
5870454
5870455
5870456
5870457
5870458
5870459
5870460
5870461
5870462
5870463
5870464
5870465
5870466
5870467
5870468
5870469
5870470
5870471
5870472
5870473
5870474
5870475
5870476
5870477
5870478
5870479
5870480
5870481
5870482
5870483
5870484
5870485
5870486
5870487
5870488
5870489
5870490
5870491
5870492
5870493
5870494
5870495
5870496
5870497
5870498
5870499
5870500
5870501
5870502
5870503
5870504
5870505
5870506
5870507
5870508
5870509
5870510
5870511
5870512
5870513
5870514
5870515
5870516
5870517
5870518
5870519
5870520
5870521
5870522
5870523
5870524
5870525
5870526
5870527
5870528
5870529
5870530
5870531
5870532
5870533
5870534
5870535
5870536
5870537
5870538
5870539
5870540
5870541
5870542
5870543
5870544
5870545
5870546
5870547
5870548
5870549
5870550
5870551
5870552
5870553
5870554
5870555
5870556
5870557
5870558
5870559
5870560
5870561
5870562
5870563
5870564
5870565
5870566
5870567
5870568
5870569
5870570
5870571
5870572
5870573
5870574
5870575
5870576
5870577
5870578
5870579
5870580
5870581
5870582
5870583
5870584
5870585
5870586
5870587
5870588
5870589
5870590
5870591
5870592
5870593
5870594
5870595
5870596
5870597
5870598
5870599
5870600
5870601
5870602
5870603
5870604
5870605
5870606
5870607
5870608
5870609
5870610
5870611
5870612
5870613
5870614
5870615
5870616
5870617
5870618
5870619
5870620
5870621
5870622
5870623
5870624
5870625
5870626
5870627
5870628
5870629
5870630
5870631
5870632
5870633
5870634
5870635
5870636
5870637
5870638
5870639
5870640
5870641
5870642
5870643
5870644
5870645
5870646
5870647
5870648
5870649
5870650
5870651
5870652
5870653
5870654
5870655
5870656
5870657
5870658
5870659
5870660
5870661
5870662
5870663
5870664
5870665
5870666
5870667
5870668
5870669
5870670
5870671
5870672
5870673
5870674
5870675
5870676
5870677
5870678
5870679
5870680
5870681
5870682
5870683
5870684
5870685
5870686
5870687
5870688
5870689
5870690
5870691
5870692
5870693
5870694
5870695
5870696
5870697
5870698
5870699
5870700
5870701
5870702
5870703
5870704
5870705
5870706
5870707
5870708
5870709
5870710
5870711
5870712
5870713
5870714
5870715
5870716
5870717
5870718
5870719
5870720
5870721
5870722
5870723
5870724
5870725
5870726
5870727
5870728
5870729
5870730
5870731
5870732
5870733
5870734
5870735
5870736
5870737
5870738
5870739
5870740
5870741
5870742
5870743
5870744
5870745
5870746
5870747
5870748
5870749
5870750
5870751
5870752
5870753
5870754
5870755
5870756
5870757
5870758
5870759
5870760
5870761
5870762
5870763
5870764
5870765
5870766
5870767
5870768
5870769
5870770
5870771
5870772
5870773
5870774
5870775
5870776
5870777
5870778
5870779
5870780
5870781
5870782
5870783
5870784
5870785
5870786
5870787
5870788
5870789
5870790
5870791
5870792
5870793
5870794
5870795
5870796
5870797
5870798
5870799
5870800
5870801
5870802
5870803
5870804
5870805
5870806
5870807
5870808
5870809
5870810
5870811
5870812
5870813
5870814
5870815
5870816
5870817
5870818
5870819
5870820
5870821
5870822
5870823
5870824
5870825
5870826
5870827
5870828
5870829
5870830
5870831
5870832
5870833
5870834
5870835
5870836
5870837
5870838
5870839
5870840
5870841
5870842
5870843
5870844
5870845
5870846
5870847
5870848
5870849
5870850
5870851
5870852
5870853
5870854
5870855
5870856
5870857
5870858
5870859
5870860
5870861
5870862
5870863
5870864
5870865
5870866
5870867
5870868
5870869
5870870
5870871
5870872
5870873
5870874
5870875
5870876
5870877
5870878
5870879
5870880
5870881
5870882
5870883
5870884
5870885
5870886
5870887
5870888
5870889
5870890
5870891
5870892
5870893
5870894
5870895
5870896
5870897
5870898
5870899
5870900
5870901
5870902
5870903
5870904
5870905
5870906
5870907
5870908
5870909
5870910
5870911
5870912
5870913
5870914
5870915
5870916
5870917
5870918
5870919
5870920
5870921
5870922
5870923
5870924
5870925
5870926
5870927
5870928
5870929
5870930
5870931
5870932
5870933
5870934
5870935
5870936
5870937
5870938
5870939
5870940
5870941
5870942
5870943
5870944
5870945
5870946
5870947
5870948
5870949
5870950
5870951
5870952
5870953
5870954
5870955
5870956
5870957
5870958
5870959
5870960
5870961
5870962
5870963
5870964
5870965
5870966
5870967
5870968
5870969
5870970
5870971
5870972
5870973
5870974
5870975
5870976
5870977
5870978
5870979
5870980
5870981
5870982
5870983
5870984
5870985
5870986
5870987
5870988
5870989
5870990
5870991
5870992
5870993
5870994
5870995
5870996
5870997
5870998
5870999
5871000
5871001
5871002
5871003
5871004
5871005
5871006
5871007
5871008
5871009
5871010
5871011
5871012
5871013
5871014
5871015
5871016
5871017
5871018
5871019
5871020
5871021
5871022
5871023
5871024
5871025
5871026
5871027
5871028
5871029
5871030
5871031
5871032
5871033
5871034
5871035
5871036
5871037
5871038
5871039
5871040
5871041
5871042
5871043
5871044
5871045
5871046
5871047
5871048
5871049
5871050
5871051
5871052
5871053
5871054
5871055
5871056
5871057
5871058
5871059
5871060
5871061
5871062
5871063
5871064
5871065
5871066
5871067
5871068
5871069
5871070
5871071
5871072
5871073
5871074
5871075
5871076
5871077
5871078
5871079
5871080
5871081
5871082
5871083
5871084
5871085
5871086
5871087
5871088
5871089
5871090
5871091
5871092
5871093
5871094
5871095
5871096
5871097
5871098
5871099
5871100
5871101
5871102
5871103
5871104
5871105
5871106
5871107
5871108
5871109
5871110
5871111
5871112
5871113
5871114
5871115
5871116
5871117
5871118
5871119
5871120
5871121
5871122
5871123
5871124
5871125
5871126
5871127
5871128
5871129
5871130
5871131
5871132
5871133
5871134
5871135
5871136
5871137
5871138
5871139
5871140
5871141
5871142
5871143
5871144
5871145
5871146
5871147
5871148
5871149
5871150
5871151
5871152
5871153
5871154
5871155
5871156
5871157
5871158
5871159
5871160
5871161
5871162
5871163
5871164
5871165
5871166
5871167
5871168
5871169
5871170
5871171
5871172
5871173
5871174
5871175
5871176
5871177
5871178
5871179
5871180
5871181
5871182
5871183
5871184
5871185
5871186
5871187
5871188
5871189
5871190
5871191
5871192
5871193
5871194
5871195
5871196
5871197
5871198
5871199
5871200
5871201
5871202
5871203
5871204
5871205
5871206
5871207
5871208
5871209
5871210
5871211
5871212
5871213
5871214
5871215
5871216
5871217
5871218
5871219
5871220
5871221
5871222
5871223
5871224
5871225
5871226
5871227
5871228
5871229
5871230
5871231
5871232
5871233
5871234
5871235
5871236
5871237
5871238
5871239
5871240
5871241
5871242
5871243
5871244
5871245
5871246
5871247
5871248
5871249
5871250
5871251
5871252
5871253
5871254
5871255
5871256
5871257
5871258
5871259
5871260
5871261
5871262
5871263
5871264
5871265
5871266
5871267
5871268
5871269
5871270
5871271
5871272
5871273
5871274
5871275
5871276
5871277
5871278
5871279
5871280
5871281
5871282
5871283
5871284
5871285
5871286
5871287
5871288
5871289
5871290
5871291
5871292
5871293
5871294
5871295
5871296
5871297
5871298
5871299
5871300
5871301
5871302
5871303
5871304
5871305
5871306
5871307
5871308
5871309
5871310
5871311
5871312
5871313
5871314
5871315
5871316
5871317
5871318
5871319
5871320
5871321
5871322
5871323
5871324
5871325
5871326
5871327
5871328
5871329
5871330
5871331
5871332
5871333
5871334
5871335
5871336
5871337
5871338
5871339
5871340
5871341
5871342
5871343
5871344
5871345
5871346
5871347
5871348
5871349
5871350
5871351
5871352
5871353
5871354
5871355
5871356
5871357
5871358
5871359
5871360
5871361
5871362
5871363
5871364
5871365
5871366
5871367
5871368
5871369
5871370
5871371
5871372
5871373
5871374
5871375
5871376
5871377
5871378
5871379
5871380
5871381
5871382
5871383
5871384
5871385
5871386
5871387
5871388
5871389
5871390
5871391
5871392
5871393
5871394
5871395
5871396
5871397
5871398
5871399
5871400
5871401
5871402
5871403
5871404
5871405
5871406
5871407
5871408
5871409
5871410
5871411
5871412
5871413
5871414
5871415
5871416
5871417
5871418
5871419
5871420
5871421
5871422
5871423
5871424
5871425
5871426
5871427
5871428
5871429
5871430
5871431
5871432
5871433
5871434
5871435
5871436
5871437
5871438
5871439
5871440
5871441
5871442
5871443
5871444
5871445
5871446
5871447
5871448
5871449
5871450
5871451
5871452
5871453
5871454
5871455
5871456
5871457
5871458
5871459
5871460
5871461
5871462
5871463
5871464
5871465
5871466
5871467
5871468
5871469
5871470
5871471
5871472
5871473
5871474
5871475
5871476
5871477
5871478
5871479
5871480
5871481
5871482
5871483
5871484
5871485
5871486
5871487
5871488
5871489
5871490
5871491
5871492
5871493
5871494
5871495
5871496
5871497
5871498
5871499
5871500
5871501
5871502
5871503
5871504
5871505
5871506
5871507
5871508
5871509
5871510
5871511
5871512
5871513
5871514
5871515
5871516
5871517
5871518
5871519
5871520
5871521
5871522
5871523
5871524
5871525
5871526
5871527
5871528
5871529
5871530
5871531
5871532
5871533
5871534
5871535
5871536
5871537
5871538
5871539
5871540
5871541
5871542
5871543
5871544
5871545
5871546
5871547
5871548
5871549
5871550
5871551
5871552
5871553
5871554
5871555
5871556
5871557
5871558
5871559
5871560
5871561
5871562
5871563
5871564
5871565
5871566
5871567
5871568
5871569
5871570
5871571
5871572
5871573
5871574
5871575
5871576
5871577
5871578
5871579
5871580
5871581
5871582
5871583
5871584
5871585
5871586
5871587
5871588
5871589
5871590
5871591
5871592
5871593
5871594
5871595
5871596
5871597
5871598
5871599
5871600
5871601
5871602
5871603
5871604
5871605
5871606
5871607
5871608
5871609
5871610
5871611
5871612
5871613
5871614
5871615
5871616
5871617
5871618
5871619
5871620
5871621
5871622
5871623
5871624
5871625
5871626
5871627
5871628
5871629
5871630
5871631
5871632
5871633
5871634
5871635
5871636
5871637
5871638
5871639
5871640
5871641
5871642
5871643
5871644
5871645
5871646
5871647
5871648
5871649
5871650
5871651
5871652
5871653
5871654
5871655
5871656
5871657
5871658
5871659
5871660
5871661
5871662
5871663
5871664
5871665
5871666
5871667
5871668
5871669
5871670
5871671
5871672
5871673
5871674
5871675
5871676
5871677
5871678
5871679
5871680
5871681
5871682
5871683
5871684
5871685
5871686
5871687
5871688
5871689
5871690
5871691
5871692
5871693
5871694
5871695
5871696
5871697
5871698
5871699
5871700
5871701
5871702
5871703
5871704
5871705
5871706
5871707
5871708
5871709
5871710
5871711
5871712
5871713
5871714
5871715
5871716
5871717
5871718
5871719
5871720
5871721
5871722
5871723
5871724
5871725
5871726
5871727
5871728
5871729
5871730
5871731
5871732
5871733
5871734
5871735
5871736
5871737
5871738
5871739
5871740
5871741
5871742
5871743
5871744
5871745
5871746
5871747
5871748
5871749
5871750
5871751
5871752
5871753
5871754
5871755
5871756
5871757
5871758
5871759
5871760
5871761
5871762
5871763
5871764
5871765
5871766
5871767
5871768
5871769
5871770
5871771
5871772
5871773
5871774
5871775
5871776
5871777
5871778
5871779
5871780
5871781
5871782
5871783
5871784
5871785
5871786
5871787
5871788
5871789
5871790
5871791
5871792
5871793
5871794
5871795
5871796
5871797
5871798
5871799
5871800
5871801
5871802
5871803
5871804
5871805
5871806
5871807
5871808
5871809
5871810
5871811
5871812
5871813
5871814
5871815
5871816
5871817
5871818
5871819
5871820
5871821
5871822
5871823
5871824
5871825
5871826
5871827
5871828
5871829
5871830
5871831
5871832
5871833
5871834
5871835
5871836
5871837
5871838
5871839
5871840
5871841
5871842
5871843
5871844
5871845
5871846
5871847
5871848
5871849
5871850
5871851
5871852
5871853
5871854
5871855
5871856
5871857
5871858
5871859
5871860
5871861
5871862
5871863
5871864
5871865
5871866
5871867
5871868
5871869
5871870
5871871
5871872
5871873
5871874
5871875
5871876
5871877
5871878
5871879
5871880
5871881
5871882
5871883
5871884
5871885
5871886
5871887
5871888
5871889
5871890
5871891
5871892
5871893
5871894
5871895
5871896
5871897
5871898
5871899
5871900
5871901
5871902
5871903
5871904
5871905
5871906
5871907
5871908
5871909
5871910
5871911
5871912
5871913
5871914
5871915
5871916
5871917
5871918
5871919
5871920
5871921
5871922
5871923
5871924
5871925
5871926
5871927
5871928
5871929
5871930
5871931
5871932
5871933
5871934
5871935
5871936
5871937
5871938
5871939
5871940
5871941
5871942
5871943
5871944
5871945
5871946
5871947
5871948
5871949
5871950
5871951
5871952
5871953
5871954
5871955
5871956
5871957
5871958
5871959
5871960
5871961
5871962
5871963
5871964
5871965
5871966
5871967
5871968
5871969
5871970
5871971
5871972
5871973
5871974
5871975
5871976
5871977
5871978
5871979
5871980
5871981
5871982
5871983
5871984
5871985
5871986
5871987
5871988
5871989
5871990
5871991
5871992
5871993
5871994
5871995
5871996
5871997
5871998
5871999
5872000
5872001
5872002
5872003
5872004
5872005
5872006
5872007
5872008
5872009
5872010
5872011
5872012
5872013
5872014
5872015
5872016
5872017
5872018
5872019
5872020
5872021
5872022
5872023
5872024
5872025
5872026
5872027
5872028
5872029
5872030
5872031
5872032
5872033
5872034
5872035
5872036
5872037
5872038
5872039
5872040
5872041
5872042
5872043
5872044
5872045
5872046
5872047
5872048
5872049
5872050
5872051
5872052
5872053
5872054
5872055
5872056
5872057
5872058
5872059
5872060
5872061
5872062
5872063
5872064
5872065
5872066
5872067
5872068
5872069
5872070
5872071
5872072
5872073
5872074
5872075
5872076
5872077
5872078
5872079
5872080
5872081
5872082
5872083
5872084
5872085
5872086
5872087
5872088
5872089
5872090
5872091
5872092
5872093
5872094
5872095
5872096
5872097
5872098
5872099
5872100
5872101
5872102
5872103
5872104
5872105
5872106
5872107
5872108
5872109
5872110
5872111
5872112
5872113
5872114
5872115
5872116
5872117
5872118
5872119
5872120
5872121
5872122
5872123
5872124
5872125
5872126
5872127
5872128
5872129
5872130
5872131
5872132
5872133
5872134
5872135
5872136
5872137
5872138
5872139
5872140
5872141
5872142
5872143
5872144
5872145
5872146
5872147
5872148
5872149
5872150
5872151
5872152
5872153
5872154
5872155
5872156
5872157
5872158
5872159
5872160
5872161
5872162
5872163
5872164
5872165
5872166
5872167
5872168
5872169
5872170
5872171
5872172
5872173
5872174
5872175
5872176
5872177
5872178
5872179
5872180
5872181
5872182
5872183
5872184
5872185
5872186
5872187
5872188
5872189
5872190
5872191
5872192
5872193
5872194
5872195
5872196
5872197
5872198
5872199
5872200
5872201
5872202
5872203
5872204
5872205
5872206
5872207
5872208
5872209
5872210
5872211
5872212
5872213
5872214
5872215
5872216
5872217
5872218
5872219
5872220
5872221
5872222
5872223
5872224
5872225
5872226
5872227
5872228
5872229
5872230
5872231
5872232
5872233
5872234
5872235
5872236
5872237
5872238
5872239
5872240
5872241
5872242
5872243
5872244
5872245
5872246
5872247
5872248
5872249
5872250
5872251
5872252
5872253
5872254
5872255
5872256
5872257
5872258
5872259
5872260
5872261
5872262
5872263
5872264
5872265
5872266
5872267
5872268
5872269
5872270
5872271
5872272
5872273
5872274
5872275
5872276
5872277
5872278
5872279
5872280
5872281
5872282
5872283
5872284
5872285
5872286
5872287
5872288
5872289
5872290
5872291
5872292
5872293
5872294
5872295
5872296
5872297
5872298
5872299
5872300
5872301
5872302
5872303
5872304
5872305
5872306
5872307
5872308
5872309
5872310
5872311
5872312
5872313
5872314
5872315
5872316
5872317
5872318
5872319
5872320
5872321
5872322
5872323
5872324
5872325
5872326
5872327
5872328
5872329
5872330
5872331
5872332
5872333
5872334
5872335
5872336
5872337
5872338
5872339
5872340
5872341
5872342
5872343
5872344
5872345
5872346
5872347
5872348
5872349
5872350
5872351
5872352
5872353
5872354
5872355
5872356
5872357
5872358
5872359
5872360
5872361
5872362
5872363
5872364
5872365
5872366
5872367
5872368
5872369
5872370
5872371
5872372
5872373
5872374
5872375
5872376
5872377
5872378
5872379
5872380
5872381
5872382
5872383
5872384
5872385
5872386
5872387
5872388
5872389
5872390
5872391
5872392
5872393
5872394
5872395
5872396
5872397
5872398
5872399
5872400
5872401
5872402
5872403
5872404
5872405
5872406
5872407
5872408
5872409
5872410
5872411
5872412
5872413
5872414
5872415
5872416
5872417
5872418
5872419
5872420
5872421
5872422
5872423
5872424
5872425
5872426
5872427
5872428
5872429
5872430
5872431
5872432
5872433
5872434
5872435
5872436
5872437
5872438
5872439
5872440
5872441
5872442
5872443
5872444
5872445
5872446
5872447
5872448
5872449
5872450
5872451
5872452
5872453
5872454
5872455
5872456
5872457
5872458
5872459
5872460
5872461
5872462
5872463
5872464
5872465
5872466
5872467
5872468
5872469
5872470
5872471
5872472
5872473
5872474
5872475
5872476
5872477
5872478
5872479
5872480
5872481
5872482
5872483
5872484
5872485
5872486
5872487
5872488
5872489
5872490
5872491
5872492
5872493
5872494
5872495
5872496
5872497
5872498
5872499
5872500
5872501
5872502
5872503
5872504
5872505
5872506
5872507
5872508
5872509
5872510
5872511
5872512
5872513
5872514
5872515
5872516
5872517
5872518
5872519
5872520
5872521
5872522
5872523
5872524
5872525
5872526
5872527
5872528
5872529
5872530
5872531
5872532
5872533
5872534
5872535
5872536
5872537
5872538
5872539
5872540
5872541
5872542
5872543
5872544
5872545
5872546
5872547
5872548
5872549
5872550
5872551
5872552
5872553
5872554
5872555
5872556
5872557
5872558
5872559
5872560
5872561
5872562
5872563
5872564
5872565
5872566
5872567
5872568
5872569
5872570
5872571
5872572
5872573
5872574
5872575
5872576
5872577
5872578
5872579
5872580
5872581
5872582
5872583
5872584
5872585
5872586
5872587
5872588
5872589
5872590
5872591
5872592
5872593
5872594
5872595
5872596
5872597
5872598
5872599
5872600
5872601
5872602
5872603
5872604
5872605
5872606
5872607
5872608
5872609
5872610
5872611
5872612
5872613
5872614
5872615
5872616
5872617
5872618
5872619
5872620
5872621
5872622
5872623
5872624
5872625
5872626
5872627
5872628
5872629
5872630
5872631
5872632
5872633
5872634
5872635
5872636
5872637
5872638
5872639
5872640
5872641
5872642
5872643
5872644
5872645
5872646
5872647
5872648
5872649
5872650
5872651
5872652
5872653
5872654
5872655
5872656
5872657
5872658
5872659
5872660
5872661
5872662
5872663
5872664
5872665
5872666
5872667
5872668
5872669
5872670
5872671
5872672
5872673
5872674
5872675
5872676
5872677
5872678
5872679
5872680
5872681
5872682
5872683
5872684
5872685
5872686
5872687
5872688
5872689
5872690
5872691
5872692
5872693
5872694
5872695
5872696
5872697
5872698
5872699
5872700
5872701
5872702
5872703
5872704
5872705
5872706
5872707
5872708
5872709
5872710
5872711
5872712
5872713
5872714
5872715
5872716
5872717
5872718
5872719
5872720
5872721
5872722
5872723
5872724
5872725
5872726
5872727
5872728
5872729
5872730
5872731
5872732
5872733
5872734
5872735
5872736
5872737
5872738
5872739
5872740
5872741
5872742
5872743
5872744
5872745
5872746
5872747
5872748
5872749
5872750
5872751
5872752
5872753
5872754
5872755
5872756
5872757
5872758
5872759
5872760
5872761
5872762
5872763
5872764
5872765
5872766
5872767
5872768
5872769
5872770
5872771
5872772
5872773
5872774
5872775
5872776
5872777
5872778
5872779
5872780
5872781
5872782
5872783
5872784
5872785
5872786
5872787
5872788
5872789
5872790
5872791
5872792
5872793
5872794
5872795
5872796
5872797
5872798
5872799
5872800
5872801
5872802
5872803
5872804
5872805
5872806
5872807
5872808
5872809
5872810
5872811
5872812
5872813
5872814
5872815
5872816
5872817
5872818
5872819
5872820
5872821
5872822
5872823
5872824
5872825
5872826
5872827
5872828
5872829
5872830
5872831
5872832
5872833
5872834
5872835
5872836
5872837
5872838
5872839
5872840
5872841
5872842
5872843
5872844
5872845
5872846
5872847
5872848
5872849
5872850
5872851
5872852
5872853
5872854
5872855
5872856
5872857
5872858
5872859
5872860
5872861
5872862
5872863
5872864
5872865
5872866
5872867
5872868
5872869
5872870
5872871
5872872
5872873
5872874
5872875
5872876
5872877
5872878
5872879
5872880
5872881
5872882
5872883
5872884
5872885
5872886
5872887
5872888
5872889
5872890
5872891
5872892
5872893
5872894
5872895
5872896
5872897
5872898
5872899
5872900
5872901
5872902
5872903
5872904
5872905
5872906
5872907
5872908
5872909
5872910
5872911
5872912
5872913
5872914
5872915
5872916
5872917
5872918
5872919
5872920
5872921
5872922
5872923
5872924
5872925
5872926
5872927
5872928
5872929
5872930
5872931
5872932
5872933
5872934
5872935
5872936
5872937
5872938
5872939
5872940
5872941
5872942
5872943
5872944
5872945
5872946
5872947
5872948
5872949
5872950
5872951
5872952
5872953
5872954
5872955
5872956
5872957
5872958
5872959
5872960
5872961
5872962
5872963
5872964
5872965
5872966
5872967
5872968
5872969
5872970
5872971
5872972
5872973
5872974
5872975
5872976
5872977
5872978
5872979
5872980
5872981
5872982
5872983
5872984
5872985
5872986
5872987
5872988
5872989
5872990
5872991
5872992
5872993
5872994
5872995
5872996
5872997
5872998
5872999
5873000
5873001
5873002
5873003
5873004
5873005
5873006
5873007
5873008
5873009
5873010
5873011
5873012
5873013
5873014
5873015
5873016
5873017
5873018
5873019
5873020
5873021
5873022
5873023
5873024
5873025
5873026
5873027
5873028
5873029
5873030
5873031
5873032
5873033
5873034
5873035
5873036
5873037
5873038
5873039
5873040
5873041
5873042
5873043
5873044
5873045
5873046
5873047
5873048
5873049
5873050
5873051
5873052
5873053
5873054
5873055
5873056
5873057
5873058
5873059
5873060
5873061
5873062
5873063
5873064
5873065
5873066
5873067
5873068
5873069
5873070
5873071
5873072
5873073
5873074
5873075
5873076
5873077
5873078
5873079
5873080
5873081
5873082
5873083
5873084
5873085
5873086
5873087
5873088
5873089
5873090
5873091
5873092
5873093
5873094
5873095
5873096
5873097
5873098
5873099
5873100
5873101
5873102
5873103
5873104
5873105
5873106
5873107
5873108
5873109
5873110
5873111
5873112
5873113
5873114
5873115
5873116
5873117
5873118
5873119
5873120
5873121
5873122
5873123
5873124
5873125
5873126
5873127
5873128
5873129
5873130
5873131
5873132
5873133
5873134
5873135
5873136
5873137
5873138
5873139
5873140
5873141
5873142
5873143
5873144
5873145
5873146
5873147
5873148
5873149
5873150
5873151
5873152
5873153
5873154
5873155
5873156
5873157
5873158
5873159
5873160
5873161
5873162
5873163
5873164
5873165
5873166
5873167
5873168
5873169
5873170
5873171
5873172
5873173
5873174
5873175
5873176
5873177
5873178
5873179
5873180
5873181
5873182
5873183
5873184
5873185
5873186
5873187
5873188
5873189
5873190
5873191
5873192
5873193
5873194
5873195
5873196
5873197
5873198
5873199
5873200
5873201
5873202
5873203
5873204
5873205
5873206
5873207
5873208
5873209
5873210
5873211
5873212
5873213
5873214
5873215
5873216
5873217
5873218
5873219
5873220
5873221
5873222
5873223
5873224
5873225
5873226
5873227
5873228
5873229
5873230
5873231
5873232
5873233
5873234
5873235
5873236
5873237
5873238
5873239
5873240
5873241
5873242
5873243
5873244
5873245
5873246
5873247
5873248
5873249
5873250
5873251
5873252
5873253
5873254
5873255
5873256
5873257
5873258
5873259
5873260
5873261
5873262
5873263
5873264
5873265
5873266
5873267
5873268
5873269
5873270
5873271
5873272
5873273
5873274
5873275
5873276
5873277
5873278
5873279
5873280
5873281
5873282
5873283
5873284
5873285
5873286
5873287
5873288
5873289
5873290
5873291
5873292
5873293
5873294
5873295
5873296
5873297
5873298
5873299
5873300
5873301
5873302
5873303
5873304
5873305
5873306
5873307
5873308
5873309
5873310
5873311
5873312
5873313
5873314
5873315
5873316
5873317
5873318
5873319
5873320
5873321
5873322
5873323
5873324
5873325
5873326
5873327
5873328
5873329
5873330
5873331
5873332
5873333
5873334
5873335
5873336
5873337
5873338
5873339
5873340
5873341
5873342
5873343
5873344
5873345
5873346
5873347
5873348
5873349
5873350
5873351
5873352
5873353
5873354
5873355
5873356
5873357
5873358
5873359
5873360
5873361
5873362
5873363
5873364
5873365
5873366
5873367
5873368
5873369
5873370
5873371
5873372
5873373
5873374
5873375
5873376
5873377
5873378
5873379
5873380
5873381
5873382
5873383
5873384
5873385
5873386
5873387
5873388
5873389
5873390
5873391
5873392
5873393
5873394
5873395
5873396
5873397
5873398
5873399
5873400
5873401
5873402
5873403
5873404
5873405
5873406
5873407
5873408
5873409
5873410
5873411
5873412
5873413
5873414
5873415
5873416
5873417
5873418
5873419
5873420
5873421
5873422
5873423
5873424
5873425
5873426
5873427
5873428
5873429
5873430
5873431
5873432
5873433
5873434
5873435
5873436
5873437
5873438
5873439
5873440
5873441
5873442
5873443
5873444
5873445
5873446
5873447
5873448
5873449
5873450
5873451
5873452
5873453
5873454
5873455
5873456
5873457
5873458
5873459
5873460
5873461
5873462
5873463
5873464
5873465
5873466
5873467
5873468
5873469
5873470
5873471
5873472
5873473
5873474
5873475
5873476
5873477
5873478
5873479
5873480
5873481
5873482
5873483
5873484
5873485
5873486
5873487
5873488
5873489
5873490
5873491
5873492
5873493
5873494
5873495
5873496
5873497
5873498
5873499
5873500
5873501
5873502
5873503
5873504
5873505
5873506
5873507
5873508
5873509
5873510
5873511
5873512
5873513
5873514
5873515
5873516
5873517
5873518
5873519
5873520
5873521
5873522
5873523
5873524
5873525
5873526
5873527
5873528
5873529
5873530
5873531
5873532
5873533
5873534
5873535
5873536
5873537
5873538
5873539
5873540
5873541
5873542
5873543
5873544
5873545
5873546
5873547
5873548
5873549
5873550
5873551
5873552
5873553
5873554
5873555
5873556
5873557
5873558
5873559
5873560
5873561
5873562
5873563
5873564
5873565
5873566
5873567
5873568
5873569
5873570
5873571
5873572
5873573
5873574
5873575
5873576
5873577
5873578
5873579
5873580
5873581
5873582
5873583
5873584
5873585
5873586
5873587
5873588
5873589
5873590
5873591
5873592
5873593
5873594
5873595
5873596
5873597
5873598
5873599
5873600
5873601
5873602
5873603
5873604
5873605
5873606
5873607
5873608
5873609
5873610
5873611
5873612
5873613
5873614
5873615
5873616
5873617
5873618
5873619
5873620
5873621
5873622
5873623
5873624
5873625
5873626
5873627
5873628
5873629
5873630
5873631
5873632
5873633
5873634
5873635
5873636
5873637
5873638
5873639
5873640
5873641
5873642
5873643
5873644
5873645
5873646
5873647
5873648
5873649
5873650
5873651
5873652
5873653
5873654
5873655
5873656
5873657
5873658
5873659
5873660
5873661
5873662
5873663
5873664
5873665
5873666
5873667
5873668
5873669
5873670
5873671
5873672
5873673
5873674
5873675
5873676
5873677
5873678
5873679
5873680
5873681
5873682
5873683
5873684
5873685
5873686
5873687
5873688
5873689
5873690
5873691
5873692
5873693
5873694
5873695
5873696
5873697
5873698
5873699
5873700
5873701
5873702
5873703
5873704
5873705
5873706
5873707
5873708
5873709
5873710
5873711
5873712
5873713
5873714
5873715
5873716
5873717
5873718
5873719
5873720
5873721
5873722
5873723
5873724
5873725
5873726
5873727
5873728
5873729
5873730
5873731
5873732
5873733
5873734
5873735
5873736
5873737
5873738
5873739
5873740
5873741
5873742
5873743
5873744
5873745
5873746
5873747
5873748
5873749
5873750
5873751
5873752
5873753
5873754
5873755
5873756
5873757
5873758
5873759
5873760
5873761
5873762
5873763
5873764
5873765
5873766
5873767
5873768
5873769
5873770
5873771
5873772
5873773
5873774
5873775
5873776
5873777
5873778
5873779
5873780
5873781
5873782
5873783
5873784
5873785
5873786
5873787
5873788
5873789
5873790
5873791
5873792
5873793
5873794
5873795
5873796
5873797
5873798
5873799
5873800
5873801
5873802
5873803
5873804
5873805
5873806
5873807
5873808
5873809
5873810
5873811
5873812
5873813
5873814
5873815
5873816
5873817
5873818
5873819
5873820
5873821
5873822
5873823
5873824
5873825
5873826
5873827
5873828
5873829
5873830
5873831
5873832
5873833
5873834
5873835
5873836
5873837
5873838
5873839
5873840
5873841
5873842
5873843
5873844
5873845
5873846
5873847
5873848
5873849
5873850
5873851
5873852
5873853
5873854
5873855
5873856
5873857
5873858
5873859
5873860
5873861
5873862
5873863
5873864
5873865
5873866
5873867
5873868
5873869
5873870
5873871
5873872
5873873
5873874
5873875
5873876
5873877
5873878
5873879
5873880
5873881
5873882
5873883
5873884
5873885
5873886
5873887
5873888
5873889
5873890
5873891
5873892
5873893
5873894
5873895
5873896
5873897
5873898
5873899
5873900
5873901
5873902
5873903
5873904
5873905
5873906
5873907
5873908
5873909
5873910
5873911
5873912
5873913
5873914
5873915
5873916
5873917
5873918
5873919
5873920
5873921
5873922
5873923
5873924
5873925
5873926
5873927
5873928
5873929
5873930
5873931
5873932
5873933
5873934
5873935
5873936
5873937
5873938
5873939
5873940
5873941
5873942
5873943
5873944
5873945
5873946
5873947
5873948
5873949
5873950
5873951
5873952
5873953
5873954
5873955
5873956
5873957
5873958
5873959
5873960
5873961
5873962
5873963
5873964
5873965
5873966
5873967
5873968
5873969
5873970
5873971
5873972
5873973
5873974
5873975
5873976
5873977
5873978
5873979
5873980
5873981
5873982
5873983
5873984
5873985
5873986
5873987
5873988
5873989
5873990
5873991
5873992
5873993
5873994
5873995
5873996
5873997
5873998
5873999
5874000
5874001
5874002
5874003
5874004
5874005
5874006
5874007
5874008
5874009
5874010
5874011
5874012
5874013
5874014
5874015
5874016
5874017
5874018
5874019
5874020
5874021
5874022
5874023
5874024
5874025
5874026
5874027
5874028
5874029
5874030
5874031
5874032
5874033
5874034
5874035
5874036
5874037
5874038
5874039
5874040
5874041
5874042
5874043
5874044
5874045
5874046
5874047
5874048
5874049
5874050
5874051
5874052
5874053
5874054
5874055
5874056
5874057
5874058
5874059
5874060
5874061
5874062
5874063
5874064
5874065
5874066
5874067
5874068
5874069
5874070
5874071
5874072
5874073
5874074
5874075
5874076
5874077
5874078
5874079
5874080
5874081
5874082
5874083
5874084
5874085
5874086
5874087
5874088
5874089
5874090
5874091
5874092
5874093
5874094
5874095
5874096
5874097
5874098
5874099
5874100
5874101
5874102
5874103
5874104
5874105
5874106
5874107
5874108
5874109
5874110
5874111
5874112
5874113
5874114
5874115
5874116
5874117
5874118
5874119
5874120
5874121
5874122
5874123
5874124
5874125
5874126
5874127
5874128
5874129
5874130
5874131
5874132
5874133
5874134
5874135
5874136
5874137
5874138
5874139
5874140
5874141
5874142
5874143
5874144
5874145
5874146
5874147
5874148
5874149
5874150
5874151
5874152
5874153
5874154
5874155
5874156
5874157
5874158
5874159
5874160
5874161
5874162
5874163
5874164
5874165
5874166
5874167
5874168
5874169
5874170
5874171
5874172
5874173
5874174
5874175
5874176
5874177
5874178
5874179
5874180
5874181
5874182
5874183
5874184
5874185
5874186
5874187
5874188
5874189
5874190
5874191
5874192
5874193
5874194
5874195
5874196
5874197
5874198
5874199
5874200
5874201
5874202
5874203
5874204
5874205
5874206
5874207
5874208
5874209
5874210
5874211
5874212
5874213
5874214
5874215
5874216
5874217
5874218
5874219
5874220
5874221
5874222
5874223
5874224
5874225
5874226
5874227
5874228
5874229
5874230
5874231
5874232
5874233
5874234
5874235
5874236
5874237
5874238
5874239
5874240
5874241
5874242
5874243
5874244
5874245
5874246
5874247
5874248
5874249
5874250
5874251
5874252
5874253
5874254
5874255
5874256
5874257
5874258
5874259
5874260
5874261
5874262
5874263
5874264
5874265
5874266
5874267
5874268
5874269
5874270
5874271
5874272
5874273
5874274
5874275
5874276
5874277
5874278
5874279
5874280
5874281
5874282
5874283
5874284
5874285
5874286
5874287
5874288
5874289
5874290
5874291
5874292
5874293
5874294
5874295
5874296
5874297
5874298
5874299
5874300
5874301
5874302
5874303
5874304
5874305
5874306
5874307
5874308
5874309
5874310
5874311
5874312
5874313
5874314
5874315
5874316
5874317
5874318
5874319
5874320
5874321
5874322
5874323
5874324
5874325
5874326
5874327
5874328
5874329
5874330
5874331
5874332
5874333
5874334
5874335
5874336
5874337
5874338
5874339
5874340
5874341
5874342
5874343
5874344
5874345
5874346
5874347
5874348
5874349
5874350
5874351
5874352
5874353
5874354
5874355
5874356
5874357
5874358
5874359
5874360
5874361
5874362
5874363
5874364
5874365
5874366
5874367
5874368
5874369
5874370
5874371
5874372
5874373
5874374
5874375
5874376
5874377
5874378
5874379
5874380
5874381
5874382
5874383
5874384
5874385
5874386
5874387
5874388
5874389
5874390
5874391
5874392
5874393
5874394
5874395
5874396
5874397
5874398
5874399
5874400
5874401
5874402
5874403
5874404
5874405
5874406
5874407
5874408
5874409
5874410
5874411
5874412
5874413
5874414
5874415
5874416
5874417
5874418
5874419
5874420
5874421
5874422
5874423
5874424
5874425
5874426
5874427
5874428
5874429
5874430
5874431
5874432
5874433
5874434
5874435
5874436
5874437
5874438
5874439
5874440
5874441
5874442
5874443
5874444
5874445
5874446
5874447
5874448
5874449
5874450
5874451
5874452
5874453
5874454
5874455
5874456
5874457
5874458
5874459
5874460
5874461
5874462
5874463
5874464
5874465
5874466
5874467
5874468
5874469
5874470
5874471
5874472
5874473
5874474
5874475
5874476
5874477
5874478
5874479
5874480
5874481
5874482
5874483
5874484
5874485
5874486
5874487
5874488
5874489
5874490
5874491
5874492
5874493
5874494
5874495
5874496
5874497
5874498
5874499
5874500
5874501
5874502
5874503
5874504
5874505
5874506
5874507
5874508
5874509
5874510
5874511
5874512
5874513
5874514
5874515
5874516
5874517
5874518
5874519
5874520
5874521
5874522
5874523
5874524
5874525
5874526
5874527
5874528
5874529
5874530
5874531
5874532
5874533
5874534
5874535
5874536
5874537
5874538
5874539
5874540
5874541
5874542
5874543
5874544
5874545
5874546
5874547
5874548
5874549
5874550
5874551
5874552
5874553
5874554
5874555
5874556
5874557
5874558
5874559
5874560
5874561
5874562
5874563
5874564
5874565
5874566
5874567
5874568
5874569
5874570
5874571
5874572
5874573
5874574
5874575
5874576
5874577
5874578
5874579
5874580
5874581
5874582
5874583
5874584
5874585
5874586
5874587
5874588
5874589
5874590
5874591
5874592
5874593
5874594
5874595
5874596
5874597
5874598
5874599
5874600
5874601
5874602
5874603
5874604
5874605
5874606
5874607
5874608
5874609
5874610
5874611
5874612
5874613
5874614
5874615
5874616
5874617
5874618
5874619
5874620
5874621
5874622
5874623
5874624
5874625
5874626
5874627
5874628
5874629
5874630
5874631
5874632
5874633
5874634
5874635
5874636
5874637
5874638
5874639
5874640
5874641
5874642
5874643
5874644
5874645
5874646
5874647
5874648
5874649
5874650
5874651
5874652
5874653
5874654
5874655
5874656
5874657
5874658
5874659
5874660
5874661
5874662
5874663
5874664
5874665
5874666
5874667
5874668
5874669
5874670
5874671
5874672
5874673
5874674
5874675
5874676
5874677
5874678
5874679
5874680
5874681
5874682
5874683
5874684
5874685
5874686
5874687
5874688
5874689
5874690
5874691
5874692
5874693
5874694
5874695
5874696
5874697
5874698
5874699
5874700
5874701
5874702
5874703
5874704
5874705
5874706
5874707
5874708
5874709
5874710
5874711
5874712
5874713
5874714
5874715
5874716
5874717
5874718
5874719
5874720
5874721
5874722
5874723
5874724
5874725
5874726
5874727
5874728
5874729
5874730
5874731
5874732
5874733
5874734
5874735
5874736
5874737
5874738
5874739
5874740
5874741
5874742
5874743
5874744
5874745
5874746
5874747
5874748
5874749
5874750
5874751
5874752
5874753
5874754
5874755
5874756
5874757
5874758
5874759
5874760
5874761
5874762
5874763
5874764
5874765
5874766
5874767
5874768
5874769
5874770
5874771
5874772
5874773
5874774
5874775
5874776
5874777
5874778
5874779
5874780
5874781
5874782
5874783
5874784
5874785
5874786
5874787
5874788
5874789
5874790
5874791
5874792
5874793
5874794
5874795
5874796
5874797
5874798
5874799
5874800
5874801
5874802
5874803
5874804
5874805
5874806
5874807
5874808
5874809
5874810
5874811
5874812
5874813
5874814
5874815
5874816
5874817
5874818
5874819
5874820
5874821
5874822
5874823
5874824
5874825
5874826
5874827
5874828
5874829
5874830
5874831
5874832
5874833
5874834
5874835
5874836
5874837
5874838
5874839
5874840
5874841
5874842
5874843
5874844
5874845
5874846
5874847
5874848
5874849
5874850
5874851
5874852
5874853
5874854
5874855
5874856
5874857
5874858
5874859
5874860
5874861
5874862
5874863
5874864
5874865
5874866
5874867
5874868
5874869
5874870
5874871
5874872
5874873
5874874
5874875
5874876
5874877
5874878
5874879
5874880
5874881
5874882
5874883
5874884
5874885
5874886
5874887
5874888
5874889
5874890
5874891
5874892
5874893
5874894
5874895
5874896
5874897
5874898
5874899
5874900
5874901
5874902
5874903
5874904
5874905
5874906
5874907
5874908
5874909
5874910
5874911
5874912
5874913
5874914
5874915
5874916
5874917
5874918
5874919
5874920
5874921
5874922
5874923
5874924
5874925
5874926
5874927
5874928
5874929
5874930
5874931
5874932
5874933
5874934
5874935
5874936
5874937
5874938
5874939
5874940
5874941
5874942
5874943
5874944
5874945
5874946
5874947
5874948
5874949
5874950
5874951
5874952
5874953
5874954
5874955
5874956
5874957
5874958
5874959
5874960
5874961
5874962
5874963
5874964
5874965
5874966
5874967
5874968
5874969
5874970
5874971
5874972
5874973
5874974
5874975
5874976
5874977
5874978
5874979
5874980
5874981
5874982
5874983
5874984
5874985
5874986
5874987
5874988
5874989
5874990
5874991
5874992
5874993
5874994
5874995
5874996
5874997
5874998
5874999
5875000
5875001
5875002
5875003
5875004
5875005
5875006
5875007
5875008
5875009
5875010
5875011
5875012
5875013
5875014
5875015
5875016
5875017
5875018
5875019
5875020
5875021
5875022
5875023
5875024
5875025
5875026
5875027
5875028
5875029
5875030
5875031
5875032
5875033
5875034
5875035
5875036
5875037
5875038
5875039
5875040
5875041
5875042
5875043
5875044
5875045
5875046
5875047
5875048
5875049
5875050
5875051
5875052
5875053
5875054
5875055
5875056
5875057
5875058
5875059
5875060
5875061
5875062
5875063
5875064
5875065
5875066
5875067
5875068
5875069
5875070
5875071
5875072
5875073
5875074
5875075
5875076
5875077
5875078
5875079
5875080
5875081
5875082
5875083
5875084
5875085
5875086
5875087
5875088
5875089
5875090
5875091
5875092
5875093
5875094
5875095
5875096
5875097
5875098
5875099
5875100
5875101
5875102
5875103
5875104
5875105
5875106
5875107
5875108
5875109
5875110
5875111
5875112
5875113
5875114
5875115
5875116
5875117
5875118
5875119
5875120
5875121
5875122
5875123
5875124
5875125
5875126
5875127
5875128
5875129
5875130
5875131
5875132
5875133
5875134
5875135
5875136
5875137
5875138
5875139
5875140
5875141
5875142
5875143
5875144
5875145
5875146
5875147
5875148
5875149
5875150
5875151
5875152
5875153
5875154
5875155
5875156
5875157
5875158
5875159
5875160
5875161
5875162
5875163
5875164
5875165
5875166
5875167
5875168
5875169
5875170
5875171
5875172
5875173
5875174
5875175
5875176
5875177
5875178
5875179
5875180
5875181
5875182
5875183
5875184
5875185
5875186
5875187
5875188
5875189
5875190
5875191
5875192
5875193
5875194
5875195
5875196
5875197
5875198
5875199
5875200
5875201
5875202
5875203
5875204
5875205
5875206
5875207
5875208
5875209
5875210
5875211
5875212
5875213
5875214
5875215
5875216
5875217
5875218
5875219
5875220
5875221
5875222
5875223
5875224
5875225
5875226
5875227
5875228
5875229
5875230
5875231
5875232
5875233
5875234
5875235
5875236
5875237
5875238
5875239
5875240
5875241
5875242
5875243
5875244
5875245
5875246
5875247
5875248
5875249
5875250
5875251
5875252
5875253
5875254
5875255
5875256
5875257
5875258
5875259
5875260
5875261
5875262
5875263
5875264
5875265
5875266
5875267
5875268
5875269
5875270
5875271
5875272
5875273
5875274
5875275
5875276
5875277
5875278
5875279
5875280
5875281
5875282
5875283
5875284
5875285
5875286
5875287
5875288
5875289
5875290
5875291
5875292
5875293
5875294
5875295
5875296
5875297
5875298
5875299
5875300
5875301
5875302
5875303
5875304
5875305
5875306
5875307
5875308
5875309
5875310
5875311
5875312
5875313
5875314
5875315
5875316
5875317
5875318
5875319
5875320
5875321
5875322
5875323
5875324
5875325
5875326
5875327
5875328
5875329
5875330
5875331
5875332
5875333
5875334
5875335
5875336
5875337
5875338
5875339
5875340
5875341
5875342
5875343
5875344
5875345
5875346
5875347
5875348
5875349
5875350
5875351
5875352
5875353
5875354
5875355
5875356
5875357
5875358
5875359
5875360
5875361
5875362
5875363
5875364
5875365
5875366
5875367
5875368
5875369
5875370
5875371
5875372
5875373
5875374
5875375
5875376
5875377
5875378
5875379
5875380
5875381
5875382
5875383
5875384
5875385
5875386
5875387
5875388
5875389
5875390
5875391
5875392
5875393
5875394
5875395
5875396
5875397
5875398
5875399
5875400
5875401
5875402
5875403
5875404
5875405
5875406
5875407
5875408
5875409
5875410
5875411
5875412
5875413
5875414
5875415
5875416
5875417
5875418
5875419
5875420
5875421
5875422
5875423
5875424
5875425
5875426
5875427
5875428
5875429
5875430
5875431
5875432
5875433
5875434
5875435
5875436
5875437
5875438
5875439
5875440
5875441
5875442
5875443
5875444
5875445
5875446
5875447
5875448
5875449
5875450
5875451
5875452
5875453
5875454
5875455
5875456
5875457
5875458
5875459
5875460
5875461
5875462
5875463
5875464
5875465
5875466
5875467
5875468
5875469
5875470
5875471
5875472
5875473
5875474
5875475
5875476
5875477
5875478
5875479
5875480
5875481
5875482
5875483
5875484
5875485
5875486
5875487
5875488
5875489
5875490
5875491
5875492
5875493
5875494
5875495
5875496
5875497
5875498
5875499
5875500
5875501
5875502
5875503
5875504
5875505
5875506
5875507
5875508
5875509
5875510
5875511
5875512
5875513
5875514
5875515
5875516
5875517
5875518
5875519
5875520
5875521
5875522
5875523
5875524
5875525
5875526
5875527
5875528
5875529
5875530
5875531
5875532
5875533
5875534
5875535
5875536
5875537
5875538
5875539
5875540
5875541
5875542
5875543
5875544
5875545
5875546
5875547
5875548
5875549
5875550
5875551
5875552
5875553
5875554
5875555
5875556
5875557
5875558
5875559
5875560
5875561
5875562
5875563
5875564
5875565
5875566
5875567
5875568
5875569
5875570
5875571
5875572
5875573
5875574
5875575
5875576
5875577
5875578
5875579
5875580
5875581
5875582
5875583
5875584
5875585
5875586
5875587
5875588
5875589
5875590
5875591
5875592
5875593
5875594
5875595
5875596
5875597
5875598
5875599
5875600
5875601
5875602
5875603
5875604
5875605
5875606
5875607
5875608
5875609
5875610
5875611
5875612
5875613
5875614
5875615
5875616
5875617
5875618
5875619
5875620
5875621
5875622
5875623
5875624
5875625
5875626
5875627
5875628
5875629
5875630
5875631
5875632
5875633
5875634
5875635
5875636
5875637
5875638
5875639
5875640
5875641
5875642
5875643
5875644
5875645
5875646
5875647
5875648
5875649
5875650
5875651
5875652
5875653
5875654
5875655
5875656
5875657
5875658
5875659
5875660
5875661
5875662
5875663
5875664
5875665
5875666
5875667
5875668
5875669
5875670
5875671
5875672
5875673
5875674
5875675
5875676
5875677
5875678
5875679
5875680
5875681
5875682
5875683
5875684
5875685
5875686
5875687
5875688
5875689
5875690
5875691
5875692
5875693
5875694
5875695
5875696
5875697
5875698
5875699
5875700
5875701
5875702
5875703
5875704
5875705
5875706
5875707
5875708
5875709
5875710
5875711
5875712
5875713
5875714
5875715
5875716
5875717
5875718
5875719
5875720
5875721
5875722
5875723
5875724
5875725
5875726
5875727
5875728
5875729
5875730
5875731
5875732
5875733
5875734
5875735
5875736
5875737
5875738
5875739
5875740
5875741
5875742
5875743
5875744
5875745
5875746
5875747
5875748
5875749
5875750
5875751
5875752
5875753
5875754
5875755
5875756
5875757
5875758
5875759
5875760
5875761
5875762
5875763
5875764
5875765
5875766
5875767
5875768
5875769
5875770
5875771
5875772
5875773
5875774
5875775
5875776
5875777
5875778
5875779
5875780
5875781
5875782
5875783
5875784
5875785
5875786
5875787
5875788
5875789
5875790
5875791
5875792
5875793
5875794
5875795
5875796
5875797
5875798
5875799
5875800
5875801
5875802
5875803
5875804
5875805
5875806
5875807
5875808
5875809
5875810
5875811
5875812
5875813
5875814
5875815
5875816
5875817
5875818
5875819
5875820
5875821
5875822
5875823
5875824
5875825
5875826
5875827
5875828
5875829
5875830
5875831
5875832
5875833
5875834
5875835
5875836
5875837
5875838
5875839
5875840
5875841
5875842
5875843
5875844
5875845
5875846
5875847
5875848
5875849
5875850
5875851
5875852
5875853
5875854
5875855
5875856
5875857
5875858
5875859
5875860
5875861
5875862
5875863
5875864
5875865
5875866
5875867
5875868
5875869
5875870
5875871
5875872
5875873
5875874
5875875
5875876
5875877
5875878
5875879
5875880
5875881
5875882
5875883
5875884
5875885
5875886
5875887
5875888
5875889
5875890
5875891
5875892
5875893
5875894
5875895
5875896
5875897
5875898
5875899
5875900
5875901
5875902
5875903
5875904
5875905
5875906
5875907
5875908
5875909
5875910
5875911
5875912
5875913
5875914
5875915
5875916
5875917
5875918
5875919
5875920
5875921
5875922
5875923
5875924
5875925
5875926
5875927
5875928
5875929
5875930
5875931
5875932
5875933
5875934
5875935
5875936
5875937
5875938
5875939
5875940
5875941
5875942
5875943
5875944
5875945
5875946
5875947
5875948
5875949
5875950
5875951
5875952
5875953
5875954
5875955
5875956
5875957
5875958
5875959
5875960
5875961
5875962
5875963
5875964
5875965
5875966
5875967
5875968
5875969
5875970
5875971
5875972
5875973
5875974
5875975
5875976
5875977
5875978
5875979
5875980
5875981
5875982
5875983
5875984
5875985
5875986
5875987
5875988
5875989
5875990
5875991
5875992
5875993
5875994
5875995
5875996
5875997
5875998
5875999
5876000
5876001
5876002
5876003
5876004
5876005
5876006
5876007
5876008
5876009
5876010
5876011
5876012
5876013
5876014
5876015
5876016
5876017
5876018
5876019
5876020
5876021
5876022
5876023
5876024
5876025
5876026
5876027
5876028
5876029
5876030
5876031
5876032
5876033
5876034
5876035
5876036
5876037
5876038
5876039
5876040
5876041
5876042
5876043
5876044
5876045
5876046
5876047
5876048
5876049
5876050
5876051
5876052
5876053
5876054
5876055
5876056
5876057
5876058
5876059
5876060
5876061
5876062
5876063
5876064
5876065
5876066
5876067
5876068
5876069
5876070
5876071
5876072
5876073
5876074
5876075
5876076
5876077
5876078
5876079
5876080
5876081
5876082
5876083
5876084
5876085
5876086
5876087
5876088
5876089
5876090
5876091
5876092
5876093
5876094
5876095
5876096
5876097
5876098
5876099
5876100
5876101
5876102
5876103
5876104
5876105
5876106
5876107
5876108
5876109
5876110
5876111
5876112
5876113
5876114
5876115
5876116
5876117
5876118
5876119
5876120
5876121
5876122
5876123
5876124
5876125
5876126
5876127
5876128
5876129
5876130
5876131
5876132
5876133
5876134
5876135
5876136
5876137
5876138
5876139
5876140
5876141
5876142
5876143
5876144
5876145
5876146
5876147
5876148
5876149
5876150
5876151
5876152
5876153
5876154
5876155
5876156
5876157
5876158
5876159
5876160
5876161
5876162
5876163
5876164
5876165
5876166
5876167
5876168
5876169
5876170
5876171
5876172
5876173
5876174
5876175
5876176
5876177
5876178
5876179
5876180
5876181
5876182
5876183
5876184
5876185
5876186
5876187
5876188
5876189
5876190
5876191
5876192
5876193
5876194
5876195
5876196
5876197
5876198
5876199
5876200
5876201
5876202
5876203
5876204
5876205
5876206
5876207
5876208
5876209
5876210
5876211
5876212
5876213
5876214
5876215
5876216
5876217
5876218
5876219
5876220
5876221
5876222
5876223
5876224
5876225
5876226
5876227
5876228
5876229
5876230
5876231
5876232
5876233
5876234
5876235
5876236
5876237
5876238
5876239
5876240
5876241
5876242
5876243
5876244
5876245
5876246
5876247
5876248
5876249
5876250
5876251
5876252
5876253
5876254
5876255
5876256
5876257
5876258
5876259
5876260
5876261
5876262
5876263
5876264
5876265
5876266
5876267
5876268
5876269
5876270
5876271
5876272
5876273
5876274
5876275
5876276
5876277
5876278
5876279
5876280
5876281
5876282
5876283
5876284
5876285
5876286
5876287
5876288
5876289
5876290
5876291
5876292
5876293
5876294
5876295
5876296
5876297
5876298
5876299
5876300
5876301
5876302
5876303
5876304
5876305
5876306
5876307
5876308
5876309
5876310
5876311
5876312
5876313
5876314
5876315
5876316
5876317
5876318
5876319
5876320
5876321
5876322
5876323
5876324
5876325
5876326
5876327
5876328
5876329
5876330
5876331
5876332
5876333
5876334
5876335
5876336
5876337
5876338
5876339
5876340
5876341
5876342
5876343
5876344
5876345
5876346
5876347
5876348
5876349
5876350
5876351
5876352
5876353
5876354
5876355
5876356
5876357
5876358
5876359
5876360
5876361
5876362
5876363
5876364
5876365
5876366
5876367
5876368
5876369
5876370
5876371
5876372
5876373
5876374
5876375
5876376
5876377
5876378
5876379
5876380
5876381
5876382
5876383
5876384
5876385
5876386
5876387
5876388
5876389
5876390
5876391
5876392
5876393
5876394
5876395
5876396
5876397
5876398
5876399
5876400
5876401
5876402
5876403
5876404
5876405
5876406
5876407
5876408
5876409
5876410
5876411
5876412
5876413
5876414
5876415
5876416
5876417
5876418
5876419
5876420
5876421
5876422
5876423
5876424
5876425
5876426
5876427
5876428
5876429
5876430
5876431
5876432
5876433
5876434
5876435
5876436
5876437
5876438
5876439
5876440
5876441
5876442
5876443
5876444
5876445
5876446
5876447
5876448
5876449
5876450
5876451
5876452
5876453
5876454
5876455
5876456
5876457
5876458
5876459
5876460
5876461
5876462
5876463
5876464
5876465
5876466
5876467
5876468
5876469
5876470
5876471
5876472
5876473
5876474
5876475
5876476
5876477
5876478
5876479
5876480
5876481
5876482
5876483
5876484
5876485
5876486
5876487
5876488
5876489
5876490
5876491
5876492
5876493
5876494
5876495
5876496
5876497
5876498
5876499
5876500
5876501
5876502
5876503
5876504
5876505
5876506
5876507
5876508
5876509
5876510
5876511
5876512
5876513
5876514
5876515
5876516
5876517
5876518
5876519
5876520
5876521
5876522
5876523
5876524
5876525
5876526
5876527
5876528
5876529
5876530
5876531
5876532
5876533
5876534
5876535
5876536
5876537
5876538
5876539
5876540
5876541
5876542
5876543
5876544
5876545
5876546
5876547
5876548
5876549
5876550
5876551
5876552
5876553
5876554
5876555
5876556
5876557
5876558
5876559
5876560
5876561
5876562
5876563
5876564
5876565
5876566
5876567
5876568
5876569
5876570
5876571
5876572
5876573
5876574
5876575
5876576
5876577
5876578
5876579
5876580
5876581
5876582
5876583
5876584
5876585
5876586
5876587
5876588
5876589
5876590
5876591
5876592
5876593
5876594
5876595
5876596
5876597
5876598
5876599
5876600
5876601
5876602
5876603
5876604
5876605
5876606
5876607
5876608
5876609
5876610
5876611
5876612
5876613
5876614
5876615
5876616
5876617
5876618
5876619
5876620
5876621
5876622
5876623
5876624
5876625
5876626
5876627
5876628
5876629
5876630
5876631
5876632
5876633
5876634
5876635
5876636
5876637
5876638
5876639
5876640
5876641
5876642
5876643
5876644
5876645
5876646
5876647
5876648
5876649
5876650
5876651
5876652
5876653
5876654
5876655
5876656
5876657
5876658
5876659
5876660
5876661
5876662
5876663
5876664
5876665
5876666
5876667
5876668
5876669
5876670
5876671
5876672
5876673
5876674
5876675
5876676
5876677
5876678
5876679
5876680
5876681
5876682
5876683
5876684
5876685
5876686
5876687
5876688
5876689
5876690
5876691
5876692
5876693
5876694
5876695
5876696
5876697
5876698
5876699
5876700
5876701
5876702
5876703
5876704
5876705
5876706
5876707
5876708
5876709
5876710
5876711
5876712
5876713
5876714
5876715
5876716
5876717
5876718
5876719
5876720
5876721
5876722
5876723
5876724
5876725
5876726
5876727
5876728
5876729
5876730
5876731
5876732
5876733
5876734
5876735
5876736
5876737
5876738
5876739
5876740
5876741
5876742
5876743
5876744
5876745
5876746
5876747
5876748
5876749
5876750
5876751
5876752
5876753
5876754
5876755
5876756
5876757
5876758
5876759
5876760
5876761
5876762
5876763
5876764
5876765
5876766
5876767
5876768
5876769
5876770
5876771
5876772
5876773
5876774
5876775
5876776
5876777
5876778
5876779
5876780
5876781
5876782
5876783
5876784
5876785
5876786
5876787
5876788
5876789
5876790
5876791
5876792
5876793
5876794
5876795
5876796
5876797
5876798
5876799
5876800
5876801
5876802
5876803
5876804
5876805
5876806
5876807
5876808
5876809
5876810
5876811
5876812
5876813
5876814
5876815
5876816
5876817
5876818
5876819
5876820
5876821
5876822
5876823
5876824
5876825
5876826
5876827
5876828
5876829
5876830
5876831
5876832
5876833
5876834
5876835
5876836
5876837
5876838
5876839
5876840
5876841
5876842
5876843
5876844
5876845
5876846
5876847
5876848
5876849
5876850
5876851
5876852
5876853
5876854
5876855
5876856
5876857
5876858
5876859
5876860
5876861
5876862
5876863
5876864
5876865
5876866
5876867
5876868
5876869
5876870
5876871
5876872
5876873
5876874
5876875
5876876
5876877
5876878
5876879
5876880
5876881
5876882
5876883
5876884
5876885
5876886
5876887
5876888
5876889
5876890
5876891
5876892
5876893
5876894
5876895
5876896
5876897
5876898
5876899
5876900
5876901
5876902
5876903
5876904
5876905
5876906
5876907
5876908
5876909
5876910
5876911
5876912
5876913
5876914
5876915
5876916
5876917
5876918
5876919
5876920
5876921
5876922
5876923
5876924
5876925
5876926
5876927
5876928
5876929
5876930
5876931
5876932
5876933
5876934
5876935
5876936
5876937
5876938
5876939
5876940
5876941
5876942
5876943
5876944
5876945
5876946
5876947
5876948
5876949
5876950
5876951
5876952
5876953
5876954
5876955
5876956
5876957
5876958
5876959
5876960
5876961
5876962
5876963
5876964
5876965
5876966
5876967
5876968
5876969
5876970
5876971
5876972
5876973
5876974
5876975
5876976
5876977
5876978
5876979
5876980
5876981
5876982
5876983
5876984
5876985
5876986
5876987
5876988
5876989
5876990
5876991
5876992
5876993
5876994
5876995
5876996
5876997
5876998
5876999
5877000
5877001
5877002
5877003
5877004
5877005
5877006
5877007
5877008
5877009
5877010
5877011
5877012
5877013
5877014
5877015
5877016
5877017
5877018
5877019
5877020
5877021
5877022
5877023
5877024
5877025
5877026
5877027
5877028
5877029
5877030
5877031
5877032
5877033
5877034
5877035
5877036
5877037
5877038
5877039
5877040
5877041
5877042
5877043
5877044
5877045
5877046
5877047
5877048
5877049
5877050
5877051
5877052
5877053
5877054
5877055
5877056
5877057
5877058
5877059
5877060
5877061
5877062
5877063
5877064
5877065
5877066
5877067
5877068
5877069
5877070
5877071
5877072
5877073
5877074
5877075
5877076
5877077
5877078
5877079
5877080
5877081
5877082
5877083
5877084
5877085
5877086
5877087
5877088
5877089
5877090
5877091
5877092
5877093
5877094
5877095
5877096
5877097
5877098
5877099
5877100
5877101
5877102
5877103
5877104
5877105
5877106
5877107
5877108
5877109
5877110
5877111
5877112
5877113
5877114
5877115
5877116
5877117
5877118
5877119
5877120
5877121
5877122
5877123
5877124
5877125
5877126
5877127
5877128
5877129
5877130
5877131
5877132
5877133
5877134
5877135
5877136
5877137
5877138
5877139
5877140
5877141
5877142
5877143
5877144
5877145
5877146
5877147
5877148
5877149
5877150
5877151
5877152
5877153
5877154
5877155
5877156
5877157
5877158
5877159
5877160
5877161
5877162
5877163
5877164
5877165
5877166
5877167
5877168
5877169
5877170
5877171
5877172
5877173
5877174
5877175
5877176
5877177
5877178
5877179
5877180
5877181
5877182
5877183
5877184
5877185
5877186
5877187
5877188
5877189
5877190
5877191
5877192
5877193
5877194
5877195
5877196
5877197
5877198
5877199
5877200
5877201
5877202
5877203
5877204
5877205
5877206
5877207
5877208
5877209
5877210
5877211
5877212
5877213
5877214
5877215
5877216
5877217
5877218
5877219
5877220
5877221
5877222
5877223
5877224
5877225
5877226
5877227
5877228
5877229
5877230
5877231
5877232
5877233
5877234
5877235
5877236
5877237
5877238
5877239
5877240
5877241
5877242
5877243
5877244
5877245
5877246
5877247
5877248
5877249
5877250
5877251
5877252
5877253
5877254
5877255
5877256
5877257
5877258
5877259
5877260
5877261
5877262
5877263
5877264
5877265
5877266
5877267
5877268
5877269
5877270
5877271
5877272
5877273
5877274
5877275
5877276
5877277
5877278
5877279
5877280
5877281
5877282
5877283
5877284
5877285
5877286
5877287
5877288
5877289
5877290
5877291
5877292
5877293
5877294
5877295
5877296
5877297
5877298
5877299
5877300
5877301
5877302
5877303
5877304
5877305
5877306
5877307
5877308
5877309
5877310
5877311
5877312
5877313
5877314
5877315
5877316
5877317
5877318
5877319
5877320
5877321
5877322
5877323
5877324
5877325
5877326
5877327
5877328
5877329
5877330
5877331
5877332
5877333
5877334
5877335
5877336
5877337
5877338
5877339
5877340
5877341
5877342
5877343
5877344
5877345
5877346
5877347
5877348
5877349
5877350
5877351
5877352
5877353
5877354
5877355
5877356
5877357
5877358
5877359
5877360
5877361
5877362
5877363
5877364
5877365
5877366
5877367
5877368
5877369
5877370
5877371
5877372
5877373
5877374
5877375
5877376
5877377
5877378
5877379
5877380
5877381
5877382
5877383
5877384
5877385
5877386
5877387
5877388
5877389
5877390
5877391
5877392
5877393
5877394
5877395
5877396
5877397
5877398
5877399
5877400
5877401
5877402
5877403
5877404
5877405
5877406
5877407
5877408
5877409
5877410
5877411
5877412
5877413
5877414
5877415
5877416
5877417
5877418
5877419
5877420
5877421
5877422
5877423
5877424
5877425
5877426
5877427
5877428
5877429
5877430
5877431
5877432
5877433
5877434
5877435
5877436
5877437
5877438
5877439
5877440
5877441
5877442
5877443
5877444
5877445
5877446
5877447
5877448
5877449
5877450
5877451
5877452
5877453
5877454
5877455
5877456
5877457
5877458
5877459
5877460
5877461
5877462
5877463
5877464
5877465
5877466
5877467
5877468
5877469
5877470
5877471
5877472
5877473
5877474
5877475
5877476
5877477
5877478
5877479
5877480
5877481
5877482
5877483
5877484
5877485
5877486
5877487
5877488
5877489
5877490
5877491
5877492
5877493
5877494
5877495
5877496
5877497
5877498
5877499
5877500
5877501
5877502
5877503
5877504
5877505
5877506
5877507
5877508
5877509
5877510
5877511
5877512
5877513
5877514
5877515
5877516
5877517
5877518
5877519
5877520
5877521
5877522
5877523
5877524
5877525
5877526
5877527
5877528
5877529
5877530
5877531
5877532
5877533
5877534
5877535
5877536
5877537
5877538
5877539
5877540
5877541
5877542
5877543
5877544
5877545
5877546
5877547
5877548
5877549
5877550
5877551
5877552
5877553
5877554
5877555
5877556
5877557
5877558
5877559
5877560
5877561
5877562
5877563
5877564
5877565
5877566
5877567
5877568
5877569
5877570
5877571
5877572
5877573
5877574
5877575
5877576
5877577
5877578
5877579
5877580
5877581
5877582
5877583
5877584
5877585
5877586
5877587
5877588
5877589
5877590
5877591
5877592
5877593
5877594
5877595
5877596
5877597
5877598
5877599
5877600
5877601
5877602
5877603
5877604
5877605
5877606
5877607
5877608
5877609
5877610
5877611
5877612
5877613
5877614
5877615
5877616
5877617
5877618
5877619
5877620
5877621
5877622
5877623
5877624
5877625
5877626
5877627
5877628
5877629
5877630
5877631
5877632
5877633
5877634
5877635
5877636
5877637
5877638
5877639
5877640
5877641
5877642
5877643
5877644
5877645
5877646
5877647
5877648
5877649
5877650
5877651
5877652
5877653
5877654
5877655
5877656
5877657
5877658
5877659
5877660
5877661
5877662
5877663
5877664
5877665
5877666
5877667
5877668
5877669
5877670
5877671
5877672
5877673
5877674
5877675
5877676
5877677
5877678
5877679
5877680
5877681
5877682
5877683
5877684
5877685
5877686
5877687
5877688
5877689
5877690
5877691
5877692
5877693
5877694
5877695
5877696
5877697
5877698
5877699
5877700
5877701
5877702
5877703
5877704
5877705
5877706
5877707
5877708
5877709
5877710
5877711
5877712
5877713
5877714
5877715
5877716
5877717
5877718
5877719
5877720
5877721
5877722
5877723
5877724
5877725
5877726
5877727
5877728
5877729
5877730
5877731
5877732
5877733
5877734
5877735
5877736
5877737
5877738
5877739
5877740
5877741
5877742
5877743
5877744
5877745
5877746
5877747
5877748
5877749
5877750
5877751
5877752
5877753
5877754
5877755
5877756
5877757
5877758
5877759
5877760
5877761
5877762
5877763
5877764
5877765
5877766
5877767
5877768
5877769
5877770
5877771
5877772
5877773
5877774
5877775
5877776
5877777
5877778
5877779
5877780
5877781
5877782
5877783
5877784
5877785
5877786
5877787
5877788
5877789
5877790
5877791
5877792
5877793
5877794
5877795
5877796
5877797
5877798
5877799
5877800
5877801
5877802
5877803
5877804
5877805
5877806
5877807
5877808
5877809
5877810
5877811
5877812
5877813
5877814
5877815
5877816
5877817
5877818
5877819
5877820
5877821
5877822
5877823
5877824
5877825
5877826
5877827
5877828
5877829
5877830
5877831
5877832
5877833
5877834
5877835
5877836
5877837
5877838
5877839
5877840
5877841
5877842
5877843
5877844
5877845
5877846
5877847
5877848
5877849
5877850
5877851
5877852
5877853
5877854
5877855
5877856
5877857
5877858
5877859
5877860
5877861
5877862
5877863
5877864
5877865
5877866
5877867
5877868
5877869
5877870
5877871
5877872
5877873
5877874
5877875
5877876
5877877
5877878
5877879
5877880
5877881
5877882
5877883
5877884
5877885
5877886
5877887
5877888
5877889
5877890
5877891
5877892
5877893
5877894
5877895
5877896
5877897
5877898
5877899
5877900
5877901
5877902
5877903
5877904
5877905
5877906
5877907
5877908
5877909
5877910
5877911
5877912
5877913
5877914
5877915
5877916
5877917
5877918
5877919
5877920
5877921
5877922
5877923
5877924
5877925
5877926
5877927
5877928
5877929
5877930
5877931
5877932
5877933
5877934
5877935
5877936
5877937
5877938
5877939
5877940
5877941
5877942
5877943
5877944
5877945
5877946
5877947
5877948
5877949
5877950
5877951
5877952
5877953
5877954
5877955
5877956
5877957
5877958
5877959
5877960
5877961
5877962
5877963
5877964
5877965
5877966
5877967
5877968
5877969
5877970
5877971
5877972
5877973
5877974
5877975
5877976
5877977
5877978
5877979
5877980
5877981
5877982
5877983
5877984
5877985
5877986
5877987
5877988
5877989
5877990
5877991
5877992
5877993
5877994
5877995
5877996
5877997
5877998
5877999
5878000
5878001
5878002
5878003
5878004
5878005
5878006
5878007
5878008
5878009
5878010
5878011
5878012
5878013
5878014
5878015
5878016
5878017
5878018
5878019
5878020
5878021
5878022
5878023
5878024
5878025
5878026
5878027
5878028
5878029
5878030
5878031
5878032
5878033
5878034
5878035
5878036
5878037
5878038
5878039
5878040
5878041
5878042
5878043
5878044
5878045
5878046
5878047
5878048
5878049
5878050
5878051
5878052
5878053
5878054
5878055
5878056
5878057
5878058
5878059
5878060
5878061
5878062
5878063
5878064
5878065
5878066
5878067
5878068
5878069
5878070
5878071
5878072
5878073
5878074
5878075
5878076
5878077
5878078
5878079
5878080
5878081
5878082
5878083
5878084
5878085
5878086
5878087
5878088
5878089
5878090
5878091
5878092
5878093
5878094
5878095
5878096
5878097
5878098
5878099
5878100
5878101
5878102
5878103
5878104
5878105
5878106
5878107
5878108
5878109
5878110
5878111
5878112
5878113
5878114
5878115
5878116
5878117
5878118
5878119
5878120
5878121
5878122
5878123
5878124
5878125
5878126
5878127
5878128
5878129
5878130
5878131
5878132
5878133
5878134
5878135
5878136
5878137
5878138
5878139
5878140
5878141
5878142
5878143
5878144
5878145
5878146
5878147
5878148
5878149
5878150
5878151
5878152
5878153
5878154
5878155
5878156
5878157
5878158
5878159
5878160
5878161
5878162
5878163
5878164
5878165
5878166
5878167
5878168
5878169
5878170
5878171
5878172
5878173
5878174
5878175
5878176
5878177
5878178
5878179
5878180
5878181
5878182
5878183
5878184
5878185
5878186
5878187
5878188
5878189
5878190
5878191
5878192
5878193
5878194
5878195
5878196
5878197
5878198
5878199
5878200
5878201
5878202
5878203
5878204
5878205
5878206
5878207
5878208
5878209
5878210
5878211
5878212
5878213
5878214
5878215
5878216
5878217
5878218
5878219
5878220
5878221
5878222
5878223
5878224
5878225
5878226
5878227
5878228
5878229
5878230
5878231
5878232
5878233
5878234
5878235
5878236
5878237
5878238
5878239
5878240
5878241
5878242
5878243
5878244
5878245
5878246
5878247
5878248
5878249
5878250
5878251
5878252
5878253
5878254
5878255
5878256
5878257
5878258
5878259
5878260
5878261
5878262
5878263
5878264
5878265
5878266
5878267
5878268
5878269
5878270
5878271
5878272
5878273
5878274
5878275
5878276
5878277
5878278
5878279
5878280
5878281
5878282
5878283
5878284
5878285
5878286
5878287
5878288
5878289
5878290
5878291
5878292
5878293
5878294
5878295
5878296
5878297
5878298
5878299
5878300
5878301
5878302
5878303
5878304
5878305
5878306
5878307
5878308
5878309
5878310
5878311
5878312
5878313
5878314
5878315
5878316
5878317
5878318
5878319
5878320
5878321
5878322
5878323
5878324
5878325
5878326
5878327
5878328
5878329
5878330
5878331
5878332
5878333
5878334
5878335
5878336
5878337
5878338
5878339
5878340
5878341
5878342
5878343
5878344
5878345
5878346
5878347
5878348
5878349
5878350
5878351
5878352
5878353
5878354
5878355
5878356
5878357
5878358
5878359
5878360
5878361
5878362
5878363
5878364
5878365
5878366
5878367
5878368
5878369
5878370
5878371
5878372
5878373
5878374
5878375
5878376
5878377
5878378
5878379
5878380
5878381
5878382
5878383
5878384
5878385
5878386
5878387
5878388
5878389
5878390
5878391
5878392
5878393
5878394
5878395
5878396
5878397
5878398
5878399
5878400
5878401
5878402
5878403
5878404
5878405
5878406
5878407
5878408
5878409
5878410
5878411
5878412
5878413
5878414
5878415
5878416
5878417
5878418
5878419
5878420
5878421
5878422
5878423
5878424
5878425
5878426
5878427
5878428
5878429
5878430
5878431
5878432
5878433
5878434
5878435
5878436
5878437
5878438
5878439
5878440
5878441
5878442
5878443
5878444
5878445
5878446
5878447
5878448
5878449
5878450
5878451
5878452
5878453
5878454
5878455
5878456
5878457
5878458
5878459
5878460
5878461
5878462
5878463
5878464
5878465
5878466
5878467
5878468
5878469
5878470
5878471
5878472
5878473
5878474
5878475
5878476
5878477
5878478
5878479
5878480
5878481
5878482
5878483
5878484
5878485
5878486
5878487
5878488
5878489
5878490
5878491
5878492
5878493
5878494
5878495
5878496
5878497
5878498
5878499
5878500
5878501
5878502
5878503
5878504
5878505
5878506
5878507
5878508
5878509
5878510
5878511
5878512
5878513
5878514
5878515
5878516
5878517
5878518
5878519
5878520
5878521
5878522
5878523
5878524
5878525
5878526
5878527
5878528
5878529
5878530
5878531
5878532
5878533
5878534
5878535
5878536
5878537
5878538
5878539
5878540
5878541
5878542
5878543
5878544
5878545
5878546
5878547
5878548
5878549
5878550
5878551
5878552
5878553
5878554
5878555
5878556
5878557
5878558
5878559
5878560
5878561
5878562
5878563
5878564
5878565
5878566
5878567
5878568
5878569
5878570
5878571
5878572
5878573
5878574
5878575
5878576
5878577
5878578
5878579
5878580
5878581
5878582
5878583
5878584
5878585
5878586
5878587
5878588
5878589
5878590
5878591
5878592
5878593
5878594
5878595
5878596
5878597
5878598
5878599
5878600
5878601
5878602
5878603
5878604
5878605
5878606
5878607
5878608
5878609
5878610
5878611
5878612
5878613
5878614
5878615
5878616
5878617
5878618
5878619
5878620
5878621
5878622
5878623
5878624
5878625
5878626
5878627
5878628
5878629
5878630
5878631
5878632
5878633
5878634
5878635
5878636
5878637
5878638
5878639
5878640
5878641
5878642
5878643
5878644
5878645
5878646
5878647
5878648
5878649
5878650
5878651
5878652
5878653
5878654
5878655
5878656
5878657
5878658
5878659
5878660
5878661
5878662
5878663
5878664
5878665
5878666
5878667
5878668
5878669
5878670
5878671
5878672
5878673
5878674
5878675
5878676
5878677
5878678
5878679
5878680
5878681
5878682
5878683
5878684
5878685
5878686
5878687
5878688
5878689
5878690
5878691
5878692
5878693
5878694
5878695
5878696
5878697
5878698
5878699
5878700
5878701
5878702
5878703
5878704
5878705
5878706
5878707
5878708
5878709
5878710
5878711
5878712
5878713
5878714
5878715
5878716
5878717
5878718
5878719
5878720
5878721
5878722
5878723
5878724
5878725
5878726
5878727
5878728
5878729
5878730
5878731
5878732
5878733
5878734
5878735
5878736
5878737
5878738
5878739
5878740
5878741
5878742
5878743
5878744
5878745
5878746
5878747
5878748
5878749
5878750
5878751
5878752
5878753
5878754
5878755
5878756
5878757
5878758
5878759
5878760
5878761
5878762
5878763
5878764
5878765
5878766
5878767
5878768
5878769
5878770
5878771
5878772
5878773
5878774
5878775
5878776
5878777
5878778
5878779
5878780
5878781
5878782
5878783
5878784
5878785
5878786
5878787
5878788
5878789
5878790
5878791
5878792
5878793
5878794
5878795
5878796
5878797
5878798
5878799
5878800
5878801
5878802
5878803
5878804
5878805
5878806
5878807
5878808
5878809
5878810
5878811
5878812
5878813
5878814
5878815
5878816
5878817
5878818
5878819
5878820
5878821
5878822
5878823
5878824
5878825
5878826
5878827
5878828
5878829
5878830
5878831
5878832
5878833
5878834
5878835
5878836
5878837
5878838
5878839
5878840
5878841
5878842
5878843
5878844
5878845
5878846
5878847
5878848
5878849
5878850
5878851
5878852
5878853
5878854
5878855
5878856
5878857
5878858
5878859
5878860
5878861
5878862
5878863
5878864
5878865
5878866
5878867
5878868
5878869
5878870
5878871
5878872
5878873
5878874
5878875
5878876
5878877
5878878
5878879
5878880
5878881
5878882
5878883
5878884
5878885
5878886
5878887
5878888
5878889
5878890
5878891
5878892
5878893
5878894
5878895
5878896
5878897
5878898
5878899
5878900
5878901
5878902
5878903
5878904
5878905
5878906
5878907
5878908
5878909
5878910
5878911
5878912
5878913
5878914
5878915
5878916
5878917
5878918
5878919
5878920
5878921
5878922
5878923
5878924
5878925
5878926
5878927
5878928
5878929
5878930
5878931
5878932
5878933
5878934
5878935
5878936
5878937
5878938
5878939
5878940
5878941
5878942
5878943
5878944
5878945
5878946
5878947
5878948
5878949
5878950
5878951
5878952
5878953
5878954
5878955
5878956
5878957
5878958
5878959
5878960
5878961
5878962
5878963
5878964
5878965
5878966
5878967
5878968
5878969
5878970
5878971
5878972
5878973
5878974
5878975
5878976
5878977
5878978
5878979
5878980
5878981
5878982
5878983
5878984
5878985
5878986
5878987
5878988
5878989
5878990
5878991
5878992
5878993
5878994
5878995
5878996
5878997
5878998
5878999
5879000
5879001
5879002
5879003
5879004
5879005
5879006
5879007
5879008
5879009
5879010
5879011
5879012
5879013
5879014
5879015
5879016
5879017
5879018
5879019
5879020
5879021
5879022
5879023
5879024
5879025
5879026
5879027
5879028
5879029
5879030
5879031
5879032
5879033
5879034
5879035
5879036
5879037
5879038
5879039
5879040
5879041
5879042
5879043
5879044
5879045
5879046
5879047
5879048
5879049
5879050
5879051
5879052
5879053
5879054
5879055
5879056
5879057
5879058
5879059
5879060
5879061
5879062
5879063
5879064
5879065
5879066
5879067
5879068
5879069
5879070
5879071
5879072
5879073
5879074
5879075
5879076
5879077
5879078
5879079
5879080
5879081
5879082
5879083
5879084
5879085
5879086
5879087
5879088
5879089
5879090
5879091
5879092
5879093
5879094
5879095
5879096
5879097
5879098
5879099
5879100
5879101
5879102
5879103
5879104
5879105
5879106
5879107
5879108
5879109
5879110
5879111
5879112
5879113
5879114
5879115
5879116
5879117
5879118
5879119
5879120
5879121
5879122
5879123
5879124
5879125
5879126
5879127
5879128
5879129
5879130
5879131
5879132
5879133
5879134
5879135
5879136
5879137
5879138
5879139
5879140
5879141
5879142
5879143
5879144
5879145
5879146
5879147
5879148
5879149
5879150
5879151
5879152
5879153
5879154
5879155
5879156
5879157
5879158
5879159
5879160
5879161
5879162
5879163
5879164
5879165
5879166
5879167
5879168
5879169
5879170
5879171
5879172
5879173
5879174
5879175
5879176
5879177
5879178
5879179
5879180
5879181
5879182
5879183
5879184
5879185
5879186
5879187
5879188
5879189
5879190
5879191
5879192
5879193
5879194
5879195
5879196
5879197
5879198
5879199
5879200
5879201
5879202
5879203
5879204
5879205
5879206
5879207
5879208
5879209
5879210
5879211
5879212
5879213
5879214
5879215
5879216
5879217
5879218
5879219
5879220
5879221
5879222
5879223
5879224
5879225
5879226
5879227
5879228
5879229
5879230
5879231
5879232
5879233
5879234
5879235
5879236
5879237
5879238
5879239
5879240
5879241
5879242
5879243
5879244
5879245
5879246
5879247
5879248
5879249
5879250
5879251
5879252
5879253
5879254
5879255
5879256
5879257
5879258
5879259
5879260
5879261
5879262
5879263
5879264
5879265
5879266
5879267
5879268
5879269
5879270
5879271
5879272
5879273
5879274
5879275
5879276
5879277
5879278
5879279
5879280
5879281
5879282
5879283
5879284
5879285
5879286
5879287
5879288
5879289
5879290
5879291
5879292
5879293
5879294
5879295
5879296
5879297
5879298
5879299
5879300
5879301
5879302
5879303
5879304
5879305
5879306
5879307
5879308
5879309
5879310
5879311
5879312
5879313
5879314
5879315
5879316
5879317
5879318
5879319
5879320
5879321
5879322
5879323
5879324
5879325
5879326
5879327
5879328
5879329
5879330
5879331
5879332
5879333
5879334
5879335
5879336
5879337
5879338
5879339
5879340
5879341
5879342
5879343
5879344
5879345
5879346
5879347
5879348
5879349
5879350
5879351
5879352
5879353
5879354
5879355
5879356
5879357
5879358
5879359
5879360
5879361
5879362
5879363
5879364
5879365
5879366
5879367
5879368
5879369
5879370
5879371
5879372
5879373
5879374
5879375
5879376
5879377
5879378
5879379
5879380
5879381
5879382
5879383
5879384
5879385
5879386
5879387
5879388
5879389
5879390
5879391
5879392
5879393
5879394
5879395
5879396
5879397
5879398
5879399
5879400
5879401
5879402
5879403
5879404
5879405
5879406
5879407
5879408
5879409
5879410
5879411
5879412
5879413
5879414
5879415
5879416
5879417
5879418
5879419
5879420
5879421
5879422
5879423
5879424
5879425
5879426
5879427
5879428
5879429
5879430
5879431
5879432
5879433
5879434
5879435
5879436
5879437
5879438
5879439
5879440
5879441
5879442
5879443
5879444
5879445
5879446
5879447
5879448
5879449
5879450
5879451
5879452
5879453
5879454
5879455
5879456
5879457
5879458
5879459
5879460
5879461
5879462
5879463
5879464
5879465
5879466
5879467
5879468
5879469
5879470
5879471
5879472
5879473
5879474
5879475
5879476
5879477
5879478
5879479
5879480
5879481
5879482
5879483
5879484
5879485
5879486
5879487
5879488
5879489
5879490
5879491
5879492
5879493
5879494
5879495
5879496
5879497
5879498
5879499
5879500
5879501
5879502
5879503
5879504
5879505
5879506
5879507
5879508
5879509
5879510
5879511
5879512
5879513
5879514
5879515
5879516
5879517
5879518
5879519
5879520
5879521
5879522
5879523
5879524
5879525
5879526
5879527
5879528
5879529
5879530
5879531
5879532
5879533
5879534
5879535
5879536
5879537
5879538
5879539
5879540
5879541
5879542
5879543
5879544
5879545
5879546
5879547
5879548
5879549
5879550
5879551
5879552
5879553
5879554
5879555
5879556
5879557
5879558
5879559
5879560
5879561
5879562
5879563
5879564
5879565
5879566
5879567
5879568
5879569
5879570
5879571
5879572
5879573
5879574
5879575
5879576
5879577
5879578
5879579
5879580
5879581
5879582
5879583
5879584
5879585
5879586
5879587
5879588
5879589
5879590
5879591
5879592
5879593
5879594
5879595
5879596
5879597
5879598
5879599
5879600
5879601
5879602
5879603
5879604
5879605
5879606
5879607
5879608
5879609
5879610
5879611
5879612
5879613
5879614
5879615
5879616
5879617
5879618
5879619
5879620
5879621
5879622
5879623
5879624
5879625
5879626
5879627
5879628
5879629
5879630
5879631
5879632
5879633
5879634
5879635
5879636
5879637
5879638
5879639
5879640
5879641
5879642
5879643
5879644
5879645
5879646
5879647
5879648
5879649
5879650
5879651
5879652
5879653
5879654
5879655
5879656
5879657
5879658
5879659
5879660
5879661
5879662
5879663
5879664
5879665
5879666
5879667
5879668
5879669
5879670
5879671
5879672
5879673
5879674
5879675
5879676
5879677
5879678
5879679
5879680
5879681
5879682
5879683
5879684
5879685
5879686
5879687
5879688
5879689
5879690
5879691
5879692
5879693
5879694
5879695
5879696
5879697
5879698
5879699
5879700
5879701
5879702
5879703
5879704
5879705
5879706
5879707
5879708
5879709
5879710
5879711
5879712
5879713
5879714
5879715
5879716
5879717
5879718
5879719
5879720
5879721
5879722
5879723
5879724
5879725
5879726
5879727
5879728
5879729
5879730
5879731
5879732
5879733
5879734
5879735
5879736
5879737
5879738
5879739
5879740
5879741
5879742
5879743
5879744
5879745
5879746
5879747
5879748
5879749
5879750
5879751
5879752
5879753
5879754
5879755
5879756
5879757
5879758
5879759
5879760
5879761
5879762
5879763
5879764
5879765
5879766
5879767
5879768
5879769
5879770
5879771
5879772
5879773
5879774
5879775
5879776
5879777
5879778
5879779
5879780
5879781
5879782
5879783
5879784
5879785
5879786
5879787
5879788
5879789
5879790
5879791
5879792
5879793
5879794
5879795
5879796
5879797
5879798
5879799
5879800
5879801
5879802
5879803
5879804
5879805
5879806
5879807
5879808
5879809
5879810
5879811
5879812
5879813
5879814
5879815
5879816
5879817
5879818
5879819
5879820
5879821
5879822
5879823
5879824
5879825
5879826
5879827
5879828
5879829
5879830
5879831
5879832
5879833
5879834
5879835
5879836
5879837
5879838
5879839
5879840
5879841
5879842
5879843
5879844
5879845
5879846
5879847
5879848
5879849
5879850
5879851
5879852
5879853
5879854
5879855
5879856
5879857
5879858
5879859
5879860
5879861
5879862
5879863
5879864
5879865
5879866
5879867
5879868
5879869
5879870
5879871
5879872
5879873
5879874
5879875
5879876
5879877
5879878
5879879
5879880
5879881
5879882
5879883
5879884
5879885
5879886
5879887
5879888
5879889
5879890
5879891
5879892
5879893
5879894
5879895
5879896
5879897
5879898
5879899
5879900
5879901
5879902
5879903
5879904
5879905
5879906
5879907
5879908
5879909
5879910
5879911
5879912
5879913
5879914
5879915
5879916
5879917
5879918
5879919
5879920
5879921
5879922
5879923
5879924
5879925
5879926
5879927
5879928
5879929
5879930
5879931
5879932
5879933
5879934
5879935
5879936
5879937
5879938
5879939
5879940
5879941
5879942
5879943
5879944
5879945
5879946
5879947
5879948
5879949
5879950
5879951
5879952
5879953
5879954
5879955
5879956
5879957
5879958
5879959
5879960
5879961
5879962
5879963
5879964
5879965
5879966
5879967
5879968
5879969
5879970
5879971
5879972
5879973
5879974
5879975
5879976
5879977
5879978
5879979
5879980
5879981
5879982
5879983
5879984
5879985
5879986
5879987
5879988
5879989
5879990
5879991
5879992
5879993
5879994
5879995
5879996
5879997
5879998
5879999
5880000
