6690001
6690002
6690003
6690004
6690005
6690006
6690007
6690008
6690009
6690010
6690011
6690012
6690013
6690014
6690015
6690016
6690017
6690018
6690019
6690020
6690021
6690022
6690023
6690024
6690025
6690026
6690027
6690028
6690029
6690030
6690031
6690032
6690033
6690034
6690035
6690036
6690037
6690038
6690039
6690040
6690041
6690042
6690043
6690044
6690045
6690046
6690047
6690048
6690049
6690050
6690051
6690052
6690053
6690054
6690055
6690056
6690057
6690058
6690059
6690060
6690061
6690062
6690063
6690064
6690065
6690066
6690067
6690068
6690069
6690070
6690071
6690072
6690073
6690074
6690075
6690076
6690077
6690078
6690079
6690080
6690081
6690082
6690083
6690084
6690085
6690086
6690087
6690088
6690089
6690090
6690091
6690092
6690093
6690094
6690095
6690096
6690097
6690098
6690099
6690100
6690101
6690102
6690103
6690104
6690105
6690106
6690107
6690108
6690109
6690110
6690111
6690112
6690113
6690114
6690115
6690116
6690117
6690118
6690119
6690120
6690121
6690122
6690123
6690124
6690125
6690126
6690127
6690128
6690129
6690130
6690131
6690132
6690133
6690134
6690135
6690136
6690137
6690138
6690139
6690140
6690141
6690142
6690143
6690144
6690145
6690146
6690147
6690148
6690149
6690150
6690151
6690152
6690153
6690154
6690155
6690156
6690157
6690158
6690159
6690160
6690161
6690162
6690163
6690164
6690165
6690166
6690167
6690168
6690169
6690170
6690171
6690172
6690173
6690174
6690175
6690176
6690177
6690178
6690179
6690180
6690181
6690182
6690183
6690184
6690185
6690186
6690187
6690188
6690189
6690190
6690191
6690192
6690193
6690194
6690195
6690196
6690197
6690198
6690199
6690200
6690201
6690202
6690203
6690204
6690205
6690206
6690207
6690208
6690209
6690210
6690211
6690212
6690213
6690214
6690215
6690216
6690217
6690218
6690219
6690220
6690221
6690222
6690223
6690224
6690225
6690226
6690227
6690228
6690229
6690230
6690231
6690232
6690233
6690234
6690235
6690236
6690237
6690238
6690239
6690240
6690241
6690242
6690243
6690244
6690245
6690246
6690247
6690248
6690249
6690250
6690251
6690252
6690253
6690254
6690255
6690256
6690257
6690258
6690259
6690260
6690261
6690262
6690263
6690264
6690265
6690266
6690267
6690268
6690269
6690270
6690271
6690272
6690273
6690274
6690275
6690276
6690277
6690278
6690279
6690280
6690281
6690282
6690283
6690284
6690285
6690286
6690287
6690288
6690289
6690290
6690291
6690292
6690293
6690294
6690295
6690296
6690297
6690298
6690299
6690300
6690301
6690302
6690303
6690304
6690305
6690306
6690307
6690308
6690309
6690310
6690311
6690312
6690313
6690314
6690315
6690316
6690317
6690318
6690319
6690320
6690321
6690322
6690323
6690324
6690325
6690326
6690327
6690328
6690329
6690330
6690331
6690332
6690333
6690334
6690335
6690336
6690337
6690338
6690339
6690340
6690341
6690342
6690343
6690344
6690345
6690346
6690347
6690348
6690349
6690350
6690351
6690352
6690353
6690354
6690355
6690356
6690357
6690358
6690359
6690360
6690361
6690362
6690363
6690364
6690365
6690366
6690367
6690368
6690369
6690370
6690371
6690372
6690373
6690374
6690375
6690376
6690377
6690378
6690379
6690380
6690381
6690382
6690383
6690384
6690385
6690386
6690387
6690388
6690389
6690390
6690391
6690392
6690393
6690394
6690395
6690396
6690397
6690398
6690399
6690400
6690401
6690402
6690403
6690404
6690405
6690406
6690407
6690408
6690409
6690410
6690411
6690412
6690413
6690414
6690415
6690416
6690417
6690418
6690419
6690420
6690421
6690422
6690423
6690424
6690425
6690426
6690427
6690428
6690429
6690430
6690431
6690432
6690433
6690434
6690435
6690436
6690437
6690438
6690439
6690440
6690441
6690442
6690443
6690444
6690445
6690446
6690447
6690448
6690449
6690450
6690451
6690452
6690453
6690454
6690455
6690456
6690457
6690458
6690459
6690460
6690461
6690462
6690463
6690464
6690465
6690466
6690467
6690468
6690469
6690470
6690471
6690472
6690473
6690474
6690475
6690476
6690477
6690478
6690479
6690480
6690481
6690482
6690483
6690484
6690485
6690486
6690487
6690488
6690489
6690490
6690491
6690492
6690493
6690494
6690495
6690496
6690497
6690498
6690499
6690500
6690501
6690502
6690503
6690504
6690505
6690506
6690507
6690508
6690509
6690510
6690511
6690512
6690513
6690514
6690515
6690516
6690517
6690518
6690519
6690520
6690521
6690522
6690523
6690524
6690525
6690526
6690527
6690528
6690529
6690530
6690531
6690532
6690533
6690534
6690535
6690536
6690537
6690538
6690539
6690540
6690541
6690542
6690543
6690544
6690545
6690546
6690547
6690548
6690549
6690550
6690551
6690552
6690553
6690554
6690555
6690556
6690557
6690558
6690559
6690560
6690561
6690562
6690563
6690564
6690565
6690566
6690567
6690568
6690569
6690570
6690571
6690572
6690573
6690574
6690575
6690576
6690577
6690578
6690579
6690580
6690581
6690582
6690583
6690584
6690585
6690586
6690587
6690588
6690589
6690590
6690591
6690592
6690593
6690594
6690595
6690596
6690597
6690598
6690599
6690600
6690601
6690602
6690603
6690604
6690605
6690606
6690607
6690608
6690609
6690610
6690611
6690612
6690613
6690614
6690615
6690616
6690617
6690618
6690619
6690620
6690621
6690622
6690623
6690624
6690625
6690626
6690627
6690628
6690629
6690630
6690631
6690632
6690633
6690634
6690635
6690636
6690637
6690638
6690639
6690640
6690641
6690642
6690643
6690644
6690645
6690646
6690647
6690648
6690649
6690650
6690651
6690652
6690653
6690654
6690655
6690656
6690657
6690658
6690659
6690660
6690661
6690662
6690663
6690664
6690665
6690666
6690667
6690668
6690669
6690670
6690671
6690672
6690673
6690674
6690675
6690676
6690677
6690678
6690679
6690680
6690681
6690682
6690683
6690684
6690685
6690686
6690687
6690688
6690689
6690690
6690691
6690692
6690693
6690694
6690695
6690696
6690697
6690698
6690699
6690700
6690701
6690702
6690703
6690704
6690705
6690706
6690707
6690708
6690709
6690710
6690711
6690712
6690713
6690714
6690715
6690716
6690717
6690718
6690719
6690720
6690721
6690722
6690723
6690724
6690725
6690726
6690727
6690728
6690729
6690730
6690731
6690732
6690733
6690734
6690735
6690736
6690737
6690738
6690739
6690740
6690741
6690742
6690743
6690744
6690745
6690746
6690747
6690748
6690749
6690750
6690751
6690752
6690753
6690754
6690755
6690756
6690757
6690758
6690759
6690760
6690761
6690762
6690763
6690764
6690765
6690766
6690767
6690768
6690769
6690770
6690771
6690772
6690773
6690774
6690775
6690776
6690777
6690778
6690779
6690780
6690781
6690782
6690783
6690784
6690785
6690786
6690787
6690788
6690789
6690790
6690791
6690792
6690793
6690794
6690795
6690796
6690797
6690798
6690799
6690800
6690801
6690802
6690803
6690804
6690805
6690806
6690807
6690808
6690809
6690810
6690811
6690812
6690813
6690814
6690815
6690816
6690817
6690818
6690819
6690820
6690821
6690822
6690823
6690824
6690825
6690826
6690827
6690828
6690829
6690830
6690831
6690832
6690833
6690834
6690835
6690836
6690837
6690838
6690839
6690840
6690841
6690842
6690843
6690844
6690845
6690846
6690847
6690848
6690849
6690850
6690851
6690852
6690853
6690854
6690855
6690856
6690857
6690858
6690859
6690860
6690861
6690862
6690863
6690864
6690865
6690866
6690867
6690868
6690869
6690870
6690871
6690872
6690873
6690874
6690875
6690876
6690877
6690878
6690879
6690880
6690881
6690882
6690883
6690884
6690885
6690886
6690887
6690888
6690889
6690890
6690891
6690892
6690893
6690894
6690895
6690896
6690897
6690898
6690899
6690900
6690901
6690902
6690903
6690904
6690905
6690906
6690907
6690908
6690909
6690910
6690911
6690912
6690913
6690914
6690915
6690916
6690917
6690918
6690919
6690920
6690921
6690922
6690923
6690924
6690925
6690926
6690927
6690928
6690929
6690930
6690931
6690932
6690933
6690934
6690935
6690936
6690937
6690938
6690939
6690940
6690941
6690942
6690943
6690944
6690945
6690946
6690947
6690948
6690949
6690950
6690951
6690952
6690953
6690954
6690955
6690956
6690957
6690958
6690959
6690960
6690961
6690962
6690963
6690964
6690965
6690966
6690967
6690968
6690969
6690970
6690971
6690972
6690973
6690974
6690975
6690976
6690977
6690978
6690979
6690980
6690981
6690982
6690983
6690984
6690985
6690986
6690987
6690988
6690989
6690990
6690991
6690992
6690993
6690994
6690995
6690996
6690997
6690998
6690999
6691000
6691001
6691002
6691003
6691004
6691005
6691006
6691007
6691008
6691009
6691010
6691011
6691012
6691013
6691014
6691015
6691016
6691017
6691018
6691019
6691020
6691021
6691022
6691023
6691024
6691025
6691026
6691027
6691028
6691029
6691030
6691031
6691032
6691033
6691034
6691035
6691036
6691037
6691038
6691039
6691040
6691041
6691042
6691043
6691044
6691045
6691046
6691047
6691048
6691049
6691050
6691051
6691052
6691053
6691054
6691055
6691056
6691057
6691058
6691059
6691060
6691061
6691062
6691063
6691064
6691065
6691066
6691067
6691068
6691069
6691070
6691071
6691072
6691073
6691074
6691075
6691076
6691077
6691078
6691079
6691080
6691081
6691082
6691083
6691084
6691085
6691086
6691087
6691088
6691089
6691090
6691091
6691092
6691093
6691094
6691095
6691096
6691097
6691098
6691099
6691100
6691101
6691102
6691103
6691104
6691105
6691106
6691107
6691108
6691109
6691110
6691111
6691112
6691113
6691114
6691115
6691116
6691117
6691118
6691119
6691120
6691121
6691122
6691123
6691124
6691125
6691126
6691127
6691128
6691129
6691130
6691131
6691132
6691133
6691134
6691135
6691136
6691137
6691138
6691139
6691140
6691141
6691142
6691143
6691144
6691145
6691146
6691147
6691148
6691149
6691150
6691151
6691152
6691153
6691154
6691155
6691156
6691157
6691158
6691159
6691160
6691161
6691162
6691163
6691164
6691165
6691166
6691167
6691168
6691169
6691170
6691171
6691172
6691173
6691174
6691175
6691176
6691177
6691178
6691179
6691180
6691181
6691182
6691183
6691184
6691185
6691186
6691187
6691188
6691189
6691190
6691191
6691192
6691193
6691194
6691195
6691196
6691197
6691198
6691199
6691200
6691201
6691202
6691203
6691204
6691205
6691206
6691207
6691208
6691209
6691210
6691211
6691212
6691213
6691214
6691215
6691216
6691217
6691218
6691219
6691220
6691221
6691222
6691223
6691224
6691225
6691226
6691227
6691228
6691229
6691230
6691231
6691232
6691233
6691234
6691235
6691236
6691237
6691238
6691239
6691240
6691241
6691242
6691243
6691244
6691245
6691246
6691247
6691248
6691249
6691250
6691251
6691252
6691253
6691254
6691255
6691256
6691257
6691258
6691259
6691260
6691261
6691262
6691263
6691264
6691265
6691266
6691267
6691268
6691269
6691270
6691271
6691272
6691273
6691274
6691275
6691276
6691277
6691278
6691279
6691280
6691281
6691282
6691283
6691284
6691285
6691286
6691287
6691288
6691289
6691290
6691291
6691292
6691293
6691294
6691295
6691296
6691297
6691298
6691299
6691300
6691301
6691302
6691303
6691304
6691305
6691306
6691307
6691308
6691309
6691310
6691311
6691312
6691313
6691314
6691315
6691316
6691317
6691318
6691319
6691320
6691321
6691322
6691323
6691324
6691325
6691326
6691327
6691328
6691329
6691330
6691331
6691332
6691333
6691334
6691335
6691336
6691337
6691338
6691339
6691340
6691341
6691342
6691343
6691344
6691345
6691346
6691347
6691348
6691349
6691350
6691351
6691352
6691353
6691354
6691355
6691356
6691357
6691358
6691359
6691360
6691361
6691362
6691363
6691364
6691365
6691366
6691367
6691368
6691369
6691370
6691371
6691372
6691373
6691374
6691375
6691376
6691377
6691378
6691379
6691380
6691381
6691382
6691383
6691384
6691385
6691386
6691387
6691388
6691389
6691390
6691391
6691392
6691393
6691394
6691395
6691396
6691397
6691398
6691399
6691400
6691401
6691402
6691403
6691404
6691405
6691406
6691407
6691408
6691409
6691410
6691411
6691412
6691413
6691414
6691415
6691416
6691417
6691418
6691419
6691420
6691421
6691422
6691423
6691424
6691425
6691426
6691427
6691428
6691429
6691430
6691431
6691432
6691433
6691434
6691435
6691436
6691437
6691438
6691439
6691440
6691441
6691442
6691443
6691444
6691445
6691446
6691447
6691448
6691449
6691450
6691451
6691452
6691453
6691454
6691455
6691456
6691457
6691458
6691459
6691460
6691461
6691462
6691463
6691464
6691465
6691466
6691467
6691468
6691469
6691470
6691471
6691472
6691473
6691474
6691475
6691476
6691477
6691478
6691479
6691480
6691481
6691482
6691483
6691484
6691485
6691486
6691487
6691488
6691489
6691490
6691491
6691492
6691493
6691494
6691495
6691496
6691497
6691498
6691499
6691500
6691501
6691502
6691503
6691504
6691505
6691506
6691507
6691508
6691509
6691510
6691511
6691512
6691513
6691514
6691515
6691516
6691517
6691518
6691519
6691520
6691521
6691522
6691523
6691524
6691525
6691526
6691527
6691528
6691529
6691530
6691531
6691532
6691533
6691534
6691535
6691536
6691537
6691538
6691539
6691540
6691541
6691542
6691543
6691544
6691545
6691546
6691547
6691548
6691549
6691550
6691551
6691552
6691553
6691554
6691555
6691556
6691557
6691558
6691559
6691560
6691561
6691562
6691563
6691564
6691565
6691566
6691567
6691568
6691569
6691570
6691571
6691572
6691573
6691574
6691575
6691576
6691577
6691578
6691579
6691580
6691581
6691582
6691583
6691584
6691585
6691586
6691587
6691588
6691589
6691590
6691591
6691592
6691593
6691594
6691595
6691596
6691597
6691598
6691599
6691600
6691601
6691602
6691603
6691604
6691605
6691606
6691607
6691608
6691609
6691610
6691611
6691612
6691613
6691614
6691615
6691616
6691617
6691618
6691619
6691620
6691621
6691622
6691623
6691624
6691625
6691626
6691627
6691628
6691629
6691630
6691631
6691632
6691633
6691634
6691635
6691636
6691637
6691638
6691639
6691640
6691641
6691642
6691643
6691644
6691645
6691646
6691647
6691648
6691649
6691650
6691651
6691652
6691653
6691654
6691655
6691656
6691657
6691658
6691659
6691660
6691661
6691662
6691663
6691664
6691665
6691666
6691667
6691668
6691669
6691670
6691671
6691672
6691673
6691674
6691675
6691676
6691677
6691678
6691679
6691680
6691681
6691682
6691683
6691684
6691685
6691686
6691687
6691688
6691689
6691690
6691691
6691692
6691693
6691694
6691695
6691696
6691697
6691698
6691699
6691700
6691701
6691702
6691703
6691704
6691705
6691706
6691707
6691708
6691709
6691710
6691711
6691712
6691713
6691714
6691715
6691716
6691717
6691718
6691719
6691720
6691721
6691722
6691723
6691724
6691725
6691726
6691727
6691728
6691729
6691730
6691731
6691732
6691733
6691734
6691735
6691736
6691737
6691738
6691739
6691740
6691741
6691742
6691743
6691744
6691745
6691746
6691747
6691748
6691749
6691750
6691751
6691752
6691753
6691754
6691755
6691756
6691757
6691758
6691759
6691760
6691761
6691762
6691763
6691764
6691765
6691766
6691767
6691768
6691769
6691770
6691771
6691772
6691773
6691774
6691775
6691776
6691777
6691778
6691779
6691780
6691781
6691782
6691783
6691784
6691785
6691786
6691787
6691788
6691789
6691790
6691791
6691792
6691793
6691794
6691795
6691796
6691797
6691798
6691799
6691800
6691801
6691802
6691803
6691804
6691805
6691806
6691807
6691808
6691809
6691810
6691811
6691812
6691813
6691814
6691815
6691816
6691817
6691818
6691819
6691820
6691821
6691822
6691823
6691824
6691825
6691826
6691827
6691828
6691829
6691830
6691831
6691832
6691833
6691834
6691835
6691836
6691837
6691838
6691839
6691840
6691841
6691842
6691843
6691844
6691845
6691846
6691847
6691848
6691849
6691850
6691851
6691852
6691853
6691854
6691855
6691856
6691857
6691858
6691859
6691860
6691861
6691862
6691863
6691864
6691865
6691866
6691867
6691868
6691869
6691870
6691871
6691872
6691873
6691874
6691875
6691876
6691877
6691878
6691879
6691880
6691881
6691882
6691883
6691884
6691885
6691886
6691887
6691888
6691889
6691890
6691891
6691892
6691893
6691894
6691895
6691896
6691897
6691898
6691899
6691900
6691901
6691902
6691903
6691904
6691905
6691906
6691907
6691908
6691909
6691910
6691911
6691912
6691913
6691914
6691915
6691916
6691917
6691918
6691919
6691920
6691921
6691922
6691923
6691924
6691925
6691926
6691927
6691928
6691929
6691930
6691931
6691932
6691933
6691934
6691935
6691936
6691937
6691938
6691939
6691940
6691941
6691942
6691943
6691944
6691945
6691946
6691947
6691948
6691949
6691950
6691951
6691952
6691953
6691954
6691955
6691956
6691957
6691958
6691959
6691960
6691961
6691962
6691963
6691964
6691965
6691966
6691967
6691968
6691969
6691970
6691971
6691972
6691973
6691974
6691975
6691976
6691977
6691978
6691979
6691980
6691981
6691982
6691983
6691984
6691985
6691986
6691987
6691988
6691989
6691990
6691991
6691992
6691993
6691994
6691995
6691996
6691997
6691998
6691999
6692000
6692001
6692002
6692003
6692004
6692005
6692006
6692007
6692008
6692009
6692010
6692011
6692012
6692013
6692014
6692015
6692016
6692017
6692018
6692019
6692020
6692021
6692022
6692023
6692024
6692025
6692026
6692027
6692028
6692029
6692030
6692031
6692032
6692033
6692034
6692035
6692036
6692037
6692038
6692039
6692040
6692041
6692042
6692043
6692044
6692045
6692046
6692047
6692048
6692049
6692050
6692051
6692052
6692053
6692054
6692055
6692056
6692057
6692058
6692059
6692060
6692061
6692062
6692063
6692064
6692065
6692066
6692067
6692068
6692069
6692070
6692071
6692072
6692073
6692074
6692075
6692076
6692077
6692078
6692079
6692080
6692081
6692082
6692083
6692084
6692085
6692086
6692087
6692088
6692089
6692090
6692091
6692092
6692093
6692094
6692095
6692096
6692097
6692098
6692099
6692100
6692101
6692102
6692103
6692104
6692105
6692106
6692107
6692108
6692109
6692110
6692111
6692112
6692113
6692114
6692115
6692116
6692117
6692118
6692119
6692120
6692121
6692122
6692123
6692124
6692125
6692126
6692127
6692128
6692129
6692130
6692131
6692132
6692133
6692134
6692135
6692136
6692137
6692138
6692139
6692140
6692141
6692142
6692143
6692144
6692145
6692146
6692147
6692148
6692149
6692150
6692151
6692152
6692153
6692154
6692155
6692156
6692157
6692158
6692159
6692160
6692161
6692162
6692163
6692164
6692165
6692166
6692167
6692168
6692169
6692170
6692171
6692172
6692173
6692174
6692175
6692176
6692177
6692178
6692179
6692180
6692181
6692182
6692183
6692184
6692185
6692186
6692187
6692188
6692189
6692190
6692191
6692192
6692193
6692194
6692195
6692196
6692197
6692198
6692199
6692200
6692201
6692202
6692203
6692204
6692205
6692206
6692207
6692208
6692209
6692210
6692211
6692212
6692213
6692214
6692215
6692216
6692217
6692218
6692219
6692220
6692221
6692222
6692223
6692224
6692225
6692226
6692227
6692228
6692229
6692230
6692231
6692232
6692233
6692234
6692235
6692236
6692237
6692238
6692239
6692240
6692241
6692242
6692243
6692244
6692245
6692246
6692247
6692248
6692249
6692250
6692251
6692252
6692253
6692254
6692255
6692256
6692257
6692258
6692259
6692260
6692261
6692262
6692263
6692264
6692265
6692266
6692267
6692268
6692269
6692270
6692271
6692272
6692273
6692274
6692275
6692276
6692277
6692278
6692279
6692280
6692281
6692282
6692283
6692284
6692285
6692286
6692287
6692288
6692289
6692290
6692291
6692292
6692293
6692294
6692295
6692296
6692297
6692298
6692299
6692300
6692301
6692302
6692303
6692304
6692305
6692306
6692307
6692308
6692309
6692310
6692311
6692312
6692313
6692314
6692315
6692316
6692317
6692318
6692319
6692320
6692321
6692322
6692323
6692324
6692325
6692326
6692327
6692328
6692329
6692330
6692331
6692332
6692333
6692334
6692335
6692336
6692337
6692338
6692339
6692340
6692341
6692342
6692343
6692344
6692345
6692346
6692347
6692348
6692349
6692350
6692351
6692352
6692353
6692354
6692355
6692356
6692357
6692358
6692359
6692360
6692361
6692362
6692363
6692364
6692365
6692366
6692367
6692368
6692369
6692370
6692371
6692372
6692373
6692374
6692375
6692376
6692377
6692378
6692379
6692380
6692381
6692382
6692383
6692384
6692385
6692386
6692387
6692388
6692389
6692390
6692391
6692392
6692393
6692394
6692395
6692396
6692397
6692398
6692399
6692400
6692401
6692402
6692403
6692404
6692405
6692406
6692407
6692408
6692409
6692410
6692411
6692412
6692413
6692414
6692415
6692416
6692417
6692418
6692419
6692420
6692421
6692422
6692423
6692424
6692425
6692426
6692427
6692428
6692429
6692430
6692431
6692432
6692433
6692434
6692435
6692436
6692437
6692438
6692439
6692440
6692441
6692442
6692443
6692444
6692445
6692446
6692447
6692448
6692449
6692450
6692451
6692452
6692453
6692454
6692455
6692456
6692457
6692458
6692459
6692460
6692461
6692462
6692463
6692464
6692465
6692466
6692467
6692468
6692469
6692470
6692471
6692472
6692473
6692474
6692475
6692476
6692477
6692478
6692479
6692480
6692481
6692482
6692483
6692484
6692485
6692486
6692487
6692488
6692489
6692490
6692491
6692492
6692493
6692494
6692495
6692496
6692497
6692498
6692499
6692500
6692501
6692502
6692503
6692504
6692505
6692506
6692507
6692508
6692509
6692510
6692511
6692512
6692513
6692514
6692515
6692516
6692517
6692518
6692519
6692520
6692521
6692522
6692523
6692524
6692525
6692526
6692527
6692528
6692529
6692530
6692531
6692532
6692533
6692534
6692535
6692536
6692537
6692538
6692539
6692540
6692541
6692542
6692543
6692544
6692545
6692546
6692547
6692548
6692549
6692550
6692551
6692552
6692553
6692554
6692555
6692556
6692557
6692558
6692559
6692560
6692561
6692562
6692563
6692564
6692565
6692566
6692567
6692568
6692569
6692570
6692571
6692572
6692573
6692574
6692575
6692576
6692577
6692578
6692579
6692580
6692581
6692582
6692583
6692584
6692585
6692586
6692587
6692588
6692589
6692590
6692591
6692592
6692593
6692594
6692595
6692596
6692597
6692598
6692599
6692600
6692601
6692602
6692603
6692604
6692605
6692606
6692607
6692608
6692609
6692610
6692611
6692612
6692613
6692614
6692615
6692616
6692617
6692618
6692619
6692620
6692621
6692622
6692623
6692624
6692625
6692626
6692627
6692628
6692629
6692630
6692631
6692632
6692633
6692634
6692635
6692636
6692637
6692638
6692639
6692640
6692641
6692642
6692643
6692644
6692645
6692646
6692647
6692648
6692649
6692650
6692651
6692652
6692653
6692654
6692655
6692656
6692657
6692658
6692659
6692660
6692661
6692662
6692663
6692664
6692665
6692666
6692667
6692668
6692669
6692670
6692671
6692672
6692673
6692674
6692675
6692676
6692677
6692678
6692679
6692680
6692681
6692682
6692683
6692684
6692685
6692686
6692687
6692688
6692689
6692690
6692691
6692692
6692693
6692694
6692695
6692696
6692697
6692698
6692699
6692700
6692701
6692702
6692703
6692704
6692705
6692706
6692707
6692708
6692709
6692710
6692711
6692712
6692713
6692714
6692715
6692716
6692717
6692718
6692719
6692720
6692721
6692722
6692723
6692724
6692725
6692726
6692727
6692728
6692729
6692730
6692731
6692732
6692733
6692734
6692735
6692736
6692737
6692738
6692739
6692740
6692741
6692742
6692743
6692744
6692745
6692746
6692747
6692748
6692749
6692750
6692751
6692752
6692753
6692754
6692755
6692756
6692757
6692758
6692759
6692760
6692761
6692762
6692763
6692764
6692765
6692766
6692767
6692768
6692769
6692770
6692771
6692772
6692773
6692774
6692775
6692776
6692777
6692778
6692779
6692780
6692781
6692782
6692783
6692784
6692785
6692786
6692787
6692788
6692789
6692790
6692791
6692792
6692793
6692794
6692795
6692796
6692797
6692798
6692799
6692800
6692801
6692802
6692803
6692804
6692805
6692806
6692807
6692808
6692809
6692810
6692811
6692812
6692813
6692814
6692815
6692816
6692817
6692818
6692819
6692820
6692821
6692822
6692823
6692824
6692825
6692826
6692827
6692828
6692829
6692830
6692831
6692832
6692833
6692834
6692835
6692836
6692837
6692838
6692839
6692840
6692841
6692842
6692843
6692844
6692845
6692846
6692847
6692848
6692849
6692850
6692851
6692852
6692853
6692854
6692855
6692856
6692857
6692858
6692859
6692860
6692861
6692862
6692863
6692864
6692865
6692866
6692867
6692868
6692869
6692870
6692871
6692872
6692873
6692874
6692875
6692876
6692877
6692878
6692879
6692880
6692881
6692882
6692883
6692884
6692885
6692886
6692887
6692888
6692889
6692890
6692891
6692892
6692893
6692894
6692895
6692896
6692897
6692898
6692899
6692900
6692901
6692902
6692903
6692904
6692905
6692906
6692907
6692908
6692909
6692910
6692911
6692912
6692913
6692914
6692915
6692916
6692917
6692918
6692919
6692920
6692921
6692922
6692923
6692924
6692925
6692926
6692927
6692928
6692929
6692930
6692931
6692932
6692933
6692934
6692935
6692936
6692937
6692938
6692939
6692940
6692941
6692942
6692943
6692944
6692945
6692946
6692947
6692948
6692949
6692950
6692951
6692952
6692953
6692954
6692955
6692956
6692957
6692958
6692959
6692960
6692961
6692962
6692963
6692964
6692965
6692966
6692967
6692968
6692969
6692970
6692971
6692972
6692973
6692974
6692975
6692976
6692977
6692978
6692979
6692980
6692981
6692982
6692983
6692984
6692985
6692986
6692987
6692988
6692989
6692990
6692991
6692992
6692993
6692994
6692995
6692996
6692997
6692998
6692999
6693000
6693001
6693002
6693003
6693004
6693005
6693006
6693007
6693008
6693009
6693010
6693011
6693012
6693013
6693014
6693015
6693016
6693017
6693018
6693019
6693020
6693021
6693022
6693023
6693024
6693025
6693026
6693027
6693028
6693029
6693030
6693031
6693032
6693033
6693034
6693035
6693036
6693037
6693038
6693039
6693040
6693041
6693042
6693043
6693044
6693045
6693046
6693047
6693048
6693049
6693050
6693051
6693052
6693053
6693054
6693055
6693056
6693057
6693058
6693059
6693060
6693061
6693062
6693063
6693064
6693065
6693066
6693067
6693068
6693069
6693070
6693071
6693072
6693073
6693074
6693075
6693076
6693077
6693078
6693079
6693080
6693081
6693082
6693083
6693084
6693085
6693086
6693087
6693088
6693089
6693090
6693091
6693092
6693093
6693094
6693095
6693096
6693097
6693098
6693099
6693100
6693101
6693102
6693103
6693104
6693105
6693106
6693107
6693108
6693109
6693110
6693111
6693112
6693113
6693114
6693115
6693116
6693117
6693118
6693119
6693120
6693121
6693122
6693123
6693124
6693125
6693126
6693127
6693128
6693129
6693130
6693131
6693132
6693133
6693134
6693135
6693136
6693137
6693138
6693139
6693140
6693141
6693142
6693143
6693144
6693145
6693146
6693147
6693148
6693149
6693150
6693151
6693152
6693153
6693154
6693155
6693156
6693157
6693158
6693159
6693160
6693161
6693162
6693163
6693164
6693165
6693166
6693167
6693168
6693169
6693170
6693171
6693172
6693173
6693174
6693175
6693176
6693177
6693178
6693179
6693180
6693181
6693182
6693183
6693184
6693185
6693186
6693187
6693188
6693189
6693190
6693191
6693192
6693193
6693194
6693195
6693196
6693197
6693198
6693199
6693200
6693201
6693202
6693203
6693204
6693205
6693206
6693207
6693208
6693209
6693210
6693211
6693212
6693213
6693214
6693215
6693216
6693217
6693218
6693219
6693220
6693221
6693222
6693223
6693224
6693225
6693226
6693227
6693228
6693229
6693230
6693231
6693232
6693233
6693234
6693235
6693236
6693237
6693238
6693239
6693240
6693241
6693242
6693243
6693244
6693245
6693246
6693247
6693248
6693249
6693250
6693251
6693252
6693253
6693254
6693255
6693256
6693257
6693258
6693259
6693260
6693261
6693262
6693263
6693264
6693265
6693266
6693267
6693268
6693269
6693270
6693271
6693272
6693273
6693274
6693275
6693276
6693277
6693278
6693279
6693280
6693281
6693282
6693283
6693284
6693285
6693286
6693287
6693288
6693289
6693290
6693291
6693292
6693293
6693294
6693295
6693296
6693297
6693298
6693299
6693300
6693301
6693302
6693303
6693304
6693305
6693306
6693307
6693308
6693309
6693310
6693311
6693312
6693313
6693314
6693315
6693316
6693317
6693318
6693319
6693320
6693321
6693322
6693323
6693324
6693325
6693326
6693327
6693328
6693329
6693330
6693331
6693332
6693333
6693334
6693335
6693336
6693337
6693338
6693339
6693340
6693341
6693342
6693343
6693344
6693345
6693346
6693347
6693348
6693349
6693350
6693351
6693352
6693353
6693354
6693355
6693356
6693357
6693358
6693359
6693360
6693361
6693362
6693363
6693364
6693365
6693366
6693367
6693368
6693369
6693370
6693371
6693372
6693373
6693374
6693375
6693376
6693377
6693378
6693379
6693380
6693381
6693382
6693383
6693384
6693385
6693386
6693387
6693388
6693389
6693390
6693391
6693392
6693393
6693394
6693395
6693396
6693397
6693398
6693399
6693400
6693401
6693402
6693403
6693404
6693405
6693406
6693407
6693408
6693409
6693410
6693411
6693412
6693413
6693414
6693415
6693416
6693417
6693418
6693419
6693420
6693421
6693422
6693423
6693424
6693425
6693426
6693427
6693428
6693429
6693430
6693431
6693432
6693433
6693434
6693435
6693436
6693437
6693438
6693439
6693440
6693441
6693442
6693443
6693444
6693445
6693446
6693447
6693448
6693449
6693450
6693451
6693452
6693453
6693454
6693455
6693456
6693457
6693458
6693459
6693460
6693461
6693462
6693463
6693464
6693465
6693466
6693467
6693468
6693469
6693470
6693471
6693472
6693473
6693474
6693475
6693476
6693477
6693478
6693479
6693480
6693481
6693482
6693483
6693484
6693485
6693486
6693487
6693488
6693489
6693490
6693491
6693492
6693493
6693494
6693495
6693496
6693497
6693498
6693499
6693500
6693501
6693502
6693503
6693504
6693505
6693506
6693507
6693508
6693509
6693510
6693511
6693512
6693513
6693514
6693515
6693516
6693517
6693518
6693519
6693520
6693521
6693522
6693523
6693524
6693525
6693526
6693527
6693528
6693529
6693530
6693531
6693532
6693533
6693534
6693535
6693536
6693537
6693538
6693539
6693540
6693541
6693542
6693543
6693544
6693545
6693546
6693547
6693548
6693549
6693550
6693551
6693552
6693553
6693554
6693555
6693556
6693557
6693558
6693559
6693560
6693561
6693562
6693563
6693564
6693565
6693566
6693567
6693568
6693569
6693570
6693571
6693572
6693573
6693574
6693575
6693576
6693577
6693578
6693579
6693580
6693581
6693582
6693583
6693584
6693585
6693586
6693587
6693588
6693589
6693590
6693591
6693592
6693593
6693594
6693595
6693596
6693597
6693598
6693599
6693600
6693601
6693602
6693603
6693604
6693605
6693606
6693607
6693608
6693609
6693610
6693611
6693612
6693613
6693614
6693615
6693616
6693617
6693618
6693619
6693620
6693621
6693622
6693623
6693624
6693625
6693626
6693627
6693628
6693629
6693630
6693631
6693632
6693633
6693634
6693635
6693636
6693637
6693638
6693639
6693640
6693641
6693642
6693643
6693644
6693645
6693646
6693647
6693648
6693649
6693650
6693651
6693652
6693653
6693654
6693655
6693656
6693657
6693658
6693659
6693660
6693661
6693662
6693663
6693664
6693665
6693666
6693667
6693668
6693669
6693670
6693671
6693672
6693673
6693674
6693675
6693676
6693677
6693678
6693679
6693680
6693681
6693682
6693683
6693684
6693685
6693686
6693687
6693688
6693689
6693690
6693691
6693692
6693693
6693694
6693695
6693696
6693697
6693698
6693699
6693700
6693701
6693702
6693703
6693704
6693705
6693706
6693707
6693708
6693709
6693710
6693711
6693712
6693713
6693714
6693715
6693716
6693717
6693718
6693719
6693720
6693721
6693722
6693723
6693724
6693725
6693726
6693727
6693728
6693729
6693730
6693731
6693732
6693733
6693734
6693735
6693736
6693737
6693738
6693739
6693740
6693741
6693742
6693743
6693744
6693745
6693746
6693747
6693748
6693749
6693750
6693751
6693752
6693753
6693754
6693755
6693756
6693757
6693758
6693759
6693760
6693761
6693762
6693763
6693764
6693765
6693766
6693767
6693768
6693769
6693770
6693771
6693772
6693773
6693774
6693775
6693776
6693777
6693778
6693779
6693780
6693781
6693782
6693783
6693784
6693785
6693786
6693787
6693788
6693789
6693790
6693791
6693792
6693793
6693794
6693795
6693796
6693797
6693798
6693799
6693800
6693801
6693802
6693803
6693804
6693805
6693806
6693807
6693808
6693809
6693810
6693811
6693812
6693813
6693814
6693815
6693816
6693817
6693818
6693819
6693820
6693821
6693822
6693823
6693824
6693825
6693826
6693827
6693828
6693829
6693830
6693831
6693832
6693833
6693834
6693835
6693836
6693837
6693838
6693839
6693840
6693841
6693842
6693843
6693844
6693845
6693846
6693847
6693848
6693849
6693850
6693851
6693852
6693853
6693854
6693855
6693856
6693857
6693858
6693859
6693860
6693861
6693862
6693863
6693864
6693865
6693866
6693867
6693868
6693869
6693870
6693871
6693872
6693873
6693874
6693875
6693876
6693877
6693878
6693879
6693880
6693881
6693882
6693883
6693884
6693885
6693886
6693887
6693888
6693889
6693890
6693891
6693892
6693893
6693894
6693895
6693896
6693897
6693898
6693899
6693900
6693901
6693902
6693903
6693904
6693905
6693906
6693907
6693908
6693909
6693910
6693911
6693912
6693913
6693914
6693915
6693916
6693917
6693918
6693919
6693920
6693921
6693922
6693923
6693924
6693925
6693926
6693927
6693928
6693929
6693930
6693931
6693932
6693933
6693934
6693935
6693936
6693937
6693938
6693939
6693940
6693941
6693942
6693943
6693944
6693945
6693946
6693947
6693948
6693949
6693950
6693951
6693952
6693953
6693954
6693955
6693956
6693957
6693958
6693959
6693960
6693961
6693962
6693963
6693964
6693965
6693966
6693967
6693968
6693969
6693970
6693971
6693972
6693973
6693974
6693975
6693976
6693977
6693978
6693979
6693980
6693981
6693982
6693983
6693984
6693985
6693986
6693987
6693988
6693989
6693990
6693991
6693992
6693993
6693994
6693995
6693996
6693997
6693998
6693999
6694000
6694001
6694002
6694003
6694004
6694005
6694006
6694007
6694008
6694009
6694010
6694011
6694012
6694013
6694014
6694015
6694016
6694017
6694018
6694019
6694020
6694021
6694022
6694023
6694024
6694025
6694026
6694027
6694028
6694029
6694030
6694031
6694032
6694033
6694034
6694035
6694036
6694037
6694038
6694039
6694040
6694041
6694042
6694043
6694044
6694045
6694046
6694047
6694048
6694049
6694050
6694051
6694052
6694053
6694054
6694055
6694056
6694057
6694058
6694059
6694060
6694061
6694062
6694063
6694064
6694065
6694066
6694067
6694068
6694069
6694070
6694071
6694072
6694073
6694074
6694075
6694076
6694077
6694078
6694079
6694080
6694081
6694082
6694083
6694084
6694085
6694086
6694087
6694088
6694089
6694090
6694091
6694092
6694093
6694094
6694095
6694096
6694097
6694098
6694099
6694100
6694101
6694102
6694103
6694104
6694105
6694106
6694107
6694108
6694109
6694110
6694111
6694112
6694113
6694114
6694115
6694116
6694117
6694118
6694119
6694120
6694121
6694122
6694123
6694124
6694125
6694126
6694127
6694128
6694129
6694130
6694131
6694132
6694133
6694134
6694135
6694136
6694137
6694138
6694139
6694140
6694141
6694142
6694143
6694144
6694145
6694146
6694147
6694148
6694149
6694150
6694151
6694152
6694153
6694154
6694155
6694156
6694157
6694158
6694159
6694160
6694161
6694162
6694163
6694164
6694165
6694166
6694167
6694168
6694169
6694170
6694171
6694172
6694173
6694174
6694175
6694176
6694177
6694178
6694179
6694180
6694181
6694182
6694183
6694184
6694185
6694186
6694187
6694188
6694189
6694190
6694191
6694192
6694193
6694194
6694195
6694196
6694197
6694198
6694199
6694200
6694201
6694202
6694203
6694204
6694205
6694206
6694207
6694208
6694209
6694210
6694211
6694212
6694213
6694214
6694215
6694216
6694217
6694218
6694219
6694220
6694221
6694222
6694223
6694224
6694225
6694226
6694227
6694228
6694229
6694230
6694231
6694232
6694233
6694234
6694235
6694236
6694237
6694238
6694239
6694240
6694241
6694242
6694243
6694244
6694245
6694246
6694247
6694248
6694249
6694250
6694251
6694252
6694253
6694254
6694255
6694256
6694257
6694258
6694259
6694260
6694261
6694262
6694263
6694264
6694265
6694266
6694267
6694268
6694269
6694270
6694271
6694272
6694273
6694274
6694275
6694276
6694277
6694278
6694279
6694280
6694281
6694282
6694283
6694284
6694285
6694286
6694287
6694288
6694289
6694290
6694291
6694292
6694293
6694294
6694295
6694296
6694297
6694298
6694299
6694300
6694301
6694302
6694303
6694304
6694305
6694306
6694307
6694308
6694309
6694310
6694311
6694312
6694313
6694314
6694315
6694316
6694317
6694318
6694319
6694320
6694321
6694322
6694323
6694324
6694325
6694326
6694327
6694328
6694329
6694330
6694331
6694332
6694333
6694334
6694335
6694336
6694337
6694338
6694339
6694340
6694341
6694342
6694343
6694344
6694345
6694346
6694347
6694348
6694349
6694350
6694351
6694352
6694353
6694354
6694355
6694356
6694357
6694358
6694359
6694360
6694361
6694362
6694363
6694364
6694365
6694366
6694367
6694368
6694369
6694370
6694371
6694372
6694373
6694374
6694375
6694376
6694377
6694378
6694379
6694380
6694381
6694382
6694383
6694384
6694385
6694386
6694387
6694388
6694389
6694390
6694391
6694392
6694393
6694394
6694395
6694396
6694397
6694398
6694399
6694400
6694401
6694402
6694403
6694404
6694405
6694406
6694407
6694408
6694409
6694410
6694411
6694412
6694413
6694414
6694415
6694416
6694417
6694418
6694419
6694420
6694421
6694422
6694423
6694424
6694425
6694426
6694427
6694428
6694429
6694430
6694431
6694432
6694433
6694434
6694435
6694436
6694437
6694438
6694439
6694440
6694441
6694442
6694443
6694444
6694445
6694446
6694447
6694448
6694449
6694450
6694451
6694452
6694453
6694454
6694455
6694456
6694457
6694458
6694459
6694460
6694461
6694462
6694463
6694464
6694465
6694466
6694467
6694468
6694469
6694470
6694471
6694472
6694473
6694474
6694475
6694476
6694477
6694478
6694479
6694480
6694481
6694482
6694483
6694484
6694485
6694486
6694487
6694488
6694489
6694490
6694491
6694492
6694493
6694494
6694495
6694496
6694497
6694498
6694499
6694500
6694501
6694502
6694503
6694504
6694505
6694506
6694507
6694508
6694509
6694510
6694511
6694512
6694513
6694514
6694515
6694516
6694517
6694518
6694519
6694520
6694521
6694522
6694523
6694524
6694525
6694526
6694527
6694528
6694529
6694530
6694531
6694532
6694533
6694534
6694535
6694536
6694537
6694538
6694539
6694540
6694541
6694542
6694543
6694544
6694545
6694546
6694547
6694548
6694549
6694550
6694551
6694552
6694553
6694554
6694555
6694556
6694557
6694558
6694559
6694560
6694561
6694562
6694563
6694564
6694565
6694566
6694567
6694568
6694569
6694570
6694571
6694572
6694573
6694574
6694575
6694576
6694577
6694578
6694579
6694580
6694581
6694582
6694583
6694584
6694585
6694586
6694587
6694588
6694589
6694590
6694591
6694592
6694593
6694594
6694595
6694596
6694597
6694598
6694599
6694600
6694601
6694602
6694603
6694604
6694605
6694606
6694607
6694608
6694609
6694610
6694611
6694612
6694613
6694614
6694615
6694616
6694617
6694618
6694619
6694620
6694621
6694622
6694623
6694624
6694625
6694626
6694627
6694628
6694629
6694630
6694631
6694632
6694633
6694634
6694635
6694636
6694637
6694638
6694639
6694640
6694641
6694642
6694643
6694644
6694645
6694646
6694647
6694648
6694649
6694650
6694651
6694652
6694653
6694654
6694655
6694656
6694657
6694658
6694659
6694660
6694661
6694662
6694663
6694664
6694665
6694666
6694667
6694668
6694669
6694670
6694671
6694672
6694673
6694674
6694675
6694676
6694677
6694678
6694679
6694680
6694681
6694682
6694683
6694684
6694685
6694686
6694687
6694688
6694689
6694690
6694691
6694692
6694693
6694694
6694695
6694696
6694697
6694698
6694699
6694700
6694701
6694702
6694703
6694704
6694705
6694706
6694707
6694708
6694709
6694710
6694711
6694712
6694713
6694714
6694715
6694716
6694717
6694718
6694719
6694720
6694721
6694722
6694723
6694724
6694725
6694726
6694727
6694728
6694729
6694730
6694731
6694732
6694733
6694734
6694735
6694736
6694737
6694738
6694739
6694740
6694741
6694742
6694743
6694744
6694745
6694746
6694747
6694748
6694749
6694750
6694751
6694752
6694753
6694754
6694755
6694756
6694757
6694758
6694759
6694760
6694761
6694762
6694763
6694764
6694765
6694766
6694767
6694768
6694769
6694770
6694771
6694772
6694773
6694774
6694775
6694776
6694777
6694778
6694779
6694780
6694781
6694782
6694783
6694784
6694785
6694786
6694787
6694788
6694789
6694790
6694791
6694792
6694793
6694794
6694795
6694796
6694797
6694798
6694799
6694800
6694801
6694802
6694803
6694804
6694805
6694806
6694807
6694808
6694809
6694810
6694811
6694812
6694813
6694814
6694815
6694816
6694817
6694818
6694819
6694820
6694821
6694822
6694823
6694824
6694825
6694826
6694827
6694828
6694829
6694830
6694831
6694832
6694833
6694834
6694835
6694836
6694837
6694838
6694839
6694840
6694841
6694842
6694843
6694844
6694845
6694846
6694847
6694848
6694849
6694850
6694851
6694852
6694853
6694854
6694855
6694856
6694857
6694858
6694859
6694860
6694861
6694862
6694863
6694864
6694865
6694866
6694867
6694868
6694869
6694870
6694871
6694872
6694873
6694874
6694875
6694876
6694877
6694878
6694879
6694880
6694881
6694882
6694883
6694884
6694885
6694886
6694887
6694888
6694889
6694890
6694891
6694892
6694893
6694894
6694895
6694896
6694897
6694898
6694899
6694900
6694901
6694902
6694903
6694904
6694905
6694906
6694907
6694908
6694909
6694910
6694911
6694912
6694913
6694914
6694915
6694916
6694917
6694918
6694919
6694920
6694921
6694922
6694923
6694924
6694925
6694926
6694927
6694928
6694929
6694930
6694931
6694932
6694933
6694934
6694935
6694936
6694937
6694938
6694939
6694940
6694941
6694942
6694943
6694944
6694945
6694946
6694947
6694948
6694949
6694950
6694951
6694952
6694953
6694954
6694955
6694956
6694957
6694958
6694959
6694960
6694961
6694962
6694963
6694964
6694965
6694966
6694967
6694968
6694969
6694970
6694971
6694972
6694973
6694974
6694975
6694976
6694977
6694978
6694979
6694980
6694981
6694982
6694983
6694984
6694985
6694986
6694987
6694988
6694989
6694990
6694991
6694992
6694993
6694994
6694995
6694996
6694997
6694998
6694999
6695000
6695001
6695002
6695003
6695004
6695005
6695006
6695007
6695008
6695009
6695010
6695011
6695012
6695013
6695014
6695015
6695016
6695017
6695018
6695019
6695020
6695021
6695022
6695023
6695024
6695025
6695026
6695027
6695028
6695029
6695030
6695031
6695032
6695033
6695034
6695035
6695036
6695037
6695038
6695039
6695040
6695041
6695042
6695043
6695044
6695045
6695046
6695047
6695048
6695049
6695050
6695051
6695052
6695053
6695054
6695055
6695056
6695057
6695058
6695059
6695060
6695061
6695062
6695063
6695064
6695065
6695066
6695067
6695068
6695069
6695070
6695071
6695072
6695073
6695074
6695075
6695076
6695077
6695078
6695079
6695080
6695081
6695082
6695083
6695084
6695085
6695086
6695087
6695088
6695089
6695090
6695091
6695092
6695093
6695094
6695095
6695096
6695097
6695098
6695099
6695100
6695101
6695102
6695103
6695104
6695105
6695106
6695107
6695108
6695109
6695110
6695111
6695112
6695113
6695114
6695115
6695116
6695117
6695118
6695119
6695120
6695121
6695122
6695123
6695124
6695125
6695126
6695127
6695128
6695129
6695130
6695131
6695132
6695133
6695134
6695135
6695136
6695137
6695138
6695139
6695140
6695141
6695142
6695143
6695144
6695145
6695146
6695147
6695148
6695149
6695150
6695151
6695152
6695153
6695154
6695155
6695156
6695157
6695158
6695159
6695160
6695161
6695162
6695163
6695164
6695165
6695166
6695167
6695168
6695169
6695170
6695171
6695172
6695173
6695174
6695175
6695176
6695177
6695178
6695179
6695180
6695181
6695182
6695183
6695184
6695185
6695186
6695187
6695188
6695189
6695190
6695191
6695192
6695193
6695194
6695195
6695196
6695197
6695198
6695199
6695200
6695201
6695202
6695203
6695204
6695205
6695206
6695207
6695208
6695209
6695210
6695211
6695212
6695213
6695214
6695215
6695216
6695217
6695218
6695219
6695220
6695221
6695222
6695223
6695224
6695225
6695226
6695227
6695228
6695229
6695230
6695231
6695232
6695233
6695234
6695235
6695236
6695237
6695238
6695239
6695240
6695241
6695242
6695243
6695244
6695245
6695246
6695247
6695248
6695249
6695250
6695251
6695252
6695253
6695254
6695255
6695256
6695257
6695258
6695259
6695260
6695261
6695262
6695263
6695264
6695265
6695266
6695267
6695268
6695269
6695270
6695271
6695272
6695273
6695274
6695275
6695276
6695277
6695278
6695279
6695280
6695281
6695282
6695283
6695284
6695285
6695286
6695287
6695288
6695289
6695290
6695291
6695292
6695293
6695294
6695295
6695296
6695297
6695298
6695299
6695300
6695301
6695302
6695303
6695304
6695305
6695306
6695307
6695308
6695309
6695310
6695311
6695312
6695313
6695314
6695315
6695316
6695317
6695318
6695319
6695320
6695321
6695322
6695323
6695324
6695325
6695326
6695327
6695328
6695329
6695330
6695331
6695332
6695333
6695334
6695335
6695336
6695337
6695338
6695339
6695340
6695341
6695342
6695343
6695344
6695345
6695346
6695347
6695348
6695349
6695350
6695351
6695352
6695353
6695354
6695355
6695356
6695357
6695358
6695359
6695360
6695361
6695362
6695363
6695364
6695365
6695366
6695367
6695368
6695369
6695370
6695371
6695372
6695373
6695374
6695375
6695376
6695377
6695378
6695379
6695380
6695381
6695382
6695383
6695384
6695385
6695386
6695387
6695388
6695389
6695390
6695391
6695392
6695393
6695394
6695395
6695396
6695397
6695398
6695399
6695400
6695401
6695402
6695403
6695404
6695405
6695406
6695407
6695408
6695409
6695410
6695411
6695412
6695413
6695414
6695415
6695416
6695417
6695418
6695419
6695420
6695421
6695422
6695423
6695424
6695425
6695426
6695427
6695428
6695429
6695430
6695431
6695432
6695433
6695434
6695435
6695436
6695437
6695438
6695439
6695440
6695441
6695442
6695443
6695444
6695445
6695446
6695447
6695448
6695449
6695450
6695451
6695452
6695453
6695454
6695455
6695456
6695457
6695458
6695459
6695460
6695461
6695462
6695463
6695464
6695465
6695466
6695467
6695468
6695469
6695470
6695471
6695472
6695473
6695474
6695475
6695476
6695477
6695478
6695479
6695480
6695481
6695482
6695483
6695484
6695485
6695486
6695487
6695488
6695489
6695490
6695491
6695492
6695493
6695494
6695495
6695496
6695497
6695498
6695499
6695500
6695501
6695502
6695503
6695504
6695505
6695506
6695507
6695508
6695509
6695510
6695511
6695512
6695513
6695514
6695515
6695516
6695517
6695518
6695519
6695520
6695521
6695522
6695523
6695524
6695525
6695526
6695527
6695528
6695529
6695530
6695531
6695532
6695533
6695534
6695535
6695536
6695537
6695538
6695539
6695540
6695541
6695542
6695543
6695544
6695545
6695546
6695547
6695548
6695549
6695550
6695551
6695552
6695553
6695554
6695555
6695556
6695557
6695558
6695559
6695560
6695561
6695562
6695563
6695564
6695565
6695566
6695567
6695568
6695569
6695570
6695571
6695572
6695573
6695574
6695575
6695576
6695577
6695578
6695579
6695580
6695581
6695582
6695583
6695584
6695585
6695586
6695587
6695588
6695589
6695590
6695591
6695592
6695593
6695594
6695595
6695596
6695597
6695598
6695599
6695600
6695601
6695602
6695603
6695604
6695605
6695606
6695607
6695608
6695609
6695610
6695611
6695612
6695613
6695614
6695615
6695616
6695617
6695618
6695619
6695620
6695621
6695622
6695623
6695624
6695625
6695626
6695627
6695628
6695629
6695630
6695631
6695632
6695633
6695634
6695635
6695636
6695637
6695638
6695639
6695640
6695641
6695642
6695643
6695644
6695645
6695646
6695647
6695648
6695649
6695650
6695651
6695652
6695653
6695654
6695655
6695656
6695657
6695658
6695659
6695660
6695661
6695662
6695663
6695664
6695665
6695666
6695667
6695668
6695669
6695670
6695671
6695672
6695673
6695674
6695675
6695676
6695677
6695678
6695679
6695680
6695681
6695682
6695683
6695684
6695685
6695686
6695687
6695688
6695689
6695690
6695691
6695692
6695693
6695694
6695695
6695696
6695697
6695698
6695699
6695700
6695701
6695702
6695703
6695704
6695705
6695706
6695707
6695708
6695709
6695710
6695711
6695712
6695713
6695714
6695715
6695716
6695717
6695718
6695719
6695720
6695721
6695722
6695723
6695724
6695725
6695726
6695727
6695728
6695729
6695730
6695731
6695732
6695733
6695734
6695735
6695736
6695737
6695738
6695739
6695740
6695741
6695742
6695743
6695744
6695745
6695746
6695747
6695748
6695749
6695750
6695751
6695752
6695753
6695754
6695755
6695756
6695757
6695758
6695759
6695760
6695761
6695762
6695763
6695764
6695765
6695766
6695767
6695768
6695769
6695770
6695771
6695772
6695773
6695774
6695775
6695776
6695777
6695778
6695779
6695780
6695781
6695782
6695783
6695784
6695785
6695786
6695787
6695788
6695789
6695790
6695791
6695792
6695793
6695794
6695795
6695796
6695797
6695798
6695799
6695800
6695801
6695802
6695803
6695804
6695805
6695806
6695807
6695808
6695809
6695810
6695811
6695812
6695813
6695814
6695815
6695816
6695817
6695818
6695819
6695820
6695821
6695822
6695823
6695824
6695825
6695826
6695827
6695828
6695829
6695830
6695831
6695832
6695833
6695834
6695835
6695836
6695837
6695838
6695839
6695840
6695841
6695842
6695843
6695844
6695845
6695846
6695847
6695848
6695849
6695850
6695851
6695852
6695853
6695854
6695855
6695856
6695857
6695858
6695859
6695860
6695861
6695862
6695863
6695864
6695865
6695866
6695867
6695868
6695869
6695870
6695871
6695872
6695873
6695874
6695875
6695876
6695877
6695878
6695879
6695880
6695881
6695882
6695883
6695884
6695885
6695886
6695887
6695888
6695889
6695890
6695891
6695892
6695893
6695894
6695895
6695896
6695897
6695898
6695899
6695900
6695901
6695902
6695903
6695904
6695905
6695906
6695907
6695908
6695909
6695910
6695911
6695912
6695913
6695914
6695915
6695916
6695917
6695918
6695919
6695920
6695921
6695922
6695923
6695924
6695925
6695926
6695927
6695928
6695929
6695930
6695931
6695932
6695933
6695934
6695935
6695936
6695937
6695938
6695939
6695940
6695941
6695942
6695943
6695944
6695945
6695946
6695947
6695948
6695949
6695950
6695951
6695952
6695953
6695954
6695955
6695956
6695957
6695958
6695959
6695960
6695961
6695962
6695963
6695964
6695965
6695966
6695967
6695968
6695969
6695970
6695971
6695972
6695973
6695974
6695975
6695976
6695977
6695978
6695979
6695980
6695981
6695982
6695983
6695984
6695985
6695986
6695987
6695988
6695989
6695990
6695991
6695992
6695993
6695994
6695995
6695996
6695997
6695998
6695999
6696000
6696001
6696002
6696003
6696004
6696005
6696006
6696007
6696008
6696009
6696010
6696011
6696012
6696013
6696014
6696015
6696016
6696017
6696018
6696019
6696020
6696021
6696022
6696023
6696024
6696025
6696026
6696027
6696028
6696029
6696030
6696031
6696032
6696033
6696034
6696035
6696036
6696037
6696038
6696039
6696040
6696041
6696042
6696043
6696044
6696045
6696046
6696047
6696048
6696049
6696050
6696051
6696052
6696053
6696054
6696055
6696056
6696057
6696058
6696059
6696060
6696061
6696062
6696063
6696064
6696065
6696066
6696067
6696068
6696069
6696070
6696071
6696072
6696073
6696074
6696075
6696076
6696077
6696078
6696079
6696080
6696081
6696082
6696083
6696084
6696085
6696086
6696087
6696088
6696089
6696090
6696091
6696092
6696093
6696094
6696095
6696096
6696097
6696098
6696099
6696100
6696101
6696102
6696103
6696104
6696105
6696106
6696107
6696108
6696109
6696110
6696111
6696112
6696113
6696114
6696115
6696116
6696117
6696118
6696119
6696120
6696121
6696122
6696123
6696124
6696125
6696126
6696127
6696128
6696129
6696130
6696131
6696132
6696133
6696134
6696135
6696136
6696137
6696138
6696139
6696140
6696141
6696142
6696143
6696144
6696145
6696146
6696147
6696148
6696149
6696150
6696151
6696152
6696153
6696154
6696155
6696156
6696157
6696158
6696159
6696160
6696161
6696162
6696163
6696164
6696165
6696166
6696167
6696168
6696169
6696170
6696171
6696172
6696173
6696174
6696175
6696176
6696177
6696178
6696179
6696180
6696181
6696182
6696183
6696184
6696185
6696186
6696187
6696188
6696189
6696190
6696191
6696192
6696193
6696194
6696195
6696196
6696197
6696198
6696199
6696200
6696201
6696202
6696203
6696204
6696205
6696206
6696207
6696208
6696209
6696210
6696211
6696212
6696213
6696214
6696215
6696216
6696217
6696218
6696219
6696220
6696221
6696222
6696223
6696224
6696225
6696226
6696227
6696228
6696229
6696230
6696231
6696232
6696233
6696234
6696235
6696236
6696237
6696238
6696239
6696240
6696241
6696242
6696243
6696244
6696245
6696246
6696247
6696248
6696249
6696250
6696251
6696252
6696253
6696254
6696255
6696256
6696257
6696258
6696259
6696260
6696261
6696262
6696263
6696264
6696265
6696266
6696267
6696268
6696269
6696270
6696271
6696272
6696273
6696274
6696275
6696276
6696277
6696278
6696279
6696280
6696281
6696282
6696283
6696284
6696285
6696286
6696287
6696288
6696289
6696290
6696291
6696292
6696293
6696294
6696295
6696296
6696297
6696298
6696299
6696300
6696301
6696302
6696303
6696304
6696305
6696306
6696307
6696308
6696309
6696310
6696311
6696312
6696313
6696314
6696315
6696316
6696317
6696318
6696319
6696320
6696321
6696322
6696323
6696324
6696325
6696326
6696327
6696328
6696329
6696330
6696331
6696332
6696333
6696334
6696335
6696336
6696337
6696338
6696339
6696340
6696341
6696342
6696343
6696344
6696345
6696346
6696347
6696348
6696349
6696350
6696351
6696352
6696353
6696354
6696355
6696356
6696357
6696358
6696359
6696360
6696361
6696362
6696363
6696364
6696365
6696366
6696367
6696368
6696369
6696370
6696371
6696372
6696373
6696374
6696375
6696376
6696377
6696378
6696379
6696380
6696381
6696382
6696383
6696384
6696385
6696386
6696387
6696388
6696389
6696390
6696391
6696392
6696393
6696394
6696395
6696396
6696397
6696398
6696399
6696400
6696401
6696402
6696403
6696404
6696405
6696406
6696407
6696408
6696409
6696410
6696411
6696412
6696413
6696414
6696415
6696416
6696417
6696418
6696419
6696420
6696421
6696422
6696423
6696424
6696425
6696426
6696427
6696428
6696429
6696430
6696431
6696432
6696433
6696434
6696435
6696436
6696437
6696438
6696439
6696440
6696441
6696442
6696443
6696444
6696445
6696446
6696447
6696448
6696449
6696450
6696451
6696452
6696453
6696454
6696455
6696456
6696457
6696458
6696459
6696460
6696461
6696462
6696463
6696464
6696465
6696466
6696467
6696468
6696469
6696470
6696471
6696472
6696473
6696474
6696475
6696476
6696477
6696478
6696479
6696480
6696481
6696482
6696483
6696484
6696485
6696486
6696487
6696488
6696489
6696490
6696491
6696492
6696493
6696494
6696495
6696496
6696497
6696498
6696499
6696500
6696501
6696502
6696503
6696504
6696505
6696506
6696507
6696508
6696509
6696510
6696511
6696512
6696513
6696514
6696515
6696516
6696517
6696518
6696519
6696520
6696521
6696522
6696523
6696524
6696525
6696526
6696527
6696528
6696529
6696530
6696531
6696532
6696533
6696534
6696535
6696536
6696537
6696538
6696539
6696540
6696541
6696542
6696543
6696544
6696545
6696546
6696547
6696548
6696549
6696550
6696551
6696552
6696553
6696554
6696555
6696556
6696557
6696558
6696559
6696560
6696561
6696562
6696563
6696564
6696565
6696566
6696567
6696568
6696569
6696570
6696571
6696572
6696573
6696574
6696575
6696576
6696577
6696578
6696579
6696580
6696581
6696582
6696583
6696584
6696585
6696586
6696587
6696588
6696589
6696590
6696591
6696592
6696593
6696594
6696595
6696596
6696597
6696598
6696599
6696600
6696601
6696602
6696603
6696604
6696605
6696606
6696607
6696608
6696609
6696610
6696611
6696612
6696613
6696614
6696615
6696616
6696617
6696618
6696619
6696620
6696621
6696622
6696623
6696624
6696625
6696626
6696627
6696628
6696629
6696630
6696631
6696632
6696633
6696634
6696635
6696636
6696637
6696638
6696639
6696640
6696641
6696642
6696643
6696644
6696645
6696646
6696647
6696648
6696649
6696650
6696651
6696652
6696653
6696654
6696655
6696656
6696657
6696658
6696659
6696660
6696661
6696662
6696663
6696664
6696665
6696666
6696667
6696668
6696669
6696670
6696671
6696672
6696673
6696674
6696675
6696676
6696677
6696678
6696679
6696680
6696681
6696682
6696683
6696684
6696685
6696686
6696687
6696688
6696689
6696690
6696691
6696692
6696693
6696694
6696695
6696696
6696697
6696698
6696699
6696700
6696701
6696702
6696703
6696704
6696705
6696706
6696707
6696708
6696709
6696710
6696711
6696712
6696713
6696714
6696715
6696716
6696717
6696718
6696719
6696720
6696721
6696722
6696723
6696724
6696725
6696726
6696727
6696728
6696729
6696730
6696731
6696732
6696733
6696734
6696735
6696736
6696737
6696738
6696739
6696740
6696741
6696742
6696743
6696744
6696745
6696746
6696747
6696748
6696749
6696750
6696751
6696752
6696753
6696754
6696755
6696756
6696757
6696758
6696759
6696760
6696761
6696762
6696763
6696764
6696765
6696766
6696767
6696768
6696769
6696770
6696771
6696772
6696773
6696774
6696775
6696776
6696777
6696778
6696779
6696780
6696781
6696782
6696783
6696784
6696785
6696786
6696787
6696788
6696789
6696790
6696791
6696792
6696793
6696794
6696795
6696796
6696797
6696798
6696799
6696800
6696801
6696802
6696803
6696804
6696805
6696806
6696807
6696808
6696809
6696810
6696811
6696812
6696813
6696814
6696815
6696816
6696817
6696818
6696819
6696820
6696821
6696822
6696823
6696824
6696825
6696826
6696827
6696828
6696829
6696830
6696831
6696832
6696833
6696834
6696835
6696836
6696837
6696838
6696839
6696840
6696841
6696842
6696843
6696844
6696845
6696846
6696847
6696848
6696849
6696850
6696851
6696852
6696853
6696854
6696855
6696856
6696857
6696858
6696859
6696860
6696861
6696862
6696863
6696864
6696865
6696866
6696867
6696868
6696869
6696870
6696871
6696872
6696873
6696874
6696875
6696876
6696877
6696878
6696879
6696880
6696881
6696882
6696883
6696884
6696885
6696886
6696887
6696888
6696889
6696890
6696891
6696892
6696893
6696894
6696895
6696896
6696897
6696898
6696899
6696900
6696901
6696902
6696903
6696904
6696905
6696906
6696907
6696908
6696909
6696910
6696911
6696912
6696913
6696914
6696915
6696916
6696917
6696918
6696919
6696920
6696921
6696922
6696923
6696924
6696925
6696926
6696927
6696928
6696929
6696930
6696931
6696932
6696933
6696934
6696935
6696936
6696937
6696938
6696939
6696940
6696941
6696942
6696943
6696944
6696945
6696946
6696947
6696948
6696949
6696950
6696951
6696952
6696953
6696954
6696955
6696956
6696957
6696958
6696959
6696960
6696961
6696962
6696963
6696964
6696965
6696966
6696967
6696968
6696969
6696970
6696971
6696972
6696973
6696974
6696975
6696976
6696977
6696978
6696979
6696980
6696981
6696982
6696983
6696984
6696985
6696986
6696987
6696988
6696989
6696990
6696991
6696992
6696993
6696994
6696995
6696996
6696997
6696998
6696999
6697000
6697001
6697002
6697003
6697004
6697005
6697006
6697007
6697008
6697009
6697010
6697011
6697012
6697013
6697014
6697015
6697016
6697017
6697018
6697019
6697020
6697021
6697022
6697023
6697024
6697025
6697026
6697027
6697028
6697029
6697030
6697031
6697032
6697033
6697034
6697035
6697036
6697037
6697038
6697039
6697040
6697041
6697042
6697043
6697044
6697045
6697046
6697047
6697048
6697049
6697050
6697051
6697052
6697053
6697054
6697055
6697056
6697057
6697058
6697059
6697060
6697061
6697062
6697063
6697064
6697065
6697066
6697067
6697068
6697069
6697070
6697071
6697072
6697073
6697074
6697075
6697076
6697077
6697078
6697079
6697080
6697081
6697082
6697083
6697084
6697085
6697086
6697087
6697088
6697089
6697090
6697091
6697092
6697093
6697094
6697095
6697096
6697097
6697098
6697099
6697100
6697101
6697102
6697103
6697104
6697105
6697106
6697107
6697108
6697109
6697110
6697111
6697112
6697113
6697114
6697115
6697116
6697117
6697118
6697119
6697120
6697121
6697122
6697123
6697124
6697125
6697126
6697127
6697128
6697129
6697130
6697131
6697132
6697133
6697134
6697135
6697136
6697137
6697138
6697139
6697140
6697141
6697142
6697143
6697144
6697145
6697146
6697147
6697148
6697149
6697150
6697151
6697152
6697153
6697154
6697155
6697156
6697157
6697158
6697159
6697160
6697161
6697162
6697163
6697164
6697165
6697166
6697167
6697168
6697169
6697170
6697171
6697172
6697173
6697174
6697175
6697176
6697177
6697178
6697179
6697180
6697181
6697182
6697183
6697184
6697185
6697186
6697187
6697188
6697189
6697190
6697191
6697192
6697193
6697194
6697195
6697196
6697197
6697198
6697199
6697200
6697201
6697202
6697203
6697204
6697205
6697206
6697207
6697208
6697209
6697210
6697211
6697212
6697213
6697214
6697215
6697216
6697217
6697218
6697219
6697220
6697221
6697222
6697223
6697224
6697225
6697226
6697227
6697228
6697229
6697230
6697231
6697232
6697233
6697234
6697235
6697236
6697237
6697238
6697239
6697240
6697241
6697242
6697243
6697244
6697245
6697246
6697247
6697248
6697249
6697250
6697251
6697252
6697253
6697254
6697255
6697256
6697257
6697258
6697259
6697260
6697261
6697262
6697263
6697264
6697265
6697266
6697267
6697268
6697269
6697270
6697271
6697272
6697273
6697274
6697275
6697276
6697277
6697278
6697279
6697280
6697281
6697282
6697283
6697284
6697285
6697286
6697287
6697288
6697289
6697290
6697291
6697292
6697293
6697294
6697295
6697296
6697297
6697298
6697299
6697300
6697301
6697302
6697303
6697304
6697305
6697306
6697307
6697308
6697309
6697310
6697311
6697312
6697313
6697314
6697315
6697316
6697317
6697318
6697319
6697320
6697321
6697322
6697323
6697324
6697325
6697326
6697327
6697328
6697329
6697330
6697331
6697332
6697333
6697334
6697335
6697336
6697337
6697338
6697339
6697340
6697341
6697342
6697343
6697344
6697345
6697346
6697347
6697348
6697349
6697350
6697351
6697352
6697353
6697354
6697355
6697356
6697357
6697358
6697359
6697360
6697361
6697362
6697363
6697364
6697365
6697366
6697367
6697368
6697369
6697370
6697371
6697372
6697373
6697374
6697375
6697376
6697377
6697378
6697379
6697380
6697381
6697382
6697383
6697384
6697385
6697386
6697387
6697388
6697389
6697390
6697391
6697392
6697393
6697394
6697395
6697396
6697397
6697398
6697399
6697400
6697401
6697402
6697403
6697404
6697405
6697406
6697407
6697408
6697409
6697410
6697411
6697412
6697413
6697414
6697415
6697416
6697417
6697418
6697419
6697420
6697421
6697422
6697423
6697424
6697425
6697426
6697427
6697428
6697429
6697430
6697431
6697432
6697433
6697434
6697435
6697436
6697437
6697438
6697439
6697440
6697441
6697442
6697443
6697444
6697445
6697446
6697447
6697448
6697449
6697450
6697451
6697452
6697453
6697454
6697455
6697456
6697457
6697458
6697459
6697460
6697461
6697462
6697463
6697464
6697465
6697466
6697467
6697468
6697469
6697470
6697471
6697472
6697473
6697474
6697475
6697476
6697477
6697478
6697479
6697480
6697481
6697482
6697483
6697484
6697485
6697486
6697487
6697488
6697489
6697490
6697491
6697492
6697493
6697494
6697495
6697496
6697497
6697498
6697499
6697500
6697501
6697502
6697503
6697504
6697505
6697506
6697507
6697508
6697509
6697510
6697511
6697512
6697513
6697514
6697515
6697516
6697517
6697518
6697519
6697520
6697521
6697522
6697523
6697524
6697525
6697526
6697527
6697528
6697529
6697530
6697531
6697532
6697533
6697534
6697535
6697536
6697537
6697538
6697539
6697540
6697541
6697542
6697543
6697544
6697545
6697546
6697547
6697548
6697549
6697550
6697551
6697552
6697553
6697554
6697555
6697556
6697557
6697558
6697559
6697560
6697561
6697562
6697563
6697564
6697565
6697566
6697567
6697568
6697569
6697570
6697571
6697572
6697573
6697574
6697575
6697576
6697577
6697578
6697579
6697580
6697581
6697582
6697583
6697584
6697585
6697586
6697587
6697588
6697589
6697590
6697591
6697592
6697593
6697594
6697595
6697596
6697597
6697598
6697599
6697600
6697601
6697602
6697603
6697604
6697605
6697606
6697607
6697608
6697609
6697610
6697611
6697612
6697613
6697614
6697615
6697616
6697617
6697618
6697619
6697620
6697621
6697622
6697623
6697624
6697625
6697626
6697627
6697628
6697629
6697630
6697631
6697632
6697633
6697634
6697635
6697636
6697637
6697638
6697639
6697640
6697641
6697642
6697643
6697644
6697645
6697646
6697647
6697648
6697649
6697650
6697651
6697652
6697653
6697654
6697655
6697656
6697657
6697658
6697659
6697660
6697661
6697662
6697663
6697664
6697665
6697666
6697667
6697668
6697669
6697670
6697671
6697672
6697673
6697674
6697675
6697676
6697677
6697678
6697679
6697680
6697681
6697682
6697683
6697684
6697685
6697686
6697687
6697688
6697689
6697690
6697691
6697692
6697693
6697694
6697695
6697696
6697697
6697698
6697699
6697700
6697701
6697702
6697703
6697704
6697705
6697706
6697707
6697708
6697709
6697710
6697711
6697712
6697713
6697714
6697715
6697716
6697717
6697718
6697719
6697720
6697721
6697722
6697723
6697724
6697725
6697726
6697727
6697728
6697729
6697730
6697731
6697732
6697733
6697734
6697735
6697736
6697737
6697738
6697739
6697740
6697741
6697742
6697743
6697744
6697745
6697746
6697747
6697748
6697749
6697750
6697751
6697752
6697753
6697754
6697755
6697756
6697757
6697758
6697759
6697760
6697761
6697762
6697763
6697764
6697765
6697766
6697767
6697768
6697769
6697770
6697771
6697772
6697773
6697774
6697775
6697776
6697777
6697778
6697779
6697780
6697781
6697782
6697783
6697784
6697785
6697786
6697787
6697788
6697789
6697790
6697791
6697792
6697793
6697794
6697795
6697796
6697797
6697798
6697799
6697800
6697801
6697802
6697803
6697804
6697805
6697806
6697807
6697808
6697809
6697810
6697811
6697812
6697813
6697814
6697815
6697816
6697817
6697818
6697819
6697820
6697821
6697822
6697823
6697824
6697825
6697826
6697827
6697828
6697829
6697830
6697831
6697832
6697833
6697834
6697835
6697836
6697837
6697838
6697839
6697840
6697841
6697842
6697843
6697844
6697845
6697846
6697847
6697848
6697849
6697850
6697851
6697852
6697853
6697854
6697855
6697856
6697857
6697858
6697859
6697860
6697861
6697862
6697863
6697864
6697865
6697866
6697867
6697868
6697869
6697870
6697871
6697872
6697873
6697874
6697875
6697876
6697877
6697878
6697879
6697880
6697881
6697882
6697883
6697884
6697885
6697886
6697887
6697888
6697889
6697890
6697891
6697892
6697893
6697894
6697895
6697896
6697897
6697898
6697899
6697900
6697901
6697902
6697903
6697904
6697905
6697906
6697907
6697908
6697909
6697910
6697911
6697912
6697913
6697914
6697915
6697916
6697917
6697918
6697919
6697920
6697921
6697922
6697923
6697924
6697925
6697926
6697927
6697928
6697929
6697930
6697931
6697932
6697933
6697934
6697935
6697936
6697937
6697938
6697939
6697940
6697941
6697942
6697943
6697944
6697945
6697946
6697947
6697948
6697949
6697950
6697951
6697952
6697953
6697954
6697955
6697956
6697957
6697958
6697959
6697960
6697961
6697962
6697963
6697964
6697965
6697966
6697967
6697968
6697969
6697970
6697971
6697972
6697973
6697974
6697975
6697976
6697977
6697978
6697979
6697980
6697981
6697982
6697983
6697984
6697985
6697986
6697987
6697988
6697989
6697990
6697991
6697992
6697993
6697994
6697995
6697996
6697997
6697998
6697999
6698000
6698001
6698002
6698003
6698004
6698005
6698006
6698007
6698008
6698009
6698010
6698011
6698012
6698013
6698014
6698015
6698016
6698017
6698018
6698019
6698020
6698021
6698022
6698023
6698024
6698025
6698026
6698027
6698028
6698029
6698030
6698031
6698032
6698033
6698034
6698035
6698036
6698037
6698038
6698039
6698040
6698041
6698042
6698043
6698044
6698045
6698046
6698047
6698048
6698049
6698050
6698051
6698052
6698053
6698054
6698055
6698056
6698057
6698058
6698059
6698060
6698061
6698062
6698063
6698064
6698065
6698066
6698067
6698068
6698069
6698070
6698071
6698072
6698073
6698074
6698075
6698076
6698077
6698078
6698079
6698080
6698081
6698082
6698083
6698084
6698085
6698086
6698087
6698088
6698089
6698090
6698091
6698092
6698093
6698094
6698095
6698096
6698097
6698098
6698099
6698100
6698101
6698102
6698103
6698104
6698105
6698106
6698107
6698108
6698109
6698110
6698111
6698112
6698113
6698114
6698115
6698116
6698117
6698118
6698119
6698120
6698121
6698122
6698123
6698124
6698125
6698126
6698127
6698128
6698129
6698130
6698131
6698132
6698133
6698134
6698135
6698136
6698137
6698138
6698139
6698140
6698141
6698142
6698143
6698144
6698145
6698146
6698147
6698148
6698149
6698150
6698151
6698152
6698153
6698154
6698155
6698156
6698157
6698158
6698159
6698160
6698161
6698162
6698163
6698164
6698165
6698166
6698167
6698168
6698169
6698170
6698171
6698172
6698173
6698174
6698175
6698176
6698177
6698178
6698179
6698180
6698181
6698182
6698183
6698184
6698185
6698186
6698187
6698188
6698189
6698190
6698191
6698192
6698193
6698194
6698195
6698196
6698197
6698198
6698199
6698200
6698201
6698202
6698203
6698204
6698205
6698206
6698207
6698208
6698209
6698210
6698211
6698212
6698213
6698214
6698215
6698216
6698217
6698218
6698219
6698220
6698221
6698222
6698223
6698224
6698225
6698226
6698227
6698228
6698229
6698230
6698231
6698232
6698233
6698234
6698235
6698236
6698237
6698238
6698239
6698240
6698241
6698242
6698243
6698244
6698245
6698246
6698247
6698248
6698249
6698250
6698251
6698252
6698253
6698254
6698255
6698256
6698257
6698258
6698259
6698260
6698261
6698262
6698263
6698264
6698265
6698266
6698267
6698268
6698269
6698270
6698271
6698272
6698273
6698274
6698275
6698276
6698277
6698278
6698279
6698280
6698281
6698282
6698283
6698284
6698285
6698286
6698287
6698288
6698289
6698290
6698291
6698292
6698293
6698294
6698295
6698296
6698297
6698298
6698299
6698300
6698301
6698302
6698303
6698304
6698305
6698306
6698307
6698308
6698309
6698310
6698311
6698312
6698313
6698314
6698315
6698316
6698317
6698318
6698319
6698320
6698321
6698322
6698323
6698324
6698325
6698326
6698327
6698328
6698329
6698330
6698331
6698332
6698333
6698334
6698335
6698336
6698337
6698338
6698339
6698340
6698341
6698342
6698343
6698344
6698345
6698346
6698347
6698348
6698349
6698350
6698351
6698352
6698353
6698354
6698355
6698356
6698357
6698358
6698359
6698360
6698361
6698362
6698363
6698364
6698365
6698366
6698367
6698368
6698369
6698370
6698371
6698372
6698373
6698374
6698375
6698376
6698377
6698378
6698379
6698380
6698381
6698382
6698383
6698384
6698385
6698386
6698387
6698388
6698389
6698390
6698391
6698392
6698393
6698394
6698395
6698396
6698397
6698398
6698399
6698400
6698401
6698402
6698403
6698404
6698405
6698406
6698407
6698408
6698409
6698410
6698411
6698412
6698413
6698414
6698415
6698416
6698417
6698418
6698419
6698420
6698421
6698422
6698423
6698424
6698425
6698426
6698427
6698428
6698429
6698430
6698431
6698432
6698433
6698434
6698435
6698436
6698437
6698438
6698439
6698440
6698441
6698442
6698443
6698444
6698445
6698446
6698447
6698448
6698449
6698450
6698451
6698452
6698453
6698454
6698455
6698456
6698457
6698458
6698459
6698460
6698461
6698462
6698463
6698464
6698465
6698466
6698467
6698468
6698469
6698470
6698471
6698472
6698473
6698474
6698475
6698476
6698477
6698478
6698479
6698480
6698481
6698482
6698483
6698484
6698485
6698486
6698487
6698488
6698489
6698490
6698491
6698492
6698493
6698494
6698495
6698496
6698497
6698498
6698499
6698500
6698501
6698502
6698503
6698504
6698505
6698506
6698507
6698508
6698509
6698510
6698511
6698512
6698513
6698514
6698515
6698516
6698517
6698518
6698519
6698520
6698521
6698522
6698523
6698524
6698525
6698526
6698527
6698528
6698529
6698530
6698531
6698532
6698533
6698534
6698535
6698536
6698537
6698538
6698539
6698540
6698541
6698542
6698543
6698544
6698545
6698546
6698547
6698548
6698549
6698550
6698551
6698552
6698553
6698554
6698555
6698556
6698557
6698558
6698559
6698560
6698561
6698562
6698563
6698564
6698565
6698566
6698567
6698568
6698569
6698570
6698571
6698572
6698573
6698574
6698575
6698576
6698577
6698578
6698579
6698580
6698581
6698582
6698583
6698584
6698585
6698586
6698587
6698588
6698589
6698590
6698591
6698592
6698593
6698594
6698595
6698596
6698597
6698598
6698599
6698600
6698601
6698602
6698603
6698604
6698605
6698606
6698607
6698608
6698609
6698610
6698611
6698612
6698613
6698614
6698615
6698616
6698617
6698618
6698619
6698620
6698621
6698622
6698623
6698624
6698625
6698626
6698627
6698628
6698629
6698630
6698631
6698632
6698633
6698634
6698635
6698636
6698637
6698638
6698639
6698640
6698641
6698642
6698643
6698644
6698645
6698646
6698647
6698648
6698649
6698650
6698651
6698652
6698653
6698654
6698655
6698656
6698657
6698658
6698659
6698660
6698661
6698662
6698663
6698664
6698665
6698666
6698667
6698668
6698669
6698670
6698671
6698672
6698673
6698674
6698675
6698676
6698677
6698678
6698679
6698680
6698681
6698682
6698683
6698684
6698685
6698686
6698687
6698688
6698689
6698690
6698691
6698692
6698693
6698694
6698695
6698696
6698697
6698698
6698699
6698700
6698701
6698702
6698703
6698704
6698705
6698706
6698707
6698708
6698709
6698710
6698711
6698712
6698713
6698714
6698715
6698716
6698717
6698718
6698719
6698720
6698721
6698722
6698723
6698724
6698725
6698726
6698727
6698728
6698729
6698730
6698731
6698732
6698733
6698734
6698735
6698736
6698737
6698738
6698739
6698740
6698741
6698742
6698743
6698744
6698745
6698746
6698747
6698748
6698749
6698750
6698751
6698752
6698753
6698754
6698755
6698756
6698757
6698758
6698759
6698760
6698761
6698762
6698763
6698764
6698765
6698766
6698767
6698768
6698769
6698770
6698771
6698772
6698773
6698774
6698775
6698776
6698777
6698778
6698779
6698780
6698781
6698782
6698783
6698784
6698785
6698786
6698787
6698788
6698789
6698790
6698791
6698792
6698793
6698794
6698795
6698796
6698797
6698798
6698799
6698800
6698801
6698802
6698803
6698804
6698805
6698806
6698807
6698808
6698809
6698810
6698811
6698812
6698813
6698814
6698815
6698816
6698817
6698818
6698819
6698820
6698821
6698822
6698823
6698824
6698825
6698826
6698827
6698828
6698829
6698830
6698831
6698832
6698833
6698834
6698835
6698836
6698837
6698838
6698839
6698840
6698841
6698842
6698843
6698844
6698845
6698846
6698847
6698848
6698849
6698850
6698851
6698852
6698853
6698854
6698855
6698856
6698857
6698858
6698859
6698860
6698861
6698862
6698863
6698864
6698865
6698866
6698867
6698868
6698869
6698870
6698871
6698872
6698873
6698874
6698875
6698876
6698877
6698878
6698879
6698880
6698881
6698882
6698883
6698884
6698885
6698886
6698887
6698888
6698889
6698890
6698891
6698892
6698893
6698894
6698895
6698896
6698897
6698898
6698899
6698900
6698901
6698902
6698903
6698904
6698905
6698906
6698907
6698908
6698909
6698910
6698911
6698912
6698913
6698914
6698915
6698916
6698917
6698918
6698919
6698920
6698921
6698922
6698923
6698924
6698925
6698926
6698927
6698928
6698929
6698930
6698931
6698932
6698933
6698934
6698935
6698936
6698937
6698938
6698939
6698940
6698941
6698942
6698943
6698944
6698945
6698946
6698947
6698948
6698949
6698950
6698951
6698952
6698953
6698954
6698955
6698956
6698957
6698958
6698959
6698960
6698961
6698962
6698963
6698964
6698965
6698966
6698967
6698968
6698969
6698970
6698971
6698972
6698973
6698974
6698975
6698976
6698977
6698978
6698979
6698980
6698981
6698982
6698983
6698984
6698985
6698986
6698987
6698988
6698989
6698990
6698991
6698992
6698993
6698994
6698995
6698996
6698997
6698998
6698999
6699000
6699001
6699002
6699003
6699004
6699005
6699006
6699007
6699008
6699009
6699010
6699011
6699012
6699013
6699014
6699015
6699016
6699017
6699018
6699019
6699020
6699021
6699022
6699023
6699024
6699025
6699026
6699027
6699028
6699029
6699030
6699031
6699032
6699033
6699034
6699035
6699036
6699037
6699038
6699039
6699040
6699041
6699042
6699043
6699044
6699045
6699046
6699047
6699048
6699049
6699050
6699051
6699052
6699053
6699054
6699055
6699056
6699057
6699058
6699059
6699060
6699061
6699062
6699063
6699064
6699065
6699066
6699067
6699068
6699069
6699070
6699071
6699072
6699073
6699074
6699075
6699076
6699077
6699078
6699079
6699080
6699081
6699082
6699083
6699084
6699085
6699086
6699087
6699088
6699089
6699090
6699091
6699092
6699093
6699094
6699095
6699096
6699097
6699098
6699099
6699100
6699101
6699102
6699103
6699104
6699105
6699106
6699107
6699108
6699109
6699110
6699111
6699112
6699113
6699114
6699115
6699116
6699117
6699118
6699119
6699120
6699121
6699122
6699123
6699124
6699125
6699126
6699127
6699128
6699129
6699130
6699131
6699132
6699133
6699134
6699135
6699136
6699137
6699138
6699139
6699140
6699141
6699142
6699143
6699144
6699145
6699146
6699147
6699148
6699149
6699150
6699151
6699152
6699153
6699154
6699155
6699156
6699157
6699158
6699159
6699160
6699161
6699162
6699163
6699164
6699165
6699166
6699167
6699168
6699169
6699170
6699171
6699172
6699173
6699174
6699175
6699176
6699177
6699178
6699179
6699180
6699181
6699182
6699183
6699184
6699185
6699186
6699187
6699188
6699189
6699190
6699191
6699192
6699193
6699194
6699195
6699196
6699197
6699198
6699199
6699200
6699201
6699202
6699203
6699204
6699205
6699206
6699207
6699208
6699209
6699210
6699211
6699212
6699213
6699214
6699215
6699216
6699217
6699218
6699219
6699220
6699221
6699222
6699223
6699224
6699225
6699226
6699227
6699228
6699229
6699230
6699231
6699232
6699233
6699234
6699235
6699236
6699237
6699238
6699239
6699240
6699241
6699242
6699243
6699244
6699245
6699246
6699247
6699248
6699249
6699250
6699251
6699252
6699253
6699254
6699255
6699256
6699257
6699258
6699259
6699260
6699261
6699262
6699263
6699264
6699265
6699266
6699267
6699268
6699269
6699270
6699271
6699272
6699273
6699274
6699275
6699276
6699277
6699278
6699279
6699280
6699281
6699282
6699283
6699284
6699285
6699286
6699287
6699288
6699289
6699290
6699291
6699292
6699293
6699294
6699295
6699296
6699297
6699298
6699299
6699300
6699301
6699302
6699303
6699304
6699305
6699306
6699307
6699308
6699309
6699310
6699311
6699312
6699313
6699314
6699315
6699316
6699317
6699318
6699319
6699320
6699321
6699322
6699323
6699324
6699325
6699326
6699327
6699328
6699329
6699330
6699331
6699332
6699333
6699334
6699335
6699336
6699337
6699338
6699339
6699340
6699341
6699342
6699343
6699344
6699345
6699346
6699347
6699348
6699349
6699350
6699351
6699352
6699353
6699354
6699355
6699356
6699357
6699358
6699359
6699360
6699361
6699362
6699363
6699364
6699365
6699366
6699367
6699368
6699369
6699370
6699371
6699372
6699373
6699374
6699375
6699376
6699377
6699378
6699379
6699380
6699381
6699382
6699383
6699384
6699385
6699386
6699387
6699388
6699389
6699390
6699391
6699392
6699393
6699394
6699395
6699396
6699397
6699398
6699399
6699400
6699401
6699402
6699403
6699404
6699405
6699406
6699407
6699408
6699409
6699410
6699411
6699412
6699413
6699414
6699415
6699416
6699417
6699418
6699419
6699420
6699421
6699422
6699423
6699424
6699425
6699426
6699427
6699428
6699429
6699430
6699431
6699432
6699433
6699434
6699435
6699436
6699437
6699438
6699439
6699440
6699441
6699442
6699443
6699444
6699445
6699446
6699447
6699448
6699449
6699450
6699451
6699452
6699453
6699454
6699455
6699456
6699457
6699458
6699459
6699460
6699461
6699462
6699463
6699464
6699465
6699466
6699467
6699468
6699469
6699470
6699471
6699472
6699473
6699474
6699475
6699476
6699477
6699478
6699479
6699480
6699481
6699482
6699483
6699484
6699485
6699486
6699487
6699488
6699489
6699490
6699491
6699492
6699493
6699494
6699495
6699496
6699497
6699498
6699499
6699500
6699501
6699502
6699503
6699504
6699505
6699506
6699507
6699508
6699509
6699510
6699511
6699512
6699513
6699514
6699515
6699516
6699517
6699518
6699519
6699520
6699521
6699522
6699523
6699524
6699525
6699526
6699527
6699528
6699529
6699530
6699531
6699532
6699533
6699534
6699535
6699536
6699537
6699538
6699539
6699540
6699541
6699542
6699543
6699544
6699545
6699546
6699547
6699548
6699549
6699550
6699551
6699552
6699553
6699554
6699555
6699556
6699557
6699558
6699559
6699560
6699561
6699562
6699563
6699564
6699565
6699566
6699567
6699568
6699569
6699570
6699571
6699572
6699573
6699574
6699575
6699576
6699577
6699578
6699579
6699580
6699581
6699582
6699583
6699584
6699585
6699586
6699587
6699588
6699589
6699590
6699591
6699592
6699593
6699594
6699595
6699596
6699597
6699598
6699599
6699600
6699601
6699602
6699603
6699604
6699605
6699606
6699607
6699608
6699609
6699610
6699611
6699612
6699613
6699614
6699615
6699616
6699617
6699618
6699619
6699620
6699621
6699622
6699623
6699624
6699625
6699626
6699627
6699628
6699629
6699630
6699631
6699632
6699633
6699634
6699635
6699636
6699637
6699638
6699639
6699640
6699641
6699642
6699643
6699644
6699645
6699646
6699647
6699648
6699649
6699650
6699651
6699652
6699653
6699654
6699655
6699656
6699657
6699658
6699659
6699660
6699661
6699662
6699663
6699664
6699665
6699666
6699667
6699668
6699669
6699670
6699671
6699672
6699673
6699674
6699675
6699676
6699677
6699678
6699679
6699680
6699681
6699682
6699683
6699684
6699685
6699686
6699687
6699688
6699689
6699690
6699691
6699692
6699693
6699694
6699695
6699696
6699697
6699698
6699699
6699700
6699701
6699702
6699703
6699704
6699705
6699706
6699707
6699708
6699709
6699710
6699711
6699712
6699713
6699714
6699715
6699716
6699717
6699718
6699719
6699720
6699721
6699722
6699723
6699724
6699725
6699726
6699727
6699728
6699729
6699730
6699731
6699732
6699733
6699734
6699735
6699736
6699737
6699738
6699739
6699740
6699741
6699742
6699743
6699744
6699745
6699746
6699747
6699748
6699749
6699750
6699751
6699752
6699753
6699754
6699755
6699756
6699757
6699758
6699759
6699760
6699761
6699762
6699763
6699764
6699765
6699766
6699767
6699768
6699769
6699770
6699771
6699772
6699773
6699774
6699775
6699776
6699777
6699778
6699779
6699780
6699781
6699782
6699783
6699784
6699785
6699786
6699787
6699788
6699789
6699790
6699791
6699792
6699793
6699794
6699795
6699796
6699797
6699798
6699799
6699800
6699801
6699802
6699803
6699804
6699805
6699806
6699807
6699808
6699809
6699810
6699811
6699812
6699813
6699814
6699815
6699816
6699817
6699818
6699819
6699820
6699821
6699822
6699823
6699824
6699825
6699826
6699827
6699828
6699829
6699830
6699831
6699832
6699833
6699834
6699835
6699836
6699837
6699838
6699839
6699840
6699841
6699842
6699843
6699844
6699845
6699846
6699847
6699848
6699849
6699850
6699851
6699852
6699853
6699854
6699855
6699856
6699857
6699858
6699859
6699860
6699861
6699862
6699863
6699864
6699865
6699866
6699867
6699868
6699869
6699870
6699871
6699872
6699873
6699874
6699875
6699876
6699877
6699878
6699879
6699880
6699881
6699882
6699883
6699884
6699885
6699886
6699887
6699888
6699889
6699890
6699891
6699892
6699893
6699894
6699895
6699896
6699897
6699898
6699899
6699900
6699901
6699902
6699903
6699904
6699905
6699906
6699907
6699908
6699909
6699910
6699911
6699912
6699913
6699914
6699915
6699916
6699917
6699918
6699919
6699920
6699921
6699922
6699923
6699924
6699925
6699926
6699927
6699928
6699929
6699930
6699931
6699932
6699933
6699934
6699935
6699936
6699937
6699938
6699939
6699940
6699941
6699942
6699943
6699944
6699945
6699946
6699947
6699948
6699949
6699950
6699951
6699952
6699953
6699954
6699955
6699956
6699957
6699958
6699959
6699960
6699961
6699962
6699963
6699964
6699965
6699966
6699967
6699968
6699969
6699970
6699971
6699972
6699973
6699974
6699975
6699976
6699977
6699978
6699979
6699980
6699981
6699982
6699983
6699984
6699985
6699986
6699987
6699988
6699989
6699990
6699991
6699992
6699993
6699994
6699995
6699996
6699997
6699998
6699999
6700000
