6700001
6700002
6700003
6700004
6700005
6700006
6700007
6700008
6700009
6700010
6700011
6700012
6700013
6700014
6700015
6700016
6700017
6700018
6700019
6700020
6700021
6700022
6700023
6700024
6700025
6700026
6700027
6700028
6700029
6700030
6700031
6700032
6700033
6700034
6700035
6700036
6700037
6700038
6700039
6700040
6700041
6700042
6700043
6700044
6700045
6700046
6700047
6700048
6700049
6700050
6700051
6700052
6700053
6700054
6700055
6700056
6700057
6700058
6700059
6700060
6700061
6700062
6700063
6700064
6700065
6700066
6700067
6700068
6700069
6700070
6700071
6700072
6700073
6700074
6700075
6700076
6700077
6700078
6700079
6700080
6700081
6700082
6700083
6700084
6700085
6700086
6700087
6700088
6700089
6700090
6700091
6700092
6700093
6700094
6700095
6700096
6700097
6700098
6700099
6700100
6700101
6700102
6700103
6700104
6700105
6700106
6700107
6700108
6700109
6700110
6700111
6700112
6700113
6700114
6700115
6700116
6700117
6700118
6700119
6700120
6700121
6700122
6700123
6700124
6700125
6700126
6700127
6700128
6700129
6700130
6700131
6700132
6700133
6700134
6700135
6700136
6700137
6700138
6700139
6700140
6700141
6700142
6700143
6700144
6700145
6700146
6700147
6700148
6700149
6700150
6700151
6700152
6700153
6700154
6700155
6700156
6700157
6700158
6700159
6700160
6700161
6700162
6700163
6700164
6700165
6700166
6700167
6700168
6700169
6700170
6700171
6700172
6700173
6700174
6700175
6700176
6700177
6700178
6700179
6700180
6700181
6700182
6700183
6700184
6700185
6700186
6700187
6700188
6700189
6700190
6700191
6700192
6700193
6700194
6700195
6700196
6700197
6700198
6700199
6700200
6700201
6700202
6700203
6700204
6700205
6700206
6700207
6700208
6700209
6700210
6700211
6700212
6700213
6700214
6700215
6700216
6700217
6700218
6700219
6700220
6700221
6700222
6700223
6700224
6700225
6700226
6700227
6700228
6700229
6700230
6700231
6700232
6700233
6700234
6700235
6700236
6700237
6700238
6700239
6700240
6700241
6700242
6700243
6700244
6700245
6700246
6700247
6700248
6700249
6700250
6700251
6700252
6700253
6700254
6700255
6700256
6700257
6700258
6700259
6700260
6700261
6700262
6700263
6700264
6700265
6700266
6700267
6700268
6700269
6700270
6700271
6700272
6700273
6700274
6700275
6700276
6700277
6700278
6700279
6700280
6700281
6700282
6700283
6700284
6700285
6700286
6700287
6700288
6700289
6700290
6700291
6700292
6700293
6700294
6700295
6700296
6700297
6700298
6700299
6700300
6700301
6700302
6700303
6700304
6700305
6700306
6700307
6700308
6700309
6700310
6700311
6700312
6700313
6700314
6700315
6700316
6700317
6700318
6700319
6700320
6700321
6700322
6700323
6700324
6700325
6700326
6700327
6700328
6700329
6700330
6700331
6700332
6700333
6700334
6700335
6700336
6700337
6700338
6700339
6700340
6700341
6700342
6700343
6700344
6700345
6700346
6700347
6700348
6700349
6700350
6700351
6700352
6700353
6700354
6700355
6700356
6700357
6700358
6700359
6700360
6700361
6700362
6700363
6700364
6700365
6700366
6700367
6700368
6700369
6700370
6700371
6700372
6700373
6700374
6700375
6700376
6700377
6700378
6700379
6700380
6700381
6700382
6700383
6700384
6700385
6700386
6700387
6700388
6700389
6700390
6700391
6700392
6700393
6700394
6700395
6700396
6700397
6700398
6700399
6700400
6700401
6700402
6700403
6700404
6700405
6700406
6700407
6700408
6700409
6700410
6700411
6700412
6700413
6700414
6700415
6700416
6700417
6700418
6700419
6700420
6700421
6700422
6700423
6700424
6700425
6700426
6700427
6700428
6700429
6700430
6700431
6700432
6700433
6700434
6700435
6700436
6700437
6700438
6700439
6700440
6700441
6700442
6700443
6700444
6700445
6700446
6700447
6700448
6700449
6700450
6700451
6700452
6700453
6700454
6700455
6700456
6700457
6700458
6700459
6700460
6700461
6700462
6700463
6700464
6700465
6700466
6700467
6700468
6700469
6700470
6700471
6700472
6700473
6700474
6700475
6700476
6700477
6700478
6700479
6700480
6700481
6700482
6700483
6700484
6700485
6700486
6700487
6700488
6700489
6700490
6700491
6700492
6700493
6700494
6700495
6700496
6700497
6700498
6700499
6700500
6700501
6700502
6700503
6700504
6700505
6700506
6700507
6700508
6700509
6700510
6700511
6700512
6700513
6700514
6700515
6700516
6700517
6700518
6700519
6700520
6700521
6700522
6700523
6700524
6700525
6700526
6700527
6700528
6700529
6700530
6700531
6700532
6700533
6700534
6700535
6700536
6700537
6700538
6700539
6700540
6700541
6700542
6700543
6700544
6700545
6700546
6700547
6700548
6700549
6700550
6700551
6700552
6700553
6700554
6700555
6700556
6700557
6700558
6700559
6700560
6700561
6700562
6700563
6700564
6700565
6700566
6700567
6700568
6700569
6700570
6700571
6700572
6700573
6700574
6700575
6700576
6700577
6700578
6700579
6700580
6700581
6700582
6700583
6700584
6700585
6700586
6700587
6700588
6700589
6700590
6700591
6700592
6700593
6700594
6700595
6700596
6700597
6700598
6700599
6700600
6700601
6700602
6700603
6700604
6700605
6700606
6700607
6700608
6700609
6700610
6700611
6700612
6700613
6700614
6700615
6700616
6700617
6700618
6700619
6700620
6700621
6700622
6700623
6700624
6700625
6700626
6700627
6700628
6700629
6700630
6700631
6700632
6700633
6700634
6700635
6700636
6700637
6700638
6700639
6700640
6700641
6700642
6700643
6700644
6700645
6700646
6700647
6700648
6700649
6700650
6700651
6700652
6700653
6700654
6700655
6700656
6700657
6700658
6700659
6700660
6700661
6700662
6700663
6700664
6700665
6700666
6700667
6700668
6700669
6700670
6700671
6700672
6700673
6700674
6700675
6700676
6700677
6700678
6700679
6700680
6700681
6700682
6700683
6700684
6700685
6700686
6700687
6700688
6700689
6700690
6700691
6700692
6700693
6700694
6700695
6700696
6700697
6700698
6700699
6700700
6700701
6700702
6700703
6700704
6700705
6700706
6700707
6700708
6700709
6700710
6700711
6700712
6700713
6700714
6700715
6700716
6700717
6700718
6700719
6700720
6700721
6700722
6700723
6700724
6700725
6700726
6700727
6700728
6700729
6700730
6700731
6700732
6700733
6700734
6700735
6700736
6700737
6700738
6700739
6700740
6700741
6700742
6700743
6700744
6700745
6700746
6700747
6700748
6700749
6700750
6700751
6700752
6700753
6700754
6700755
6700756
6700757
6700758
6700759
6700760
6700761
6700762
6700763
6700764
6700765
6700766
6700767
6700768
6700769
6700770
6700771
6700772
6700773
6700774
6700775
6700776
6700777
6700778
6700779
6700780
6700781
6700782
6700783
6700784
6700785
6700786
6700787
6700788
6700789
6700790
6700791
6700792
6700793
6700794
6700795
6700796
6700797
6700798
6700799
6700800
6700801
6700802
6700803
6700804
6700805
6700806
6700807
6700808
6700809
6700810
6700811
6700812
6700813
6700814
6700815
6700816
6700817
6700818
6700819
6700820
6700821
6700822
6700823
6700824
6700825
6700826
6700827
6700828
6700829
6700830
6700831
6700832
6700833
6700834
6700835
6700836
6700837
6700838
6700839
6700840
6700841
6700842
6700843
6700844
6700845
6700846
6700847
6700848
6700849
6700850
6700851
6700852
6700853
6700854
6700855
6700856
6700857
6700858
6700859
6700860
6700861
6700862
6700863
6700864
6700865
6700866
6700867
6700868
6700869
6700870
6700871
6700872
6700873
6700874
6700875
6700876
6700877
6700878
6700879
6700880
6700881
6700882
6700883
6700884
6700885
6700886
6700887
6700888
6700889
6700890
6700891
6700892
6700893
6700894
6700895
6700896
6700897
6700898
6700899
6700900
6700901
6700902
6700903
6700904
6700905
6700906
6700907
6700908
6700909
6700910
6700911
6700912
6700913
6700914
6700915
6700916
6700917
6700918
6700919
6700920
6700921
6700922
6700923
6700924
6700925
6700926
6700927
6700928
6700929
6700930
6700931
6700932
6700933
6700934
6700935
6700936
6700937
6700938
6700939
6700940
6700941
6700942
6700943
6700944
6700945
6700946
6700947
6700948
6700949
6700950
6700951
6700952
6700953
6700954
6700955
6700956
6700957
6700958
6700959
6700960
6700961
6700962
6700963
6700964
6700965
6700966
6700967
6700968
6700969
6700970
6700971
6700972
6700973
6700974
6700975
6700976
6700977
6700978
6700979
6700980
6700981
6700982
6700983
6700984
6700985
6700986
6700987
6700988
6700989
6700990
6700991
6700992
6700993
6700994
6700995
6700996
6700997
6700998
6700999
6701000
6701001
6701002
6701003
6701004
6701005
6701006
6701007
6701008
6701009
6701010
6701011
6701012
6701013
6701014
6701015
6701016
6701017
6701018
6701019
6701020
6701021
6701022
6701023
6701024
6701025
6701026
6701027
6701028
6701029
6701030
6701031
6701032
6701033
6701034
6701035
6701036
6701037
6701038
6701039
6701040
6701041
6701042
6701043
6701044
6701045
6701046
6701047
6701048
6701049
6701050
6701051
6701052
6701053
6701054
6701055
6701056
6701057
6701058
6701059
6701060
6701061
6701062
6701063
6701064
6701065
6701066
6701067
6701068
6701069
6701070
6701071
6701072
6701073
6701074
6701075
6701076
6701077
6701078
6701079
6701080
6701081
6701082
6701083
6701084
6701085
6701086
6701087
6701088
6701089
6701090
6701091
6701092
6701093
6701094
6701095
6701096
6701097
6701098
6701099
6701100
6701101
6701102
6701103
6701104
6701105
6701106
6701107
6701108
6701109
6701110
6701111
6701112
6701113
6701114
6701115
6701116
6701117
6701118
6701119
6701120
6701121
6701122
6701123
6701124
6701125
6701126
6701127
6701128
6701129
6701130
6701131
6701132
6701133
6701134
6701135
6701136
6701137
6701138
6701139
6701140
6701141
6701142
6701143
6701144
6701145
6701146
6701147
6701148
6701149
6701150
6701151
6701152
6701153
6701154
6701155
6701156
6701157
6701158
6701159
6701160
6701161
6701162
6701163
6701164
6701165
6701166
6701167
6701168
6701169
6701170
6701171
6701172
6701173
6701174
6701175
6701176
6701177
6701178
6701179
6701180
6701181
6701182
6701183
6701184
6701185
6701186
6701187
6701188
6701189
6701190
6701191
6701192
6701193
6701194
6701195
6701196
6701197
6701198
6701199
6701200
6701201
6701202
6701203
6701204
6701205
6701206
6701207
6701208
6701209
6701210
6701211
6701212
6701213
6701214
6701215
6701216
6701217
6701218
6701219
6701220
6701221
6701222
6701223
6701224
6701225
6701226
6701227
6701228
6701229
6701230
6701231
6701232
6701233
6701234
6701235
6701236
6701237
6701238
6701239
6701240
6701241
6701242
6701243
6701244
6701245
6701246
6701247
6701248
6701249
6701250
6701251
6701252
6701253
6701254
6701255
6701256
6701257
6701258
6701259
6701260
6701261
6701262
6701263
6701264
6701265
6701266
6701267
6701268
6701269
6701270
6701271
6701272
6701273
6701274
6701275
6701276
6701277
6701278
6701279
6701280
6701281
6701282
6701283
6701284
6701285
6701286
6701287
6701288
6701289
6701290
6701291
6701292
6701293
6701294
6701295
6701296
6701297
6701298
6701299
6701300
6701301
6701302
6701303
6701304
6701305
6701306
6701307
6701308
6701309
6701310
6701311
6701312
6701313
6701314
6701315
6701316
6701317
6701318
6701319
6701320
6701321
6701322
6701323
6701324
6701325
6701326
6701327
6701328
6701329
6701330
6701331
6701332
6701333
6701334
6701335
6701336
6701337
6701338
6701339
6701340
6701341
6701342
6701343
6701344
6701345
6701346
6701347
6701348
6701349
6701350
6701351
6701352
6701353
6701354
6701355
6701356
6701357
6701358
6701359
6701360
6701361
6701362
6701363
6701364
6701365
6701366
6701367
6701368
6701369
6701370
6701371
6701372
6701373
6701374
6701375
6701376
6701377
6701378
6701379
6701380
6701381
6701382
6701383
6701384
6701385
6701386
6701387
6701388
6701389
6701390
6701391
6701392
6701393
6701394
6701395
6701396
6701397
6701398
6701399
6701400
6701401
6701402
6701403
6701404
6701405
6701406
6701407
6701408
6701409
6701410
6701411
6701412
6701413
6701414
6701415
6701416
6701417
6701418
6701419
6701420
6701421
6701422
6701423
6701424
6701425
6701426
6701427
6701428
6701429
6701430
6701431
6701432
6701433
6701434
6701435
6701436
6701437
6701438
6701439
6701440
6701441
6701442
6701443
6701444
6701445
6701446
6701447
6701448
6701449
6701450
6701451
6701452
6701453
6701454
6701455
6701456
6701457
6701458
6701459
6701460
6701461
6701462
6701463
6701464
6701465
6701466
6701467
6701468
6701469
6701470
6701471
6701472
6701473
6701474
6701475
6701476
6701477
6701478
6701479
6701480
6701481
6701482
6701483
6701484
6701485
6701486
6701487
6701488
6701489
6701490
6701491
6701492
6701493
6701494
6701495
6701496
6701497
6701498
6701499
6701500
6701501
6701502
6701503
6701504
6701505
6701506
6701507
6701508
6701509
6701510
6701511
6701512
6701513
6701514
6701515
6701516
6701517
6701518
6701519
6701520
6701521
6701522
6701523
6701524
6701525
6701526
6701527
6701528
6701529
6701530
6701531
6701532
6701533
6701534
6701535
6701536
6701537
6701538
6701539
6701540
6701541
6701542
6701543
6701544
6701545
6701546
6701547
6701548
6701549
6701550
6701551
6701552
6701553
6701554
6701555
6701556
6701557
6701558
6701559
6701560
6701561
6701562
6701563
6701564
6701565
6701566
6701567
6701568
6701569
6701570
6701571
6701572
6701573
6701574
6701575
6701576
6701577
6701578
6701579
6701580
6701581
6701582
6701583
6701584
6701585
6701586
6701587
6701588
6701589
6701590
6701591
6701592
6701593
6701594
6701595
6701596
6701597
6701598
6701599
6701600
6701601
6701602
6701603
6701604
6701605
6701606
6701607
6701608
6701609
6701610
6701611
6701612
6701613
6701614
6701615
6701616
6701617
6701618
6701619
6701620
6701621
6701622
6701623
6701624
6701625
6701626
6701627
6701628
6701629
6701630
6701631
6701632
6701633
6701634
6701635
6701636
6701637
6701638
6701639
6701640
6701641
6701642
6701643
6701644
6701645
6701646
6701647
6701648
6701649
6701650
6701651
6701652
6701653
6701654
6701655
6701656
6701657
6701658
6701659
6701660
6701661
6701662
6701663
6701664
6701665
6701666
6701667
6701668
6701669
6701670
6701671
6701672
6701673
6701674
6701675
6701676
6701677
6701678
6701679
6701680
6701681
6701682
6701683
6701684
6701685
6701686
6701687
6701688
6701689
6701690
6701691
6701692
6701693
6701694
6701695
6701696
6701697
6701698
6701699
6701700
6701701
6701702
6701703
6701704
6701705
6701706
6701707
6701708
6701709
6701710
6701711
6701712
6701713
6701714
6701715
6701716
6701717
6701718
6701719
6701720
6701721
6701722
6701723
6701724
6701725
6701726
6701727
6701728
6701729
6701730
6701731
6701732
6701733
6701734
6701735
6701736
6701737
6701738
6701739
6701740
6701741
6701742
6701743
6701744
6701745
6701746
6701747
6701748
6701749
6701750
6701751
6701752
6701753
6701754
6701755
6701756
6701757
6701758
6701759
6701760
6701761
6701762
6701763
6701764
6701765
6701766
6701767
6701768
6701769
6701770
6701771
6701772
6701773
6701774
6701775
6701776
6701777
6701778
6701779
6701780
6701781
6701782
6701783
6701784
6701785
6701786
6701787
6701788
6701789
6701790
6701791
6701792
6701793
6701794
6701795
6701796
6701797
6701798
6701799
6701800
6701801
6701802
6701803
6701804
6701805
6701806
6701807
6701808
6701809
6701810
6701811
6701812
6701813
6701814
6701815
6701816
6701817
6701818
6701819
6701820
6701821
6701822
6701823
6701824
6701825
6701826
6701827
6701828
6701829
6701830
6701831
6701832
6701833
6701834
6701835
6701836
6701837
6701838
6701839
6701840
6701841
6701842
6701843
6701844
6701845
6701846
6701847
6701848
6701849
6701850
6701851
6701852
6701853
6701854
6701855
6701856
6701857
6701858
6701859
6701860
6701861
6701862
6701863
6701864
6701865
6701866
6701867
6701868
6701869
6701870
6701871
6701872
6701873
6701874
6701875
6701876
6701877
6701878
6701879
6701880
6701881
6701882
6701883
6701884
6701885
6701886
6701887
6701888
6701889
6701890
6701891
6701892
6701893
6701894
6701895
6701896
6701897
6701898
6701899
6701900
6701901
6701902
6701903
6701904
6701905
6701906
6701907
6701908
6701909
6701910
6701911
6701912
6701913
6701914
6701915
6701916
6701917
6701918
6701919
6701920
6701921
6701922
6701923
6701924
6701925
6701926
6701927
6701928
6701929
6701930
6701931
6701932
6701933
6701934
6701935
6701936
6701937
6701938
6701939
6701940
6701941
6701942
6701943
6701944
6701945
6701946
6701947
6701948
6701949
6701950
6701951
6701952
6701953
6701954
6701955
6701956
6701957
6701958
6701959
6701960
6701961
6701962
6701963
6701964
6701965
6701966
6701967
6701968
6701969
6701970
6701971
6701972
6701973
6701974
6701975
6701976
6701977
6701978
6701979
6701980
6701981
6701982
6701983
6701984
6701985
6701986
6701987
6701988
6701989
6701990
6701991
6701992
6701993
6701994
6701995
6701996
6701997
6701998
6701999
6702000
6702001
6702002
6702003
6702004
6702005
6702006
6702007
6702008
6702009
6702010
6702011
6702012
6702013
6702014
6702015
6702016
6702017
6702018
6702019
6702020
6702021
6702022
6702023
6702024
6702025
6702026
6702027
6702028
6702029
6702030
6702031
6702032
6702033
6702034
6702035
6702036
6702037
6702038
6702039
6702040
6702041
6702042
6702043
6702044
6702045
6702046
6702047
6702048
6702049
6702050
6702051
6702052
6702053
6702054
6702055
6702056
6702057
6702058
6702059
6702060
6702061
6702062
6702063
6702064
6702065
6702066
6702067
6702068
6702069
6702070
6702071
6702072
6702073
6702074
6702075
6702076
6702077
6702078
6702079
6702080
6702081
6702082
6702083
6702084
6702085
6702086
6702087
6702088
6702089
6702090
6702091
6702092
6702093
6702094
6702095
6702096
6702097
6702098
6702099
6702100
6702101
6702102
6702103
6702104
6702105
6702106
6702107
6702108
6702109
6702110
6702111
6702112
6702113
6702114
6702115
6702116
6702117
6702118
6702119
6702120
6702121
6702122
6702123
6702124
6702125
6702126
6702127
6702128
6702129
6702130
6702131
6702132
6702133
6702134
6702135
6702136
6702137
6702138
6702139
6702140
6702141
6702142
6702143
6702144
6702145
6702146
6702147
6702148
6702149
6702150
6702151
6702152
6702153
6702154
6702155
6702156
6702157
6702158
6702159
6702160
6702161
6702162
6702163
6702164
6702165
6702166
6702167
6702168
6702169
6702170
6702171
6702172
6702173
6702174
6702175
6702176
6702177
6702178
6702179
6702180
6702181
6702182
6702183
6702184
6702185
6702186
6702187
6702188
6702189
6702190
6702191
6702192
6702193
6702194
6702195
6702196
6702197
6702198
6702199
6702200
6702201
6702202
6702203
6702204
6702205
6702206
6702207
6702208
6702209
6702210
6702211
6702212
6702213
6702214
6702215
6702216
6702217
6702218
6702219
6702220
6702221
6702222
6702223
6702224
6702225
6702226
6702227
6702228
6702229
6702230
6702231
6702232
6702233
6702234
6702235
6702236
6702237
6702238
6702239
6702240
6702241
6702242
6702243
6702244
6702245
6702246
6702247
6702248
6702249
6702250
6702251
6702252
6702253
6702254
6702255
6702256
6702257
6702258
6702259
6702260
6702261
6702262
6702263
6702264
6702265
6702266
6702267
6702268
6702269
6702270
6702271
6702272
6702273
6702274
6702275
6702276
6702277
6702278
6702279
6702280
6702281
6702282
6702283
6702284
6702285
6702286
6702287
6702288
6702289
6702290
6702291
6702292
6702293
6702294
6702295
6702296
6702297
6702298
6702299
6702300
6702301
6702302
6702303
6702304
6702305
6702306
6702307
6702308
6702309
6702310
6702311
6702312
6702313
6702314
6702315
6702316
6702317
6702318
6702319
6702320
6702321
6702322
6702323
6702324
6702325
6702326
6702327
6702328
6702329
6702330
6702331
6702332
6702333
6702334
6702335
6702336
6702337
6702338
6702339
6702340
6702341
6702342
6702343
6702344
6702345
6702346
6702347
6702348
6702349
6702350
6702351
6702352
6702353
6702354
6702355
6702356
6702357
6702358
6702359
6702360
6702361
6702362
6702363
6702364
6702365
6702366
6702367
6702368
6702369
6702370
6702371
6702372
6702373
6702374
6702375
6702376
6702377
6702378
6702379
6702380
6702381
6702382
6702383
6702384
6702385
6702386
6702387
6702388
6702389
6702390
6702391
6702392
6702393
6702394
6702395
6702396
6702397
6702398
6702399
6702400
6702401
6702402
6702403
6702404
6702405
6702406
6702407
6702408
6702409
6702410
6702411
6702412
6702413
6702414
6702415
6702416
6702417
6702418
6702419
6702420
6702421
6702422
6702423
6702424
6702425
6702426
6702427
6702428
6702429
6702430
6702431
6702432
6702433
6702434
6702435
6702436
6702437
6702438
6702439
6702440
6702441
6702442
6702443
6702444
6702445
6702446
6702447
6702448
6702449
6702450
6702451
6702452
6702453
6702454
6702455
6702456
6702457
6702458
6702459
6702460
6702461
6702462
6702463
6702464
6702465
6702466
6702467
6702468
6702469
6702470
6702471
6702472
6702473
6702474
6702475
6702476
6702477
6702478
6702479
6702480
6702481
6702482
6702483
6702484
6702485
6702486
6702487
6702488
6702489
6702490
6702491
6702492
6702493
6702494
6702495
6702496
6702497
6702498
6702499
6702500
6702501
6702502
6702503
6702504
6702505
6702506
6702507
6702508
6702509
6702510
6702511
6702512
6702513
6702514
6702515
6702516
6702517
6702518
6702519
6702520
6702521
6702522
6702523
6702524
6702525
6702526
6702527
6702528
6702529
6702530
6702531
6702532
6702533
6702534
6702535
6702536
6702537
6702538
6702539
6702540
6702541
6702542
6702543
6702544
6702545
6702546
6702547
6702548
6702549
6702550
6702551
6702552
6702553
6702554
6702555
6702556
6702557
6702558
6702559
6702560
6702561
6702562
6702563
6702564
6702565
6702566
6702567
6702568
6702569
6702570
6702571
6702572
6702573
6702574
6702575
6702576
6702577
6702578
6702579
6702580
6702581
6702582
6702583
6702584
6702585
6702586
6702587
6702588
6702589
6702590
6702591
6702592
6702593
6702594
6702595
6702596
6702597
6702598
6702599
6702600
6702601
6702602
6702603
6702604
6702605
6702606
6702607
6702608
6702609
6702610
6702611
6702612
6702613
6702614
6702615
6702616
6702617
6702618
6702619
6702620
6702621
6702622
6702623
6702624
6702625
6702626
6702627
6702628
6702629
6702630
6702631
6702632
6702633
6702634
6702635
6702636
6702637
6702638
6702639
6702640
6702641
6702642
6702643
6702644
6702645
6702646
6702647
6702648
6702649
6702650
6702651
6702652
6702653
6702654
6702655
6702656
6702657
6702658
6702659
6702660
6702661
6702662
6702663
6702664
6702665
6702666
6702667
6702668
6702669
6702670
6702671
6702672
6702673
6702674
6702675
6702676
6702677
6702678
6702679
6702680
6702681
6702682
6702683
6702684
6702685
6702686
6702687
6702688
6702689
6702690
6702691
6702692
6702693
6702694
6702695
6702696
6702697
6702698
6702699
6702700
6702701
6702702
6702703
6702704
6702705
6702706
6702707
6702708
6702709
6702710
6702711
6702712
6702713
6702714
6702715
6702716
6702717
6702718
6702719
6702720
6702721
6702722
6702723
6702724
6702725
6702726
6702727
6702728
6702729
6702730
6702731
6702732
6702733
6702734
6702735
6702736
6702737
6702738
6702739
6702740
6702741
6702742
6702743
6702744
6702745
6702746
6702747
6702748
6702749
6702750
6702751
6702752
6702753
6702754
6702755
6702756
6702757
6702758
6702759
6702760
6702761
6702762
6702763
6702764
6702765
6702766
6702767
6702768
6702769
6702770
6702771
6702772
6702773
6702774
6702775
6702776
6702777
6702778
6702779
6702780
6702781
6702782
6702783
6702784
6702785
6702786
6702787
6702788
6702789
6702790
6702791
6702792
6702793
6702794
6702795
6702796
6702797
6702798
6702799
6702800
6702801
6702802
6702803
6702804
6702805
6702806
6702807
6702808
6702809
6702810
6702811
6702812
6702813
6702814
6702815
6702816
6702817
6702818
6702819
6702820
6702821
6702822
6702823
6702824
6702825
6702826
6702827
6702828
6702829
6702830
6702831
6702832
6702833
6702834
6702835
6702836
6702837
6702838
6702839
6702840
6702841
6702842
6702843
6702844
6702845
6702846
6702847
6702848
6702849
6702850
6702851
6702852
6702853
6702854
6702855
6702856
6702857
6702858
6702859
6702860
6702861
6702862
6702863
6702864
6702865
6702866
6702867
6702868
6702869
6702870
6702871
6702872
6702873
6702874
6702875
6702876
6702877
6702878
6702879
6702880
6702881
6702882
6702883
6702884
6702885
6702886
6702887
6702888
6702889
6702890
6702891
6702892
6702893
6702894
6702895
6702896
6702897
6702898
6702899
6702900
6702901
6702902
6702903
6702904
6702905
6702906
6702907
6702908
6702909
6702910
6702911
6702912
6702913
6702914
6702915
6702916
6702917
6702918
6702919
6702920
6702921
6702922
6702923
6702924
6702925
6702926
6702927
6702928
6702929
6702930
6702931
6702932
6702933
6702934
6702935
6702936
6702937
6702938
6702939
6702940
6702941
6702942
6702943
6702944
6702945
6702946
6702947
6702948
6702949
6702950
6702951
6702952
6702953
6702954
6702955
6702956
6702957
6702958
6702959
6702960
6702961
6702962
6702963
6702964
6702965
6702966
6702967
6702968
6702969
6702970
6702971
6702972
6702973
6702974
6702975
6702976
6702977
6702978
6702979
6702980
6702981
6702982
6702983
6702984
6702985
6702986
6702987
6702988
6702989
6702990
6702991
6702992
6702993
6702994
6702995
6702996
6702997
6702998
6702999
6703000
6703001
6703002
6703003
6703004
6703005
6703006
6703007
6703008
6703009
6703010
6703011
6703012
6703013
6703014
6703015
6703016
6703017
6703018
6703019
6703020
6703021
6703022
6703023
6703024
6703025
6703026
6703027
6703028
6703029
6703030
6703031
6703032
6703033
6703034
6703035
6703036
6703037
6703038
6703039
6703040
6703041
6703042
6703043
6703044
6703045
6703046
6703047
6703048
6703049
6703050
6703051
6703052
6703053
6703054
6703055
6703056
6703057
6703058
6703059
6703060
6703061
6703062
6703063
6703064
6703065
6703066
6703067
6703068
6703069
6703070
6703071
6703072
6703073
6703074
6703075
6703076
6703077
6703078
6703079
6703080
6703081
6703082
6703083
6703084
6703085
6703086
6703087
6703088
6703089
6703090
6703091
6703092
6703093
6703094
6703095
6703096
6703097
6703098
6703099
6703100
6703101
6703102
6703103
6703104
6703105
6703106
6703107
6703108
6703109
6703110
6703111
6703112
6703113
6703114
6703115
6703116
6703117
6703118
6703119
6703120
6703121
6703122
6703123
6703124
6703125
6703126
6703127
6703128
6703129
6703130
6703131
6703132
6703133
6703134
6703135
6703136
6703137
6703138
6703139
6703140
6703141
6703142
6703143
6703144
6703145
6703146
6703147
6703148
6703149
6703150
6703151
6703152
6703153
6703154
6703155
6703156
6703157
6703158
6703159
6703160
6703161
6703162
6703163
6703164
6703165
6703166
6703167
6703168
6703169
6703170
6703171
6703172
6703173
6703174
6703175
6703176
6703177
6703178
6703179
6703180
6703181
6703182
6703183
6703184
6703185
6703186
6703187
6703188
6703189
6703190
6703191
6703192
6703193
6703194
6703195
6703196
6703197
6703198
6703199
6703200
6703201
6703202
6703203
6703204
6703205
6703206
6703207
6703208
6703209
6703210
6703211
6703212
6703213
6703214
6703215
6703216
6703217
6703218
6703219
6703220
6703221
6703222
6703223
6703224
6703225
6703226
6703227
6703228
6703229
6703230
6703231
6703232
6703233
6703234
6703235
6703236
6703237
6703238
6703239
6703240
6703241
6703242
6703243
6703244
6703245
6703246
6703247
6703248
6703249
6703250
6703251
6703252
6703253
6703254
6703255
6703256
6703257
6703258
6703259
6703260
6703261
6703262
6703263
6703264
6703265
6703266
6703267
6703268
6703269
6703270
6703271
6703272
6703273
6703274
6703275
6703276
6703277
6703278
6703279
6703280
6703281
6703282
6703283
6703284
6703285
6703286
6703287
6703288
6703289
6703290
6703291
6703292
6703293
6703294
6703295
6703296
6703297
6703298
6703299
6703300
6703301
6703302
6703303
6703304
6703305
6703306
6703307
6703308
6703309
6703310
6703311
6703312
6703313
6703314
6703315
6703316
6703317
6703318
6703319
6703320
6703321
6703322
6703323
6703324
6703325
6703326
6703327
6703328
6703329
6703330
6703331
6703332
6703333
6703334
6703335
6703336
6703337
6703338
6703339
6703340
6703341
6703342
6703343
6703344
6703345
6703346
6703347
6703348
6703349
6703350
6703351
6703352
6703353
6703354
6703355
6703356
6703357
6703358
6703359
6703360
6703361
6703362
6703363
6703364
6703365
6703366
6703367
6703368
6703369
6703370
6703371
6703372
6703373
6703374
6703375
6703376
6703377
6703378
6703379
6703380
6703381
6703382
6703383
6703384
6703385
6703386
6703387
6703388
6703389
6703390
6703391
6703392
6703393
6703394
6703395
6703396
6703397
6703398
6703399
6703400
6703401
6703402
6703403
6703404
6703405
6703406
6703407
6703408
6703409
6703410
6703411
6703412
6703413
6703414
6703415
6703416
6703417
6703418
6703419
6703420
6703421
6703422
6703423
6703424
6703425
6703426
6703427
6703428
6703429
6703430
6703431
6703432
6703433
6703434
6703435
6703436
6703437
6703438
6703439
6703440
6703441
6703442
6703443
6703444
6703445
6703446
6703447
6703448
6703449
6703450
6703451
6703452
6703453
6703454
6703455
6703456
6703457
6703458
6703459
6703460
6703461
6703462
6703463
6703464
6703465
6703466
6703467
6703468
6703469
6703470
6703471
6703472
6703473
6703474
6703475
6703476
6703477
6703478
6703479
6703480
6703481
6703482
6703483
6703484
6703485
6703486
6703487
6703488
6703489
6703490
6703491
6703492
6703493
6703494
6703495
6703496
6703497
6703498
6703499
6703500
6703501
6703502
6703503
6703504
6703505
6703506
6703507
6703508
6703509
6703510
6703511
6703512
6703513
6703514
6703515
6703516
6703517
6703518
6703519
6703520
6703521
6703522
6703523
6703524
6703525
6703526
6703527
6703528
6703529
6703530
6703531
6703532
6703533
6703534
6703535
6703536
6703537
6703538
6703539
6703540
6703541
6703542
6703543
6703544
6703545
6703546
6703547
6703548
6703549
6703550
6703551
6703552
6703553
6703554
6703555
6703556
6703557
6703558
6703559
6703560
6703561
6703562
6703563
6703564
6703565
6703566
6703567
6703568
6703569
6703570
6703571
6703572
6703573
6703574
6703575
6703576
6703577
6703578
6703579
6703580
6703581
6703582
6703583
6703584
6703585
6703586
6703587
6703588
6703589
6703590
6703591
6703592
6703593
6703594
6703595
6703596
6703597
6703598
6703599
6703600
6703601
6703602
6703603
6703604
6703605
6703606
6703607
6703608
6703609
6703610
6703611
6703612
6703613
6703614
6703615
6703616
6703617
6703618
6703619
6703620
6703621
6703622
6703623
6703624
6703625
6703626
6703627
6703628
6703629
6703630
6703631
6703632
6703633
6703634
6703635
6703636
6703637
6703638
6703639
6703640
6703641
6703642
6703643
6703644
6703645
6703646
6703647
6703648
6703649
6703650
6703651
6703652
6703653
6703654
6703655
6703656
6703657
6703658
6703659
6703660
6703661
6703662
6703663
6703664
6703665
6703666
6703667
6703668
6703669
6703670
6703671
6703672
6703673
6703674
6703675
6703676
6703677
6703678
6703679
6703680
6703681
6703682
6703683
6703684
6703685
6703686
6703687
6703688
6703689
6703690
6703691
6703692
6703693
6703694
6703695
6703696
6703697
6703698
6703699
6703700
6703701
6703702
6703703
6703704
6703705
6703706
6703707
6703708
6703709
6703710
6703711
6703712
6703713
6703714
6703715
6703716
6703717
6703718
6703719
6703720
6703721
6703722
6703723
6703724
6703725
6703726
6703727
6703728
6703729
6703730
6703731
6703732
6703733
6703734
6703735
6703736
6703737
6703738
6703739
6703740
6703741
6703742
6703743
6703744
6703745
6703746
6703747
6703748
6703749
6703750
6703751
6703752
6703753
6703754
6703755
6703756
6703757
6703758
6703759
6703760
6703761
6703762
6703763
6703764
6703765
6703766
6703767
6703768
6703769
6703770
6703771
6703772
6703773
6703774
6703775
6703776
6703777
6703778
6703779
6703780
6703781
6703782
6703783
6703784
6703785
6703786
6703787
6703788
6703789
6703790
6703791
6703792
6703793
6703794
6703795
6703796
6703797
6703798
6703799
6703800
6703801
6703802
6703803
6703804
6703805
6703806
6703807
6703808
6703809
6703810
6703811
6703812
6703813
6703814
6703815
6703816
6703817
6703818
6703819
6703820
6703821
6703822
6703823
6703824
6703825
6703826
6703827
6703828
6703829
6703830
6703831
6703832
6703833
6703834
6703835
6703836
6703837
6703838
6703839
6703840
6703841
6703842
6703843
6703844
6703845
6703846
6703847
6703848
6703849
6703850
6703851
6703852
6703853
6703854
6703855
6703856
6703857
6703858
6703859
6703860
6703861
6703862
6703863
6703864
6703865
6703866
6703867
6703868
6703869
6703870
6703871
6703872
6703873
6703874
6703875
6703876
6703877
6703878
6703879
6703880
6703881
6703882
6703883
6703884
6703885
6703886
6703887
6703888
6703889
6703890
6703891
6703892
6703893
6703894
6703895
6703896
6703897
6703898
6703899
6703900
6703901
6703902
6703903
6703904
6703905
6703906
6703907
6703908
6703909
6703910
6703911
6703912
6703913
6703914
6703915
6703916
6703917
6703918
6703919
6703920
6703921
6703922
6703923
6703924
6703925
6703926
6703927
6703928
6703929
6703930
6703931
6703932
6703933
6703934
6703935
6703936
6703937
6703938
6703939
6703940
6703941
6703942
6703943
6703944
6703945
6703946
6703947
6703948
6703949
6703950
6703951
6703952
6703953
6703954
6703955
6703956
6703957
6703958
6703959
6703960
6703961
6703962
6703963
6703964
6703965
6703966
6703967
6703968
6703969
6703970
6703971
6703972
6703973
6703974
6703975
6703976
6703977
6703978
6703979
6703980
6703981
6703982
6703983
6703984
6703985
6703986
6703987
6703988
6703989
6703990
6703991
6703992
6703993
6703994
6703995
6703996
6703997
6703998
6703999
6704000
6704001
6704002
6704003
6704004
6704005
6704006
6704007
6704008
6704009
6704010
6704011
6704012
6704013
6704014
6704015
6704016
6704017
6704018
6704019
6704020
6704021
6704022
6704023
6704024
6704025
6704026
6704027
6704028
6704029
6704030
6704031
6704032
6704033
6704034
6704035
6704036
6704037
6704038
6704039
6704040
6704041
6704042
6704043
6704044
6704045
6704046
6704047
6704048
6704049
6704050
6704051
6704052
6704053
6704054
6704055
6704056
6704057
6704058
6704059
6704060
6704061
6704062
6704063
6704064
6704065
6704066
6704067
6704068
6704069
6704070
6704071
6704072
6704073
6704074
6704075
6704076
6704077
6704078
6704079
6704080
6704081
6704082
6704083
6704084
6704085
6704086
6704087
6704088
6704089
6704090
6704091
6704092
6704093
6704094
6704095
6704096
6704097
6704098
6704099
6704100
6704101
6704102
6704103
6704104
6704105
6704106
6704107
6704108
6704109
6704110
6704111
6704112
6704113
6704114
6704115
6704116
6704117
6704118
6704119
6704120
6704121
6704122
6704123
6704124
6704125
6704126
6704127
6704128
6704129
6704130
6704131
6704132
6704133
6704134
6704135
6704136
6704137
6704138
6704139
6704140
6704141
6704142
6704143
6704144
6704145
6704146
6704147
6704148
6704149
6704150
6704151
6704152
6704153
6704154
6704155
6704156
6704157
6704158
6704159
6704160
6704161
6704162
6704163
6704164
6704165
6704166
6704167
6704168
6704169
6704170
6704171
6704172
6704173
6704174
6704175
6704176
6704177
6704178
6704179
6704180
6704181
6704182
6704183
6704184
6704185
6704186
6704187
6704188
6704189
6704190
6704191
6704192
6704193
6704194
6704195
6704196
6704197
6704198
6704199
6704200
6704201
6704202
6704203
6704204
6704205
6704206
6704207
6704208
6704209
6704210
6704211
6704212
6704213
6704214
6704215
6704216
6704217
6704218
6704219
6704220
6704221
6704222
6704223
6704224
6704225
6704226
6704227
6704228
6704229
6704230
6704231
6704232
6704233
6704234
6704235
6704236
6704237
6704238
6704239
6704240
6704241
6704242
6704243
6704244
6704245
6704246
6704247
6704248
6704249
6704250
6704251
6704252
6704253
6704254
6704255
6704256
6704257
6704258
6704259
6704260
6704261
6704262
6704263
6704264
6704265
6704266
6704267
6704268
6704269
6704270
6704271
6704272
6704273
6704274
6704275
6704276
6704277
6704278
6704279
6704280
6704281
6704282
6704283
6704284
6704285
6704286
6704287
6704288
6704289
6704290
6704291
6704292
6704293
6704294
6704295
6704296
6704297
6704298
6704299
6704300
6704301
6704302
6704303
6704304
6704305
6704306
6704307
6704308
6704309
6704310
6704311
6704312
6704313
6704314
6704315
6704316
6704317
6704318
6704319
6704320
6704321
6704322
6704323
6704324
6704325
6704326
6704327
6704328
6704329
6704330
6704331
6704332
6704333
6704334
6704335
6704336
6704337
6704338
6704339
6704340
6704341
6704342
6704343
6704344
6704345
6704346
6704347
6704348
6704349
6704350
6704351
6704352
6704353
6704354
6704355
6704356
6704357
6704358
6704359
6704360
6704361
6704362
6704363
6704364
6704365
6704366
6704367
6704368
6704369
6704370
6704371
6704372
6704373
6704374
6704375
6704376
6704377
6704378
6704379
6704380
6704381
6704382
6704383
6704384
6704385
6704386
6704387
6704388
6704389
6704390
6704391
6704392
6704393
6704394
6704395
6704396
6704397
6704398
6704399
6704400
6704401
6704402
6704403
6704404
6704405
6704406
6704407
6704408
6704409
6704410
6704411
6704412
6704413
6704414
6704415
6704416
6704417
6704418
6704419
6704420
6704421
6704422
6704423
6704424
6704425
6704426
6704427
6704428
6704429
6704430
6704431
6704432
6704433
6704434
6704435
6704436
6704437
6704438
6704439
6704440
6704441
6704442
6704443
6704444
6704445
6704446
6704447
6704448
6704449
6704450
6704451
6704452
6704453
6704454
6704455
6704456
6704457
6704458
6704459
6704460
6704461
6704462
6704463
6704464
6704465
6704466
6704467
6704468
6704469
6704470
6704471
6704472
6704473
6704474
6704475
6704476
6704477
6704478
6704479
6704480
6704481
6704482
6704483
6704484
6704485
6704486
6704487
6704488
6704489
6704490
6704491
6704492
6704493
6704494
6704495
6704496
6704497
6704498
6704499
6704500
6704501
6704502
6704503
6704504
6704505
6704506
6704507
6704508
6704509
6704510
6704511
6704512
6704513
6704514
6704515
6704516
6704517
6704518
6704519
6704520
6704521
6704522
6704523
6704524
6704525
6704526
6704527
6704528
6704529
6704530
6704531
6704532
6704533
6704534
6704535
6704536
6704537
6704538
6704539
6704540
6704541
6704542
6704543
6704544
6704545
6704546
6704547
6704548
6704549
6704550
6704551
6704552
6704553
6704554
6704555
6704556
6704557
6704558
6704559
6704560
6704561
6704562
6704563
6704564
6704565
6704566
6704567
6704568
6704569
6704570
6704571
6704572
6704573
6704574
6704575
6704576
6704577
6704578
6704579
6704580
6704581
6704582
6704583
6704584
6704585
6704586
6704587
6704588
6704589
6704590
6704591
6704592
6704593
6704594
6704595
6704596
6704597
6704598
6704599
6704600
6704601
6704602
6704603
6704604
6704605
6704606
6704607
6704608
6704609
6704610
6704611
6704612
6704613
6704614
6704615
6704616
6704617
6704618
6704619
6704620
6704621
6704622
6704623
6704624
6704625
6704626
6704627
6704628
6704629
6704630
6704631
6704632
6704633
6704634
6704635
6704636
6704637
6704638
6704639
6704640
6704641
6704642
6704643
6704644
6704645
6704646
6704647
6704648
6704649
6704650
6704651
6704652
6704653
6704654
6704655
6704656
6704657
6704658
6704659
6704660
6704661
6704662
6704663
6704664
6704665
6704666
6704667
6704668
6704669
6704670
6704671
6704672
6704673
6704674
6704675
6704676
6704677
6704678
6704679
6704680
6704681
6704682
6704683
6704684
6704685
6704686
6704687
6704688
6704689
6704690
6704691
6704692
6704693
6704694
6704695
6704696
6704697
6704698
6704699
6704700
6704701
6704702
6704703
6704704
6704705
6704706
6704707
6704708
6704709
6704710
6704711
6704712
6704713
6704714
6704715
6704716
6704717
6704718
6704719
6704720
6704721
6704722
6704723
6704724
6704725
6704726
6704727
6704728
6704729
6704730
6704731
6704732
6704733
6704734
6704735
6704736
6704737
6704738
6704739
6704740
6704741
6704742
6704743
6704744
6704745
6704746
6704747
6704748
6704749
6704750
6704751
6704752
6704753
6704754
6704755
6704756
6704757
6704758
6704759
6704760
6704761
6704762
6704763
6704764
6704765
6704766
6704767
6704768
6704769
6704770
6704771
6704772
6704773
6704774
6704775
6704776
6704777
6704778
6704779
6704780
6704781
6704782
6704783
6704784
6704785
6704786
6704787
6704788
6704789
6704790
6704791
6704792
6704793
6704794
6704795
6704796
6704797
6704798
6704799
6704800
6704801
6704802
6704803
6704804
6704805
6704806
6704807
6704808
6704809
6704810
6704811
6704812
6704813
6704814
6704815
6704816
6704817
6704818
6704819
6704820
6704821
6704822
6704823
6704824
6704825
6704826
6704827
6704828
6704829
6704830
6704831
6704832
6704833
6704834
6704835
6704836
6704837
6704838
6704839
6704840
6704841
6704842
6704843
6704844
6704845
6704846
6704847
6704848
6704849
6704850
6704851
6704852
6704853
6704854
6704855
6704856
6704857
6704858
6704859
6704860
6704861
6704862
6704863
6704864
6704865
6704866
6704867
6704868
6704869
6704870
6704871
6704872
6704873
6704874
6704875
6704876
6704877
6704878
6704879
6704880
6704881
6704882
6704883
6704884
6704885
6704886
6704887
6704888
6704889
6704890
6704891
6704892
6704893
6704894
6704895
6704896
6704897
6704898
6704899
6704900
6704901
6704902
6704903
6704904
6704905
6704906
6704907
6704908
6704909
6704910
6704911
6704912
6704913
6704914
6704915
6704916
6704917
6704918
6704919
6704920
6704921
6704922
6704923
6704924
6704925
6704926
6704927
6704928
6704929
6704930
6704931
6704932
6704933
6704934
6704935
6704936
6704937
6704938
6704939
6704940
6704941
6704942
6704943
6704944
6704945
6704946
6704947
6704948
6704949
6704950
6704951
6704952
6704953
6704954
6704955
6704956
6704957
6704958
6704959
6704960
6704961
6704962
6704963
6704964
6704965
6704966
6704967
6704968
6704969
6704970
6704971
6704972
6704973
6704974
6704975
6704976
6704977
6704978
6704979
6704980
6704981
6704982
6704983
6704984
6704985
6704986
6704987
6704988
6704989
6704990
6704991
6704992
6704993
6704994
6704995
6704996
6704997
6704998
6704999
6705000
6705001
6705002
6705003
6705004
6705005
6705006
6705007
6705008
6705009
6705010
6705011
6705012
6705013
6705014
6705015
6705016
6705017
6705018
6705019
6705020
6705021
6705022
6705023
6705024
6705025
6705026
6705027
6705028
6705029
6705030
6705031
6705032
6705033
6705034
6705035
6705036
6705037
6705038
6705039
6705040
6705041
6705042
6705043
6705044
6705045
6705046
6705047
6705048
6705049
6705050
6705051
6705052
6705053
6705054
6705055
6705056
6705057
6705058
6705059
6705060
6705061
6705062
6705063
6705064
6705065
6705066
6705067
6705068
6705069
6705070
6705071
6705072
6705073
6705074
6705075
6705076
6705077
6705078
6705079
6705080
6705081
6705082
6705083
6705084
6705085
6705086
6705087
6705088
6705089
6705090
6705091
6705092
6705093
6705094
6705095
6705096
6705097
6705098
6705099
6705100
6705101
6705102
6705103
6705104
6705105
6705106
6705107
6705108
6705109
6705110
6705111
6705112
6705113
6705114
6705115
6705116
6705117
6705118
6705119
6705120
6705121
6705122
6705123
6705124
6705125
6705126
6705127
6705128
6705129
6705130
6705131
6705132
6705133
6705134
6705135
6705136
6705137
6705138
6705139
6705140
6705141
6705142
6705143
6705144
6705145
6705146
6705147
6705148
6705149
6705150
6705151
6705152
6705153
6705154
6705155
6705156
6705157
6705158
6705159
6705160
6705161
6705162
6705163
6705164
6705165
6705166
6705167
6705168
6705169
6705170
6705171
6705172
6705173
6705174
6705175
6705176
6705177
6705178
6705179
6705180
6705181
6705182
6705183
6705184
6705185
6705186
6705187
6705188
6705189
6705190
6705191
6705192
6705193
6705194
6705195
6705196
6705197
6705198
6705199
6705200
6705201
6705202
6705203
6705204
6705205
6705206
6705207
6705208
6705209
6705210
6705211
6705212
6705213
6705214
6705215
6705216
6705217
6705218
6705219
6705220
6705221
6705222
6705223
6705224
6705225
6705226
6705227
6705228
6705229
6705230
6705231
6705232
6705233
6705234
6705235
6705236
6705237
6705238
6705239
6705240
6705241
6705242
6705243
6705244
6705245
6705246
6705247
6705248
6705249
6705250
6705251
6705252
6705253
6705254
6705255
6705256
6705257
6705258
6705259
6705260
6705261
6705262
6705263
6705264
6705265
6705266
6705267
6705268
6705269
6705270
6705271
6705272
6705273
6705274
6705275
6705276
6705277
6705278
6705279
6705280
6705281
6705282
6705283
6705284
6705285
6705286
6705287
6705288
6705289
6705290
6705291
6705292
6705293
6705294
6705295
6705296
6705297
6705298
6705299
6705300
6705301
6705302
6705303
6705304
6705305
6705306
6705307
6705308
6705309
6705310
6705311
6705312
6705313
6705314
6705315
6705316
6705317
6705318
6705319
6705320
6705321
6705322
6705323
6705324
6705325
6705326
6705327
6705328
6705329
6705330
6705331
6705332
6705333
6705334
6705335
6705336
6705337
6705338
6705339
6705340
6705341
6705342
6705343
6705344
6705345
6705346
6705347
6705348
6705349
6705350
6705351
6705352
6705353
6705354
6705355
6705356
6705357
6705358
6705359
6705360
6705361
6705362
6705363
6705364
6705365
6705366
6705367
6705368
6705369
6705370
6705371
6705372
6705373
6705374
6705375
6705376
6705377
6705378
6705379
6705380
6705381
6705382
6705383
6705384
6705385
6705386
6705387
6705388
6705389
6705390
6705391
6705392
6705393
6705394
6705395
6705396
6705397
6705398
6705399
6705400
6705401
6705402
6705403
6705404
6705405
6705406
6705407
6705408
6705409
6705410
6705411
6705412
6705413
6705414
6705415
6705416
6705417
6705418
6705419
6705420
6705421
6705422
6705423
6705424
6705425
6705426
6705427
6705428
6705429
6705430
6705431
6705432
6705433
6705434
6705435
6705436
6705437
6705438
6705439
6705440
6705441
6705442
6705443
6705444
6705445
6705446
6705447
6705448
6705449
6705450
6705451
6705452
6705453
6705454
6705455
6705456
6705457
6705458
6705459
6705460
6705461
6705462
6705463
6705464
6705465
6705466
6705467
6705468
6705469
6705470
6705471
6705472
6705473
6705474
6705475
6705476
6705477
6705478
6705479
6705480
6705481
6705482
6705483
6705484
6705485
6705486
6705487
6705488
6705489
6705490
6705491
6705492
6705493
6705494
6705495
6705496
6705497
6705498
6705499
6705500
6705501
6705502
6705503
6705504
6705505
6705506
6705507
6705508
6705509
6705510
6705511
6705512
6705513
6705514
6705515
6705516
6705517
6705518
6705519
6705520
6705521
6705522
6705523
6705524
6705525
6705526
6705527
6705528
6705529
6705530
6705531
6705532
6705533
6705534
6705535
6705536
6705537
6705538
6705539
6705540
6705541
6705542
6705543
6705544
6705545
6705546
6705547
6705548
6705549
6705550
6705551
6705552
6705553
6705554
6705555
6705556
6705557
6705558
6705559
6705560
6705561
6705562
6705563
6705564
6705565
6705566
6705567
6705568
6705569
6705570
6705571
6705572
6705573
6705574
6705575
6705576
6705577
6705578
6705579
6705580
6705581
6705582
6705583
6705584
6705585
6705586
6705587
6705588
6705589
6705590
6705591
6705592
6705593
6705594
6705595
6705596
6705597
6705598
6705599
6705600
6705601
6705602
6705603
6705604
6705605
6705606
6705607
6705608
6705609
6705610
6705611
6705612
6705613
6705614
6705615
6705616
6705617
6705618
6705619
6705620
6705621
6705622
6705623
6705624
6705625
6705626
6705627
6705628
6705629
6705630
6705631
6705632
6705633
6705634
6705635
6705636
6705637
6705638
6705639
6705640
6705641
6705642
6705643
6705644
6705645
6705646
6705647
6705648
6705649
6705650
6705651
6705652
6705653
6705654
6705655
6705656
6705657
6705658
6705659
6705660
6705661
6705662
6705663
6705664
6705665
6705666
6705667
6705668
6705669
6705670
6705671
6705672
6705673
6705674
6705675
6705676
6705677
6705678
6705679
6705680
6705681
6705682
6705683
6705684
6705685
6705686
6705687
6705688
6705689
6705690
6705691
6705692
6705693
6705694
6705695
6705696
6705697
6705698
6705699
6705700
6705701
6705702
6705703
6705704
6705705
6705706
6705707
6705708
6705709
6705710
6705711
6705712
6705713
6705714
6705715
6705716
6705717
6705718
6705719
6705720
6705721
6705722
6705723
6705724
6705725
6705726
6705727
6705728
6705729
6705730
6705731
6705732
6705733
6705734
6705735
6705736
6705737
6705738
6705739
6705740
6705741
6705742
6705743
6705744
6705745
6705746
6705747
6705748
6705749
6705750
6705751
6705752
6705753
6705754
6705755
6705756
6705757
6705758
6705759
6705760
6705761
6705762
6705763
6705764
6705765
6705766
6705767
6705768
6705769
6705770
6705771
6705772
6705773
6705774
6705775
6705776
6705777
6705778
6705779
6705780
6705781
6705782
6705783
6705784
6705785
6705786
6705787
6705788
6705789
6705790
6705791
6705792
6705793
6705794
6705795
6705796
6705797
6705798
6705799
6705800
6705801
6705802
6705803
6705804
6705805
6705806
6705807
6705808
6705809
6705810
6705811
6705812
6705813
6705814
6705815
6705816
6705817
6705818
6705819
6705820
6705821
6705822
6705823
6705824
6705825
6705826
6705827
6705828
6705829
6705830
6705831
6705832
6705833
6705834
6705835
6705836
6705837
6705838
6705839
6705840
6705841
6705842
6705843
6705844
6705845
6705846
6705847
6705848
6705849
6705850
6705851
6705852
6705853
6705854
6705855
6705856
6705857
6705858
6705859
6705860
6705861
6705862
6705863
6705864
6705865
6705866
6705867
6705868
6705869
6705870
6705871
6705872
6705873
6705874
6705875
6705876
6705877
6705878
6705879
6705880
6705881
6705882
6705883
6705884
6705885
6705886
6705887
6705888
6705889
6705890
6705891
6705892
6705893
6705894
6705895
6705896
6705897
6705898
6705899
6705900
6705901
6705902
6705903
6705904
6705905
6705906
6705907
6705908
6705909
6705910
6705911
6705912
6705913
6705914
6705915
6705916
6705917
6705918
6705919
6705920
6705921
6705922
6705923
6705924
6705925
6705926
6705927
6705928
6705929
6705930
6705931
6705932
6705933
6705934
6705935
6705936
6705937
6705938
6705939
6705940
6705941
6705942
6705943
6705944
6705945
6705946
6705947
6705948
6705949
6705950
6705951
6705952
6705953
6705954
6705955
6705956
6705957
6705958
6705959
6705960
6705961
6705962
6705963
6705964
6705965
6705966
6705967
6705968
6705969
6705970
6705971
6705972
6705973
6705974
6705975
6705976
6705977
6705978
6705979
6705980
6705981
6705982
6705983
6705984
6705985
6705986
6705987
6705988
6705989
6705990
6705991
6705992
6705993
6705994
6705995
6705996
6705997
6705998
6705999
6706000
6706001
6706002
6706003
6706004
6706005
6706006
6706007
6706008
6706009
6706010
6706011
6706012
6706013
6706014
6706015
6706016
6706017
6706018
6706019
6706020
6706021
6706022
6706023
6706024
6706025
6706026
6706027
6706028
6706029
6706030
6706031
6706032
6706033
6706034
6706035
6706036
6706037
6706038
6706039
6706040
6706041
6706042
6706043
6706044
6706045
6706046
6706047
6706048
6706049
6706050
6706051
6706052
6706053
6706054
6706055
6706056
6706057
6706058
6706059
6706060
6706061
6706062
6706063
6706064
6706065
6706066
6706067
6706068
6706069
6706070
6706071
6706072
6706073
6706074
6706075
6706076
6706077
6706078
6706079
6706080
6706081
6706082
6706083
6706084
6706085
6706086
6706087
6706088
6706089
6706090
6706091
6706092
6706093
6706094
6706095
6706096
6706097
6706098
6706099
6706100
6706101
6706102
6706103
6706104
6706105
6706106
6706107
6706108
6706109
6706110
6706111
6706112
6706113
6706114
6706115
6706116
6706117
6706118
6706119
6706120
6706121
6706122
6706123
6706124
6706125
6706126
6706127
6706128
6706129
6706130
6706131
6706132
6706133
6706134
6706135
6706136
6706137
6706138
6706139
6706140
6706141
6706142
6706143
6706144
6706145
6706146
6706147
6706148
6706149
6706150
6706151
6706152
6706153
6706154
6706155
6706156
6706157
6706158
6706159
6706160
6706161
6706162
6706163
6706164
6706165
6706166
6706167
6706168
6706169
6706170
6706171
6706172
6706173
6706174
6706175
6706176
6706177
6706178
6706179
6706180
6706181
6706182
6706183
6706184
6706185
6706186
6706187
6706188
6706189
6706190
6706191
6706192
6706193
6706194
6706195
6706196
6706197
6706198
6706199
6706200
6706201
6706202
6706203
6706204
6706205
6706206
6706207
6706208
6706209
6706210
6706211
6706212
6706213
6706214
6706215
6706216
6706217
6706218
6706219
6706220
6706221
6706222
6706223
6706224
6706225
6706226
6706227
6706228
6706229
6706230
6706231
6706232
6706233
6706234
6706235
6706236
6706237
6706238
6706239
6706240
6706241
6706242
6706243
6706244
6706245
6706246
6706247
6706248
6706249
6706250
6706251
6706252
6706253
6706254
6706255
6706256
6706257
6706258
6706259
6706260
6706261
6706262
6706263
6706264
6706265
6706266
6706267
6706268
6706269
6706270
6706271
6706272
6706273
6706274
6706275
6706276
6706277
6706278
6706279
6706280
6706281
6706282
6706283
6706284
6706285
6706286
6706287
6706288
6706289
6706290
6706291
6706292
6706293
6706294
6706295
6706296
6706297
6706298
6706299
6706300
6706301
6706302
6706303
6706304
6706305
6706306
6706307
6706308
6706309
6706310
6706311
6706312
6706313
6706314
6706315
6706316
6706317
6706318
6706319
6706320
6706321
6706322
6706323
6706324
6706325
6706326
6706327
6706328
6706329
6706330
6706331
6706332
6706333
6706334
6706335
6706336
6706337
6706338
6706339
6706340
6706341
6706342
6706343
6706344
6706345
6706346
6706347
6706348
6706349
6706350
6706351
6706352
6706353
6706354
6706355
6706356
6706357
6706358
6706359
6706360
6706361
6706362
6706363
6706364
6706365
6706366
6706367
6706368
6706369
6706370
6706371
6706372
6706373
6706374
6706375
6706376
6706377
6706378
6706379
6706380
6706381
6706382
6706383
6706384
6706385
6706386
6706387
6706388
6706389
6706390
6706391
6706392
6706393
6706394
6706395
6706396
6706397
6706398
6706399
6706400
6706401
6706402
6706403
6706404
6706405
6706406
6706407
6706408
6706409
6706410
6706411
6706412
6706413
6706414
6706415
6706416
6706417
6706418
6706419
6706420
6706421
6706422
6706423
6706424
6706425
6706426
6706427
6706428
6706429
6706430
6706431
6706432
6706433
6706434
6706435
6706436
6706437
6706438
6706439
6706440
6706441
6706442
6706443
6706444
6706445
6706446
6706447
6706448
6706449
6706450
6706451
6706452
6706453
6706454
6706455
6706456
6706457
6706458
6706459
6706460
6706461
6706462
6706463
6706464
6706465
6706466
6706467
6706468
6706469
6706470
6706471
6706472
6706473
6706474
6706475
6706476
6706477
6706478
6706479
6706480
6706481
6706482
6706483
6706484
6706485
6706486
6706487
6706488
6706489
6706490
6706491
6706492
6706493
6706494
6706495
6706496
6706497
6706498
6706499
6706500
6706501
6706502
6706503
6706504
6706505
6706506
6706507
6706508
6706509
6706510
6706511
6706512
6706513
6706514
6706515
6706516
6706517
6706518
6706519
6706520
6706521
6706522
6706523
6706524
6706525
6706526
6706527
6706528
6706529
6706530
6706531
6706532
6706533
6706534
6706535
6706536
6706537
6706538
6706539
6706540
6706541
6706542
6706543
6706544
6706545
6706546
6706547
6706548
6706549
6706550
6706551
6706552
6706553
6706554
6706555
6706556
6706557
6706558
6706559
6706560
6706561
6706562
6706563
6706564
6706565
6706566
6706567
6706568
6706569
6706570
6706571
6706572
6706573
6706574
6706575
6706576
6706577
6706578
6706579
6706580
6706581
6706582
6706583
6706584
6706585
6706586
6706587
6706588
6706589
6706590
6706591
6706592
6706593
6706594
6706595
6706596
6706597
6706598
6706599
6706600
6706601
6706602
6706603
6706604
6706605
6706606
6706607
6706608
6706609
6706610
6706611
6706612
6706613
6706614
6706615
6706616
6706617
6706618
6706619
6706620
6706621
6706622
6706623
6706624
6706625
6706626
6706627
6706628
6706629
6706630
6706631
6706632
6706633
6706634
6706635
6706636
6706637
6706638
6706639
6706640
6706641
6706642
6706643
6706644
6706645
6706646
6706647
6706648
6706649
6706650
6706651
6706652
6706653
6706654
6706655
6706656
6706657
6706658
6706659
6706660
6706661
6706662
6706663
6706664
6706665
6706666
6706667
6706668
6706669
6706670
6706671
6706672
6706673
6706674
6706675
6706676
6706677
6706678
6706679
6706680
6706681
6706682
6706683
6706684
6706685
6706686
6706687
6706688
6706689
6706690
6706691
6706692
6706693
6706694
6706695
6706696
6706697
6706698
6706699
6706700
6706701
6706702
6706703
6706704
6706705
6706706
6706707
6706708
6706709
6706710
6706711
6706712
6706713
6706714
6706715
6706716
6706717
6706718
6706719
6706720
6706721
6706722
6706723
6706724
6706725
6706726
6706727
6706728
6706729
6706730
6706731
6706732
6706733
6706734
6706735
6706736
6706737
6706738
6706739
6706740
6706741
6706742
6706743
6706744
6706745
6706746
6706747
6706748
6706749
6706750
6706751
6706752
6706753
6706754
6706755
6706756
6706757
6706758
6706759
6706760
6706761
6706762
6706763
6706764
6706765
6706766
6706767
6706768
6706769
6706770
6706771
6706772
6706773
6706774
6706775
6706776
6706777
6706778
6706779
6706780
6706781
6706782
6706783
6706784
6706785
6706786
6706787
6706788
6706789
6706790
6706791
6706792
6706793
6706794
6706795
6706796
6706797
6706798
6706799
6706800
6706801
6706802
6706803
6706804
6706805
6706806
6706807
6706808
6706809
6706810
6706811
6706812
6706813
6706814
6706815
6706816
6706817
6706818
6706819
6706820
6706821
6706822
6706823
6706824
6706825
6706826
6706827
6706828
6706829
6706830
6706831
6706832
6706833
6706834
6706835
6706836
6706837
6706838
6706839
6706840
6706841
6706842
6706843
6706844
6706845
6706846
6706847
6706848
6706849
6706850
6706851
6706852
6706853
6706854
6706855
6706856
6706857
6706858
6706859
6706860
6706861
6706862
6706863
6706864
6706865
6706866
6706867
6706868
6706869
6706870
6706871
6706872
6706873
6706874
6706875
6706876
6706877
6706878
6706879
6706880
6706881
6706882
6706883
6706884
6706885
6706886
6706887
6706888
6706889
6706890
6706891
6706892
6706893
6706894
6706895
6706896
6706897
6706898
6706899
6706900
6706901
6706902
6706903
6706904
6706905
6706906
6706907
6706908
6706909
6706910
6706911
6706912
6706913
6706914
6706915
6706916
6706917
6706918
6706919
6706920
6706921
6706922
6706923
6706924
6706925
6706926
6706927
6706928
6706929
6706930
6706931
6706932
6706933
6706934
6706935
6706936
6706937
6706938
6706939
6706940
6706941
6706942
6706943
6706944
6706945
6706946
6706947
6706948
6706949
6706950
6706951
6706952
6706953
6706954
6706955
6706956
6706957
6706958
6706959
6706960
6706961
6706962
6706963
6706964
6706965
6706966
6706967
6706968
6706969
6706970
6706971
6706972
6706973
6706974
6706975
6706976
6706977
6706978
6706979
6706980
6706981
6706982
6706983
6706984
6706985
6706986
6706987
6706988
6706989
6706990
6706991
6706992
6706993
6706994
6706995
6706996
6706997
6706998
6706999
6707000
6707001
6707002
6707003
6707004
6707005
6707006
6707007
6707008
6707009
6707010
6707011
6707012
6707013
6707014
6707015
6707016
6707017
6707018
6707019
6707020
6707021
6707022
6707023
6707024
6707025
6707026
6707027
6707028
6707029
6707030
6707031
6707032
6707033
6707034
6707035
6707036
6707037
6707038
6707039
6707040
6707041
6707042
6707043
6707044
6707045
6707046
6707047
6707048
6707049
6707050
6707051
6707052
6707053
6707054
6707055
6707056
6707057
6707058
6707059
6707060
6707061
6707062
6707063
6707064
6707065
6707066
6707067
6707068
6707069
6707070
6707071
6707072
6707073
6707074
6707075
6707076
6707077
6707078
6707079
6707080
6707081
6707082
6707083
6707084
6707085
6707086
6707087
6707088
6707089
6707090
6707091
6707092
6707093
6707094
6707095
6707096
6707097
6707098
6707099
6707100
6707101
6707102
6707103
6707104
6707105
6707106
6707107
6707108
6707109
6707110
6707111
6707112
6707113
6707114
6707115
6707116
6707117
6707118
6707119
6707120
6707121
6707122
6707123
6707124
6707125
6707126
6707127
6707128
6707129
6707130
6707131
6707132
6707133
6707134
6707135
6707136
6707137
6707138
6707139
6707140
6707141
6707142
6707143
6707144
6707145
6707146
6707147
6707148
6707149
6707150
6707151
6707152
6707153
6707154
6707155
6707156
6707157
6707158
6707159
6707160
6707161
6707162
6707163
6707164
6707165
6707166
6707167
6707168
6707169
6707170
6707171
6707172
6707173
6707174
6707175
6707176
6707177
6707178
6707179
6707180
6707181
6707182
6707183
6707184
6707185
6707186
6707187
6707188
6707189
6707190
6707191
6707192
6707193
6707194
6707195
6707196
6707197
6707198
6707199
6707200
6707201
6707202
6707203
6707204
6707205
6707206
6707207
6707208
6707209
6707210
6707211
6707212
6707213
6707214
6707215
6707216
6707217
6707218
6707219
6707220
6707221
6707222
6707223
6707224
6707225
6707226
6707227
6707228
6707229
6707230
6707231
6707232
6707233
6707234
6707235
6707236
6707237
6707238
6707239
6707240
6707241
6707242
6707243
6707244
6707245
6707246
6707247
6707248
6707249
6707250
6707251
6707252
6707253
6707254
6707255
6707256
6707257
6707258
6707259
6707260
6707261
6707262
6707263
6707264
6707265
6707266
6707267
6707268
6707269
6707270
6707271
6707272
6707273
6707274
6707275
6707276
6707277
6707278
6707279
6707280
6707281
6707282
6707283
6707284
6707285
6707286
6707287
6707288
6707289
6707290
6707291
6707292
6707293
6707294
6707295
6707296
6707297
6707298
6707299
6707300
6707301
6707302
6707303
6707304
6707305
6707306
6707307
6707308
6707309
6707310
6707311
6707312
6707313
6707314
6707315
6707316
6707317
6707318
6707319
6707320
6707321
6707322
6707323
6707324
6707325
6707326
6707327
6707328
6707329
6707330
6707331
6707332
6707333
6707334
6707335
6707336
6707337
6707338
6707339
6707340
6707341
6707342
6707343
6707344
6707345
6707346
6707347
6707348
6707349
6707350
6707351
6707352
6707353
6707354
6707355
6707356
6707357
6707358
6707359
6707360
6707361
6707362
6707363
6707364
6707365
6707366
6707367
6707368
6707369
6707370
6707371
6707372
6707373
6707374
6707375
6707376
6707377
6707378
6707379
6707380
6707381
6707382
6707383
6707384
6707385
6707386
6707387
6707388
6707389
6707390
6707391
6707392
6707393
6707394
6707395
6707396
6707397
6707398
6707399
6707400
6707401
6707402
6707403
6707404
6707405
6707406
6707407
6707408
6707409
6707410
6707411
6707412
6707413
6707414
6707415
6707416
6707417
6707418
6707419
6707420
6707421
6707422
6707423
6707424
6707425
6707426
6707427
6707428
6707429
6707430
6707431
6707432
6707433
6707434
6707435
6707436
6707437
6707438
6707439
6707440
6707441
6707442
6707443
6707444
6707445
6707446
6707447
6707448
6707449
6707450
6707451
6707452
6707453
6707454
6707455
6707456
6707457
6707458
6707459
6707460
6707461
6707462
6707463
6707464
6707465
6707466
6707467
6707468
6707469
6707470
6707471
6707472
6707473
6707474
6707475
6707476
6707477
6707478
6707479
6707480
6707481
6707482
6707483
6707484
6707485
6707486
6707487
6707488
6707489
6707490
6707491
6707492
6707493
6707494
6707495
6707496
6707497
6707498
6707499
6707500
6707501
6707502
6707503
6707504
6707505
6707506
6707507
6707508
6707509
6707510
6707511
6707512
6707513
6707514
6707515
6707516
6707517
6707518
6707519
6707520
6707521
6707522
6707523
6707524
6707525
6707526
6707527
6707528
6707529
6707530
6707531
6707532
6707533
6707534
6707535
6707536
6707537
6707538
6707539
6707540
6707541
6707542
6707543
6707544
6707545
6707546
6707547
6707548
6707549
6707550
6707551
6707552
6707553
6707554
6707555
6707556
6707557
6707558
6707559
6707560
6707561
6707562
6707563
6707564
6707565
6707566
6707567
6707568
6707569
6707570
6707571
6707572
6707573
6707574
6707575
6707576
6707577
6707578
6707579
6707580
6707581
6707582
6707583
6707584
6707585
6707586
6707587
6707588
6707589
6707590
6707591
6707592
6707593
6707594
6707595
6707596
6707597
6707598
6707599
6707600
6707601
6707602
6707603
6707604
6707605
6707606
6707607
6707608
6707609
6707610
6707611
6707612
6707613
6707614
6707615
6707616
6707617
6707618
6707619
6707620
6707621
6707622
6707623
6707624
6707625
6707626
6707627
6707628
6707629
6707630
6707631
6707632
6707633
6707634
6707635
6707636
6707637
6707638
6707639
6707640
6707641
6707642
6707643
6707644
6707645
6707646
6707647
6707648
6707649
6707650
6707651
6707652
6707653
6707654
6707655
6707656
6707657
6707658
6707659
6707660
6707661
6707662
6707663
6707664
6707665
6707666
6707667
6707668
6707669
6707670
6707671
6707672
6707673
6707674
6707675
6707676
6707677
6707678
6707679
6707680
6707681
6707682
6707683
6707684
6707685
6707686
6707687
6707688
6707689
6707690
6707691
6707692
6707693
6707694
6707695
6707696
6707697
6707698
6707699
6707700
6707701
6707702
6707703
6707704
6707705
6707706
6707707
6707708
6707709
6707710
6707711
6707712
6707713
6707714
6707715
6707716
6707717
6707718
6707719
6707720
6707721
6707722
6707723
6707724
6707725
6707726
6707727
6707728
6707729
6707730
6707731
6707732
6707733
6707734
6707735
6707736
6707737
6707738
6707739
6707740
6707741
6707742
6707743
6707744
6707745
6707746
6707747
6707748
6707749
6707750
6707751
6707752
6707753
6707754
6707755
6707756
6707757
6707758
6707759
6707760
6707761
6707762
6707763
6707764
6707765
6707766
6707767
6707768
6707769
6707770
6707771
6707772
6707773
6707774
6707775
6707776
6707777
6707778
6707779
6707780
6707781
6707782
6707783
6707784
6707785
6707786
6707787
6707788
6707789
6707790
6707791
6707792
6707793
6707794
6707795
6707796
6707797
6707798
6707799
6707800
6707801
6707802
6707803
6707804
6707805
6707806
6707807
6707808
6707809
6707810
6707811
6707812
6707813
6707814
6707815
6707816
6707817
6707818
6707819
6707820
6707821
6707822
6707823
6707824
6707825
6707826
6707827
6707828
6707829
6707830
6707831
6707832
6707833
6707834
6707835
6707836
6707837
6707838
6707839
6707840
6707841
6707842
6707843
6707844
6707845
6707846
6707847
6707848
6707849
6707850
6707851
6707852
6707853
6707854
6707855
6707856
6707857
6707858
6707859
6707860
6707861
6707862
6707863
6707864
6707865
6707866
6707867
6707868
6707869
6707870
6707871
6707872
6707873
6707874
6707875
6707876
6707877
6707878
6707879
6707880
6707881
6707882
6707883
6707884
6707885
6707886
6707887
6707888
6707889
6707890
6707891
6707892
6707893
6707894
6707895
6707896
6707897
6707898
6707899
6707900
6707901
6707902
6707903
6707904
6707905
6707906
6707907
6707908
6707909
6707910
6707911
6707912
6707913
6707914
6707915
6707916
6707917
6707918
6707919
6707920
6707921
6707922
6707923
6707924
6707925
6707926
6707927
6707928
6707929
6707930
6707931
6707932
6707933
6707934
6707935
6707936
6707937
6707938
6707939
6707940
6707941
6707942
6707943
6707944
6707945
6707946
6707947
6707948
6707949
6707950
6707951
6707952
6707953
6707954
6707955
6707956
6707957
6707958
6707959
6707960
6707961
6707962
6707963
6707964
6707965
6707966
6707967
6707968
6707969
6707970
6707971
6707972
6707973
6707974
6707975
6707976
6707977
6707978
6707979
6707980
6707981
6707982
6707983
6707984
6707985
6707986
6707987
6707988
6707989
6707990
6707991
6707992
6707993
6707994
6707995
6707996
6707997
6707998
6707999
6708000
6708001
6708002
6708003
6708004
6708005
6708006
6708007
6708008
6708009
6708010
6708011
6708012
6708013
6708014
6708015
6708016
6708017
6708018
6708019
6708020
6708021
6708022
6708023
6708024
6708025
6708026
6708027
6708028
6708029
6708030
6708031
6708032
6708033
6708034
6708035
6708036
6708037
6708038
6708039
6708040
6708041
6708042
6708043
6708044
6708045
6708046
6708047
6708048
6708049
6708050
6708051
6708052
6708053
6708054
6708055
6708056
6708057
6708058
6708059
6708060
6708061
6708062
6708063
6708064
6708065
6708066
6708067
6708068
6708069
6708070
6708071
6708072
6708073
6708074
6708075
6708076
6708077
6708078
6708079
6708080
6708081
6708082
6708083
6708084
6708085
6708086
6708087
6708088
6708089
6708090
6708091
6708092
6708093
6708094
6708095
6708096
6708097
6708098
6708099
6708100
6708101
6708102
6708103
6708104
6708105
6708106
6708107
6708108
6708109
6708110
6708111
6708112
6708113
6708114
6708115
6708116
6708117
6708118
6708119
6708120
6708121
6708122
6708123
6708124
6708125
6708126
6708127
6708128
6708129
6708130
6708131
6708132
6708133
6708134
6708135
6708136
6708137
6708138
6708139
6708140
6708141
6708142
6708143
6708144
6708145
6708146
6708147
6708148
6708149
6708150
6708151
6708152
6708153
6708154
6708155
6708156
6708157
6708158
6708159
6708160
6708161
6708162
6708163
6708164
6708165
6708166
6708167
6708168
6708169
6708170
6708171
6708172
6708173
6708174
6708175
6708176
6708177
6708178
6708179
6708180
6708181
6708182
6708183
6708184
6708185
6708186
6708187
6708188
6708189
6708190
6708191
6708192
6708193
6708194
6708195
6708196
6708197
6708198
6708199
6708200
6708201
6708202
6708203
6708204
6708205
6708206
6708207
6708208
6708209
6708210
6708211
6708212
6708213
6708214
6708215
6708216
6708217
6708218
6708219
6708220
6708221
6708222
6708223
6708224
6708225
6708226
6708227
6708228
6708229
6708230
6708231
6708232
6708233
6708234
6708235
6708236
6708237
6708238
6708239
6708240
6708241
6708242
6708243
6708244
6708245
6708246
6708247
6708248
6708249
6708250
6708251
6708252
6708253
6708254
6708255
6708256
6708257
6708258
6708259
6708260
6708261
6708262
6708263
6708264
6708265
6708266
6708267
6708268
6708269
6708270
6708271
6708272
6708273
6708274
6708275
6708276
6708277
6708278
6708279
6708280
6708281
6708282
6708283
6708284
6708285
6708286
6708287
6708288
6708289
6708290
6708291
6708292
6708293
6708294
6708295
6708296
6708297
6708298
6708299
6708300
6708301
6708302
6708303
6708304
6708305
6708306
6708307
6708308
6708309
6708310
6708311
6708312
6708313
6708314
6708315
6708316
6708317
6708318
6708319
6708320
6708321
6708322
6708323
6708324
6708325
6708326
6708327
6708328
6708329
6708330
6708331
6708332
6708333
6708334
6708335
6708336
6708337
6708338
6708339
6708340
6708341
6708342
6708343
6708344
6708345
6708346
6708347
6708348
6708349
6708350
6708351
6708352
6708353
6708354
6708355
6708356
6708357
6708358
6708359
6708360
6708361
6708362
6708363
6708364
6708365
6708366
6708367
6708368
6708369
6708370
6708371
6708372
6708373
6708374
6708375
6708376
6708377
6708378
6708379
6708380
6708381
6708382
6708383
6708384
6708385
6708386
6708387
6708388
6708389
6708390
6708391
6708392
6708393
6708394
6708395
6708396
6708397
6708398
6708399
6708400
6708401
6708402
6708403
6708404
6708405
6708406
6708407
6708408
6708409
6708410
6708411
6708412
6708413
6708414
6708415
6708416
6708417
6708418
6708419
6708420
6708421
6708422
6708423
6708424
6708425
6708426
6708427
6708428
6708429
6708430
6708431
6708432
6708433
6708434
6708435
6708436
6708437
6708438
6708439
6708440
6708441
6708442
6708443
6708444
6708445
6708446
6708447
6708448
6708449
6708450
6708451
6708452
6708453
6708454
6708455
6708456
6708457
6708458
6708459
6708460
6708461
6708462
6708463
6708464
6708465
6708466
6708467
6708468
6708469
6708470
6708471
6708472
6708473
6708474
6708475
6708476
6708477
6708478
6708479
6708480
6708481
6708482
6708483
6708484
6708485
6708486
6708487
6708488
6708489
6708490
6708491
6708492
6708493
6708494
6708495
6708496
6708497
6708498
6708499
6708500
6708501
6708502
6708503
6708504
6708505
6708506
6708507
6708508
6708509
6708510
6708511
6708512
6708513
6708514
6708515
6708516
6708517
6708518
6708519
6708520
6708521
6708522
6708523
6708524
6708525
6708526
6708527
6708528
6708529
6708530
6708531
6708532
6708533
6708534
6708535
6708536
6708537
6708538
6708539
6708540
6708541
6708542
6708543
6708544
6708545
6708546
6708547
6708548
6708549
6708550
6708551
6708552
6708553
6708554
6708555
6708556
6708557
6708558
6708559
6708560
6708561
6708562
6708563
6708564
6708565
6708566
6708567
6708568
6708569
6708570
6708571
6708572
6708573
6708574
6708575
6708576
6708577
6708578
6708579
6708580
6708581
6708582
6708583
6708584
6708585
6708586
6708587
6708588
6708589
6708590
6708591
6708592
6708593
6708594
6708595
6708596
6708597
6708598
6708599
6708600
6708601
6708602
6708603
6708604
6708605
6708606
6708607
6708608
6708609
6708610
6708611
6708612
6708613
6708614
6708615
6708616
6708617
6708618
6708619
6708620
6708621
6708622
6708623
6708624
6708625
6708626
6708627
6708628
6708629
6708630
6708631
6708632
6708633
6708634
6708635
6708636
6708637
6708638
6708639
6708640
6708641
6708642
6708643
6708644
6708645
6708646
6708647
6708648
6708649
6708650
6708651
6708652
6708653
6708654
6708655
6708656
6708657
6708658
6708659
6708660
6708661
6708662
6708663
6708664
6708665
6708666
6708667
6708668
6708669
6708670
6708671
6708672
6708673
6708674
6708675
6708676
6708677
6708678
6708679
6708680
6708681
6708682
6708683
6708684
6708685
6708686
6708687
6708688
6708689
6708690
6708691
6708692
6708693
6708694
6708695
6708696
6708697
6708698
6708699
6708700
6708701
6708702
6708703
6708704
6708705
6708706
6708707
6708708
6708709
6708710
6708711
6708712
6708713
6708714
6708715
6708716
6708717
6708718
6708719
6708720
6708721
6708722
6708723
6708724
6708725
6708726
6708727
6708728
6708729
6708730
6708731
6708732
6708733
6708734
6708735
6708736
6708737
6708738
6708739
6708740
6708741
6708742
6708743
6708744
6708745
6708746
6708747
6708748
6708749
6708750
6708751
6708752
6708753
6708754
6708755
6708756
6708757
6708758
6708759
6708760
6708761
6708762
6708763
6708764
6708765
6708766
6708767
6708768
6708769
6708770
6708771
6708772
6708773
6708774
6708775
6708776
6708777
6708778
6708779
6708780
6708781
6708782
6708783
6708784
6708785
6708786
6708787
6708788
6708789
6708790
6708791
6708792
6708793
6708794
6708795
6708796
6708797
6708798
6708799
6708800
6708801
6708802
6708803
6708804
6708805
6708806
6708807
6708808
6708809
6708810
6708811
6708812
6708813
6708814
6708815
6708816
6708817
6708818
6708819
6708820
6708821
6708822
6708823
6708824
6708825
6708826
6708827
6708828
6708829
6708830
6708831
6708832
6708833
6708834
6708835
6708836
6708837
6708838
6708839
6708840
6708841
6708842
6708843
6708844
6708845
6708846
6708847
6708848
6708849
6708850
6708851
6708852
6708853
6708854
6708855
6708856
6708857
6708858
6708859
6708860
6708861
6708862
6708863
6708864
6708865
6708866
6708867
6708868
6708869
6708870
6708871
6708872
6708873
6708874
6708875
6708876
6708877
6708878
6708879
6708880
6708881
6708882
6708883
6708884
6708885
6708886
6708887
6708888
6708889
6708890
6708891
6708892
6708893
6708894
6708895
6708896
6708897
6708898
6708899
6708900
6708901
6708902
6708903
6708904
6708905
6708906
6708907
6708908
6708909
6708910
6708911
6708912
6708913
6708914
6708915
6708916
6708917
6708918
6708919
6708920
6708921
6708922
6708923
6708924
6708925
6708926
6708927
6708928
6708929
6708930
6708931
6708932
6708933
6708934
6708935
6708936
6708937
6708938
6708939
6708940
6708941
6708942
6708943
6708944
6708945
6708946
6708947
6708948
6708949
6708950
6708951
6708952
6708953
6708954
6708955
6708956
6708957
6708958
6708959
6708960
6708961
6708962
6708963
6708964
6708965
6708966
6708967
6708968
6708969
6708970
6708971
6708972
6708973
6708974
6708975
6708976
6708977
6708978
6708979
6708980
6708981
6708982
6708983
6708984
6708985
6708986
6708987
6708988
6708989
6708990
6708991
6708992
6708993
6708994
6708995
6708996
6708997
6708998
6708999
6709000
6709001
6709002
6709003
6709004
6709005
6709006
6709007
6709008
6709009
6709010
6709011
6709012
6709013
6709014
6709015
6709016
6709017
6709018
6709019
6709020
6709021
6709022
6709023
6709024
6709025
6709026
6709027
6709028
6709029
6709030
6709031
6709032
6709033
6709034
6709035
6709036
6709037
6709038
6709039
6709040
6709041
6709042
6709043
6709044
6709045
6709046
6709047
6709048
6709049
6709050
6709051
6709052
6709053
6709054
6709055
6709056
6709057
6709058
6709059
6709060
6709061
6709062
6709063
6709064
6709065
6709066
6709067
6709068
6709069
6709070
6709071
6709072
6709073
6709074
6709075
6709076
6709077
6709078
6709079
6709080
6709081
6709082
6709083
6709084
6709085
6709086
6709087
6709088
6709089
6709090
6709091
6709092
6709093
6709094
6709095
6709096
6709097
6709098
6709099
6709100
6709101
6709102
6709103
6709104
6709105
6709106
6709107
6709108
6709109
6709110
6709111
6709112
6709113
6709114
6709115
6709116
6709117
6709118
6709119
6709120
6709121
6709122
6709123
6709124
6709125
6709126
6709127
6709128
6709129
6709130
6709131
6709132
6709133
6709134
6709135
6709136
6709137
6709138
6709139
6709140
6709141
6709142
6709143
6709144
6709145
6709146
6709147
6709148
6709149
6709150
6709151
6709152
6709153
6709154
6709155
6709156
6709157
6709158
6709159
6709160
6709161
6709162
6709163
6709164
6709165
6709166
6709167
6709168
6709169
6709170
6709171
6709172
6709173
6709174
6709175
6709176
6709177
6709178
6709179
6709180
6709181
6709182
6709183
6709184
6709185
6709186
6709187
6709188
6709189
6709190
6709191
6709192
6709193
6709194
6709195
6709196
6709197
6709198
6709199
6709200
6709201
6709202
6709203
6709204
6709205
6709206
6709207
6709208
6709209
6709210
6709211
6709212
6709213
6709214
6709215
6709216
6709217
6709218
6709219
6709220
6709221
6709222
6709223
6709224
6709225
6709226
6709227
6709228
6709229
6709230
6709231
6709232
6709233
6709234
6709235
6709236
6709237
6709238
6709239
6709240
6709241
6709242
6709243
6709244
6709245
6709246
6709247
6709248
6709249
6709250
6709251
6709252
6709253
6709254
6709255
6709256
6709257
6709258
6709259
6709260
6709261
6709262
6709263
6709264
6709265
6709266
6709267
6709268
6709269
6709270
6709271
6709272
6709273
6709274
6709275
6709276
6709277
6709278
6709279
6709280
6709281
6709282
6709283
6709284
6709285
6709286
6709287
6709288
6709289
6709290
6709291
6709292
6709293
6709294
6709295
6709296
6709297
6709298
6709299
6709300
6709301
6709302
6709303
6709304
6709305
6709306
6709307
6709308
6709309
6709310
6709311
6709312
6709313
6709314
6709315
6709316
6709317
6709318
6709319
6709320
6709321
6709322
6709323
6709324
6709325
6709326
6709327
6709328
6709329
6709330
6709331
6709332
6709333
6709334
6709335
6709336
6709337
6709338
6709339
6709340
6709341
6709342
6709343
6709344
6709345
6709346
6709347
6709348
6709349
6709350
6709351
6709352
6709353
6709354
6709355
6709356
6709357
6709358
6709359
6709360
6709361
6709362
6709363
6709364
6709365
6709366
6709367
6709368
6709369
6709370
6709371
6709372
6709373
6709374
6709375
6709376
6709377
6709378
6709379
6709380
6709381
6709382
6709383
6709384
6709385
6709386
6709387
6709388
6709389
6709390
6709391
6709392
6709393
6709394
6709395
6709396
6709397
6709398
6709399
6709400
6709401
6709402
6709403
6709404
6709405
6709406
6709407
6709408
6709409
6709410
6709411
6709412
6709413
6709414
6709415
6709416
6709417
6709418
6709419
6709420
6709421
6709422
6709423
6709424
6709425
6709426
6709427
6709428
6709429
6709430
6709431
6709432
6709433
6709434
6709435
6709436
6709437
6709438
6709439
6709440
6709441
6709442
6709443
6709444
6709445
6709446
6709447
6709448
6709449
6709450
6709451
6709452
6709453
6709454
6709455
6709456
6709457
6709458
6709459
6709460
6709461
6709462
6709463
6709464
6709465
6709466
6709467
6709468
6709469
6709470
6709471
6709472
6709473
6709474
6709475
6709476
6709477
6709478
6709479
6709480
6709481
6709482
6709483
6709484
6709485
6709486
6709487
6709488
6709489
6709490
6709491
6709492
6709493
6709494
6709495
6709496
6709497
6709498
6709499
6709500
6709501
6709502
6709503
6709504
6709505
6709506
6709507
6709508
6709509
6709510
6709511
6709512
6709513
6709514
6709515
6709516
6709517
6709518
6709519
6709520
6709521
6709522
6709523
6709524
6709525
6709526
6709527
6709528
6709529
6709530
6709531
6709532
6709533
6709534
6709535
6709536
6709537
6709538
6709539
6709540
6709541
6709542
6709543
6709544
6709545
6709546
6709547
6709548
6709549
6709550
6709551
6709552
6709553
6709554
6709555
6709556
6709557
6709558
6709559
6709560
6709561
6709562
6709563
6709564
6709565
6709566
6709567
6709568
6709569
6709570
6709571
6709572
6709573
6709574
6709575
6709576
6709577
6709578
6709579
6709580
6709581
6709582
6709583
6709584
6709585
6709586
6709587
6709588
6709589
6709590
6709591
6709592
6709593
6709594
6709595
6709596
6709597
6709598
6709599
6709600
6709601
6709602
6709603
6709604
6709605
6709606
6709607
6709608
6709609
6709610
6709611
6709612
6709613
6709614
6709615
6709616
6709617
6709618
6709619
6709620
6709621
6709622
6709623
6709624
6709625
6709626
6709627
6709628
6709629
6709630
6709631
6709632
6709633
6709634
6709635
6709636
6709637
6709638
6709639
6709640
6709641
6709642
6709643
6709644
6709645
6709646
6709647
6709648
6709649
6709650
6709651
6709652
6709653
6709654
6709655
6709656
6709657
6709658
6709659
6709660
6709661
6709662
6709663
6709664
6709665
6709666
6709667
6709668
6709669
6709670
6709671
6709672
6709673
6709674
6709675
6709676
6709677
6709678
6709679
6709680
6709681
6709682
6709683
6709684
6709685
6709686
6709687
6709688
6709689
6709690
6709691
6709692
6709693
6709694
6709695
6709696
6709697
6709698
6709699
6709700
6709701
6709702
6709703
6709704
6709705
6709706
6709707
6709708
6709709
6709710
6709711
6709712
6709713
6709714
6709715
6709716
6709717
6709718
6709719
6709720
6709721
6709722
6709723
6709724
6709725
6709726
6709727
6709728
6709729
6709730
6709731
6709732
6709733
6709734
6709735
6709736
6709737
6709738
6709739
6709740
6709741
6709742
6709743
6709744
6709745
6709746
6709747
6709748
6709749
6709750
6709751
6709752
6709753
6709754
6709755
6709756
6709757
6709758
6709759
6709760
6709761
6709762
6709763
6709764
6709765
6709766
6709767
6709768
6709769
6709770
6709771
6709772
6709773
6709774
6709775
6709776
6709777
6709778
6709779
6709780
6709781
6709782
6709783
6709784
6709785
6709786
6709787
6709788
6709789
6709790
6709791
6709792
6709793
6709794
6709795
6709796
6709797
6709798
6709799
6709800
6709801
6709802
6709803
6709804
6709805
6709806
6709807
6709808
6709809
6709810
6709811
6709812
6709813
6709814
6709815
6709816
6709817
6709818
6709819
6709820
6709821
6709822
6709823
6709824
6709825
6709826
6709827
6709828
6709829
6709830
6709831
6709832
6709833
6709834
6709835
6709836
6709837
6709838
6709839
6709840
6709841
6709842
6709843
6709844
6709845
6709846
6709847
6709848
6709849
6709850
6709851
6709852
6709853
6709854
6709855
6709856
6709857
6709858
6709859
6709860
6709861
6709862
6709863
6709864
6709865
6709866
6709867
6709868
6709869
6709870
6709871
6709872
6709873
6709874
6709875
6709876
6709877
6709878
6709879
6709880
6709881
6709882
6709883
6709884
6709885
6709886
6709887
6709888
6709889
6709890
6709891
6709892
6709893
6709894
6709895
6709896
6709897
6709898
6709899
6709900
6709901
6709902
6709903
6709904
6709905
6709906
6709907
6709908
6709909
6709910
6709911
6709912
6709913
6709914
6709915
6709916
6709917
6709918
6709919
6709920
6709921
6709922
6709923
6709924
6709925
6709926
6709927
6709928
6709929
6709930
6709931
6709932
6709933
6709934
6709935
6709936
6709937
6709938
6709939
6709940
6709941
6709942
6709943
6709944
6709945
6709946
6709947
6709948
6709949
6709950
6709951
6709952
6709953
6709954
6709955
6709956
6709957
6709958
6709959
6709960
6709961
6709962
6709963
6709964
6709965
6709966
6709967
6709968
6709969
6709970
6709971
6709972
6709973
6709974
6709975
6709976
6709977
6709978
6709979
6709980
6709981
6709982
6709983
6709984
6709985
6709986
6709987
6709988
6709989
6709990
6709991
6709992
6709993
6709994
6709995
6709996
6709997
6709998
6709999
6710000
