6920001
6920002
6920003
6920004
6920005
6920006
6920007
6920008
6920009
6920010
6920011
6920012
6920013
6920014
6920015
6920016
6920017
6920018
6920019
6920020
6920021
6920022
6920023
6920024
6920025
6920026
6920027
6920028
6920029
6920030
6920031
6920032
6920033
6920034
6920035
6920036
6920037
6920038
6920039
6920040
6920041
6920042
6920043
6920044
6920045
6920046
6920047
6920048
6920049
6920050
6920051
6920052
6920053
6920054
6920055
6920056
6920057
6920058
6920059
6920060
6920061
6920062
6920063
6920064
6920065
6920066
6920067
6920068
6920069
6920070
6920071
6920072
6920073
6920074
6920075
6920076
6920077
6920078
6920079
6920080
6920081
6920082
6920083
6920084
6920085
6920086
6920087
6920088
6920089
6920090
6920091
6920092
6920093
6920094
6920095
6920096
6920097
6920098
6920099
6920100
6920101
6920102
6920103
6920104
6920105
6920106
6920107
6920108
6920109
6920110
6920111
6920112
6920113
6920114
6920115
6920116
6920117
6920118
6920119
6920120
6920121
6920122
6920123
6920124
6920125
6920126
6920127
6920128
6920129
6920130
6920131
6920132
6920133
6920134
6920135
6920136
6920137
6920138
6920139
6920140
6920141
6920142
6920143
6920144
6920145
6920146
6920147
6920148
6920149
6920150
6920151
6920152
6920153
6920154
6920155
6920156
6920157
6920158
6920159
6920160
6920161
6920162
6920163
6920164
6920165
6920166
6920167
6920168
6920169
6920170
6920171
6920172
6920173
6920174
6920175
6920176
6920177
6920178
6920179
6920180
6920181
6920182
6920183
6920184
6920185
6920186
6920187
6920188
6920189
6920190
6920191
6920192
6920193
6920194
6920195
6920196
6920197
6920198
6920199
6920200
6920201
6920202
6920203
6920204
6920205
6920206
6920207
6920208
6920209
6920210
6920211
6920212
6920213
6920214
6920215
6920216
6920217
6920218
6920219
6920220
6920221
6920222
6920223
6920224
6920225
6920226
6920227
6920228
6920229
6920230
6920231
6920232
6920233
6920234
6920235
6920236
6920237
6920238
6920239
6920240
6920241
6920242
6920243
6920244
6920245
6920246
6920247
6920248
6920249
6920250
6920251
6920252
6920253
6920254
6920255
6920256
6920257
6920258
6920259
6920260
6920261
6920262
6920263
6920264
6920265
6920266
6920267
6920268
6920269
6920270
6920271
6920272
6920273
6920274
6920275
6920276
6920277
6920278
6920279
6920280
6920281
6920282
6920283
6920284
6920285
6920286
6920287
6920288
6920289
6920290
6920291
6920292
6920293
6920294
6920295
6920296
6920297
6920298
6920299
6920300
6920301
6920302
6920303
6920304
6920305
6920306
6920307
6920308
6920309
6920310
6920311
6920312
6920313
6920314
6920315
6920316
6920317
6920318
6920319
6920320
6920321
6920322
6920323
6920324
6920325
6920326
6920327
6920328
6920329
6920330
6920331
6920332
6920333
6920334
6920335
6920336
6920337
6920338
6920339
6920340
6920341
6920342
6920343
6920344
6920345
6920346
6920347
6920348
6920349
6920350
6920351
6920352
6920353
6920354
6920355
6920356
6920357
6920358
6920359
6920360
6920361
6920362
6920363
6920364
6920365
6920366
6920367
6920368
6920369
6920370
6920371
6920372
6920373
6920374
6920375
6920376
6920377
6920378
6920379
6920380
6920381
6920382
6920383
6920384
6920385
6920386
6920387
6920388
6920389
6920390
6920391
6920392
6920393
6920394
6920395
6920396
6920397
6920398
6920399
6920400
6920401
6920402
6920403
6920404
6920405
6920406
6920407
6920408
6920409
6920410
6920411
6920412
6920413
6920414
6920415
6920416
6920417
6920418
6920419
6920420
6920421
6920422
6920423
6920424
6920425
6920426
6920427
6920428
6920429
6920430
6920431
6920432
6920433
6920434
6920435
6920436
6920437
6920438
6920439
6920440
6920441
6920442
6920443
6920444
6920445
6920446
6920447
6920448
6920449
6920450
6920451
6920452
6920453
6920454
6920455
6920456
6920457
6920458
6920459
6920460
6920461
6920462
6920463
6920464
6920465
6920466
6920467
6920468
6920469
6920470
6920471
6920472
6920473
6920474
6920475
6920476
6920477
6920478
6920479
6920480
6920481
6920482
6920483
6920484
6920485
6920486
6920487
6920488
6920489
6920490
6920491
6920492
6920493
6920494
6920495
6920496
6920497
6920498
6920499
6920500
6920501
6920502
6920503
6920504
6920505
6920506
6920507
6920508
6920509
6920510
6920511
6920512
6920513
6920514
6920515
6920516
6920517
6920518
6920519
6920520
6920521
6920522
6920523
6920524
6920525
6920526
6920527
6920528
6920529
6920530
6920531
6920532
6920533
6920534
6920535
6920536
6920537
6920538
6920539
6920540
6920541
6920542
6920543
6920544
6920545
6920546
6920547
6920548
6920549
6920550
6920551
6920552
6920553
6920554
6920555
6920556
6920557
6920558
6920559
6920560
6920561
6920562
6920563
6920564
6920565
6920566
6920567
6920568
6920569
6920570
6920571
6920572
6920573
6920574
6920575
6920576
6920577
6920578
6920579
6920580
6920581
6920582
6920583
6920584
6920585
6920586
6920587
6920588
6920589
6920590
6920591
6920592
6920593
6920594
6920595
6920596
6920597
6920598
6920599
6920600
6920601
6920602
6920603
6920604
6920605
6920606
6920607
6920608
6920609
6920610
6920611
6920612
6920613
6920614
6920615
6920616
6920617
6920618
6920619
6920620
6920621
6920622
6920623
6920624
6920625
6920626
6920627
6920628
6920629
6920630
6920631
6920632
6920633
6920634
6920635
6920636
6920637
6920638
6920639
6920640
6920641
6920642
6920643
6920644
6920645
6920646
6920647
6920648
6920649
6920650
6920651
6920652
6920653
6920654
6920655
6920656
6920657
6920658
6920659
6920660
6920661
6920662
6920663
6920664
6920665
6920666
6920667
6920668
6920669
6920670
6920671
6920672
6920673
6920674
6920675
6920676
6920677
6920678
6920679
6920680
6920681
6920682
6920683
6920684
6920685
6920686
6920687
6920688
6920689
6920690
6920691
6920692
6920693
6920694
6920695
6920696
6920697
6920698
6920699
6920700
6920701
6920702
6920703
6920704
6920705
6920706
6920707
6920708
6920709
6920710
6920711
6920712
6920713
6920714
6920715
6920716
6920717
6920718
6920719
6920720
6920721
6920722
6920723
6920724
6920725
6920726
6920727
6920728
6920729
6920730
6920731
6920732
6920733
6920734
6920735
6920736
6920737
6920738
6920739
6920740
6920741
6920742
6920743
6920744
6920745
6920746
6920747
6920748
6920749
6920750
6920751
6920752
6920753
6920754
6920755
6920756
6920757
6920758
6920759
6920760
6920761
6920762
6920763
6920764
6920765
6920766
6920767
6920768
6920769
6920770
6920771
6920772
6920773
6920774
6920775
6920776
6920777
6920778
6920779
6920780
6920781
6920782
6920783
6920784
6920785
6920786
6920787
6920788
6920789
6920790
6920791
6920792
6920793
6920794
6920795
6920796
6920797
6920798
6920799
6920800
6920801
6920802
6920803
6920804
6920805
6920806
6920807
6920808
6920809
6920810
6920811
6920812
6920813
6920814
6920815
6920816
6920817
6920818
6920819
6920820
6920821
6920822
6920823
6920824
6920825
6920826
6920827
6920828
6920829
6920830
6920831
6920832
6920833
6920834
6920835
6920836
6920837
6920838
6920839
6920840
6920841
6920842
6920843
6920844
6920845
6920846
6920847
6920848
6920849
6920850
6920851
6920852
6920853
6920854
6920855
6920856
6920857
6920858
6920859
6920860
6920861
6920862
6920863
6920864
6920865
6920866
6920867
6920868
6920869
6920870
6920871
6920872
6920873
6920874
6920875
6920876
6920877
6920878
6920879
6920880
6920881
6920882
6920883
6920884
6920885
6920886
6920887
6920888
6920889
6920890
6920891
6920892
6920893
6920894
6920895
6920896
6920897
6920898
6920899
6920900
6920901
6920902
6920903
6920904
6920905
6920906
6920907
6920908
6920909
6920910
6920911
6920912
6920913
6920914
6920915
6920916
6920917
6920918
6920919
6920920
6920921
6920922
6920923
6920924
6920925
6920926
6920927
6920928
6920929
6920930
6920931
6920932
6920933
6920934
6920935
6920936
6920937
6920938
6920939
6920940
6920941
6920942
6920943
6920944
6920945
6920946
6920947
6920948
6920949
6920950
6920951
6920952
6920953
6920954
6920955
6920956
6920957
6920958
6920959
6920960
6920961
6920962
6920963
6920964
6920965
6920966
6920967
6920968
6920969
6920970
6920971
6920972
6920973
6920974
6920975
6920976
6920977
6920978
6920979
6920980
6920981
6920982
6920983
6920984
6920985
6920986
6920987
6920988
6920989
6920990
6920991
6920992
6920993
6920994
6920995
6920996
6920997
6920998
6920999
6921000
6921001
6921002
6921003
6921004
6921005
6921006
6921007
6921008
6921009
6921010
6921011
6921012
6921013
6921014
6921015
6921016
6921017
6921018
6921019
6921020
6921021
6921022
6921023
6921024
6921025
6921026
6921027
6921028
6921029
6921030
6921031
6921032
6921033
6921034
6921035
6921036
6921037
6921038
6921039
6921040
6921041
6921042
6921043
6921044
6921045
6921046
6921047
6921048
6921049
6921050
6921051
6921052
6921053
6921054
6921055
6921056
6921057
6921058
6921059
6921060
6921061
6921062
6921063
6921064
6921065
6921066
6921067
6921068
6921069
6921070
6921071
6921072
6921073
6921074
6921075
6921076
6921077
6921078
6921079
6921080
6921081
6921082
6921083
6921084
6921085
6921086
6921087
6921088
6921089
6921090
6921091
6921092
6921093
6921094
6921095
6921096
6921097
6921098
6921099
6921100
6921101
6921102
6921103
6921104
6921105
6921106
6921107
6921108
6921109
6921110
6921111
6921112
6921113
6921114
6921115
6921116
6921117
6921118
6921119
6921120
6921121
6921122
6921123
6921124
6921125
6921126
6921127
6921128
6921129
6921130
6921131
6921132
6921133
6921134
6921135
6921136
6921137
6921138
6921139
6921140
6921141
6921142
6921143
6921144
6921145
6921146
6921147
6921148
6921149
6921150
6921151
6921152
6921153
6921154
6921155
6921156
6921157
6921158
6921159
6921160
6921161
6921162
6921163
6921164
6921165
6921166
6921167
6921168
6921169
6921170
6921171
6921172
6921173
6921174
6921175
6921176
6921177
6921178
6921179
6921180
6921181
6921182
6921183
6921184
6921185
6921186
6921187
6921188
6921189
6921190
6921191
6921192
6921193
6921194
6921195
6921196
6921197
6921198
6921199
6921200
6921201
6921202
6921203
6921204
6921205
6921206
6921207
6921208
6921209
6921210
6921211
6921212
6921213
6921214
6921215
6921216
6921217
6921218
6921219
6921220
6921221
6921222
6921223
6921224
6921225
6921226
6921227
6921228
6921229
6921230
6921231
6921232
6921233
6921234
6921235
6921236
6921237
6921238
6921239
6921240
6921241
6921242
6921243
6921244
6921245
6921246
6921247
6921248
6921249
6921250
6921251
6921252
6921253
6921254
6921255
6921256
6921257
6921258
6921259
6921260
6921261
6921262
6921263
6921264
6921265
6921266
6921267
6921268
6921269
6921270
6921271
6921272
6921273
6921274
6921275
6921276
6921277
6921278
6921279
6921280
6921281
6921282
6921283
6921284
6921285
6921286
6921287
6921288
6921289
6921290
6921291
6921292
6921293
6921294
6921295
6921296
6921297
6921298
6921299
6921300
6921301
6921302
6921303
6921304
6921305
6921306
6921307
6921308
6921309
6921310
6921311
6921312
6921313
6921314
6921315
6921316
6921317
6921318
6921319
6921320
6921321
6921322
6921323
6921324
6921325
6921326
6921327
6921328
6921329
6921330
6921331
6921332
6921333
6921334
6921335
6921336
6921337
6921338
6921339
6921340
6921341
6921342
6921343
6921344
6921345
6921346
6921347
6921348
6921349
6921350
6921351
6921352
6921353
6921354
6921355
6921356
6921357
6921358
6921359
6921360
6921361
6921362
6921363
6921364
6921365
6921366
6921367
6921368
6921369
6921370
6921371
6921372
6921373
6921374
6921375
6921376
6921377
6921378
6921379
6921380
6921381
6921382
6921383
6921384
6921385
6921386
6921387
6921388
6921389
6921390
6921391
6921392
6921393
6921394
6921395
6921396
6921397
6921398
6921399
6921400
6921401
6921402
6921403
6921404
6921405
6921406
6921407
6921408
6921409
6921410
6921411
6921412
6921413
6921414
6921415
6921416
6921417
6921418
6921419
6921420
6921421
6921422
6921423
6921424
6921425
6921426
6921427
6921428
6921429
6921430
6921431
6921432
6921433
6921434
6921435
6921436
6921437
6921438
6921439
6921440
6921441
6921442
6921443
6921444
6921445
6921446
6921447
6921448
6921449
6921450
6921451
6921452
6921453
6921454
6921455
6921456
6921457
6921458
6921459
6921460
6921461
6921462
6921463
6921464
6921465
6921466
6921467
6921468
6921469
6921470
6921471
6921472
6921473
6921474
6921475
6921476
6921477
6921478
6921479
6921480
6921481
6921482
6921483
6921484
6921485
6921486
6921487
6921488
6921489
6921490
6921491
6921492
6921493
6921494
6921495
6921496
6921497
6921498
6921499
6921500
6921501
6921502
6921503
6921504
6921505
6921506
6921507
6921508
6921509
6921510
6921511
6921512
6921513
6921514
6921515
6921516
6921517
6921518
6921519
6921520
6921521
6921522
6921523
6921524
6921525
6921526
6921527
6921528
6921529
6921530
6921531
6921532
6921533
6921534
6921535
6921536
6921537
6921538
6921539
6921540
6921541
6921542
6921543
6921544
6921545
6921546
6921547
6921548
6921549
6921550
6921551
6921552
6921553
6921554
6921555
6921556
6921557
6921558
6921559
6921560
6921561
6921562
6921563
6921564
6921565
6921566
6921567
6921568
6921569
6921570
6921571
6921572
6921573
6921574
6921575
6921576
6921577
6921578
6921579
6921580
6921581
6921582
6921583
6921584
6921585
6921586
6921587
6921588
6921589
6921590
6921591
6921592
6921593
6921594
6921595
6921596
6921597
6921598
6921599
6921600
6921601
6921602
6921603
6921604
6921605
6921606
6921607
6921608
6921609
6921610
6921611
6921612
6921613
6921614
6921615
6921616
6921617
6921618
6921619
6921620
6921621
6921622
6921623
6921624
6921625
6921626
6921627
6921628
6921629
6921630
6921631
6921632
6921633
6921634
6921635
6921636
6921637
6921638
6921639
6921640
6921641
6921642
6921643
6921644
6921645
6921646
6921647
6921648
6921649
6921650
6921651
6921652
6921653
6921654
6921655
6921656
6921657
6921658
6921659
6921660
6921661
6921662
6921663
6921664
6921665
6921666
6921667
6921668
6921669
6921670
6921671
6921672
6921673
6921674
6921675
6921676
6921677
6921678
6921679
6921680
6921681
6921682
6921683
6921684
6921685
6921686
6921687
6921688
6921689
6921690
6921691
6921692
6921693
6921694
6921695
6921696
6921697
6921698
6921699
6921700
6921701
6921702
6921703
6921704
6921705
6921706
6921707
6921708
6921709
6921710
6921711
6921712
6921713
6921714
6921715
6921716
6921717
6921718
6921719
6921720
6921721
6921722
6921723
6921724
6921725
6921726
6921727
6921728
6921729
6921730
6921731
6921732
6921733
6921734
6921735
6921736
6921737
6921738
6921739
6921740
6921741
6921742
6921743
6921744
6921745
6921746
6921747
6921748
6921749
6921750
6921751
6921752
6921753
6921754
6921755
6921756
6921757
6921758
6921759
6921760
6921761
6921762
6921763
6921764
6921765
6921766
6921767
6921768
6921769
6921770
6921771
6921772
6921773
6921774
6921775
6921776
6921777
6921778
6921779
6921780
6921781
6921782
6921783
6921784
6921785
6921786
6921787
6921788
6921789
6921790
6921791
6921792
6921793
6921794
6921795
6921796
6921797
6921798
6921799
6921800
6921801
6921802
6921803
6921804
6921805
6921806
6921807
6921808
6921809
6921810
6921811
6921812
6921813
6921814
6921815
6921816
6921817
6921818
6921819
6921820
6921821
6921822
6921823
6921824
6921825
6921826
6921827
6921828
6921829
6921830
6921831
6921832
6921833
6921834
6921835
6921836
6921837
6921838
6921839
6921840
6921841
6921842
6921843
6921844
6921845
6921846
6921847
6921848
6921849
6921850
6921851
6921852
6921853
6921854
6921855
6921856
6921857
6921858
6921859
6921860
6921861
6921862
6921863
6921864
6921865
6921866
6921867
6921868
6921869
6921870
6921871
6921872
6921873
6921874
6921875
6921876
6921877
6921878
6921879
6921880
6921881
6921882
6921883
6921884
6921885
6921886
6921887
6921888
6921889
6921890
6921891
6921892
6921893
6921894
6921895
6921896
6921897
6921898
6921899
6921900
6921901
6921902
6921903
6921904
6921905
6921906
6921907
6921908
6921909
6921910
6921911
6921912
6921913
6921914
6921915
6921916
6921917
6921918
6921919
6921920
6921921
6921922
6921923
6921924
6921925
6921926
6921927
6921928
6921929
6921930
6921931
6921932
6921933
6921934
6921935
6921936
6921937
6921938
6921939
6921940
6921941
6921942
6921943
6921944
6921945
6921946
6921947
6921948
6921949
6921950
6921951
6921952
6921953
6921954
6921955
6921956
6921957
6921958
6921959
6921960
6921961
6921962
6921963
6921964
6921965
6921966
6921967
6921968
6921969
6921970
6921971
6921972
6921973
6921974
6921975
6921976
6921977
6921978
6921979
6921980
6921981
6921982
6921983
6921984
6921985
6921986
6921987
6921988
6921989
6921990
6921991
6921992
6921993
6921994
6921995
6921996
6921997
6921998
6921999
6922000
6922001
6922002
6922003
6922004
6922005
6922006
6922007
6922008
6922009
6922010
6922011
6922012
6922013
6922014
6922015
6922016
6922017
6922018
6922019
6922020
6922021
6922022
6922023
6922024
6922025
6922026
6922027
6922028
6922029
6922030
6922031
6922032
6922033
6922034
6922035
6922036
6922037
6922038
6922039
6922040
6922041
6922042
6922043
6922044
6922045
6922046
6922047
6922048
6922049
6922050
6922051
6922052
6922053
6922054
6922055
6922056
6922057
6922058
6922059
6922060
6922061
6922062
6922063
6922064
6922065
6922066
6922067
6922068
6922069
6922070
6922071
6922072
6922073
6922074
6922075
6922076
6922077
6922078
6922079
6922080
6922081
6922082
6922083
6922084
6922085
6922086
6922087
6922088
6922089
6922090
6922091
6922092
6922093
6922094
6922095
6922096
6922097
6922098
6922099
6922100
6922101
6922102
6922103
6922104
6922105
6922106
6922107
6922108
6922109
6922110
6922111
6922112
6922113
6922114
6922115
6922116
6922117
6922118
6922119
6922120
6922121
6922122
6922123
6922124
6922125
6922126
6922127
6922128
6922129
6922130
6922131
6922132
6922133
6922134
6922135
6922136
6922137
6922138
6922139
6922140
6922141
6922142
6922143
6922144
6922145
6922146
6922147
6922148
6922149
6922150
6922151
6922152
6922153
6922154
6922155
6922156
6922157
6922158
6922159
6922160
6922161
6922162
6922163
6922164
6922165
6922166
6922167
6922168
6922169
6922170
6922171
6922172
6922173
6922174
6922175
6922176
6922177
6922178
6922179
6922180
6922181
6922182
6922183
6922184
6922185
6922186
6922187
6922188
6922189
6922190
6922191
6922192
6922193
6922194
6922195
6922196
6922197
6922198
6922199
6922200
6922201
6922202
6922203
6922204
6922205
6922206
6922207
6922208
6922209
6922210
6922211
6922212
6922213
6922214
6922215
6922216
6922217
6922218
6922219
6922220
6922221
6922222
6922223
6922224
6922225
6922226
6922227
6922228
6922229
6922230
6922231
6922232
6922233
6922234
6922235
6922236
6922237
6922238
6922239
6922240
6922241
6922242
6922243
6922244
6922245
6922246
6922247
6922248
6922249
6922250
6922251
6922252
6922253
6922254
6922255
6922256
6922257
6922258
6922259
6922260
6922261
6922262
6922263
6922264
6922265
6922266
6922267
6922268
6922269
6922270
6922271
6922272
6922273
6922274
6922275
6922276
6922277
6922278
6922279
6922280
6922281
6922282
6922283
6922284
6922285
6922286
6922287
6922288
6922289
6922290
6922291
6922292
6922293
6922294
6922295
6922296
6922297
6922298
6922299
6922300
6922301
6922302
6922303
6922304
6922305
6922306
6922307
6922308
6922309
6922310
6922311
6922312
6922313
6922314
6922315
6922316
6922317
6922318
6922319
6922320
6922321
6922322
6922323
6922324
6922325
6922326
6922327
6922328
6922329
6922330
6922331
6922332
6922333
6922334
6922335
6922336
6922337
6922338
6922339
6922340
6922341
6922342
6922343
6922344
6922345
6922346
6922347
6922348
6922349
6922350
6922351
6922352
6922353
6922354
6922355
6922356
6922357
6922358
6922359
6922360
6922361
6922362
6922363
6922364
6922365
6922366
6922367
6922368
6922369
6922370
6922371
6922372
6922373
6922374
6922375
6922376
6922377
6922378
6922379
6922380
6922381
6922382
6922383
6922384
6922385
6922386
6922387
6922388
6922389
6922390
6922391
6922392
6922393
6922394
6922395
6922396
6922397
6922398
6922399
6922400
6922401
6922402
6922403
6922404
6922405
6922406
6922407
6922408
6922409
6922410
6922411
6922412
6922413
6922414
6922415
6922416
6922417
6922418
6922419
6922420
6922421
6922422
6922423
6922424
6922425
6922426
6922427
6922428
6922429
6922430
6922431
6922432
6922433
6922434
6922435
6922436
6922437
6922438
6922439
6922440
6922441
6922442
6922443
6922444
6922445
6922446
6922447
6922448
6922449
6922450
6922451
6922452
6922453
6922454
6922455
6922456
6922457
6922458
6922459
6922460
6922461
6922462
6922463
6922464
6922465
6922466
6922467
6922468
6922469
6922470
6922471
6922472
6922473
6922474
6922475
6922476
6922477
6922478
6922479
6922480
6922481
6922482
6922483
6922484
6922485
6922486
6922487
6922488
6922489
6922490
6922491
6922492
6922493
6922494
6922495
6922496
6922497
6922498
6922499
6922500
6922501
6922502
6922503
6922504
6922505
6922506
6922507
6922508
6922509
6922510
6922511
6922512
6922513
6922514
6922515
6922516
6922517
6922518
6922519
6922520
6922521
6922522
6922523
6922524
6922525
6922526
6922527
6922528
6922529
6922530
6922531
6922532
6922533
6922534
6922535
6922536
6922537
6922538
6922539
6922540
6922541
6922542
6922543
6922544
6922545
6922546
6922547
6922548
6922549
6922550
6922551
6922552
6922553
6922554
6922555
6922556
6922557
6922558
6922559
6922560
6922561
6922562
6922563
6922564
6922565
6922566
6922567
6922568
6922569
6922570
6922571
6922572
6922573
6922574
6922575
6922576
6922577
6922578
6922579
6922580
6922581
6922582
6922583
6922584
6922585
6922586
6922587
6922588
6922589
6922590
6922591
6922592
6922593
6922594
6922595
6922596
6922597
6922598
6922599
6922600
6922601
6922602
6922603
6922604
6922605
6922606
6922607
6922608
6922609
6922610
6922611
6922612
6922613
6922614
6922615
6922616
6922617
6922618
6922619
6922620
6922621
6922622
6922623
6922624
6922625
6922626
6922627
6922628
6922629
6922630
6922631
6922632
6922633
6922634
6922635
6922636
6922637
6922638
6922639
6922640
6922641
6922642
6922643
6922644
6922645
6922646
6922647
6922648
6922649
6922650
6922651
6922652
6922653
6922654
6922655
6922656
6922657
6922658
6922659
6922660
6922661
6922662
6922663
6922664
6922665
6922666
6922667
6922668
6922669
6922670
6922671
6922672
6922673
6922674
6922675
6922676
6922677
6922678
6922679
6922680
6922681
6922682
6922683
6922684
6922685
6922686
6922687
6922688
6922689
6922690
6922691
6922692
6922693
6922694
6922695
6922696
6922697
6922698
6922699
6922700
6922701
6922702
6922703
6922704
6922705
6922706
6922707
6922708
6922709
6922710
6922711
6922712
6922713
6922714
6922715
6922716
6922717
6922718
6922719
6922720
6922721
6922722
6922723
6922724
6922725
6922726
6922727
6922728
6922729
6922730
6922731
6922732
6922733
6922734
6922735
6922736
6922737
6922738
6922739
6922740
6922741
6922742
6922743
6922744
6922745
6922746
6922747
6922748
6922749
6922750
6922751
6922752
6922753
6922754
6922755
6922756
6922757
6922758
6922759
6922760
6922761
6922762
6922763
6922764
6922765
6922766
6922767
6922768
6922769
6922770
6922771
6922772
6922773
6922774
6922775
6922776
6922777
6922778
6922779
6922780
6922781
6922782
6922783
6922784
6922785
6922786
6922787
6922788
6922789
6922790
6922791
6922792
6922793
6922794
6922795
6922796
6922797
6922798
6922799
6922800
6922801
6922802
6922803
6922804
6922805
6922806
6922807
6922808
6922809
6922810
6922811
6922812
6922813
6922814
6922815
6922816
6922817
6922818
6922819
6922820
6922821
6922822
6922823
6922824
6922825
6922826
6922827
6922828
6922829
6922830
6922831
6922832
6922833
6922834
6922835
6922836
6922837
6922838
6922839
6922840
6922841
6922842
6922843
6922844
6922845
6922846
6922847
6922848
6922849
6922850
6922851
6922852
6922853
6922854
6922855
6922856
6922857
6922858
6922859
6922860
6922861
6922862
6922863
6922864
6922865
6922866
6922867
6922868
6922869
6922870
6922871
6922872
6922873
6922874
6922875
6922876
6922877
6922878
6922879
6922880
6922881
6922882
6922883
6922884
6922885
6922886
6922887
6922888
6922889
6922890
6922891
6922892
6922893
6922894
6922895
6922896
6922897
6922898
6922899
6922900
6922901
6922902
6922903
6922904
6922905
6922906
6922907
6922908
6922909
6922910
6922911
6922912
6922913
6922914
6922915
6922916
6922917
6922918
6922919
6922920
6922921
6922922
6922923
6922924
6922925
6922926
6922927
6922928
6922929
6922930
6922931
6922932
6922933
6922934
6922935
6922936
6922937
6922938
6922939
6922940
6922941
6922942
6922943
6922944
6922945
6922946
6922947
6922948
6922949
6922950
6922951
6922952
6922953
6922954
6922955
6922956
6922957
6922958
6922959
6922960
6922961
6922962
6922963
6922964
6922965
6922966
6922967
6922968
6922969
6922970
6922971
6922972
6922973
6922974
6922975
6922976
6922977
6922978
6922979
6922980
6922981
6922982
6922983
6922984
6922985
6922986
6922987
6922988
6922989
6922990
6922991
6922992
6922993
6922994
6922995
6922996
6922997
6922998
6922999
6923000
6923001
6923002
6923003
6923004
6923005
6923006
6923007
6923008
6923009
6923010
6923011
6923012
6923013
6923014
6923015
6923016
6923017
6923018
6923019
6923020
6923021
6923022
6923023
6923024
6923025
6923026
6923027
6923028
6923029
6923030
6923031
6923032
6923033
6923034
6923035
6923036
6923037
6923038
6923039
6923040
6923041
6923042
6923043
6923044
6923045
6923046
6923047
6923048
6923049
6923050
6923051
6923052
6923053
6923054
6923055
6923056
6923057
6923058
6923059
6923060
6923061
6923062
6923063
6923064
6923065
6923066
6923067
6923068
6923069
6923070
6923071
6923072
6923073
6923074
6923075
6923076
6923077
6923078
6923079
6923080
6923081
6923082
6923083
6923084
6923085
6923086
6923087
6923088
6923089
6923090
6923091
6923092
6923093
6923094
6923095
6923096
6923097
6923098
6923099
6923100
6923101
6923102
6923103
6923104
6923105
6923106
6923107
6923108
6923109
6923110
6923111
6923112
6923113
6923114
6923115
6923116
6923117
6923118
6923119
6923120
6923121
6923122
6923123
6923124
6923125
6923126
6923127
6923128
6923129
6923130
6923131
6923132
6923133
6923134
6923135
6923136
6923137
6923138
6923139
6923140
6923141
6923142
6923143
6923144
6923145
6923146
6923147
6923148
6923149
6923150
6923151
6923152
6923153
6923154
6923155
6923156
6923157
6923158
6923159
6923160
6923161
6923162
6923163
6923164
6923165
6923166
6923167
6923168
6923169
6923170
6923171
6923172
6923173
6923174
6923175
6923176
6923177
6923178
6923179
6923180
6923181
6923182
6923183
6923184
6923185
6923186
6923187
6923188
6923189
6923190
6923191
6923192
6923193
6923194
6923195
6923196
6923197
6923198
6923199
6923200
6923201
6923202
6923203
6923204
6923205
6923206
6923207
6923208
6923209
6923210
6923211
6923212
6923213
6923214
6923215
6923216
6923217
6923218
6923219
6923220
6923221
6923222
6923223
6923224
6923225
6923226
6923227
6923228
6923229
6923230
6923231
6923232
6923233
6923234
6923235
6923236
6923237
6923238
6923239
6923240
6923241
6923242
6923243
6923244
6923245
6923246
6923247
6923248
6923249
6923250
6923251
6923252
6923253
6923254
6923255
6923256
6923257
6923258
6923259
6923260
6923261
6923262
6923263
6923264
6923265
6923266
6923267
6923268
6923269
6923270
6923271
6923272
6923273
6923274
6923275
6923276
6923277
6923278
6923279
6923280
6923281
6923282
6923283
6923284
6923285
6923286
6923287
6923288
6923289
6923290
6923291
6923292
6923293
6923294
6923295
6923296
6923297
6923298
6923299
6923300
6923301
6923302
6923303
6923304
6923305
6923306
6923307
6923308
6923309
6923310
6923311
6923312
6923313
6923314
6923315
6923316
6923317
6923318
6923319
6923320
6923321
6923322
6923323
6923324
6923325
6923326
6923327
6923328
6923329
6923330
6923331
6923332
6923333
6923334
6923335
6923336
6923337
6923338
6923339
6923340
6923341
6923342
6923343
6923344
6923345
6923346
6923347
6923348
6923349
6923350
6923351
6923352
6923353
6923354
6923355
6923356
6923357
6923358
6923359
6923360
6923361
6923362
6923363
6923364
6923365
6923366
6923367
6923368
6923369
6923370
6923371
6923372
6923373
6923374
6923375
6923376
6923377
6923378
6923379
6923380
6923381
6923382
6923383
6923384
6923385
6923386
6923387
6923388
6923389
6923390
6923391
6923392
6923393
6923394
6923395
6923396
6923397
6923398
6923399
6923400
6923401
6923402
6923403
6923404
6923405
6923406
6923407
6923408
6923409
6923410
6923411
6923412
6923413
6923414
6923415
6923416
6923417
6923418
6923419
6923420
6923421
6923422
6923423
6923424
6923425
6923426
6923427
6923428
6923429
6923430
6923431
6923432
6923433
6923434
6923435
6923436
6923437
6923438
6923439
6923440
6923441
6923442
6923443
6923444
6923445
6923446
6923447
6923448
6923449
6923450
6923451
6923452
6923453
6923454
6923455
6923456
6923457
6923458
6923459
6923460
6923461
6923462
6923463
6923464
6923465
6923466
6923467
6923468
6923469
6923470
6923471
6923472
6923473
6923474
6923475
6923476
6923477
6923478
6923479
6923480
6923481
6923482
6923483
6923484
6923485
6923486
6923487
6923488
6923489
6923490
6923491
6923492
6923493
6923494
6923495
6923496
6923497
6923498
6923499
6923500
6923501
6923502
6923503
6923504
6923505
6923506
6923507
6923508
6923509
6923510
6923511
6923512
6923513
6923514
6923515
6923516
6923517
6923518
6923519
6923520
6923521
6923522
6923523
6923524
6923525
6923526
6923527
6923528
6923529
6923530
6923531
6923532
6923533
6923534
6923535
6923536
6923537
6923538
6923539
6923540
6923541
6923542
6923543
6923544
6923545
6923546
6923547
6923548
6923549
6923550
6923551
6923552
6923553
6923554
6923555
6923556
6923557
6923558
6923559
6923560
6923561
6923562
6923563
6923564
6923565
6923566
6923567
6923568
6923569
6923570
6923571
6923572
6923573
6923574
6923575
6923576
6923577
6923578
6923579
6923580
6923581
6923582
6923583
6923584
6923585
6923586
6923587
6923588
6923589
6923590
6923591
6923592
6923593
6923594
6923595
6923596
6923597
6923598
6923599
6923600
6923601
6923602
6923603
6923604
6923605
6923606
6923607
6923608
6923609
6923610
6923611
6923612
6923613
6923614
6923615
6923616
6923617
6923618
6923619
6923620
6923621
6923622
6923623
6923624
6923625
6923626
6923627
6923628
6923629
6923630
6923631
6923632
6923633
6923634
6923635
6923636
6923637
6923638
6923639
6923640
6923641
6923642
6923643
6923644
6923645
6923646
6923647
6923648
6923649
6923650
6923651
6923652
6923653
6923654
6923655
6923656
6923657
6923658
6923659
6923660
6923661
6923662
6923663
6923664
6923665
6923666
6923667
6923668
6923669
6923670
6923671
6923672
6923673
6923674
6923675
6923676
6923677
6923678
6923679
6923680
6923681
6923682
6923683
6923684
6923685
6923686
6923687
6923688
6923689
6923690
6923691
6923692
6923693
6923694
6923695
6923696
6923697
6923698
6923699
6923700
6923701
6923702
6923703
6923704
6923705
6923706
6923707
6923708
6923709
6923710
6923711
6923712
6923713
6923714
6923715
6923716
6923717
6923718
6923719
6923720
6923721
6923722
6923723
6923724
6923725
6923726
6923727
6923728
6923729
6923730
6923731
6923732
6923733
6923734
6923735
6923736
6923737
6923738
6923739
6923740
6923741
6923742
6923743
6923744
6923745
6923746
6923747
6923748
6923749
6923750
6923751
6923752
6923753
6923754
6923755
6923756
6923757
6923758
6923759
6923760
6923761
6923762
6923763
6923764
6923765
6923766
6923767
6923768
6923769
6923770
6923771
6923772
6923773
6923774
6923775
6923776
6923777
6923778
6923779
6923780
6923781
6923782
6923783
6923784
6923785
6923786
6923787
6923788
6923789
6923790
6923791
6923792
6923793
6923794
6923795
6923796
6923797
6923798
6923799
6923800
6923801
6923802
6923803
6923804
6923805
6923806
6923807
6923808
6923809
6923810
6923811
6923812
6923813
6923814
6923815
6923816
6923817
6923818
6923819
6923820
6923821
6923822
6923823
6923824
6923825
6923826
6923827
6923828
6923829
6923830
6923831
6923832
6923833
6923834
6923835
6923836
6923837
6923838
6923839
6923840
6923841
6923842
6923843
6923844
6923845
6923846
6923847
6923848
6923849
6923850
6923851
6923852
6923853
6923854
6923855
6923856
6923857
6923858
6923859
6923860
6923861
6923862
6923863
6923864
6923865
6923866
6923867
6923868
6923869
6923870
6923871
6923872
6923873
6923874
6923875
6923876
6923877
6923878
6923879
6923880
6923881
6923882
6923883
6923884
6923885
6923886
6923887
6923888
6923889
6923890
6923891
6923892
6923893
6923894
6923895
6923896
6923897
6923898
6923899
6923900
6923901
6923902
6923903
6923904
6923905
6923906
6923907
6923908
6923909
6923910
6923911
6923912
6923913
6923914
6923915
6923916
6923917
6923918
6923919
6923920
6923921
6923922
6923923
6923924
6923925
6923926
6923927
6923928
6923929
6923930
6923931
6923932
6923933
6923934
6923935
6923936
6923937
6923938
6923939
6923940
6923941
6923942
6923943
6923944
6923945
6923946
6923947
6923948
6923949
6923950
6923951
6923952
6923953
6923954
6923955
6923956
6923957
6923958
6923959
6923960
6923961
6923962
6923963
6923964
6923965
6923966
6923967
6923968
6923969
6923970
6923971
6923972
6923973
6923974
6923975
6923976
6923977
6923978
6923979
6923980
6923981
6923982
6923983
6923984
6923985
6923986
6923987
6923988
6923989
6923990
6923991
6923992
6923993
6923994
6923995
6923996
6923997
6923998
6923999
6924000
6924001
6924002
6924003
6924004
6924005
6924006
6924007
6924008
6924009
6924010
6924011
6924012
6924013
6924014
6924015
6924016
6924017
6924018
6924019
6924020
6924021
6924022
6924023
6924024
6924025
6924026
6924027
6924028
6924029
6924030
6924031
6924032
6924033
6924034
6924035
6924036
6924037
6924038
6924039
6924040
6924041
6924042
6924043
6924044
6924045
6924046
6924047
6924048
6924049
6924050
6924051
6924052
6924053
6924054
6924055
6924056
6924057
6924058
6924059
6924060
6924061
6924062
6924063
6924064
6924065
6924066
6924067
6924068
6924069
6924070
6924071
6924072
6924073
6924074
6924075
6924076
6924077
6924078
6924079
6924080
6924081
6924082
6924083
6924084
6924085
6924086
6924087
6924088
6924089
6924090
6924091
6924092
6924093
6924094
6924095
6924096
6924097
6924098
6924099
6924100
6924101
6924102
6924103
6924104
6924105
6924106
6924107
6924108
6924109
6924110
6924111
6924112
6924113
6924114
6924115
6924116
6924117
6924118
6924119
6924120
6924121
6924122
6924123
6924124
6924125
6924126
6924127
6924128
6924129
6924130
6924131
6924132
6924133
6924134
6924135
6924136
6924137
6924138
6924139
6924140
6924141
6924142
6924143
6924144
6924145
6924146
6924147
6924148
6924149
6924150
6924151
6924152
6924153
6924154
6924155
6924156
6924157
6924158
6924159
6924160
6924161
6924162
6924163
6924164
6924165
6924166
6924167
6924168
6924169
6924170
6924171
6924172
6924173
6924174
6924175
6924176
6924177
6924178
6924179
6924180
6924181
6924182
6924183
6924184
6924185
6924186
6924187
6924188
6924189
6924190
6924191
6924192
6924193
6924194
6924195
6924196
6924197
6924198
6924199
6924200
6924201
6924202
6924203
6924204
6924205
6924206
6924207
6924208
6924209
6924210
6924211
6924212
6924213
6924214
6924215
6924216
6924217
6924218
6924219
6924220
6924221
6924222
6924223
6924224
6924225
6924226
6924227
6924228
6924229
6924230
6924231
6924232
6924233
6924234
6924235
6924236
6924237
6924238
6924239
6924240
6924241
6924242
6924243
6924244
6924245
6924246
6924247
6924248
6924249
6924250
6924251
6924252
6924253
6924254
6924255
6924256
6924257
6924258
6924259
6924260
6924261
6924262
6924263
6924264
6924265
6924266
6924267
6924268
6924269
6924270
6924271
6924272
6924273
6924274
6924275
6924276
6924277
6924278
6924279
6924280
6924281
6924282
6924283
6924284
6924285
6924286
6924287
6924288
6924289
6924290
6924291
6924292
6924293
6924294
6924295
6924296
6924297
6924298
6924299
6924300
6924301
6924302
6924303
6924304
6924305
6924306
6924307
6924308
6924309
6924310
6924311
6924312
6924313
6924314
6924315
6924316
6924317
6924318
6924319
6924320
6924321
6924322
6924323
6924324
6924325
6924326
6924327
6924328
6924329
6924330
6924331
6924332
6924333
6924334
6924335
6924336
6924337
6924338
6924339
6924340
6924341
6924342
6924343
6924344
6924345
6924346
6924347
6924348
6924349
6924350
6924351
6924352
6924353
6924354
6924355
6924356
6924357
6924358
6924359
6924360
6924361
6924362
6924363
6924364
6924365
6924366
6924367
6924368
6924369
6924370
6924371
6924372
6924373
6924374
6924375
6924376
6924377
6924378
6924379
6924380
6924381
6924382
6924383
6924384
6924385
6924386
6924387
6924388
6924389
6924390
6924391
6924392
6924393
6924394
6924395
6924396
6924397
6924398
6924399
6924400
6924401
6924402
6924403
6924404
6924405
6924406
6924407
6924408
6924409
6924410
6924411
6924412
6924413
6924414
6924415
6924416
6924417
6924418
6924419
6924420
6924421
6924422
6924423
6924424
6924425
6924426
6924427
6924428
6924429
6924430
6924431
6924432
6924433
6924434
6924435
6924436
6924437
6924438
6924439
6924440
6924441
6924442
6924443
6924444
6924445
6924446
6924447
6924448
6924449
6924450
6924451
6924452
6924453
6924454
6924455
6924456
6924457
6924458
6924459
6924460
6924461
6924462
6924463
6924464
6924465
6924466
6924467
6924468
6924469
6924470
6924471
6924472
6924473
6924474
6924475
6924476
6924477
6924478
6924479
6924480
6924481
6924482
6924483
6924484
6924485
6924486
6924487
6924488
6924489
6924490
6924491
6924492
6924493
6924494
6924495
6924496
6924497
6924498
6924499
6924500
6924501
6924502
6924503
6924504
6924505
6924506
6924507
6924508
6924509
6924510
6924511
6924512
6924513
6924514
6924515
6924516
6924517
6924518
6924519
6924520
6924521
6924522
6924523
6924524
6924525
6924526
6924527
6924528
6924529
6924530
6924531
6924532
6924533
6924534
6924535
6924536
6924537
6924538
6924539
6924540
6924541
6924542
6924543
6924544
6924545
6924546
6924547
6924548
6924549
6924550
6924551
6924552
6924553
6924554
6924555
6924556
6924557
6924558
6924559
6924560
6924561
6924562
6924563
6924564
6924565
6924566
6924567
6924568
6924569
6924570
6924571
6924572
6924573
6924574
6924575
6924576
6924577
6924578
6924579
6924580
6924581
6924582
6924583
6924584
6924585
6924586
6924587
6924588
6924589
6924590
6924591
6924592
6924593
6924594
6924595
6924596
6924597
6924598
6924599
6924600
6924601
6924602
6924603
6924604
6924605
6924606
6924607
6924608
6924609
6924610
6924611
6924612
6924613
6924614
6924615
6924616
6924617
6924618
6924619
6924620
6924621
6924622
6924623
6924624
6924625
6924626
6924627
6924628
6924629
6924630
6924631
6924632
6924633
6924634
6924635
6924636
6924637
6924638
6924639
6924640
6924641
6924642
6924643
6924644
6924645
6924646
6924647
6924648
6924649
6924650
6924651
6924652
6924653
6924654
6924655
6924656
6924657
6924658
6924659
6924660
6924661
6924662
6924663
6924664
6924665
6924666
6924667
6924668
6924669
6924670
6924671
6924672
6924673
6924674
6924675
6924676
6924677
6924678
6924679
6924680
6924681
6924682
6924683
6924684
6924685
6924686
6924687
6924688
6924689
6924690
6924691
6924692
6924693
6924694
6924695
6924696
6924697
6924698
6924699
6924700
6924701
6924702
6924703
6924704
6924705
6924706
6924707
6924708
6924709
6924710
6924711
6924712
6924713
6924714
6924715
6924716
6924717
6924718
6924719
6924720
6924721
6924722
6924723
6924724
6924725
6924726
6924727
6924728
6924729
6924730
6924731
6924732
6924733
6924734
6924735
6924736
6924737
6924738
6924739
6924740
6924741
6924742
6924743
6924744
6924745
6924746
6924747
6924748
6924749
6924750
6924751
6924752
6924753
6924754
6924755
6924756
6924757
6924758
6924759
6924760
6924761
6924762
6924763
6924764
6924765
6924766
6924767
6924768
6924769
6924770
6924771
6924772
6924773
6924774
6924775
6924776
6924777
6924778
6924779
6924780
6924781
6924782
6924783
6924784
6924785
6924786
6924787
6924788
6924789
6924790
6924791
6924792
6924793
6924794
6924795
6924796
6924797
6924798
6924799
6924800
6924801
6924802
6924803
6924804
6924805
6924806
6924807
6924808
6924809
6924810
6924811
6924812
6924813
6924814
6924815
6924816
6924817
6924818
6924819
6924820
6924821
6924822
6924823
6924824
6924825
6924826
6924827
6924828
6924829
6924830
6924831
6924832
6924833
6924834
6924835
6924836
6924837
6924838
6924839
6924840
6924841
6924842
6924843
6924844
6924845
6924846
6924847
6924848
6924849
6924850
6924851
6924852
6924853
6924854
6924855
6924856
6924857
6924858
6924859
6924860
6924861
6924862
6924863
6924864
6924865
6924866
6924867
6924868
6924869
6924870
6924871
6924872
6924873
6924874
6924875
6924876
6924877
6924878
6924879
6924880
6924881
6924882
6924883
6924884
6924885
6924886
6924887
6924888
6924889
6924890
6924891
6924892
6924893
6924894
6924895
6924896
6924897
6924898
6924899
6924900
6924901
6924902
6924903
6924904
6924905
6924906
6924907
6924908
6924909
6924910
6924911
6924912
6924913
6924914
6924915
6924916
6924917
6924918
6924919
6924920
6924921
6924922
6924923
6924924
6924925
6924926
6924927
6924928
6924929
6924930
6924931
6924932
6924933
6924934
6924935
6924936
6924937
6924938
6924939
6924940
6924941
6924942
6924943
6924944
6924945
6924946
6924947
6924948
6924949
6924950
6924951
6924952
6924953
6924954
6924955
6924956
6924957
6924958
6924959
6924960
6924961
6924962
6924963
6924964
6924965
6924966
6924967
6924968
6924969
6924970
6924971
6924972
6924973
6924974
6924975
6924976
6924977
6924978
6924979
6924980
6924981
6924982
6924983
6924984
6924985
6924986
6924987
6924988
6924989
6924990
6924991
6924992
6924993
6924994
6924995
6924996
6924997
6924998
6924999
6925000
6925001
6925002
6925003
6925004
6925005
6925006
6925007
6925008
6925009
6925010
6925011
6925012
6925013
6925014
6925015
6925016
6925017
6925018
6925019
6925020
6925021
6925022
6925023
6925024
6925025
6925026
6925027
6925028
6925029
6925030
6925031
6925032
6925033
6925034
6925035
6925036
6925037
6925038
6925039
6925040
6925041
6925042
6925043
6925044
6925045
6925046
6925047
6925048
6925049
6925050
6925051
6925052
6925053
6925054
6925055
6925056
6925057
6925058
6925059
6925060
6925061
6925062
6925063
6925064
6925065
6925066
6925067
6925068
6925069
6925070
6925071
6925072
6925073
6925074
6925075
6925076
6925077
6925078
6925079
6925080
6925081
6925082
6925083
6925084
6925085
6925086
6925087
6925088
6925089
6925090
6925091
6925092
6925093
6925094
6925095
6925096
6925097
6925098
6925099
6925100
6925101
6925102
6925103
6925104
6925105
6925106
6925107
6925108
6925109
6925110
6925111
6925112
6925113
6925114
6925115
6925116
6925117
6925118
6925119
6925120
6925121
6925122
6925123
6925124
6925125
6925126
6925127
6925128
6925129
6925130
6925131
6925132
6925133
6925134
6925135
6925136
6925137
6925138
6925139
6925140
6925141
6925142
6925143
6925144
6925145
6925146
6925147
6925148
6925149
6925150
6925151
6925152
6925153
6925154
6925155
6925156
6925157
6925158
6925159
6925160
6925161
6925162
6925163
6925164
6925165
6925166
6925167
6925168
6925169
6925170
6925171
6925172
6925173
6925174
6925175
6925176
6925177
6925178
6925179
6925180
6925181
6925182
6925183
6925184
6925185
6925186
6925187
6925188
6925189
6925190
6925191
6925192
6925193
6925194
6925195
6925196
6925197
6925198
6925199
6925200
6925201
6925202
6925203
6925204
6925205
6925206
6925207
6925208
6925209
6925210
6925211
6925212
6925213
6925214
6925215
6925216
6925217
6925218
6925219
6925220
6925221
6925222
6925223
6925224
6925225
6925226
6925227
6925228
6925229
6925230
6925231
6925232
6925233
6925234
6925235
6925236
6925237
6925238
6925239
6925240
6925241
6925242
6925243
6925244
6925245
6925246
6925247
6925248
6925249
6925250
6925251
6925252
6925253
6925254
6925255
6925256
6925257
6925258
6925259
6925260
6925261
6925262
6925263
6925264
6925265
6925266
6925267
6925268
6925269
6925270
6925271
6925272
6925273
6925274
6925275
6925276
6925277
6925278
6925279
6925280
6925281
6925282
6925283
6925284
6925285
6925286
6925287
6925288
6925289
6925290
6925291
6925292
6925293
6925294
6925295
6925296
6925297
6925298
6925299
6925300
6925301
6925302
6925303
6925304
6925305
6925306
6925307
6925308
6925309
6925310
6925311
6925312
6925313
6925314
6925315
6925316
6925317
6925318
6925319
6925320
6925321
6925322
6925323
6925324
6925325
6925326
6925327
6925328
6925329
6925330
6925331
6925332
6925333
6925334
6925335
6925336
6925337
6925338
6925339
6925340
6925341
6925342
6925343
6925344
6925345
6925346
6925347
6925348
6925349
6925350
6925351
6925352
6925353
6925354
6925355
6925356
6925357
6925358
6925359
6925360
6925361
6925362
6925363
6925364
6925365
6925366
6925367
6925368
6925369
6925370
6925371
6925372
6925373
6925374
6925375
6925376
6925377
6925378
6925379
6925380
6925381
6925382
6925383
6925384
6925385
6925386
6925387
6925388
6925389
6925390
6925391
6925392
6925393
6925394
6925395
6925396
6925397
6925398
6925399
6925400
6925401
6925402
6925403
6925404
6925405
6925406
6925407
6925408
6925409
6925410
6925411
6925412
6925413
6925414
6925415
6925416
6925417
6925418
6925419
6925420
6925421
6925422
6925423
6925424
6925425
6925426
6925427
6925428
6925429
6925430
6925431
6925432
6925433
6925434
6925435
6925436
6925437
6925438
6925439
6925440
6925441
6925442
6925443
6925444
6925445
6925446
6925447
6925448
6925449
6925450
6925451
6925452
6925453
6925454
6925455
6925456
6925457
6925458
6925459
6925460
6925461
6925462
6925463
6925464
6925465
6925466
6925467
6925468
6925469
6925470
6925471
6925472
6925473
6925474
6925475
6925476
6925477
6925478
6925479
6925480
6925481
6925482
6925483
6925484
6925485
6925486
6925487
6925488
6925489
6925490
6925491
6925492
6925493
6925494
6925495
6925496
6925497
6925498
6925499
6925500
6925501
6925502
6925503
6925504
6925505
6925506
6925507
6925508
6925509
6925510
6925511
6925512
6925513
6925514
6925515
6925516
6925517
6925518
6925519
6925520
6925521
6925522
6925523
6925524
6925525
6925526
6925527
6925528
6925529
6925530
6925531
6925532
6925533
6925534
6925535
6925536
6925537
6925538
6925539
6925540
6925541
6925542
6925543
6925544
6925545
6925546
6925547
6925548
6925549
6925550
6925551
6925552
6925553
6925554
6925555
6925556
6925557
6925558
6925559
6925560
6925561
6925562
6925563
6925564
6925565
6925566
6925567
6925568
6925569
6925570
6925571
6925572
6925573
6925574
6925575
6925576
6925577
6925578
6925579
6925580
6925581
6925582
6925583
6925584
6925585
6925586
6925587
6925588
6925589
6925590
6925591
6925592
6925593
6925594
6925595
6925596
6925597
6925598
6925599
6925600
6925601
6925602
6925603
6925604
6925605
6925606
6925607
6925608
6925609
6925610
6925611
6925612
6925613
6925614
6925615
6925616
6925617
6925618
6925619
6925620
6925621
6925622
6925623
6925624
6925625
6925626
6925627
6925628
6925629
6925630
6925631
6925632
6925633
6925634
6925635
6925636
6925637
6925638
6925639
6925640
6925641
6925642
6925643
6925644
6925645
6925646
6925647
6925648
6925649
6925650
6925651
6925652
6925653
6925654
6925655
6925656
6925657
6925658
6925659
6925660
6925661
6925662
6925663
6925664
6925665
6925666
6925667
6925668
6925669
6925670
6925671
6925672
6925673
6925674
6925675
6925676
6925677
6925678
6925679
6925680
6925681
6925682
6925683
6925684
6925685
6925686
6925687
6925688
6925689
6925690
6925691
6925692
6925693
6925694
6925695
6925696
6925697
6925698
6925699
6925700
6925701
6925702
6925703
6925704
6925705
6925706
6925707
6925708
6925709
6925710
6925711
6925712
6925713
6925714
6925715
6925716
6925717
6925718
6925719
6925720
6925721
6925722
6925723
6925724
6925725
6925726
6925727
6925728
6925729
6925730
6925731
6925732
6925733
6925734
6925735
6925736
6925737
6925738
6925739
6925740
6925741
6925742
6925743
6925744
6925745
6925746
6925747
6925748
6925749
6925750
6925751
6925752
6925753
6925754
6925755
6925756
6925757
6925758
6925759
6925760
6925761
6925762
6925763
6925764
6925765
6925766
6925767
6925768
6925769
6925770
6925771
6925772
6925773
6925774
6925775
6925776
6925777
6925778
6925779
6925780
6925781
6925782
6925783
6925784
6925785
6925786
6925787
6925788
6925789
6925790
6925791
6925792
6925793
6925794
6925795
6925796
6925797
6925798
6925799
6925800
6925801
6925802
6925803
6925804
6925805
6925806
6925807
6925808
6925809
6925810
6925811
6925812
6925813
6925814
6925815
6925816
6925817
6925818
6925819
6925820
6925821
6925822
6925823
6925824
6925825
6925826
6925827
6925828
6925829
6925830
6925831
6925832
6925833
6925834
6925835
6925836
6925837
6925838
6925839
6925840
6925841
6925842
6925843
6925844
6925845
6925846
6925847
6925848
6925849
6925850
6925851
6925852
6925853
6925854
6925855
6925856
6925857
6925858
6925859
6925860
6925861
6925862
6925863
6925864
6925865
6925866
6925867
6925868
6925869
6925870
6925871
6925872
6925873
6925874
6925875
6925876
6925877
6925878
6925879
6925880
6925881
6925882
6925883
6925884
6925885
6925886
6925887
6925888
6925889
6925890
6925891
6925892
6925893
6925894
6925895
6925896
6925897
6925898
6925899
6925900
6925901
6925902
6925903
6925904
6925905
6925906
6925907
6925908
6925909
6925910
6925911
6925912
6925913
6925914
6925915
6925916
6925917
6925918
6925919
6925920
6925921
6925922
6925923
6925924
6925925
6925926
6925927
6925928
6925929
6925930
6925931
6925932
6925933
6925934
6925935
6925936
6925937
6925938
6925939
6925940
6925941
6925942
6925943
6925944
6925945
6925946
6925947
6925948
6925949
6925950
6925951
6925952
6925953
6925954
6925955
6925956
6925957
6925958
6925959
6925960
6925961
6925962
6925963
6925964
6925965
6925966
6925967
6925968
6925969
6925970
6925971
6925972
6925973
6925974
6925975
6925976
6925977
6925978
6925979
6925980
6925981
6925982
6925983
6925984
6925985
6925986
6925987
6925988
6925989
6925990
6925991
6925992
6925993
6925994
6925995
6925996
6925997
6925998
6925999
6926000
6926001
6926002
6926003
6926004
6926005
6926006
6926007
6926008
6926009
6926010
6926011
6926012
6926013
6926014
6926015
6926016
6926017
6926018
6926019
6926020
6926021
6926022
6926023
6926024
6926025
6926026
6926027
6926028
6926029
6926030
6926031
6926032
6926033
6926034
6926035
6926036
6926037
6926038
6926039
6926040
6926041
6926042
6926043
6926044
6926045
6926046
6926047
6926048
6926049
6926050
6926051
6926052
6926053
6926054
6926055
6926056
6926057
6926058
6926059
6926060
6926061
6926062
6926063
6926064
6926065
6926066
6926067
6926068
6926069
6926070
6926071
6926072
6926073
6926074
6926075
6926076
6926077
6926078
6926079
6926080
6926081
6926082
6926083
6926084
6926085
6926086
6926087
6926088
6926089
6926090
6926091
6926092
6926093
6926094
6926095
6926096
6926097
6926098
6926099
6926100
6926101
6926102
6926103
6926104
6926105
6926106
6926107
6926108
6926109
6926110
6926111
6926112
6926113
6926114
6926115
6926116
6926117
6926118
6926119
6926120
6926121
6926122
6926123
6926124
6926125
6926126
6926127
6926128
6926129
6926130
6926131
6926132
6926133
6926134
6926135
6926136
6926137
6926138
6926139
6926140
6926141
6926142
6926143
6926144
6926145
6926146
6926147
6926148
6926149
6926150
6926151
6926152
6926153
6926154
6926155
6926156
6926157
6926158
6926159
6926160
6926161
6926162
6926163
6926164
6926165
6926166
6926167
6926168
6926169
6926170
6926171
6926172
6926173
6926174
6926175
6926176
6926177
6926178
6926179
6926180
6926181
6926182
6926183
6926184
6926185
6926186
6926187
6926188
6926189
6926190
6926191
6926192
6926193
6926194
6926195
6926196
6926197
6926198
6926199
6926200
6926201
6926202
6926203
6926204
6926205
6926206
6926207
6926208
6926209
6926210
6926211
6926212
6926213
6926214
6926215
6926216
6926217
6926218
6926219
6926220
6926221
6926222
6926223
6926224
6926225
6926226
6926227
6926228
6926229
6926230
6926231
6926232
6926233
6926234
6926235
6926236
6926237
6926238
6926239
6926240
6926241
6926242
6926243
6926244
6926245
6926246
6926247
6926248
6926249
6926250
6926251
6926252
6926253
6926254
6926255
6926256
6926257
6926258
6926259
6926260
6926261
6926262
6926263
6926264
6926265
6926266
6926267
6926268
6926269
6926270
6926271
6926272
6926273
6926274
6926275
6926276
6926277
6926278
6926279
6926280
6926281
6926282
6926283
6926284
6926285
6926286
6926287
6926288
6926289
6926290
6926291
6926292
6926293
6926294
6926295
6926296
6926297
6926298
6926299
6926300
6926301
6926302
6926303
6926304
6926305
6926306
6926307
6926308
6926309
6926310
6926311
6926312
6926313
6926314
6926315
6926316
6926317
6926318
6926319
6926320
6926321
6926322
6926323
6926324
6926325
6926326
6926327
6926328
6926329
6926330
6926331
6926332
6926333
6926334
6926335
6926336
6926337
6926338
6926339
6926340
6926341
6926342
6926343
6926344
6926345
6926346
6926347
6926348
6926349
6926350
6926351
6926352
6926353
6926354
6926355
6926356
6926357
6926358
6926359
6926360
6926361
6926362
6926363
6926364
6926365
6926366
6926367
6926368
6926369
6926370
6926371
6926372
6926373
6926374
6926375
6926376
6926377
6926378
6926379
6926380
6926381
6926382
6926383
6926384
6926385
6926386
6926387
6926388
6926389
6926390
6926391
6926392
6926393
6926394
6926395
6926396
6926397
6926398
6926399
6926400
6926401
6926402
6926403
6926404
6926405
6926406
6926407
6926408
6926409
6926410
6926411
6926412
6926413
6926414
6926415
6926416
6926417
6926418
6926419
6926420
6926421
6926422
6926423
6926424
6926425
6926426
6926427
6926428
6926429
6926430
6926431
6926432
6926433
6926434
6926435
6926436
6926437
6926438
6926439
6926440
6926441
6926442
6926443
6926444
6926445
6926446
6926447
6926448
6926449
6926450
6926451
6926452
6926453
6926454
6926455
6926456
6926457
6926458
6926459
6926460
6926461
6926462
6926463
6926464
6926465
6926466
6926467
6926468
6926469
6926470
6926471
6926472
6926473
6926474
6926475
6926476
6926477
6926478
6926479
6926480
6926481
6926482
6926483
6926484
6926485
6926486
6926487
6926488
6926489
6926490
6926491
6926492
6926493
6926494
6926495
6926496
6926497
6926498
6926499
6926500
6926501
6926502
6926503
6926504
6926505
6926506
6926507
6926508
6926509
6926510
6926511
6926512
6926513
6926514
6926515
6926516
6926517
6926518
6926519
6926520
6926521
6926522
6926523
6926524
6926525
6926526
6926527
6926528
6926529
6926530
6926531
6926532
6926533
6926534
6926535
6926536
6926537
6926538
6926539
6926540
6926541
6926542
6926543
6926544
6926545
6926546
6926547
6926548
6926549
6926550
6926551
6926552
6926553
6926554
6926555
6926556
6926557
6926558
6926559
6926560
6926561
6926562
6926563
6926564
6926565
6926566
6926567
6926568
6926569
6926570
6926571
6926572
6926573
6926574
6926575
6926576
6926577
6926578
6926579
6926580
6926581
6926582
6926583
6926584
6926585
6926586
6926587
6926588
6926589
6926590
6926591
6926592
6926593
6926594
6926595
6926596
6926597
6926598
6926599
6926600
6926601
6926602
6926603
6926604
6926605
6926606
6926607
6926608
6926609
6926610
6926611
6926612
6926613
6926614
6926615
6926616
6926617
6926618
6926619
6926620
6926621
6926622
6926623
6926624
6926625
6926626
6926627
6926628
6926629
6926630
6926631
6926632
6926633
6926634
6926635
6926636
6926637
6926638
6926639
6926640
6926641
6926642
6926643
6926644
6926645
6926646
6926647
6926648
6926649
6926650
6926651
6926652
6926653
6926654
6926655
6926656
6926657
6926658
6926659
6926660
6926661
6926662
6926663
6926664
6926665
6926666
6926667
6926668
6926669
6926670
6926671
6926672
6926673
6926674
6926675
6926676
6926677
6926678
6926679
6926680
6926681
6926682
6926683
6926684
6926685
6926686
6926687
6926688
6926689
6926690
6926691
6926692
6926693
6926694
6926695
6926696
6926697
6926698
6926699
6926700
6926701
6926702
6926703
6926704
6926705
6926706
6926707
6926708
6926709
6926710
6926711
6926712
6926713
6926714
6926715
6926716
6926717
6926718
6926719
6926720
6926721
6926722
6926723
6926724
6926725
6926726
6926727
6926728
6926729
6926730
6926731
6926732
6926733
6926734
6926735
6926736
6926737
6926738
6926739
6926740
6926741
6926742
6926743
6926744
6926745
6926746
6926747
6926748
6926749
6926750
6926751
6926752
6926753
6926754
6926755
6926756
6926757
6926758
6926759
6926760
6926761
6926762
6926763
6926764
6926765
6926766
6926767
6926768
6926769
6926770
6926771
6926772
6926773
6926774
6926775
6926776
6926777
6926778
6926779
6926780
6926781
6926782
6926783
6926784
6926785
6926786
6926787
6926788
6926789
6926790
6926791
6926792
6926793
6926794
6926795
6926796
6926797
6926798
6926799
6926800
6926801
6926802
6926803
6926804
6926805
6926806
6926807
6926808
6926809
6926810
6926811
6926812
6926813
6926814
6926815
6926816
6926817
6926818
6926819
6926820
6926821
6926822
6926823
6926824
6926825
6926826
6926827
6926828
6926829
6926830
6926831
6926832
6926833
6926834
6926835
6926836
6926837
6926838
6926839
6926840
6926841
6926842
6926843
6926844
6926845
6926846
6926847
6926848
6926849
6926850
6926851
6926852
6926853
6926854
6926855
6926856
6926857
6926858
6926859
6926860
6926861
6926862
6926863
6926864
6926865
6926866
6926867
6926868
6926869
6926870
6926871
6926872
6926873
6926874
6926875
6926876
6926877
6926878
6926879
6926880
6926881
6926882
6926883
6926884
6926885
6926886
6926887
6926888
6926889
6926890
6926891
6926892
6926893
6926894
6926895
6926896
6926897
6926898
6926899
6926900
6926901
6926902
6926903
6926904
6926905
6926906
6926907
6926908
6926909
6926910
6926911
6926912
6926913
6926914
6926915
6926916
6926917
6926918
6926919
6926920
6926921
6926922
6926923
6926924
6926925
6926926
6926927
6926928
6926929
6926930
6926931
6926932
6926933
6926934
6926935
6926936
6926937
6926938
6926939
6926940
6926941
6926942
6926943
6926944
6926945
6926946
6926947
6926948
6926949
6926950
6926951
6926952
6926953
6926954
6926955
6926956
6926957
6926958
6926959
6926960
6926961
6926962
6926963
6926964
6926965
6926966
6926967
6926968
6926969
6926970
6926971
6926972
6926973
6926974
6926975
6926976
6926977
6926978
6926979
6926980
6926981
6926982
6926983
6926984
6926985
6926986
6926987
6926988
6926989
6926990
6926991
6926992
6926993
6926994
6926995
6926996
6926997
6926998
6926999
6927000
6927001
6927002
6927003
6927004
6927005
6927006
6927007
6927008
6927009
6927010
6927011
6927012
6927013
6927014
6927015
6927016
6927017
6927018
6927019
6927020
6927021
6927022
6927023
6927024
6927025
6927026
6927027
6927028
6927029
6927030
6927031
6927032
6927033
6927034
6927035
6927036
6927037
6927038
6927039
6927040
6927041
6927042
6927043
6927044
6927045
6927046
6927047
6927048
6927049
6927050
6927051
6927052
6927053
6927054
6927055
6927056
6927057
6927058
6927059
6927060
6927061
6927062
6927063
6927064
6927065
6927066
6927067
6927068
6927069
6927070
6927071
6927072
6927073
6927074
6927075
6927076
6927077
6927078
6927079
6927080
6927081
6927082
6927083
6927084
6927085
6927086
6927087
6927088
6927089
6927090
6927091
6927092
6927093
6927094
6927095
6927096
6927097
6927098
6927099
6927100
6927101
6927102
6927103
6927104
6927105
6927106
6927107
6927108
6927109
6927110
6927111
6927112
6927113
6927114
6927115
6927116
6927117
6927118
6927119
6927120
6927121
6927122
6927123
6927124
6927125
6927126
6927127
6927128
6927129
6927130
6927131
6927132
6927133
6927134
6927135
6927136
6927137
6927138
6927139
6927140
6927141
6927142
6927143
6927144
6927145
6927146
6927147
6927148
6927149
6927150
6927151
6927152
6927153
6927154
6927155
6927156
6927157
6927158
6927159
6927160
6927161
6927162
6927163
6927164
6927165
6927166
6927167
6927168
6927169
6927170
6927171
6927172
6927173
6927174
6927175
6927176
6927177
6927178
6927179
6927180
6927181
6927182
6927183
6927184
6927185
6927186
6927187
6927188
6927189
6927190
6927191
6927192
6927193
6927194
6927195
6927196
6927197
6927198
6927199
6927200
6927201
6927202
6927203
6927204
6927205
6927206
6927207
6927208
6927209
6927210
6927211
6927212
6927213
6927214
6927215
6927216
6927217
6927218
6927219
6927220
6927221
6927222
6927223
6927224
6927225
6927226
6927227
6927228
6927229
6927230
6927231
6927232
6927233
6927234
6927235
6927236
6927237
6927238
6927239
6927240
6927241
6927242
6927243
6927244
6927245
6927246
6927247
6927248
6927249
6927250
6927251
6927252
6927253
6927254
6927255
6927256
6927257
6927258
6927259
6927260
6927261
6927262
6927263
6927264
6927265
6927266
6927267
6927268
6927269
6927270
6927271
6927272
6927273
6927274
6927275
6927276
6927277
6927278
6927279
6927280
6927281
6927282
6927283
6927284
6927285
6927286
6927287
6927288
6927289
6927290
6927291
6927292
6927293
6927294
6927295
6927296
6927297
6927298
6927299
6927300
6927301
6927302
6927303
6927304
6927305
6927306
6927307
6927308
6927309
6927310
6927311
6927312
6927313
6927314
6927315
6927316
6927317
6927318
6927319
6927320
6927321
6927322
6927323
6927324
6927325
6927326
6927327
6927328
6927329
6927330
6927331
6927332
6927333
6927334
6927335
6927336
6927337
6927338
6927339
6927340
6927341
6927342
6927343
6927344
6927345
6927346
6927347
6927348
6927349
6927350
6927351
6927352
6927353
6927354
6927355
6927356
6927357
6927358
6927359
6927360
6927361
6927362
6927363
6927364
6927365
6927366
6927367
6927368
6927369
6927370
6927371
6927372
6927373
6927374
6927375
6927376
6927377
6927378
6927379
6927380
6927381
6927382
6927383
6927384
6927385
6927386
6927387
6927388
6927389
6927390
6927391
6927392
6927393
6927394
6927395
6927396
6927397
6927398
6927399
6927400
6927401
6927402
6927403
6927404
6927405
6927406
6927407
6927408
6927409
6927410
6927411
6927412
6927413
6927414
6927415
6927416
6927417
6927418
6927419
6927420
6927421
6927422
6927423
6927424
6927425
6927426
6927427
6927428
6927429
6927430
6927431
6927432
6927433
6927434
6927435
6927436
6927437
6927438
6927439
6927440
6927441
6927442
6927443
6927444
6927445
6927446
6927447
6927448
6927449
6927450
6927451
6927452
6927453
6927454
6927455
6927456
6927457
6927458
6927459
6927460
6927461
6927462
6927463
6927464
6927465
6927466
6927467
6927468
6927469
6927470
6927471
6927472
6927473
6927474
6927475
6927476
6927477
6927478
6927479
6927480
6927481
6927482
6927483
6927484
6927485
6927486
6927487
6927488
6927489
6927490
6927491
6927492
6927493
6927494
6927495
6927496
6927497
6927498
6927499
6927500
6927501
6927502
6927503
6927504
6927505
6927506
6927507
6927508
6927509
6927510
6927511
6927512
6927513
6927514
6927515
6927516
6927517
6927518
6927519
6927520
6927521
6927522
6927523
6927524
6927525
6927526
6927527
6927528
6927529
6927530
6927531
6927532
6927533
6927534
6927535
6927536
6927537
6927538
6927539
6927540
6927541
6927542
6927543
6927544
6927545
6927546
6927547
6927548
6927549
6927550
6927551
6927552
6927553
6927554
6927555
6927556
6927557
6927558
6927559
6927560
6927561
6927562
6927563
6927564
6927565
6927566
6927567
6927568
6927569
6927570
6927571
6927572
6927573
6927574
6927575
6927576
6927577
6927578
6927579
6927580
6927581
6927582
6927583
6927584
6927585
6927586
6927587
6927588
6927589
6927590
6927591
6927592
6927593
6927594
6927595
6927596
6927597
6927598
6927599
6927600
6927601
6927602
6927603
6927604
6927605
6927606
6927607
6927608
6927609
6927610
6927611
6927612
6927613
6927614
6927615
6927616
6927617
6927618
6927619
6927620
6927621
6927622
6927623
6927624
6927625
6927626
6927627
6927628
6927629
6927630
6927631
6927632
6927633
6927634
6927635
6927636
6927637
6927638
6927639
6927640
6927641
6927642
6927643
6927644
6927645
6927646
6927647
6927648
6927649
6927650
6927651
6927652
6927653
6927654
6927655
6927656
6927657
6927658
6927659
6927660
6927661
6927662
6927663
6927664
6927665
6927666
6927667
6927668
6927669
6927670
6927671
6927672
6927673
6927674
6927675
6927676
6927677
6927678
6927679
6927680
6927681
6927682
6927683
6927684
6927685
6927686
6927687
6927688
6927689
6927690
6927691
6927692
6927693
6927694
6927695
6927696
6927697
6927698
6927699
6927700
6927701
6927702
6927703
6927704
6927705
6927706
6927707
6927708
6927709
6927710
6927711
6927712
6927713
6927714
6927715
6927716
6927717
6927718
6927719
6927720
6927721
6927722
6927723
6927724
6927725
6927726
6927727
6927728
6927729
6927730
6927731
6927732
6927733
6927734
6927735
6927736
6927737
6927738
6927739
6927740
6927741
6927742
6927743
6927744
6927745
6927746
6927747
6927748
6927749
6927750
6927751
6927752
6927753
6927754
6927755
6927756
6927757
6927758
6927759
6927760
6927761
6927762
6927763
6927764
6927765
6927766
6927767
6927768
6927769
6927770
6927771
6927772
6927773
6927774
6927775
6927776
6927777
6927778
6927779
6927780
6927781
6927782
6927783
6927784
6927785
6927786
6927787
6927788
6927789
6927790
6927791
6927792
6927793
6927794
6927795
6927796
6927797
6927798
6927799
6927800
6927801
6927802
6927803
6927804
6927805
6927806
6927807
6927808
6927809
6927810
6927811
6927812
6927813
6927814
6927815
6927816
6927817
6927818
6927819
6927820
6927821
6927822
6927823
6927824
6927825
6927826
6927827
6927828
6927829
6927830
6927831
6927832
6927833
6927834
6927835
6927836
6927837
6927838
6927839
6927840
6927841
6927842
6927843
6927844
6927845
6927846
6927847
6927848
6927849
6927850
6927851
6927852
6927853
6927854
6927855
6927856
6927857
6927858
6927859
6927860
6927861
6927862
6927863
6927864
6927865
6927866
6927867
6927868
6927869
6927870
6927871
6927872
6927873
6927874
6927875
6927876
6927877
6927878
6927879
6927880
6927881
6927882
6927883
6927884
6927885
6927886
6927887
6927888
6927889
6927890
6927891
6927892
6927893
6927894
6927895
6927896
6927897
6927898
6927899
6927900
6927901
6927902
6927903
6927904
6927905
6927906
6927907
6927908
6927909
6927910
6927911
6927912
6927913
6927914
6927915
6927916
6927917
6927918
6927919
6927920
6927921
6927922
6927923
6927924
6927925
6927926
6927927
6927928
6927929
6927930
6927931
6927932
6927933
6927934
6927935
6927936
6927937
6927938
6927939
6927940
6927941
6927942
6927943
6927944
6927945
6927946
6927947
6927948
6927949
6927950
6927951
6927952
6927953
6927954
6927955
6927956
6927957
6927958
6927959
6927960
6927961
6927962
6927963
6927964
6927965
6927966
6927967
6927968
6927969
6927970
6927971
6927972
6927973
6927974
6927975
6927976
6927977
6927978
6927979
6927980
6927981
6927982
6927983
6927984
6927985
6927986
6927987
6927988
6927989
6927990
6927991
6927992
6927993
6927994
6927995
6927996
6927997
6927998
6927999
6928000
6928001
6928002
6928003
6928004
6928005
6928006
6928007
6928008
6928009
6928010
6928011
6928012
6928013
6928014
6928015
6928016
6928017
6928018
6928019
6928020
6928021
6928022
6928023
6928024
6928025
6928026
6928027
6928028
6928029
6928030
6928031
6928032
6928033
6928034
6928035
6928036
6928037
6928038
6928039
6928040
6928041
6928042
6928043
6928044
6928045
6928046
6928047
6928048
6928049
6928050
6928051
6928052
6928053
6928054
6928055
6928056
6928057
6928058
6928059
6928060
6928061
6928062
6928063
6928064
6928065
6928066
6928067
6928068
6928069
6928070
6928071
6928072
6928073
6928074
6928075
6928076
6928077
6928078
6928079
6928080
6928081
6928082
6928083
6928084
6928085
6928086
6928087
6928088
6928089
6928090
6928091
6928092
6928093
6928094
6928095
6928096
6928097
6928098
6928099
6928100
6928101
6928102
6928103
6928104
6928105
6928106
6928107
6928108
6928109
6928110
6928111
6928112
6928113
6928114
6928115
6928116
6928117
6928118
6928119
6928120
6928121
6928122
6928123
6928124
6928125
6928126
6928127
6928128
6928129
6928130
6928131
6928132
6928133
6928134
6928135
6928136
6928137
6928138
6928139
6928140
6928141
6928142
6928143
6928144
6928145
6928146
6928147
6928148
6928149
6928150
6928151
6928152
6928153
6928154
6928155
6928156
6928157
6928158
6928159
6928160
6928161
6928162
6928163
6928164
6928165
6928166
6928167
6928168
6928169
6928170
6928171
6928172
6928173
6928174
6928175
6928176
6928177
6928178
6928179
6928180
6928181
6928182
6928183
6928184
6928185
6928186
6928187
6928188
6928189
6928190
6928191
6928192
6928193
6928194
6928195
6928196
6928197
6928198
6928199
6928200
6928201
6928202
6928203
6928204
6928205
6928206
6928207
6928208
6928209
6928210
6928211
6928212
6928213
6928214
6928215
6928216
6928217
6928218
6928219
6928220
6928221
6928222
6928223
6928224
6928225
6928226
6928227
6928228
6928229
6928230
6928231
6928232
6928233
6928234
6928235
6928236
6928237
6928238
6928239
6928240
6928241
6928242
6928243
6928244
6928245
6928246
6928247
6928248
6928249
6928250
6928251
6928252
6928253
6928254
6928255
6928256
6928257
6928258
6928259
6928260
6928261
6928262
6928263
6928264
6928265
6928266
6928267
6928268
6928269
6928270
6928271
6928272
6928273
6928274
6928275
6928276
6928277
6928278
6928279
6928280
6928281
6928282
6928283
6928284
6928285
6928286
6928287
6928288
6928289
6928290
6928291
6928292
6928293
6928294
6928295
6928296
6928297
6928298
6928299
6928300
6928301
6928302
6928303
6928304
6928305
6928306
6928307
6928308
6928309
6928310
6928311
6928312
6928313
6928314
6928315
6928316
6928317
6928318
6928319
6928320
6928321
6928322
6928323
6928324
6928325
6928326
6928327
6928328
6928329
6928330
6928331
6928332
6928333
6928334
6928335
6928336
6928337
6928338
6928339
6928340
6928341
6928342
6928343
6928344
6928345
6928346
6928347
6928348
6928349
6928350
6928351
6928352
6928353
6928354
6928355
6928356
6928357
6928358
6928359
6928360
6928361
6928362
6928363
6928364
6928365
6928366
6928367
6928368
6928369
6928370
6928371
6928372
6928373
6928374
6928375
6928376
6928377
6928378
6928379
6928380
6928381
6928382
6928383
6928384
6928385
6928386
6928387
6928388
6928389
6928390
6928391
6928392
6928393
6928394
6928395
6928396
6928397
6928398
6928399
6928400
6928401
6928402
6928403
6928404
6928405
6928406
6928407
6928408
6928409
6928410
6928411
6928412
6928413
6928414
6928415
6928416
6928417
6928418
6928419
6928420
6928421
6928422
6928423
6928424
6928425
6928426
6928427
6928428
6928429
6928430
6928431
6928432
6928433
6928434
6928435
6928436
6928437
6928438
6928439
6928440
6928441
6928442
6928443
6928444
6928445
6928446
6928447
6928448
6928449
6928450
6928451
6928452
6928453
6928454
6928455
6928456
6928457
6928458
6928459
6928460
6928461
6928462
6928463
6928464
6928465
6928466
6928467
6928468
6928469
6928470
6928471
6928472
6928473
6928474
6928475
6928476
6928477
6928478
6928479
6928480
6928481
6928482
6928483
6928484
6928485
6928486
6928487
6928488
6928489
6928490
6928491
6928492
6928493
6928494
6928495
6928496
6928497
6928498
6928499
6928500
6928501
6928502
6928503
6928504
6928505
6928506
6928507
6928508
6928509
6928510
6928511
6928512
6928513
6928514
6928515
6928516
6928517
6928518
6928519
6928520
6928521
6928522
6928523
6928524
6928525
6928526
6928527
6928528
6928529
6928530
6928531
6928532
6928533
6928534
6928535
6928536
6928537
6928538
6928539
6928540
6928541
6928542
6928543
6928544
6928545
6928546
6928547
6928548
6928549
6928550
6928551
6928552
6928553
6928554
6928555
6928556
6928557
6928558
6928559
6928560
6928561
6928562
6928563
6928564
6928565
6928566
6928567
6928568
6928569
6928570
6928571
6928572
6928573
6928574
6928575
6928576
6928577
6928578
6928579
6928580
6928581
6928582
6928583
6928584
6928585
6928586
6928587
6928588
6928589
6928590
6928591
6928592
6928593
6928594
6928595
6928596
6928597
6928598
6928599
6928600
6928601
6928602
6928603
6928604
6928605
6928606
6928607
6928608
6928609
6928610
6928611
6928612
6928613
6928614
6928615
6928616
6928617
6928618
6928619
6928620
6928621
6928622
6928623
6928624
6928625
6928626
6928627
6928628
6928629
6928630
6928631
6928632
6928633
6928634
6928635
6928636
6928637
6928638
6928639
6928640
6928641
6928642
6928643
6928644
6928645
6928646
6928647
6928648
6928649
6928650
6928651
6928652
6928653
6928654
6928655
6928656
6928657
6928658
6928659
6928660
6928661
6928662
6928663
6928664
6928665
6928666
6928667
6928668
6928669
6928670
6928671
6928672
6928673
6928674
6928675
6928676
6928677
6928678
6928679
6928680
6928681
6928682
6928683
6928684
6928685
6928686
6928687
6928688
6928689
6928690
6928691
6928692
6928693
6928694
6928695
6928696
6928697
6928698
6928699
6928700
6928701
6928702
6928703
6928704
6928705
6928706
6928707
6928708
6928709
6928710
6928711
6928712
6928713
6928714
6928715
6928716
6928717
6928718
6928719
6928720
6928721
6928722
6928723
6928724
6928725
6928726
6928727
6928728
6928729
6928730
6928731
6928732
6928733
6928734
6928735
6928736
6928737
6928738
6928739
6928740
6928741
6928742
6928743
6928744
6928745
6928746
6928747
6928748
6928749
6928750
6928751
6928752
6928753
6928754
6928755
6928756
6928757
6928758
6928759
6928760
6928761
6928762
6928763
6928764
6928765
6928766
6928767
6928768
6928769
6928770
6928771
6928772
6928773
6928774
6928775
6928776
6928777
6928778
6928779
6928780
6928781
6928782
6928783
6928784
6928785
6928786
6928787
6928788
6928789
6928790
6928791
6928792
6928793
6928794
6928795
6928796
6928797
6928798
6928799
6928800
6928801
6928802
6928803
6928804
6928805
6928806
6928807
6928808
6928809
6928810
6928811
6928812
6928813
6928814
6928815
6928816
6928817
6928818
6928819
6928820
6928821
6928822
6928823
6928824
6928825
6928826
6928827
6928828
6928829
6928830
6928831
6928832
6928833
6928834
6928835
6928836
6928837
6928838
6928839
6928840
6928841
6928842
6928843
6928844
6928845
6928846
6928847
6928848
6928849
6928850
6928851
6928852
6928853
6928854
6928855
6928856
6928857
6928858
6928859
6928860
6928861
6928862
6928863
6928864
6928865
6928866
6928867
6928868
6928869
6928870
6928871
6928872
6928873
6928874
6928875
6928876
6928877
6928878
6928879
6928880
6928881
6928882
6928883
6928884
6928885
6928886
6928887
6928888
6928889
6928890
6928891
6928892
6928893
6928894
6928895
6928896
6928897
6928898
6928899
6928900
6928901
6928902
6928903
6928904
6928905
6928906
6928907
6928908
6928909
6928910
6928911
6928912
6928913
6928914
6928915
6928916
6928917
6928918
6928919
6928920
6928921
6928922
6928923
6928924
6928925
6928926
6928927
6928928
6928929
6928930
6928931
6928932
6928933
6928934
6928935
6928936
6928937
6928938
6928939
6928940
6928941
6928942
6928943
6928944
6928945
6928946
6928947
6928948
6928949
6928950
6928951
6928952
6928953
6928954
6928955
6928956
6928957
6928958
6928959
6928960
6928961
6928962
6928963
6928964
6928965
6928966
6928967
6928968
6928969
6928970
6928971
6928972
6928973
6928974
6928975
6928976
6928977
6928978
6928979
6928980
6928981
6928982
6928983
6928984
6928985
6928986
6928987
6928988
6928989
6928990
6928991
6928992
6928993
6928994
6928995
6928996
6928997
6928998
6928999
6929000
6929001
6929002
6929003
6929004
6929005
6929006
6929007
6929008
6929009
6929010
6929011
6929012
6929013
6929014
6929015
6929016
6929017
6929018
6929019
6929020
6929021
6929022
6929023
6929024
6929025
6929026
6929027
6929028
6929029
6929030
6929031
6929032
6929033
6929034
6929035
6929036
6929037
6929038
6929039
6929040
6929041
6929042
6929043
6929044
6929045
6929046
6929047
6929048
6929049
6929050
6929051
6929052
6929053
6929054
6929055
6929056
6929057
6929058
6929059
6929060
6929061
6929062
6929063
6929064
6929065
6929066
6929067
6929068
6929069
6929070
6929071
6929072
6929073
6929074
6929075
6929076
6929077
6929078
6929079
6929080
6929081
6929082
6929083
6929084
6929085
6929086
6929087
6929088
6929089
6929090
6929091
6929092
6929093
6929094
6929095
6929096
6929097
6929098
6929099
6929100
6929101
6929102
6929103
6929104
6929105
6929106
6929107
6929108
6929109
6929110
6929111
6929112
6929113
6929114
6929115
6929116
6929117
6929118
6929119
6929120
6929121
6929122
6929123
6929124
6929125
6929126
6929127
6929128
6929129
6929130
6929131
6929132
6929133
6929134
6929135
6929136
6929137
6929138
6929139
6929140
6929141
6929142
6929143
6929144
6929145
6929146
6929147
6929148
6929149
6929150
6929151
6929152
6929153
6929154
6929155
6929156
6929157
6929158
6929159
6929160
6929161
6929162
6929163
6929164
6929165
6929166
6929167
6929168
6929169
6929170
6929171
6929172
6929173
6929174
6929175
6929176
6929177
6929178
6929179
6929180
6929181
6929182
6929183
6929184
6929185
6929186
6929187
6929188
6929189
6929190
6929191
6929192
6929193
6929194
6929195
6929196
6929197
6929198
6929199
6929200
6929201
6929202
6929203
6929204
6929205
6929206
6929207
6929208
6929209
6929210
6929211
6929212
6929213
6929214
6929215
6929216
6929217
6929218
6929219
6929220
6929221
6929222
6929223
6929224
6929225
6929226
6929227
6929228
6929229
6929230
6929231
6929232
6929233
6929234
6929235
6929236
6929237
6929238
6929239
6929240
6929241
6929242
6929243
6929244
6929245
6929246
6929247
6929248
6929249
6929250
6929251
6929252
6929253
6929254
6929255
6929256
6929257
6929258
6929259
6929260
6929261
6929262
6929263
6929264
6929265
6929266
6929267
6929268
6929269
6929270
6929271
6929272
6929273
6929274
6929275
6929276
6929277
6929278
6929279
6929280
6929281
6929282
6929283
6929284
6929285
6929286
6929287
6929288
6929289
6929290
6929291
6929292
6929293
6929294
6929295
6929296
6929297
6929298
6929299
6929300
6929301
6929302
6929303
6929304
6929305
6929306
6929307
6929308
6929309
6929310
6929311
6929312
6929313
6929314
6929315
6929316
6929317
6929318
6929319
6929320
6929321
6929322
6929323
6929324
6929325
6929326
6929327
6929328
6929329
6929330
6929331
6929332
6929333
6929334
6929335
6929336
6929337
6929338
6929339
6929340
6929341
6929342
6929343
6929344
6929345
6929346
6929347
6929348
6929349
6929350
6929351
6929352
6929353
6929354
6929355
6929356
6929357
6929358
6929359
6929360
6929361
6929362
6929363
6929364
6929365
6929366
6929367
6929368
6929369
6929370
6929371
6929372
6929373
6929374
6929375
6929376
6929377
6929378
6929379
6929380
6929381
6929382
6929383
6929384
6929385
6929386
6929387
6929388
6929389
6929390
6929391
6929392
6929393
6929394
6929395
6929396
6929397
6929398
6929399
6929400
6929401
6929402
6929403
6929404
6929405
6929406
6929407
6929408
6929409
6929410
6929411
6929412
6929413
6929414
6929415
6929416
6929417
6929418
6929419
6929420
6929421
6929422
6929423
6929424
6929425
6929426
6929427
6929428
6929429
6929430
6929431
6929432
6929433
6929434
6929435
6929436
6929437
6929438
6929439
6929440
6929441
6929442
6929443
6929444
6929445
6929446
6929447
6929448
6929449
6929450
6929451
6929452
6929453
6929454
6929455
6929456
6929457
6929458
6929459
6929460
6929461
6929462
6929463
6929464
6929465
6929466
6929467
6929468
6929469
6929470
6929471
6929472
6929473
6929474
6929475
6929476
6929477
6929478
6929479
6929480
6929481
6929482
6929483
6929484
6929485
6929486
6929487
6929488
6929489
6929490
6929491
6929492
6929493
6929494
6929495
6929496
6929497
6929498
6929499
6929500
6929501
6929502
6929503
6929504
6929505
6929506
6929507
6929508
6929509
6929510
6929511
6929512
6929513
6929514
6929515
6929516
6929517
6929518
6929519
6929520
6929521
6929522
6929523
6929524
6929525
6929526
6929527
6929528
6929529
6929530
6929531
6929532
6929533
6929534
6929535
6929536
6929537
6929538
6929539
6929540
6929541
6929542
6929543
6929544
6929545
6929546
6929547
6929548
6929549
6929550
6929551
6929552
6929553
6929554
6929555
6929556
6929557
6929558
6929559
6929560
6929561
6929562
6929563
6929564
6929565
6929566
6929567
6929568
6929569
6929570
6929571
6929572
6929573
6929574
6929575
6929576
6929577
6929578
6929579
6929580
6929581
6929582
6929583
6929584
6929585
6929586
6929587
6929588
6929589
6929590
6929591
6929592
6929593
6929594
6929595
6929596
6929597
6929598
6929599
6929600
6929601
6929602
6929603
6929604
6929605
6929606
6929607
6929608
6929609
6929610
6929611
6929612
6929613
6929614
6929615
6929616
6929617
6929618
6929619
6929620
6929621
6929622
6929623
6929624
6929625
6929626
6929627
6929628
6929629
6929630
6929631
6929632
6929633
6929634
6929635
6929636
6929637
6929638
6929639
6929640
6929641
6929642
6929643
6929644
6929645
6929646
6929647
6929648
6929649
6929650
6929651
6929652
6929653
6929654
6929655
6929656
6929657
6929658
6929659
6929660
6929661
6929662
6929663
6929664
6929665
6929666
6929667
6929668
6929669
6929670
6929671
6929672
6929673
6929674
6929675
6929676
6929677
6929678
6929679
6929680
6929681
6929682
6929683
6929684
6929685
6929686
6929687
6929688
6929689
6929690
6929691
6929692
6929693
6929694
6929695
6929696
6929697
6929698
6929699
6929700
6929701
6929702
6929703
6929704
6929705
6929706
6929707
6929708
6929709
6929710
6929711
6929712
6929713
6929714
6929715
6929716
6929717
6929718
6929719
6929720
6929721
6929722
6929723
6929724
6929725
6929726
6929727
6929728
6929729
6929730
6929731
6929732
6929733
6929734
6929735
6929736
6929737
6929738
6929739
6929740
6929741
6929742
6929743
6929744
6929745
6929746
6929747
6929748
6929749
6929750
6929751
6929752
6929753
6929754
6929755
6929756
6929757
6929758
6929759
6929760
6929761
6929762
6929763
6929764
6929765
6929766
6929767
6929768
6929769
6929770
6929771
6929772
6929773
6929774
6929775
6929776
6929777
6929778
6929779
6929780
6929781
6929782
6929783
6929784
6929785
6929786
6929787
6929788
6929789
6929790
6929791
6929792
6929793
6929794
6929795
6929796
6929797
6929798
6929799
6929800
6929801
6929802
6929803
6929804
6929805
6929806
6929807
6929808
6929809
6929810
6929811
6929812
6929813
6929814
6929815
6929816
6929817
6929818
6929819
6929820
6929821
6929822
6929823
6929824
6929825
6929826
6929827
6929828
6929829
6929830
6929831
6929832
6929833
6929834
6929835
6929836
6929837
6929838
6929839
6929840
6929841
6929842
6929843
6929844
6929845
6929846
6929847
6929848
6929849
6929850
6929851
6929852
6929853
6929854
6929855
6929856
6929857
6929858
6929859
6929860
6929861
6929862
6929863
6929864
6929865
6929866
6929867
6929868
6929869
6929870
6929871
6929872
6929873
6929874
6929875
6929876
6929877
6929878
6929879
6929880
6929881
6929882
6929883
6929884
6929885
6929886
6929887
6929888
6929889
6929890
6929891
6929892
6929893
6929894
6929895
6929896
6929897
6929898
6929899
6929900
6929901
6929902
6929903
6929904
6929905
6929906
6929907
6929908
6929909
6929910
6929911
6929912
6929913
6929914
6929915
6929916
6929917
6929918
6929919
6929920
6929921
6929922
6929923
6929924
6929925
6929926
6929927
6929928
6929929
6929930
6929931
6929932
6929933
6929934
6929935
6929936
6929937
6929938
6929939
6929940
6929941
6929942
6929943
6929944
6929945
6929946
6929947
6929948
6929949
6929950
6929951
6929952
6929953
6929954
6929955
6929956
6929957
6929958
6929959
6929960
6929961
6929962
6929963
6929964
6929965
6929966
6929967
6929968
6929969
6929970
6929971
6929972
6929973
6929974
6929975
6929976
6929977
6929978
6929979
6929980
6929981
6929982
6929983
6929984
6929985
6929986
6929987
6929988
6929989
6929990
6929991
6929992
6929993
6929994
6929995
6929996
6929997
6929998
6929999
6930000
