6960001
6960002
6960003
6960004
6960005
6960006
6960007
6960008
6960009
6960010
6960011
6960012
6960013
6960014
6960015
6960016
6960017
6960018
6960019
6960020
6960021
6960022
6960023
6960024
6960025
6960026
6960027
6960028
6960029
6960030
6960031
6960032
6960033
6960034
6960035
6960036
6960037
6960038
6960039
6960040
6960041
6960042
6960043
6960044
6960045
6960046
6960047
6960048
6960049
6960050
6960051
6960052
6960053
6960054
6960055
6960056
6960057
6960058
6960059
6960060
6960061
6960062
6960063
6960064
6960065
6960066
6960067
6960068
6960069
6960070
6960071
6960072
6960073
6960074
6960075
6960076
6960077
6960078
6960079
6960080
6960081
6960082
6960083
6960084
6960085
6960086
6960087
6960088
6960089
6960090
6960091
6960092
6960093
6960094
6960095
6960096
6960097
6960098
6960099
6960100
6960101
6960102
6960103
6960104
6960105
6960106
6960107
6960108
6960109
6960110
6960111
6960112
6960113
6960114
6960115
6960116
6960117
6960118
6960119
6960120
6960121
6960122
6960123
6960124
6960125
6960126
6960127
6960128
6960129
6960130
6960131
6960132
6960133
6960134
6960135
6960136
6960137
6960138
6960139
6960140
6960141
6960142
6960143
6960144
6960145
6960146
6960147
6960148
6960149
6960150
6960151
6960152
6960153
6960154
6960155
6960156
6960157
6960158
6960159
6960160
6960161
6960162
6960163
6960164
6960165
6960166
6960167
6960168
6960169
6960170
6960171
6960172
6960173
6960174
6960175
6960176
6960177
6960178
6960179
6960180
6960181
6960182
6960183
6960184
6960185
6960186
6960187
6960188
6960189
6960190
6960191
6960192
6960193
6960194
6960195
6960196
6960197
6960198
6960199
6960200
6960201
6960202
6960203
6960204
6960205
6960206
6960207
6960208
6960209
6960210
6960211
6960212
6960213
6960214
6960215
6960216
6960217
6960218
6960219
6960220
6960221
6960222
6960223
6960224
6960225
6960226
6960227
6960228
6960229
6960230
6960231
6960232
6960233
6960234
6960235
6960236
6960237
6960238
6960239
6960240
6960241
6960242
6960243
6960244
6960245
6960246
6960247
6960248
6960249
6960250
6960251
6960252
6960253
6960254
6960255
6960256
6960257
6960258
6960259
6960260
6960261
6960262
6960263
6960264
6960265
6960266
6960267
6960268
6960269
6960270
6960271
6960272
6960273
6960274
6960275
6960276
6960277
6960278
6960279
6960280
6960281
6960282
6960283
6960284
6960285
6960286
6960287
6960288
6960289
6960290
6960291
6960292
6960293
6960294
6960295
6960296
6960297
6960298
6960299
6960300
6960301
6960302
6960303
6960304
6960305
6960306
6960307
6960308
6960309
6960310
6960311
6960312
6960313
6960314
6960315
6960316
6960317
6960318
6960319
6960320
6960321
6960322
6960323
6960324
6960325
6960326
6960327
6960328
6960329
6960330
6960331
6960332
6960333
6960334
6960335
6960336
6960337
6960338
6960339
6960340
6960341
6960342
6960343
6960344
6960345
6960346
6960347
6960348
6960349
6960350
6960351
6960352
6960353
6960354
6960355
6960356
6960357
6960358
6960359
6960360
6960361
6960362
6960363
6960364
6960365
6960366
6960367
6960368
6960369
6960370
6960371
6960372
6960373
6960374
6960375
6960376
6960377
6960378
6960379
6960380
6960381
6960382
6960383
6960384
6960385
6960386
6960387
6960388
6960389
6960390
6960391
6960392
6960393
6960394
6960395
6960396
6960397
6960398
6960399
6960400
6960401
6960402
6960403
6960404
6960405
6960406
6960407
6960408
6960409
6960410
6960411
6960412
6960413
6960414
6960415
6960416
6960417
6960418
6960419
6960420
6960421
6960422
6960423
6960424
6960425
6960426
6960427
6960428
6960429
6960430
6960431
6960432
6960433
6960434
6960435
6960436
6960437
6960438
6960439
6960440
6960441
6960442
6960443
6960444
6960445
6960446
6960447
6960448
6960449
6960450
6960451
6960452
6960453
6960454
6960455
6960456
6960457
6960458
6960459
6960460
6960461
6960462
6960463
6960464
6960465
6960466
6960467
6960468
6960469
6960470
6960471
6960472
6960473
6960474
6960475
6960476
6960477
6960478
6960479
6960480
6960481
6960482
6960483
6960484
6960485
6960486
6960487
6960488
6960489
6960490
6960491
6960492
6960493
6960494
6960495
6960496
6960497
6960498
6960499
6960500
6960501
6960502
6960503
6960504
6960505
6960506
6960507
6960508
6960509
6960510
6960511
6960512
6960513
6960514
6960515
6960516
6960517
6960518
6960519
6960520
6960521
6960522
6960523
6960524
6960525
6960526
6960527
6960528
6960529
6960530
6960531
6960532
6960533
6960534
6960535
6960536
6960537
6960538
6960539
6960540
6960541
6960542
6960543
6960544
6960545
6960546
6960547
6960548
6960549
6960550
6960551
6960552
6960553
6960554
6960555
6960556
6960557
6960558
6960559
6960560
6960561
6960562
6960563
6960564
6960565
6960566
6960567
6960568
6960569
6960570
6960571
6960572
6960573
6960574
6960575
6960576
6960577
6960578
6960579
6960580
6960581
6960582
6960583
6960584
6960585
6960586
6960587
6960588
6960589
6960590
6960591
6960592
6960593
6960594
6960595
6960596
6960597
6960598
6960599
6960600
6960601
6960602
6960603
6960604
6960605
6960606
6960607
6960608
6960609
6960610
6960611
6960612
6960613
6960614
6960615
6960616
6960617
6960618
6960619
6960620
6960621
6960622
6960623
6960624
6960625
6960626
6960627
6960628
6960629
6960630
6960631
6960632
6960633
6960634
6960635
6960636
6960637
6960638
6960639
6960640
6960641
6960642
6960643
6960644
6960645
6960646
6960647
6960648
6960649
6960650
6960651
6960652
6960653
6960654
6960655
6960656
6960657
6960658
6960659
6960660
6960661
6960662
6960663
6960664
6960665
6960666
6960667
6960668
6960669
6960670
6960671
6960672
6960673
6960674
6960675
6960676
6960677
6960678
6960679
6960680
6960681
6960682
6960683
6960684
6960685
6960686
6960687
6960688
6960689
6960690
6960691
6960692
6960693
6960694
6960695
6960696
6960697
6960698
6960699
6960700
6960701
6960702
6960703
6960704
6960705
6960706
6960707
6960708
6960709
6960710
6960711
6960712
6960713
6960714
6960715
6960716
6960717
6960718
6960719
6960720
6960721
6960722
6960723
6960724
6960725
6960726
6960727
6960728
6960729
6960730
6960731
6960732
6960733
6960734
6960735
6960736
6960737
6960738
6960739
6960740
6960741
6960742
6960743
6960744
6960745
6960746
6960747
6960748
6960749
6960750
6960751
6960752
6960753
6960754
6960755
6960756
6960757
6960758
6960759
6960760
6960761
6960762
6960763
6960764
6960765
6960766
6960767
6960768
6960769
6960770
6960771
6960772
6960773
6960774
6960775
6960776
6960777
6960778
6960779
6960780
6960781
6960782
6960783
6960784
6960785
6960786
6960787
6960788
6960789
6960790
6960791
6960792
6960793
6960794
6960795
6960796
6960797
6960798
6960799
6960800
6960801
6960802
6960803
6960804
6960805
6960806
6960807
6960808
6960809
6960810
6960811
6960812
6960813
6960814
6960815
6960816
6960817
6960818
6960819
6960820
6960821
6960822
6960823
6960824
6960825
6960826
6960827
6960828
6960829
6960830
6960831
6960832
6960833
6960834
6960835
6960836
6960837
6960838
6960839
6960840
6960841
6960842
6960843
6960844
6960845
6960846
6960847
6960848
6960849
6960850
6960851
6960852
6960853
6960854
6960855
6960856
6960857
6960858
6960859
6960860
6960861
6960862
6960863
6960864
6960865
6960866
6960867
6960868
6960869
6960870
6960871
6960872
6960873
6960874
6960875
6960876
6960877
6960878
6960879
6960880
6960881
6960882
6960883
6960884
6960885
6960886
6960887
6960888
6960889
6960890
6960891
6960892
6960893
6960894
6960895
6960896
6960897
6960898
6960899
6960900
6960901
6960902
6960903
6960904
6960905
6960906
6960907
6960908
6960909
6960910
6960911
6960912
6960913
6960914
6960915
6960916
6960917
6960918
6960919
6960920
6960921
6960922
6960923
6960924
6960925
6960926
6960927
6960928
6960929
6960930
6960931
6960932
6960933
6960934
6960935
6960936
6960937
6960938
6960939
6960940
6960941
6960942
6960943
6960944
6960945
6960946
6960947
6960948
6960949
6960950
6960951
6960952
6960953
6960954
6960955
6960956
6960957
6960958
6960959
6960960
6960961
6960962
6960963
6960964
6960965
6960966
6960967
6960968
6960969
6960970
6960971
6960972
6960973
6960974
6960975
6960976
6960977
6960978
6960979
6960980
6960981
6960982
6960983
6960984
6960985
6960986
6960987
6960988
6960989
6960990
6960991
6960992
6960993
6960994
6960995
6960996
6960997
6960998
6960999
6961000
6961001
6961002
6961003
6961004
6961005
6961006
6961007
6961008
6961009
6961010
6961011
6961012
6961013
6961014
6961015
6961016
6961017
6961018
6961019
6961020
6961021
6961022
6961023
6961024
6961025
6961026
6961027
6961028
6961029
6961030
6961031
6961032
6961033
6961034
6961035
6961036
6961037
6961038
6961039
6961040
6961041
6961042
6961043
6961044
6961045
6961046
6961047
6961048
6961049
6961050
6961051
6961052
6961053
6961054
6961055
6961056
6961057
6961058
6961059
6961060
6961061
6961062
6961063
6961064
6961065
6961066
6961067
6961068
6961069
6961070
6961071
6961072
6961073
6961074
6961075
6961076
6961077
6961078
6961079
6961080
6961081
6961082
6961083
6961084
6961085
6961086
6961087
6961088
6961089
6961090
6961091
6961092
6961093
6961094
6961095
6961096
6961097
6961098
6961099
6961100
6961101
6961102
6961103
6961104
6961105
6961106
6961107
6961108
6961109
6961110
6961111
6961112
6961113
6961114
6961115
6961116
6961117
6961118
6961119
6961120
6961121
6961122
6961123
6961124
6961125
6961126
6961127
6961128
6961129
6961130
6961131
6961132
6961133
6961134
6961135
6961136
6961137
6961138
6961139
6961140
6961141
6961142
6961143
6961144
6961145
6961146
6961147
6961148
6961149
6961150
6961151
6961152
6961153
6961154
6961155
6961156
6961157
6961158
6961159
6961160
6961161
6961162
6961163
6961164
6961165
6961166
6961167
6961168
6961169
6961170
6961171
6961172
6961173
6961174
6961175
6961176
6961177
6961178
6961179
6961180
6961181
6961182
6961183
6961184
6961185
6961186
6961187
6961188
6961189
6961190
6961191
6961192
6961193
6961194
6961195
6961196
6961197
6961198
6961199
6961200
6961201
6961202
6961203
6961204
6961205
6961206
6961207
6961208
6961209
6961210
6961211
6961212
6961213
6961214
6961215
6961216
6961217
6961218
6961219
6961220
6961221
6961222
6961223
6961224
6961225
6961226
6961227
6961228
6961229
6961230
6961231
6961232
6961233
6961234
6961235
6961236
6961237
6961238
6961239
6961240
6961241
6961242
6961243
6961244
6961245
6961246
6961247
6961248
6961249
6961250
6961251
6961252
6961253
6961254
6961255
6961256
6961257
6961258
6961259
6961260
6961261
6961262
6961263
6961264
6961265
6961266
6961267
6961268
6961269
6961270
6961271
6961272
6961273
6961274
6961275
6961276
6961277
6961278
6961279
6961280
6961281
6961282
6961283
6961284
6961285
6961286
6961287
6961288
6961289
6961290
6961291
6961292
6961293
6961294
6961295
6961296
6961297
6961298
6961299
6961300
6961301
6961302
6961303
6961304
6961305
6961306
6961307
6961308
6961309
6961310
6961311
6961312
6961313
6961314
6961315
6961316
6961317
6961318
6961319
6961320
6961321
6961322
6961323
6961324
6961325
6961326
6961327
6961328
6961329
6961330
6961331
6961332
6961333
6961334
6961335
6961336
6961337
6961338
6961339
6961340
6961341
6961342
6961343
6961344
6961345
6961346
6961347
6961348
6961349
6961350
6961351
6961352
6961353
6961354
6961355
6961356
6961357
6961358
6961359
6961360
6961361
6961362
6961363
6961364
6961365
6961366
6961367
6961368
6961369
6961370
6961371
6961372
6961373
6961374
6961375
6961376
6961377
6961378
6961379
6961380
6961381
6961382
6961383
6961384
6961385
6961386
6961387
6961388
6961389
6961390
6961391
6961392
6961393
6961394
6961395
6961396
6961397
6961398
6961399
6961400
6961401
6961402
6961403
6961404
6961405
6961406
6961407
6961408
6961409
6961410
6961411
6961412
6961413
6961414
6961415
6961416
6961417
6961418
6961419
6961420
6961421
6961422
6961423
6961424
6961425
6961426
6961427
6961428
6961429
6961430
6961431
6961432
6961433
6961434
6961435
6961436
6961437
6961438
6961439
6961440
6961441
6961442
6961443
6961444
6961445
6961446
6961447
6961448
6961449
6961450
6961451
6961452
6961453
6961454
6961455
6961456
6961457
6961458
6961459
6961460
6961461
6961462
6961463
6961464
6961465
6961466
6961467
6961468
6961469
6961470
6961471
6961472
6961473
6961474
6961475
6961476
6961477
6961478
6961479
6961480
6961481
6961482
6961483
6961484
6961485
6961486
6961487
6961488
6961489
6961490
6961491
6961492
6961493
6961494
6961495
6961496
6961497
6961498
6961499
6961500
6961501
6961502
6961503
6961504
6961505
6961506
6961507
6961508
6961509
6961510
6961511
6961512
6961513
6961514
6961515
6961516
6961517
6961518
6961519
6961520
6961521
6961522
6961523
6961524
6961525
6961526
6961527
6961528
6961529
6961530
6961531
6961532
6961533
6961534
6961535
6961536
6961537
6961538
6961539
6961540
6961541
6961542
6961543
6961544
6961545
6961546
6961547
6961548
6961549
6961550
6961551
6961552
6961553
6961554
6961555
6961556
6961557
6961558
6961559
6961560
6961561
6961562
6961563
6961564
6961565
6961566
6961567
6961568
6961569
6961570
6961571
6961572
6961573
6961574
6961575
6961576
6961577
6961578
6961579
6961580
6961581
6961582
6961583
6961584
6961585
6961586
6961587
6961588
6961589
6961590
6961591
6961592
6961593
6961594
6961595
6961596
6961597
6961598
6961599
6961600
6961601
6961602
6961603
6961604
6961605
6961606
6961607
6961608
6961609
6961610
6961611
6961612
6961613
6961614
6961615
6961616
6961617
6961618
6961619
6961620
6961621
6961622
6961623
6961624
6961625
6961626
6961627
6961628
6961629
6961630
6961631
6961632
6961633
6961634
6961635
6961636
6961637
6961638
6961639
6961640
6961641
6961642
6961643
6961644
6961645
6961646
6961647
6961648
6961649
6961650
6961651
6961652
6961653
6961654
6961655
6961656
6961657
6961658
6961659
6961660
6961661
6961662
6961663
6961664
6961665
6961666
6961667
6961668
6961669
6961670
6961671
6961672
6961673
6961674
6961675
6961676
6961677
6961678
6961679
6961680
6961681
6961682
6961683
6961684
6961685
6961686
6961687
6961688
6961689
6961690
6961691
6961692
6961693
6961694
6961695
6961696
6961697
6961698
6961699
6961700
6961701
6961702
6961703
6961704
6961705
6961706
6961707
6961708
6961709
6961710
6961711
6961712
6961713
6961714
6961715
6961716
6961717
6961718
6961719
6961720
6961721
6961722
6961723
6961724
6961725
6961726
6961727
6961728
6961729
6961730
6961731
6961732
6961733
6961734
6961735
6961736
6961737
6961738
6961739
6961740
6961741
6961742
6961743
6961744
6961745
6961746
6961747
6961748
6961749
6961750
6961751
6961752
6961753
6961754
6961755
6961756
6961757
6961758
6961759
6961760
6961761
6961762
6961763
6961764
6961765
6961766
6961767
6961768
6961769
6961770
6961771
6961772
6961773
6961774
6961775
6961776
6961777
6961778
6961779
6961780
6961781
6961782
6961783
6961784
6961785
6961786
6961787
6961788
6961789
6961790
6961791
6961792
6961793
6961794
6961795
6961796
6961797
6961798
6961799
6961800
6961801
6961802
6961803
6961804
6961805
6961806
6961807
6961808
6961809
6961810
6961811
6961812
6961813
6961814
6961815
6961816
6961817
6961818
6961819
6961820
6961821
6961822
6961823
6961824
6961825
6961826
6961827
6961828
6961829
6961830
6961831
6961832
6961833
6961834
6961835
6961836
6961837
6961838
6961839
6961840
6961841
6961842
6961843
6961844
6961845
6961846
6961847
6961848
6961849
6961850
6961851
6961852
6961853
6961854
6961855
6961856
6961857
6961858
6961859
6961860
6961861
6961862
6961863
6961864
6961865
6961866
6961867
6961868
6961869
6961870
6961871
6961872
6961873
6961874
6961875
6961876
6961877
6961878
6961879
6961880
6961881
6961882
6961883
6961884
6961885
6961886
6961887
6961888
6961889
6961890
6961891
6961892
6961893
6961894
6961895
6961896
6961897
6961898
6961899
6961900
6961901
6961902
6961903
6961904
6961905
6961906
6961907
6961908
6961909
6961910
6961911
6961912
6961913
6961914
6961915
6961916
6961917
6961918
6961919
6961920
6961921
6961922
6961923
6961924
6961925
6961926
6961927
6961928
6961929
6961930
6961931
6961932
6961933
6961934
6961935
6961936
6961937
6961938
6961939
6961940
6961941
6961942
6961943
6961944
6961945
6961946
6961947
6961948
6961949
6961950
6961951
6961952
6961953
6961954
6961955
6961956
6961957
6961958
6961959
6961960
6961961
6961962
6961963
6961964
6961965
6961966
6961967
6961968
6961969
6961970
6961971
6961972
6961973
6961974
6961975
6961976
6961977
6961978
6961979
6961980
6961981
6961982
6961983
6961984
6961985
6961986
6961987
6961988
6961989
6961990
6961991
6961992
6961993
6961994
6961995
6961996
6961997
6961998
6961999
6962000
6962001
6962002
6962003
6962004
6962005
6962006
6962007
6962008
6962009
6962010
6962011
6962012
6962013
6962014
6962015
6962016
6962017
6962018
6962019
6962020
6962021
6962022
6962023
6962024
6962025
6962026
6962027
6962028
6962029
6962030
6962031
6962032
6962033
6962034
6962035
6962036
6962037
6962038
6962039
6962040
6962041
6962042
6962043
6962044
6962045
6962046
6962047
6962048
6962049
6962050
6962051
6962052
6962053
6962054
6962055
6962056
6962057
6962058
6962059
6962060
6962061
6962062
6962063
6962064
6962065
6962066
6962067
6962068
6962069
6962070
6962071
6962072
6962073
6962074
6962075
6962076
6962077
6962078
6962079
6962080
6962081
6962082
6962083
6962084
6962085
6962086
6962087
6962088
6962089
6962090
6962091
6962092
6962093
6962094
6962095
6962096
6962097
6962098
6962099
6962100
6962101
6962102
6962103
6962104
6962105
6962106
6962107
6962108
6962109
6962110
6962111
6962112
6962113
6962114
6962115
6962116
6962117
6962118
6962119
6962120
6962121
6962122
6962123
6962124
6962125
6962126
6962127
6962128
6962129
6962130
6962131
6962132
6962133
6962134
6962135
6962136
6962137
6962138
6962139
6962140
6962141
6962142
6962143
6962144
6962145
6962146
6962147
6962148
6962149
6962150
6962151
6962152
6962153
6962154
6962155
6962156
6962157
6962158
6962159
6962160
6962161
6962162
6962163
6962164
6962165
6962166
6962167
6962168
6962169
6962170
6962171
6962172
6962173
6962174
6962175
6962176
6962177
6962178
6962179
6962180
6962181
6962182
6962183
6962184
6962185
6962186
6962187
6962188
6962189
6962190
6962191
6962192
6962193
6962194
6962195
6962196
6962197
6962198
6962199
6962200
6962201
6962202
6962203
6962204
6962205
6962206
6962207
6962208
6962209
6962210
6962211
6962212
6962213
6962214
6962215
6962216
6962217
6962218
6962219
6962220
6962221
6962222
6962223
6962224
6962225
6962226
6962227
6962228
6962229
6962230
6962231
6962232
6962233
6962234
6962235
6962236
6962237
6962238
6962239
6962240
6962241
6962242
6962243
6962244
6962245
6962246
6962247
6962248
6962249
6962250
6962251
6962252
6962253
6962254
6962255
6962256
6962257
6962258
6962259
6962260
6962261
6962262
6962263
6962264
6962265
6962266
6962267
6962268
6962269
6962270
6962271
6962272
6962273
6962274
6962275
6962276
6962277
6962278
6962279
6962280
6962281
6962282
6962283
6962284
6962285
6962286
6962287
6962288
6962289
6962290
6962291
6962292
6962293
6962294
6962295
6962296
6962297
6962298
6962299
6962300
6962301
6962302
6962303
6962304
6962305
6962306
6962307
6962308
6962309
6962310
6962311
6962312
6962313
6962314
6962315
6962316
6962317
6962318
6962319
6962320
6962321
6962322
6962323
6962324
6962325
6962326
6962327
6962328
6962329
6962330
6962331
6962332
6962333
6962334
6962335
6962336
6962337
6962338
6962339
6962340
6962341
6962342
6962343
6962344
6962345
6962346
6962347
6962348
6962349
6962350
6962351
6962352
6962353
6962354
6962355
6962356
6962357
6962358
6962359
6962360
6962361
6962362
6962363
6962364
6962365
6962366
6962367
6962368
6962369
6962370
6962371
6962372
6962373
6962374
6962375
6962376
6962377
6962378
6962379
6962380
6962381
6962382
6962383
6962384
6962385
6962386
6962387
6962388
6962389
6962390
6962391
6962392
6962393
6962394
6962395
6962396
6962397
6962398
6962399
6962400
6962401
6962402
6962403
6962404
6962405
6962406
6962407
6962408
6962409
6962410
6962411
6962412
6962413
6962414
6962415
6962416
6962417
6962418
6962419
6962420
6962421
6962422
6962423
6962424
6962425
6962426
6962427
6962428
6962429
6962430
6962431
6962432
6962433
6962434
6962435
6962436
6962437
6962438
6962439
6962440
6962441
6962442
6962443
6962444
6962445
6962446
6962447
6962448
6962449
6962450
6962451
6962452
6962453
6962454
6962455
6962456
6962457
6962458
6962459
6962460
6962461
6962462
6962463
6962464
6962465
6962466
6962467
6962468
6962469
6962470
6962471
6962472
6962473
6962474
6962475
6962476
6962477
6962478
6962479
6962480
6962481
6962482
6962483
6962484
6962485
6962486
6962487
6962488
6962489
6962490
6962491
6962492
6962493
6962494
6962495
6962496
6962497
6962498
6962499
6962500
6962501
6962502
6962503
6962504
6962505
6962506
6962507
6962508
6962509
6962510
6962511
6962512
6962513
6962514
6962515
6962516
6962517
6962518
6962519
6962520
6962521
6962522
6962523
6962524
6962525
6962526
6962527
6962528
6962529
6962530
6962531
6962532
6962533
6962534
6962535
6962536
6962537
6962538
6962539
6962540
6962541
6962542
6962543
6962544
6962545
6962546
6962547
6962548
6962549
6962550
6962551
6962552
6962553
6962554
6962555
6962556
6962557
6962558
6962559
6962560
6962561
6962562
6962563
6962564
6962565
6962566
6962567
6962568
6962569
6962570
6962571
6962572
6962573
6962574
6962575
6962576
6962577
6962578
6962579
6962580
6962581
6962582
6962583
6962584
6962585
6962586
6962587
6962588
6962589
6962590
6962591
6962592
6962593
6962594
6962595
6962596
6962597
6962598
6962599
6962600
6962601
6962602
6962603
6962604
6962605
6962606
6962607
6962608
6962609
6962610
6962611
6962612
6962613
6962614
6962615
6962616
6962617
6962618
6962619
6962620
6962621
6962622
6962623
6962624
6962625
6962626
6962627
6962628
6962629
6962630
6962631
6962632
6962633
6962634
6962635
6962636
6962637
6962638
6962639
6962640
6962641
6962642
6962643
6962644
6962645
6962646
6962647
6962648
6962649
6962650
6962651
6962652
6962653
6962654
6962655
6962656
6962657
6962658
6962659
6962660
6962661
6962662
6962663
6962664
6962665
6962666
6962667
6962668
6962669
6962670
6962671
6962672
6962673
6962674
6962675
6962676
6962677
6962678
6962679
6962680
6962681
6962682
6962683
6962684
6962685
6962686
6962687
6962688
6962689
6962690
6962691
6962692
6962693
6962694
6962695
6962696
6962697
6962698
6962699
6962700
6962701
6962702
6962703
6962704
6962705
6962706
6962707
6962708
6962709
6962710
6962711
6962712
6962713
6962714
6962715
6962716
6962717
6962718
6962719
6962720
6962721
6962722
6962723
6962724
6962725
6962726
6962727
6962728
6962729
6962730
6962731
6962732
6962733
6962734
6962735
6962736
6962737
6962738
6962739
6962740
6962741
6962742
6962743
6962744
6962745
6962746
6962747
6962748
6962749
6962750
6962751
6962752
6962753
6962754
6962755
6962756
6962757
6962758
6962759
6962760
6962761
6962762
6962763
6962764
6962765
6962766
6962767
6962768
6962769
6962770
6962771
6962772
6962773
6962774
6962775
6962776
6962777
6962778
6962779
6962780
6962781
6962782
6962783
6962784
6962785
6962786
6962787
6962788
6962789
6962790
6962791
6962792
6962793
6962794
6962795
6962796
6962797
6962798
6962799
6962800
6962801
6962802
6962803
6962804
6962805
6962806
6962807
6962808
6962809
6962810
6962811
6962812
6962813
6962814
6962815
6962816
6962817
6962818
6962819
6962820
6962821
6962822
6962823
6962824
6962825
6962826
6962827
6962828
6962829
6962830
6962831
6962832
6962833
6962834
6962835
6962836
6962837
6962838
6962839
6962840
6962841
6962842
6962843
6962844
6962845
6962846
6962847
6962848
6962849
6962850
6962851
6962852
6962853
6962854
6962855
6962856
6962857
6962858
6962859
6962860
6962861
6962862
6962863
6962864
6962865
6962866
6962867
6962868
6962869
6962870
6962871
6962872
6962873
6962874
6962875
6962876
6962877
6962878
6962879
6962880
6962881
6962882
6962883
6962884
6962885
6962886
6962887
6962888
6962889
6962890
6962891
6962892
6962893
6962894
6962895
6962896
6962897
6962898
6962899
6962900
6962901
6962902
6962903
6962904
6962905
6962906
6962907
6962908
6962909
6962910
6962911
6962912
6962913
6962914
6962915
6962916
6962917
6962918
6962919
6962920
6962921
6962922
6962923
6962924
6962925
6962926
6962927
6962928
6962929
6962930
6962931
6962932
6962933
6962934
6962935
6962936
6962937
6962938
6962939
6962940
6962941
6962942
6962943
6962944
6962945
6962946
6962947
6962948
6962949
6962950
6962951
6962952
6962953
6962954
6962955
6962956
6962957
6962958
6962959
6962960
6962961
6962962
6962963
6962964
6962965
6962966
6962967
6962968
6962969
6962970
6962971
6962972
6962973
6962974
6962975
6962976
6962977
6962978
6962979
6962980
6962981
6962982
6962983
6962984
6962985
6962986
6962987
6962988
6962989
6962990
6962991
6962992
6962993
6962994
6962995
6962996
6962997
6962998
6962999
6963000
6963001
6963002
6963003
6963004
6963005
6963006
6963007
6963008
6963009
6963010
6963011
6963012
6963013
6963014
6963015
6963016
6963017
6963018
6963019
6963020
6963021
6963022
6963023
6963024
6963025
6963026
6963027
6963028
6963029
6963030
6963031
6963032
6963033
6963034
6963035
6963036
6963037
6963038
6963039
6963040
6963041
6963042
6963043
6963044
6963045
6963046
6963047
6963048
6963049
6963050
6963051
6963052
6963053
6963054
6963055
6963056
6963057
6963058
6963059
6963060
6963061
6963062
6963063
6963064
6963065
6963066
6963067
6963068
6963069
6963070
6963071
6963072
6963073
6963074
6963075
6963076
6963077
6963078
6963079
6963080
6963081
6963082
6963083
6963084
6963085
6963086
6963087
6963088
6963089
6963090
6963091
6963092
6963093
6963094
6963095
6963096
6963097
6963098
6963099
6963100
6963101
6963102
6963103
6963104
6963105
6963106
6963107
6963108
6963109
6963110
6963111
6963112
6963113
6963114
6963115
6963116
6963117
6963118
6963119
6963120
6963121
6963122
6963123
6963124
6963125
6963126
6963127
6963128
6963129
6963130
6963131
6963132
6963133
6963134
6963135
6963136
6963137
6963138
6963139
6963140
6963141
6963142
6963143
6963144
6963145
6963146
6963147
6963148
6963149
6963150
6963151
6963152
6963153
6963154
6963155
6963156
6963157
6963158
6963159
6963160
6963161
6963162
6963163
6963164
6963165
6963166
6963167
6963168
6963169
6963170
6963171
6963172
6963173
6963174
6963175
6963176
6963177
6963178
6963179
6963180
6963181
6963182
6963183
6963184
6963185
6963186
6963187
6963188
6963189
6963190
6963191
6963192
6963193
6963194
6963195
6963196
6963197
6963198
6963199
6963200
6963201
6963202
6963203
6963204
6963205
6963206
6963207
6963208
6963209
6963210
6963211
6963212
6963213
6963214
6963215
6963216
6963217
6963218
6963219
6963220
6963221
6963222
6963223
6963224
6963225
6963226
6963227
6963228
6963229
6963230
6963231
6963232
6963233
6963234
6963235
6963236
6963237
6963238
6963239
6963240
6963241
6963242
6963243
6963244
6963245
6963246
6963247
6963248
6963249
6963250
6963251
6963252
6963253
6963254
6963255
6963256
6963257
6963258
6963259
6963260
6963261
6963262
6963263
6963264
6963265
6963266
6963267
6963268
6963269
6963270
6963271
6963272
6963273
6963274
6963275
6963276
6963277
6963278
6963279
6963280
6963281
6963282
6963283
6963284
6963285
6963286
6963287
6963288
6963289
6963290
6963291
6963292
6963293
6963294
6963295
6963296
6963297
6963298
6963299
6963300
6963301
6963302
6963303
6963304
6963305
6963306
6963307
6963308
6963309
6963310
6963311
6963312
6963313
6963314
6963315
6963316
6963317
6963318
6963319
6963320
6963321
6963322
6963323
6963324
6963325
6963326
6963327
6963328
6963329
6963330
6963331
6963332
6963333
6963334
6963335
6963336
6963337
6963338
6963339
6963340
6963341
6963342
6963343
6963344
6963345
6963346
6963347
6963348
6963349
6963350
6963351
6963352
6963353
6963354
6963355
6963356
6963357
6963358
6963359
6963360
6963361
6963362
6963363
6963364
6963365
6963366
6963367
6963368
6963369
6963370
6963371
6963372
6963373
6963374
6963375
6963376
6963377
6963378
6963379
6963380
6963381
6963382
6963383
6963384
6963385
6963386
6963387
6963388
6963389
6963390
6963391
6963392
6963393
6963394
6963395
6963396
6963397
6963398
6963399
6963400
6963401
6963402
6963403
6963404
6963405
6963406
6963407
6963408
6963409
6963410
6963411
6963412
6963413
6963414
6963415
6963416
6963417
6963418
6963419
6963420
6963421
6963422
6963423
6963424
6963425
6963426
6963427
6963428
6963429
6963430
6963431
6963432
6963433
6963434
6963435
6963436
6963437
6963438
6963439
6963440
6963441
6963442
6963443
6963444
6963445
6963446
6963447
6963448
6963449
6963450
6963451
6963452
6963453
6963454
6963455
6963456
6963457
6963458
6963459
6963460
6963461
6963462
6963463
6963464
6963465
6963466
6963467
6963468
6963469
6963470
6963471
6963472
6963473
6963474
6963475
6963476
6963477
6963478
6963479
6963480
6963481
6963482
6963483
6963484
6963485
6963486
6963487
6963488
6963489
6963490
6963491
6963492
6963493
6963494
6963495
6963496
6963497
6963498
6963499
6963500
6963501
6963502
6963503
6963504
6963505
6963506
6963507
6963508
6963509
6963510
6963511
6963512
6963513
6963514
6963515
6963516
6963517
6963518
6963519
6963520
6963521
6963522
6963523
6963524
6963525
6963526
6963527
6963528
6963529
6963530
6963531
6963532
6963533
6963534
6963535
6963536
6963537
6963538
6963539
6963540
6963541
6963542
6963543
6963544
6963545
6963546
6963547
6963548
6963549
6963550
6963551
6963552
6963553
6963554
6963555
6963556
6963557
6963558
6963559
6963560
6963561
6963562
6963563
6963564
6963565
6963566
6963567
6963568
6963569
6963570
6963571
6963572
6963573
6963574
6963575
6963576
6963577
6963578
6963579
6963580
6963581
6963582
6963583
6963584
6963585
6963586
6963587
6963588
6963589
6963590
6963591
6963592
6963593
6963594
6963595
6963596
6963597
6963598
6963599
6963600
6963601
6963602
6963603
6963604
6963605
6963606
6963607
6963608
6963609
6963610
6963611
6963612
6963613
6963614
6963615
6963616
6963617
6963618
6963619
6963620
6963621
6963622
6963623
6963624
6963625
6963626
6963627
6963628
6963629
6963630
6963631
6963632
6963633
6963634
6963635
6963636
6963637
6963638
6963639
6963640
6963641
6963642
6963643
6963644
6963645
6963646
6963647
6963648
6963649
6963650
6963651
6963652
6963653
6963654
6963655
6963656
6963657
6963658
6963659
6963660
6963661
6963662
6963663
6963664
6963665
6963666
6963667
6963668
6963669
6963670
6963671
6963672
6963673
6963674
6963675
6963676
6963677
6963678
6963679
6963680
6963681
6963682
6963683
6963684
6963685
6963686
6963687
6963688
6963689
6963690
6963691
6963692
6963693
6963694
6963695
6963696
6963697
6963698
6963699
6963700
6963701
6963702
6963703
6963704
6963705
6963706
6963707
6963708
6963709
6963710
6963711
6963712
6963713
6963714
6963715
6963716
6963717
6963718
6963719
6963720
6963721
6963722
6963723
6963724
6963725
6963726
6963727
6963728
6963729
6963730
6963731
6963732
6963733
6963734
6963735
6963736
6963737
6963738
6963739
6963740
6963741
6963742
6963743
6963744
6963745
6963746
6963747
6963748
6963749
6963750
6963751
6963752
6963753
6963754
6963755
6963756
6963757
6963758
6963759
6963760
6963761
6963762
6963763
6963764
6963765
6963766
6963767
6963768
6963769
6963770
6963771
6963772
6963773
6963774
6963775
6963776
6963777
6963778
6963779
6963780
6963781
6963782
6963783
6963784
6963785
6963786
6963787
6963788
6963789
6963790
6963791
6963792
6963793
6963794
6963795
6963796
6963797
6963798
6963799
6963800
6963801
6963802
6963803
6963804
6963805
6963806
6963807
6963808
6963809
6963810
6963811
6963812
6963813
6963814
6963815
6963816
6963817
6963818
6963819
6963820
6963821
6963822
6963823
6963824
6963825
6963826
6963827
6963828
6963829
6963830
6963831
6963832
6963833
6963834
6963835
6963836
6963837
6963838
6963839
6963840
6963841
6963842
6963843
6963844
6963845
6963846
6963847
6963848
6963849
6963850
6963851
6963852
6963853
6963854
6963855
6963856
6963857
6963858
6963859
6963860
6963861
6963862
6963863
6963864
6963865
6963866
6963867
6963868
6963869
6963870
6963871
6963872
6963873
6963874
6963875
6963876
6963877
6963878
6963879
6963880
6963881
6963882
6963883
6963884
6963885
6963886
6963887
6963888
6963889
6963890
6963891
6963892
6963893
6963894
6963895
6963896
6963897
6963898
6963899
6963900
6963901
6963902
6963903
6963904
6963905
6963906
6963907
6963908
6963909
6963910
6963911
6963912
6963913
6963914
6963915
6963916
6963917
6963918
6963919
6963920
6963921
6963922
6963923
6963924
6963925
6963926
6963927
6963928
6963929
6963930
6963931
6963932
6963933
6963934
6963935
6963936
6963937
6963938
6963939
6963940
6963941
6963942
6963943
6963944
6963945
6963946
6963947
6963948
6963949
6963950
6963951
6963952
6963953
6963954
6963955
6963956
6963957
6963958
6963959
6963960
6963961
6963962
6963963
6963964
6963965
6963966
6963967
6963968
6963969
6963970
6963971
6963972
6963973
6963974
6963975
6963976
6963977
6963978
6963979
6963980
6963981
6963982
6963983
6963984
6963985
6963986
6963987
6963988
6963989
6963990
6963991
6963992
6963993
6963994
6963995
6963996
6963997
6963998
6963999
6964000
6964001
6964002
6964003
6964004
6964005
6964006
6964007
6964008
6964009
6964010
6964011
6964012
6964013
6964014
6964015
6964016
6964017
6964018
6964019
6964020
6964021
6964022
6964023
6964024
6964025
6964026
6964027
6964028
6964029
6964030
6964031
6964032
6964033
6964034
6964035
6964036
6964037
6964038
6964039
6964040
6964041
6964042
6964043
6964044
6964045
6964046
6964047
6964048
6964049
6964050
6964051
6964052
6964053
6964054
6964055
6964056
6964057
6964058
6964059
6964060
6964061
6964062
6964063
6964064
6964065
6964066
6964067
6964068
6964069
6964070
6964071
6964072
6964073
6964074
6964075
6964076
6964077
6964078
6964079
6964080
6964081
6964082
6964083
6964084
6964085
6964086
6964087
6964088
6964089
6964090
6964091
6964092
6964093
6964094
6964095
6964096
6964097
6964098
6964099
6964100
6964101
6964102
6964103
6964104
6964105
6964106
6964107
6964108
6964109
6964110
6964111
6964112
6964113
6964114
6964115
6964116
6964117
6964118
6964119
6964120
6964121
6964122
6964123
6964124
6964125
6964126
6964127
6964128
6964129
6964130
6964131
6964132
6964133
6964134
6964135
6964136
6964137
6964138
6964139
6964140
6964141
6964142
6964143
6964144
6964145
6964146
6964147
6964148
6964149
6964150
6964151
6964152
6964153
6964154
6964155
6964156
6964157
6964158
6964159
6964160
6964161
6964162
6964163
6964164
6964165
6964166
6964167
6964168
6964169
6964170
6964171
6964172
6964173
6964174
6964175
6964176
6964177
6964178
6964179
6964180
6964181
6964182
6964183
6964184
6964185
6964186
6964187
6964188
6964189
6964190
6964191
6964192
6964193
6964194
6964195
6964196
6964197
6964198
6964199
6964200
6964201
6964202
6964203
6964204
6964205
6964206
6964207
6964208
6964209
6964210
6964211
6964212
6964213
6964214
6964215
6964216
6964217
6964218
6964219
6964220
6964221
6964222
6964223
6964224
6964225
6964226
6964227
6964228
6964229
6964230
6964231
6964232
6964233
6964234
6964235
6964236
6964237
6964238
6964239
6964240
6964241
6964242
6964243
6964244
6964245
6964246
6964247
6964248
6964249
6964250
6964251
6964252
6964253
6964254
6964255
6964256
6964257
6964258
6964259
6964260
6964261
6964262
6964263
6964264
6964265
6964266
6964267
6964268
6964269
6964270
6964271
6964272
6964273
6964274
6964275
6964276
6964277
6964278
6964279
6964280
6964281
6964282
6964283
6964284
6964285
6964286
6964287
6964288
6964289
6964290
6964291
6964292
6964293
6964294
6964295
6964296
6964297
6964298
6964299
6964300
6964301
6964302
6964303
6964304
6964305
6964306
6964307
6964308
6964309
6964310
6964311
6964312
6964313
6964314
6964315
6964316
6964317
6964318
6964319
6964320
6964321
6964322
6964323
6964324
6964325
6964326
6964327
6964328
6964329
6964330
6964331
6964332
6964333
6964334
6964335
6964336
6964337
6964338
6964339
6964340
6964341
6964342
6964343
6964344
6964345
6964346
6964347
6964348
6964349
6964350
6964351
6964352
6964353
6964354
6964355
6964356
6964357
6964358
6964359
6964360
6964361
6964362
6964363
6964364
6964365
6964366
6964367
6964368
6964369
6964370
6964371
6964372
6964373
6964374
6964375
6964376
6964377
6964378
6964379
6964380
6964381
6964382
6964383
6964384
6964385
6964386
6964387
6964388
6964389
6964390
6964391
6964392
6964393
6964394
6964395
6964396
6964397
6964398
6964399
6964400
6964401
6964402
6964403
6964404
6964405
6964406
6964407
6964408
6964409
6964410
6964411
6964412
6964413
6964414
6964415
6964416
6964417
6964418
6964419
6964420
6964421
6964422
6964423
6964424
6964425
6964426
6964427
6964428
6964429
6964430
6964431
6964432
6964433
6964434
6964435
6964436
6964437
6964438
6964439
6964440
6964441
6964442
6964443
6964444
6964445
6964446
6964447
6964448
6964449
6964450
6964451
6964452
6964453
6964454
6964455
6964456
6964457
6964458
6964459
6964460
6964461
6964462
6964463
6964464
6964465
6964466
6964467
6964468
6964469
6964470
6964471
6964472
6964473
6964474
6964475
6964476
6964477
6964478
6964479
6964480
6964481
6964482
6964483
6964484
6964485
6964486
6964487
6964488
6964489
6964490
6964491
6964492
6964493
6964494
6964495
6964496
6964497
6964498
6964499
6964500
6964501
6964502
6964503
6964504
6964505
6964506
6964507
6964508
6964509
6964510
6964511
6964512
6964513
6964514
6964515
6964516
6964517
6964518
6964519
6964520
6964521
6964522
6964523
6964524
6964525
6964526
6964527
6964528
6964529
6964530
6964531
6964532
6964533
6964534
6964535
6964536
6964537
6964538
6964539
6964540
6964541
6964542
6964543
6964544
6964545
6964546
6964547
6964548
6964549
6964550
6964551
6964552
6964553
6964554
6964555
6964556
6964557
6964558
6964559
6964560
6964561
6964562
6964563
6964564
6964565
6964566
6964567
6964568
6964569
6964570
6964571
6964572
6964573
6964574
6964575
6964576
6964577
6964578
6964579
6964580
6964581
6964582
6964583
6964584
6964585
6964586
6964587
6964588
6964589
6964590
6964591
6964592
6964593
6964594
6964595
6964596
6964597
6964598
6964599
6964600
6964601
6964602
6964603
6964604
6964605
6964606
6964607
6964608
6964609
6964610
6964611
6964612
6964613
6964614
6964615
6964616
6964617
6964618
6964619
6964620
6964621
6964622
6964623
6964624
6964625
6964626
6964627
6964628
6964629
6964630
6964631
6964632
6964633
6964634
6964635
6964636
6964637
6964638
6964639
6964640
6964641
6964642
6964643
6964644
6964645
6964646
6964647
6964648
6964649
6964650
6964651
6964652
6964653
6964654
6964655
6964656
6964657
6964658
6964659
6964660
6964661
6964662
6964663
6964664
6964665
6964666
6964667
6964668
6964669
6964670
6964671
6964672
6964673
6964674
6964675
6964676
6964677
6964678
6964679
6964680
6964681
6964682
6964683
6964684
6964685
6964686
6964687
6964688
6964689
6964690
6964691
6964692
6964693
6964694
6964695
6964696
6964697
6964698
6964699
6964700
6964701
6964702
6964703
6964704
6964705
6964706
6964707
6964708
6964709
6964710
6964711
6964712
6964713
6964714
6964715
6964716
6964717
6964718
6964719
6964720
6964721
6964722
6964723
6964724
6964725
6964726
6964727
6964728
6964729
6964730
6964731
6964732
6964733
6964734
6964735
6964736
6964737
6964738
6964739
6964740
6964741
6964742
6964743
6964744
6964745
6964746
6964747
6964748
6964749
6964750
6964751
6964752
6964753
6964754
6964755
6964756
6964757
6964758
6964759
6964760
6964761
6964762
6964763
6964764
6964765
6964766
6964767
6964768
6964769
6964770
6964771
6964772
6964773
6964774
6964775
6964776
6964777
6964778
6964779
6964780
6964781
6964782
6964783
6964784
6964785
6964786
6964787
6964788
6964789
6964790
6964791
6964792
6964793
6964794
6964795
6964796
6964797
6964798
6964799
6964800
6964801
6964802
6964803
6964804
6964805
6964806
6964807
6964808
6964809
6964810
6964811
6964812
6964813
6964814
6964815
6964816
6964817
6964818
6964819
6964820
6964821
6964822
6964823
6964824
6964825
6964826
6964827
6964828
6964829
6964830
6964831
6964832
6964833
6964834
6964835
6964836
6964837
6964838
6964839
6964840
6964841
6964842
6964843
6964844
6964845
6964846
6964847
6964848
6964849
6964850
6964851
6964852
6964853
6964854
6964855
6964856
6964857
6964858
6964859
6964860
6964861
6964862
6964863
6964864
6964865
6964866
6964867
6964868
6964869
6964870
6964871
6964872
6964873
6964874
6964875
6964876
6964877
6964878
6964879
6964880
6964881
6964882
6964883
6964884
6964885
6964886
6964887
6964888
6964889
6964890
6964891
6964892
6964893
6964894
6964895
6964896
6964897
6964898
6964899
6964900
6964901
6964902
6964903
6964904
6964905
6964906
6964907
6964908
6964909
6964910
6964911
6964912
6964913
6964914
6964915
6964916
6964917
6964918
6964919
6964920
6964921
6964922
6964923
6964924
6964925
6964926
6964927
6964928
6964929
6964930
6964931
6964932
6964933
6964934
6964935
6964936
6964937
6964938
6964939
6964940
6964941
6964942
6964943
6964944
6964945
6964946
6964947
6964948
6964949
6964950
6964951
6964952
6964953
6964954
6964955
6964956
6964957
6964958
6964959
6964960
6964961
6964962
6964963
6964964
6964965
6964966
6964967
6964968
6964969
6964970
6964971
6964972
6964973
6964974
6964975
6964976
6964977
6964978
6964979
6964980
6964981
6964982
6964983
6964984
6964985
6964986
6964987
6964988
6964989
6964990
6964991
6964992
6964993
6964994
6964995
6964996
6964997
6964998
6964999
6965000
6965001
6965002
6965003
6965004
6965005
6965006
6965007
6965008
6965009
6965010
6965011
6965012
6965013
6965014
6965015
6965016
6965017
6965018
6965019
6965020
6965021
6965022
6965023
6965024
6965025
6965026
6965027
6965028
6965029
6965030
6965031
6965032
6965033
6965034
6965035
6965036
6965037
6965038
6965039
6965040
6965041
6965042
6965043
6965044
6965045
6965046
6965047
6965048
6965049
6965050
6965051
6965052
6965053
6965054
6965055
6965056
6965057
6965058
6965059
6965060
6965061
6965062
6965063
6965064
6965065
6965066
6965067
6965068
6965069
6965070
6965071
6965072
6965073
6965074
6965075
6965076
6965077
6965078
6965079
6965080
6965081
6965082
6965083
6965084
6965085
6965086
6965087
6965088
6965089
6965090
6965091
6965092
6965093
6965094
6965095
6965096
6965097
6965098
6965099
6965100
6965101
6965102
6965103
6965104
6965105
6965106
6965107
6965108
6965109
6965110
6965111
6965112
6965113
6965114
6965115
6965116
6965117
6965118
6965119
6965120
6965121
6965122
6965123
6965124
6965125
6965126
6965127
6965128
6965129
6965130
6965131
6965132
6965133
6965134
6965135
6965136
6965137
6965138
6965139
6965140
6965141
6965142
6965143
6965144
6965145
6965146
6965147
6965148
6965149
6965150
6965151
6965152
6965153
6965154
6965155
6965156
6965157
6965158
6965159
6965160
6965161
6965162
6965163
6965164
6965165
6965166
6965167
6965168
6965169
6965170
6965171
6965172
6965173
6965174
6965175
6965176
6965177
6965178
6965179
6965180
6965181
6965182
6965183
6965184
6965185
6965186
6965187
6965188
6965189
6965190
6965191
6965192
6965193
6965194
6965195
6965196
6965197
6965198
6965199
6965200
6965201
6965202
6965203
6965204
6965205
6965206
6965207
6965208
6965209
6965210
6965211
6965212
6965213
6965214
6965215
6965216
6965217
6965218
6965219
6965220
6965221
6965222
6965223
6965224
6965225
6965226
6965227
6965228
6965229
6965230
6965231
6965232
6965233
6965234
6965235
6965236
6965237
6965238
6965239
6965240
6965241
6965242
6965243
6965244
6965245
6965246
6965247
6965248
6965249
6965250
6965251
6965252
6965253
6965254
6965255
6965256
6965257
6965258
6965259
6965260
6965261
6965262
6965263
6965264
6965265
6965266
6965267
6965268
6965269
6965270
6965271
6965272
6965273
6965274
6965275
6965276
6965277
6965278
6965279
6965280
6965281
6965282
6965283
6965284
6965285
6965286
6965287
6965288
6965289
6965290
6965291
6965292
6965293
6965294
6965295
6965296
6965297
6965298
6965299
6965300
6965301
6965302
6965303
6965304
6965305
6965306
6965307
6965308
6965309
6965310
6965311
6965312
6965313
6965314
6965315
6965316
6965317
6965318
6965319
6965320
6965321
6965322
6965323
6965324
6965325
6965326
6965327
6965328
6965329
6965330
6965331
6965332
6965333
6965334
6965335
6965336
6965337
6965338
6965339
6965340
6965341
6965342
6965343
6965344
6965345
6965346
6965347
6965348
6965349
6965350
6965351
6965352
6965353
6965354
6965355
6965356
6965357
6965358
6965359
6965360
6965361
6965362
6965363
6965364
6965365
6965366
6965367
6965368
6965369
6965370
6965371
6965372
6965373
6965374
6965375
6965376
6965377
6965378
6965379
6965380
6965381
6965382
6965383
6965384
6965385
6965386
6965387
6965388
6965389
6965390
6965391
6965392
6965393
6965394
6965395
6965396
6965397
6965398
6965399
6965400
6965401
6965402
6965403
6965404
6965405
6965406
6965407
6965408
6965409
6965410
6965411
6965412
6965413
6965414
6965415
6965416
6965417
6965418
6965419
6965420
6965421
6965422
6965423
6965424
6965425
6965426
6965427
6965428
6965429
6965430
6965431
6965432
6965433
6965434
6965435
6965436
6965437
6965438
6965439
6965440
6965441
6965442
6965443
6965444
6965445
6965446
6965447
6965448
6965449
6965450
6965451
6965452
6965453
6965454
6965455
6965456
6965457
6965458
6965459
6965460
6965461
6965462
6965463
6965464
6965465
6965466
6965467
6965468
6965469
6965470
6965471
6965472
6965473
6965474
6965475
6965476
6965477
6965478
6965479
6965480
6965481
6965482
6965483
6965484
6965485
6965486
6965487
6965488
6965489
6965490
6965491
6965492
6965493
6965494
6965495
6965496
6965497
6965498
6965499
6965500
6965501
6965502
6965503
6965504
6965505
6965506
6965507
6965508
6965509
6965510
6965511
6965512
6965513
6965514
6965515
6965516
6965517
6965518
6965519
6965520
6965521
6965522
6965523
6965524
6965525
6965526
6965527
6965528
6965529
6965530
6965531
6965532
6965533
6965534
6965535
6965536
6965537
6965538
6965539
6965540
6965541
6965542
6965543
6965544
6965545
6965546
6965547
6965548
6965549
6965550
6965551
6965552
6965553
6965554
6965555
6965556
6965557
6965558
6965559
6965560
6965561
6965562
6965563
6965564
6965565
6965566
6965567
6965568
6965569
6965570
6965571
6965572
6965573
6965574
6965575
6965576
6965577
6965578
6965579
6965580
6965581
6965582
6965583
6965584
6965585
6965586
6965587
6965588
6965589
6965590
6965591
6965592
6965593
6965594
6965595
6965596
6965597
6965598
6965599
6965600
6965601
6965602
6965603
6965604
6965605
6965606
6965607
6965608
6965609
6965610
6965611
6965612
6965613
6965614
6965615
6965616
6965617
6965618
6965619
6965620
6965621
6965622
6965623
6965624
6965625
6965626
6965627
6965628
6965629
6965630
6965631
6965632
6965633
6965634
6965635
6965636
6965637
6965638
6965639
6965640
6965641
6965642
6965643
6965644
6965645
6965646
6965647
6965648
6965649
6965650
6965651
6965652
6965653
6965654
6965655
6965656
6965657
6965658
6965659
6965660
6965661
6965662
6965663
6965664
6965665
6965666
6965667
6965668
6965669
6965670
6965671
6965672
6965673
6965674
6965675
6965676
6965677
6965678
6965679
6965680
6965681
6965682
6965683
6965684
6965685
6965686
6965687
6965688
6965689
6965690
6965691
6965692
6965693
6965694
6965695
6965696
6965697
6965698
6965699
6965700
6965701
6965702
6965703
6965704
6965705
6965706
6965707
6965708
6965709
6965710
6965711
6965712
6965713
6965714
6965715
6965716
6965717
6965718
6965719
6965720
6965721
6965722
6965723
6965724
6965725
6965726
6965727
6965728
6965729
6965730
6965731
6965732
6965733
6965734
6965735
6965736
6965737
6965738
6965739
6965740
6965741
6965742
6965743
6965744
6965745
6965746
6965747
6965748
6965749
6965750
6965751
6965752
6965753
6965754
6965755
6965756
6965757
6965758
6965759
6965760
6965761
6965762
6965763
6965764
6965765
6965766
6965767
6965768
6965769
6965770
6965771
6965772
6965773
6965774
6965775
6965776
6965777
6965778
6965779
6965780
6965781
6965782
6965783
6965784
6965785
6965786
6965787
6965788
6965789
6965790
6965791
6965792
6965793
6965794
6965795
6965796
6965797
6965798
6965799
6965800
6965801
6965802
6965803
6965804
6965805
6965806
6965807
6965808
6965809
6965810
6965811
6965812
6965813
6965814
6965815
6965816
6965817
6965818
6965819
6965820
6965821
6965822
6965823
6965824
6965825
6965826
6965827
6965828
6965829
6965830
6965831
6965832
6965833
6965834
6965835
6965836
6965837
6965838
6965839
6965840
6965841
6965842
6965843
6965844
6965845
6965846
6965847
6965848
6965849
6965850
6965851
6965852
6965853
6965854
6965855
6965856
6965857
6965858
6965859
6965860
6965861
6965862
6965863
6965864
6965865
6965866
6965867
6965868
6965869
6965870
6965871
6965872
6965873
6965874
6965875
6965876
6965877
6965878
6965879
6965880
6965881
6965882
6965883
6965884
6965885
6965886
6965887
6965888
6965889
6965890
6965891
6965892
6965893
6965894
6965895
6965896
6965897
6965898
6965899
6965900
6965901
6965902
6965903
6965904
6965905
6965906
6965907
6965908
6965909
6965910
6965911
6965912
6965913
6965914
6965915
6965916
6965917
6965918
6965919
6965920
6965921
6965922
6965923
6965924
6965925
6965926
6965927
6965928
6965929
6965930
6965931
6965932
6965933
6965934
6965935
6965936
6965937
6965938
6965939
6965940
6965941
6965942
6965943
6965944
6965945
6965946
6965947
6965948
6965949
6965950
6965951
6965952
6965953
6965954
6965955
6965956
6965957
6965958
6965959
6965960
6965961
6965962
6965963
6965964
6965965
6965966
6965967
6965968
6965969
6965970
6965971
6965972
6965973
6965974
6965975
6965976
6965977
6965978
6965979
6965980
6965981
6965982
6965983
6965984
6965985
6965986
6965987
6965988
6965989
6965990
6965991
6965992
6965993
6965994
6965995
6965996
6965997
6965998
6965999
6966000
6966001
6966002
6966003
6966004
6966005
6966006
6966007
6966008
6966009
6966010
6966011
6966012
6966013
6966014
6966015
6966016
6966017
6966018
6966019
6966020
6966021
6966022
6966023
6966024
6966025
6966026
6966027
6966028
6966029
6966030
6966031
6966032
6966033
6966034
6966035
6966036
6966037
6966038
6966039
6966040
6966041
6966042
6966043
6966044
6966045
6966046
6966047
6966048
6966049
6966050
6966051
6966052
6966053
6966054
6966055
6966056
6966057
6966058
6966059
6966060
6966061
6966062
6966063
6966064
6966065
6966066
6966067
6966068
6966069
6966070
6966071
6966072
6966073
6966074
6966075
6966076
6966077
6966078
6966079
6966080
6966081
6966082
6966083
6966084
6966085
6966086
6966087
6966088
6966089
6966090
6966091
6966092
6966093
6966094
6966095
6966096
6966097
6966098
6966099
6966100
6966101
6966102
6966103
6966104
6966105
6966106
6966107
6966108
6966109
6966110
6966111
6966112
6966113
6966114
6966115
6966116
6966117
6966118
6966119
6966120
6966121
6966122
6966123
6966124
6966125
6966126
6966127
6966128
6966129
6966130
6966131
6966132
6966133
6966134
6966135
6966136
6966137
6966138
6966139
6966140
6966141
6966142
6966143
6966144
6966145
6966146
6966147
6966148
6966149
6966150
6966151
6966152
6966153
6966154
6966155
6966156
6966157
6966158
6966159
6966160
6966161
6966162
6966163
6966164
6966165
6966166
6966167
6966168
6966169
6966170
6966171
6966172
6966173
6966174
6966175
6966176
6966177
6966178
6966179
6966180
6966181
6966182
6966183
6966184
6966185
6966186
6966187
6966188
6966189
6966190
6966191
6966192
6966193
6966194
6966195
6966196
6966197
6966198
6966199
6966200
6966201
6966202
6966203
6966204
6966205
6966206
6966207
6966208
6966209
6966210
6966211
6966212
6966213
6966214
6966215
6966216
6966217
6966218
6966219
6966220
6966221
6966222
6966223
6966224
6966225
6966226
6966227
6966228
6966229
6966230
6966231
6966232
6966233
6966234
6966235
6966236
6966237
6966238
6966239
6966240
6966241
6966242
6966243
6966244
6966245
6966246
6966247
6966248
6966249
6966250
6966251
6966252
6966253
6966254
6966255
6966256
6966257
6966258
6966259
6966260
6966261
6966262
6966263
6966264
6966265
6966266
6966267
6966268
6966269
6966270
6966271
6966272
6966273
6966274
6966275
6966276
6966277
6966278
6966279
6966280
6966281
6966282
6966283
6966284
6966285
6966286
6966287
6966288
6966289
6966290
6966291
6966292
6966293
6966294
6966295
6966296
6966297
6966298
6966299
6966300
6966301
6966302
6966303
6966304
6966305
6966306
6966307
6966308
6966309
6966310
6966311
6966312
6966313
6966314
6966315
6966316
6966317
6966318
6966319
6966320
6966321
6966322
6966323
6966324
6966325
6966326
6966327
6966328
6966329
6966330
6966331
6966332
6966333
6966334
6966335
6966336
6966337
6966338
6966339
6966340
6966341
6966342
6966343
6966344
6966345
6966346
6966347
6966348
6966349
6966350
6966351
6966352
6966353
6966354
6966355
6966356
6966357
6966358
6966359
6966360
6966361
6966362
6966363
6966364
6966365
6966366
6966367
6966368
6966369
6966370
6966371
6966372
6966373
6966374
6966375
6966376
6966377
6966378
6966379
6966380
6966381
6966382
6966383
6966384
6966385
6966386
6966387
6966388
6966389
6966390
6966391
6966392
6966393
6966394
6966395
6966396
6966397
6966398
6966399
6966400
6966401
6966402
6966403
6966404
6966405
6966406
6966407
6966408
6966409
6966410
6966411
6966412
6966413
6966414
6966415
6966416
6966417
6966418
6966419
6966420
6966421
6966422
6966423
6966424
6966425
6966426
6966427
6966428
6966429
6966430
6966431
6966432
6966433
6966434
6966435
6966436
6966437
6966438
6966439
6966440
6966441
6966442
6966443
6966444
6966445
6966446
6966447
6966448
6966449
6966450
6966451
6966452
6966453
6966454
6966455
6966456
6966457
6966458
6966459
6966460
6966461
6966462
6966463
6966464
6966465
6966466
6966467
6966468
6966469
6966470
6966471
6966472
6966473
6966474
6966475
6966476
6966477
6966478
6966479
6966480
6966481
6966482
6966483
6966484
6966485
6966486
6966487
6966488
6966489
6966490
6966491
6966492
6966493
6966494
6966495
6966496
6966497
6966498
6966499
6966500
6966501
6966502
6966503
6966504
6966505
6966506
6966507
6966508
6966509
6966510
6966511
6966512
6966513
6966514
6966515
6966516
6966517
6966518
6966519
6966520
6966521
6966522
6966523
6966524
6966525
6966526
6966527
6966528
6966529
6966530
6966531
6966532
6966533
6966534
6966535
6966536
6966537
6966538
6966539
6966540
6966541
6966542
6966543
6966544
6966545
6966546
6966547
6966548
6966549
6966550
6966551
6966552
6966553
6966554
6966555
6966556
6966557
6966558
6966559
6966560
6966561
6966562
6966563
6966564
6966565
6966566
6966567
6966568
6966569
6966570
6966571
6966572
6966573
6966574
6966575
6966576
6966577
6966578
6966579
6966580
6966581
6966582
6966583
6966584
6966585
6966586
6966587
6966588
6966589
6966590
6966591
6966592
6966593
6966594
6966595
6966596
6966597
6966598
6966599
6966600
6966601
6966602
6966603
6966604
6966605
6966606
6966607
6966608
6966609
6966610
6966611
6966612
6966613
6966614
6966615
6966616
6966617
6966618
6966619
6966620
6966621
6966622
6966623
6966624
6966625
6966626
6966627
6966628
6966629
6966630
6966631
6966632
6966633
6966634
6966635
6966636
6966637
6966638
6966639
6966640
6966641
6966642
6966643
6966644
6966645
6966646
6966647
6966648
6966649
6966650
6966651
6966652
6966653
6966654
6966655
6966656
6966657
6966658
6966659
6966660
6966661
6966662
6966663
6966664
6966665
6966666
6966667
6966668
6966669
6966670
6966671
6966672
6966673
6966674
6966675
6966676
6966677
6966678
6966679
6966680
6966681
6966682
6966683
6966684
6966685
6966686
6966687
6966688
6966689
6966690
6966691
6966692
6966693
6966694
6966695
6966696
6966697
6966698
6966699
6966700
6966701
6966702
6966703
6966704
6966705
6966706
6966707
6966708
6966709
6966710
6966711
6966712
6966713
6966714
6966715
6966716
6966717
6966718
6966719
6966720
6966721
6966722
6966723
6966724
6966725
6966726
6966727
6966728
6966729
6966730
6966731
6966732
6966733
6966734
6966735
6966736
6966737
6966738
6966739
6966740
6966741
6966742
6966743
6966744
6966745
6966746
6966747
6966748
6966749
6966750
6966751
6966752
6966753
6966754
6966755
6966756
6966757
6966758
6966759
6966760
6966761
6966762
6966763
6966764
6966765
6966766
6966767
6966768
6966769
6966770
6966771
6966772
6966773
6966774
6966775
6966776
6966777
6966778
6966779
6966780
6966781
6966782
6966783
6966784
6966785
6966786
6966787
6966788
6966789
6966790
6966791
6966792
6966793
6966794
6966795
6966796
6966797
6966798
6966799
6966800
6966801
6966802
6966803
6966804
6966805
6966806
6966807
6966808
6966809
6966810
6966811
6966812
6966813
6966814
6966815
6966816
6966817
6966818
6966819
6966820
6966821
6966822
6966823
6966824
6966825
6966826
6966827
6966828
6966829
6966830
6966831
6966832
6966833
6966834
6966835
6966836
6966837
6966838
6966839
6966840
6966841
6966842
6966843
6966844
6966845
6966846
6966847
6966848
6966849
6966850
6966851
6966852
6966853
6966854
6966855
6966856
6966857
6966858
6966859
6966860
6966861
6966862
6966863
6966864
6966865
6966866
6966867
6966868
6966869
6966870
6966871
6966872
6966873
6966874
6966875
6966876
6966877
6966878
6966879
6966880
6966881
6966882
6966883
6966884
6966885
6966886
6966887
6966888
6966889
6966890
6966891
6966892
6966893
6966894
6966895
6966896
6966897
6966898
6966899
6966900
6966901
6966902
6966903
6966904
6966905
6966906
6966907
6966908
6966909
6966910
6966911
6966912
6966913
6966914
6966915
6966916
6966917
6966918
6966919
6966920
6966921
6966922
6966923
6966924
6966925
6966926
6966927
6966928
6966929
6966930
6966931
6966932
6966933
6966934
6966935
6966936
6966937
6966938
6966939
6966940
6966941
6966942
6966943
6966944
6966945
6966946
6966947
6966948
6966949
6966950
6966951
6966952
6966953
6966954
6966955
6966956
6966957
6966958
6966959
6966960
6966961
6966962
6966963
6966964
6966965
6966966
6966967
6966968
6966969
6966970
6966971
6966972
6966973
6966974
6966975
6966976
6966977
6966978
6966979
6966980
6966981
6966982
6966983
6966984
6966985
6966986
6966987
6966988
6966989
6966990
6966991
6966992
6966993
6966994
6966995
6966996
6966997
6966998
6966999
6967000
6967001
6967002
6967003
6967004
6967005
6967006
6967007
6967008
6967009
6967010
6967011
6967012
6967013
6967014
6967015
6967016
6967017
6967018
6967019
6967020
6967021
6967022
6967023
6967024
6967025
6967026
6967027
6967028
6967029
6967030
6967031
6967032
6967033
6967034
6967035
6967036
6967037
6967038
6967039
6967040
6967041
6967042
6967043
6967044
6967045
6967046
6967047
6967048
6967049
6967050
6967051
6967052
6967053
6967054
6967055
6967056
6967057
6967058
6967059
6967060
6967061
6967062
6967063
6967064
6967065
6967066
6967067
6967068
6967069
6967070
6967071
6967072
6967073
6967074
6967075
6967076
6967077
6967078
6967079
6967080
6967081
6967082
6967083
6967084
6967085
6967086
6967087
6967088
6967089
6967090
6967091
6967092
6967093
6967094
6967095
6967096
6967097
6967098
6967099
6967100
6967101
6967102
6967103
6967104
6967105
6967106
6967107
6967108
6967109
6967110
6967111
6967112
6967113
6967114
6967115
6967116
6967117
6967118
6967119
6967120
6967121
6967122
6967123
6967124
6967125
6967126
6967127
6967128
6967129
6967130
6967131
6967132
6967133
6967134
6967135
6967136
6967137
6967138
6967139
6967140
6967141
6967142
6967143
6967144
6967145
6967146
6967147
6967148
6967149
6967150
6967151
6967152
6967153
6967154
6967155
6967156
6967157
6967158
6967159
6967160
6967161
6967162
6967163
6967164
6967165
6967166
6967167
6967168
6967169
6967170
6967171
6967172
6967173
6967174
6967175
6967176
6967177
6967178
6967179
6967180
6967181
6967182
6967183
6967184
6967185
6967186
6967187
6967188
6967189
6967190
6967191
6967192
6967193
6967194
6967195
6967196
6967197
6967198
6967199
6967200
6967201
6967202
6967203
6967204
6967205
6967206
6967207
6967208
6967209
6967210
6967211
6967212
6967213
6967214
6967215
6967216
6967217
6967218
6967219
6967220
6967221
6967222
6967223
6967224
6967225
6967226
6967227
6967228
6967229
6967230
6967231
6967232
6967233
6967234
6967235
6967236
6967237
6967238
6967239
6967240
6967241
6967242
6967243
6967244
6967245
6967246
6967247
6967248
6967249
6967250
6967251
6967252
6967253
6967254
6967255
6967256
6967257
6967258
6967259
6967260
6967261
6967262
6967263
6967264
6967265
6967266
6967267
6967268
6967269
6967270
6967271
6967272
6967273
6967274
6967275
6967276
6967277
6967278
6967279
6967280
6967281
6967282
6967283
6967284
6967285
6967286
6967287
6967288
6967289
6967290
6967291
6967292
6967293
6967294
6967295
6967296
6967297
6967298
6967299
6967300
6967301
6967302
6967303
6967304
6967305
6967306
6967307
6967308
6967309
6967310
6967311
6967312
6967313
6967314
6967315
6967316
6967317
6967318
6967319
6967320
6967321
6967322
6967323
6967324
6967325
6967326
6967327
6967328
6967329
6967330
6967331
6967332
6967333
6967334
6967335
6967336
6967337
6967338
6967339
6967340
6967341
6967342
6967343
6967344
6967345
6967346
6967347
6967348
6967349
6967350
6967351
6967352
6967353
6967354
6967355
6967356
6967357
6967358
6967359
6967360
6967361
6967362
6967363
6967364
6967365
6967366
6967367
6967368
6967369
6967370
6967371
6967372
6967373
6967374
6967375
6967376
6967377
6967378
6967379
6967380
6967381
6967382
6967383
6967384
6967385
6967386
6967387
6967388
6967389
6967390
6967391
6967392
6967393
6967394
6967395
6967396
6967397
6967398
6967399
6967400
6967401
6967402
6967403
6967404
6967405
6967406
6967407
6967408
6967409
6967410
6967411
6967412
6967413
6967414
6967415
6967416
6967417
6967418
6967419
6967420
6967421
6967422
6967423
6967424
6967425
6967426
6967427
6967428
6967429
6967430
6967431
6967432
6967433
6967434
6967435
6967436
6967437
6967438
6967439
6967440
6967441
6967442
6967443
6967444
6967445
6967446
6967447
6967448
6967449
6967450
6967451
6967452
6967453
6967454
6967455
6967456
6967457
6967458
6967459
6967460
6967461
6967462
6967463
6967464
6967465
6967466
6967467
6967468
6967469
6967470
6967471
6967472
6967473
6967474
6967475
6967476
6967477
6967478
6967479
6967480
6967481
6967482
6967483
6967484
6967485
6967486
6967487
6967488
6967489
6967490
6967491
6967492
6967493
6967494
6967495
6967496
6967497
6967498
6967499
6967500
6967501
6967502
6967503
6967504
6967505
6967506
6967507
6967508
6967509
6967510
6967511
6967512
6967513
6967514
6967515
6967516
6967517
6967518
6967519
6967520
6967521
6967522
6967523
6967524
6967525
6967526
6967527
6967528
6967529
6967530
6967531
6967532
6967533
6967534
6967535
6967536
6967537
6967538
6967539
6967540
6967541
6967542
6967543
6967544
6967545
6967546
6967547
6967548
6967549
6967550
6967551
6967552
6967553
6967554
6967555
6967556
6967557
6967558
6967559
6967560
6967561
6967562
6967563
6967564
6967565
6967566
6967567
6967568
6967569
6967570
6967571
6967572
6967573
6967574
6967575
6967576
6967577
6967578
6967579
6967580
6967581
6967582
6967583
6967584
6967585
6967586
6967587
6967588
6967589
6967590
6967591
6967592
6967593
6967594
6967595
6967596
6967597
6967598
6967599
6967600
6967601
6967602
6967603
6967604
6967605
6967606
6967607
6967608
6967609
6967610
6967611
6967612
6967613
6967614
6967615
6967616
6967617
6967618
6967619
6967620
6967621
6967622
6967623
6967624
6967625
6967626
6967627
6967628
6967629
6967630
6967631
6967632
6967633
6967634
6967635
6967636
6967637
6967638
6967639
6967640
6967641
6967642
6967643
6967644
6967645
6967646
6967647
6967648
6967649
6967650
6967651
6967652
6967653
6967654
6967655
6967656
6967657
6967658
6967659
6967660
6967661
6967662
6967663
6967664
6967665
6967666
6967667
6967668
6967669
6967670
6967671
6967672
6967673
6967674
6967675
6967676
6967677
6967678
6967679
6967680
6967681
6967682
6967683
6967684
6967685
6967686
6967687
6967688
6967689
6967690
6967691
6967692
6967693
6967694
6967695
6967696
6967697
6967698
6967699
6967700
6967701
6967702
6967703
6967704
6967705
6967706
6967707
6967708
6967709
6967710
6967711
6967712
6967713
6967714
6967715
6967716
6967717
6967718
6967719
6967720
6967721
6967722
6967723
6967724
6967725
6967726
6967727
6967728
6967729
6967730
6967731
6967732
6967733
6967734
6967735
6967736
6967737
6967738
6967739
6967740
6967741
6967742
6967743
6967744
6967745
6967746
6967747
6967748
6967749
6967750
6967751
6967752
6967753
6967754
6967755
6967756
6967757
6967758
6967759
6967760
6967761
6967762
6967763
6967764
6967765
6967766
6967767
6967768
6967769
6967770
6967771
6967772
6967773
6967774
6967775
6967776
6967777
6967778
6967779
6967780
6967781
6967782
6967783
6967784
6967785
6967786
6967787
6967788
6967789
6967790
6967791
6967792
6967793
6967794
6967795
6967796
6967797
6967798
6967799
6967800
6967801
6967802
6967803
6967804
6967805
6967806
6967807
6967808
6967809
6967810
6967811
6967812
6967813
6967814
6967815
6967816
6967817
6967818
6967819
6967820
6967821
6967822
6967823
6967824
6967825
6967826
6967827
6967828
6967829
6967830
6967831
6967832
6967833
6967834
6967835
6967836
6967837
6967838
6967839
6967840
6967841
6967842
6967843
6967844
6967845
6967846
6967847
6967848
6967849
6967850
6967851
6967852
6967853
6967854
6967855
6967856
6967857
6967858
6967859
6967860
6967861
6967862
6967863
6967864
6967865
6967866
6967867
6967868
6967869
6967870
6967871
6967872
6967873
6967874
6967875
6967876
6967877
6967878
6967879
6967880
6967881
6967882
6967883
6967884
6967885
6967886
6967887
6967888
6967889
6967890
6967891
6967892
6967893
6967894
6967895
6967896
6967897
6967898
6967899
6967900
6967901
6967902
6967903
6967904
6967905
6967906
6967907
6967908
6967909
6967910
6967911
6967912
6967913
6967914
6967915
6967916
6967917
6967918
6967919
6967920
6967921
6967922
6967923
6967924
6967925
6967926
6967927
6967928
6967929
6967930
6967931
6967932
6967933
6967934
6967935
6967936
6967937
6967938
6967939
6967940
6967941
6967942
6967943
6967944
6967945
6967946
6967947
6967948
6967949
6967950
6967951
6967952
6967953
6967954
6967955
6967956
6967957
6967958
6967959
6967960
6967961
6967962
6967963
6967964
6967965
6967966
6967967
6967968
6967969
6967970
6967971
6967972
6967973
6967974
6967975
6967976
6967977
6967978
6967979
6967980
6967981
6967982
6967983
6967984
6967985
6967986
6967987
6967988
6967989
6967990
6967991
6967992
6967993
6967994
6967995
6967996
6967997
6967998
6967999
6968000
6968001
6968002
6968003
6968004
6968005
6968006
6968007
6968008
6968009
6968010
6968011
6968012
6968013
6968014
6968015
6968016
6968017
6968018
6968019
6968020
6968021
6968022
6968023
6968024
6968025
6968026
6968027
6968028
6968029
6968030
6968031
6968032
6968033
6968034
6968035
6968036
6968037
6968038
6968039
6968040
6968041
6968042
6968043
6968044
6968045
6968046
6968047
6968048
6968049
6968050
6968051
6968052
6968053
6968054
6968055
6968056
6968057
6968058
6968059
6968060
6968061
6968062
6968063
6968064
6968065
6968066
6968067
6968068
6968069
6968070
6968071
6968072
6968073
6968074
6968075
6968076
6968077
6968078
6968079
6968080
6968081
6968082
6968083
6968084
6968085
6968086
6968087
6968088
6968089
6968090
6968091
6968092
6968093
6968094
6968095
6968096
6968097
6968098
6968099
6968100
6968101
6968102
6968103
6968104
6968105
6968106
6968107
6968108
6968109
6968110
6968111
6968112
6968113
6968114
6968115
6968116
6968117
6968118
6968119
6968120
6968121
6968122
6968123
6968124
6968125
6968126
6968127
6968128
6968129
6968130
6968131
6968132
6968133
6968134
6968135
6968136
6968137
6968138
6968139
6968140
6968141
6968142
6968143
6968144
6968145
6968146
6968147
6968148
6968149
6968150
6968151
6968152
6968153
6968154
6968155
6968156
6968157
6968158
6968159
6968160
6968161
6968162
6968163
6968164
6968165
6968166
6968167
6968168
6968169
6968170
6968171
6968172
6968173
6968174
6968175
6968176
6968177
6968178
6968179
6968180
6968181
6968182
6968183
6968184
6968185
6968186
6968187
6968188
6968189
6968190
6968191
6968192
6968193
6968194
6968195
6968196
6968197
6968198
6968199
6968200
6968201
6968202
6968203
6968204
6968205
6968206
6968207
6968208
6968209
6968210
6968211
6968212
6968213
6968214
6968215
6968216
6968217
6968218
6968219
6968220
6968221
6968222
6968223
6968224
6968225
6968226
6968227
6968228
6968229
6968230
6968231
6968232
6968233
6968234
6968235
6968236
6968237
6968238
6968239
6968240
6968241
6968242
6968243
6968244
6968245
6968246
6968247
6968248
6968249
6968250
6968251
6968252
6968253
6968254
6968255
6968256
6968257
6968258
6968259
6968260
6968261
6968262
6968263
6968264
6968265
6968266
6968267
6968268
6968269
6968270
6968271
6968272
6968273
6968274
6968275
6968276
6968277
6968278
6968279
6968280
6968281
6968282
6968283
6968284
6968285
6968286
6968287
6968288
6968289
6968290
6968291
6968292
6968293
6968294
6968295
6968296
6968297
6968298
6968299
6968300
6968301
6968302
6968303
6968304
6968305
6968306
6968307
6968308
6968309
6968310
6968311
6968312
6968313
6968314
6968315
6968316
6968317
6968318
6968319
6968320
6968321
6968322
6968323
6968324
6968325
6968326
6968327
6968328
6968329
6968330
6968331
6968332
6968333
6968334
6968335
6968336
6968337
6968338
6968339
6968340
6968341
6968342
6968343
6968344
6968345
6968346
6968347
6968348
6968349
6968350
6968351
6968352
6968353
6968354
6968355
6968356
6968357
6968358
6968359
6968360
6968361
6968362
6968363
6968364
6968365
6968366
6968367
6968368
6968369
6968370
6968371
6968372
6968373
6968374
6968375
6968376
6968377
6968378
6968379
6968380
6968381
6968382
6968383
6968384
6968385
6968386
6968387
6968388
6968389
6968390
6968391
6968392
6968393
6968394
6968395
6968396
6968397
6968398
6968399
6968400
6968401
6968402
6968403
6968404
6968405
6968406
6968407
6968408
6968409
6968410
6968411
6968412
6968413
6968414
6968415
6968416
6968417
6968418
6968419
6968420
6968421
6968422
6968423
6968424
6968425
6968426
6968427
6968428
6968429
6968430
6968431
6968432
6968433
6968434
6968435
6968436
6968437
6968438
6968439
6968440
6968441
6968442
6968443
6968444
6968445
6968446
6968447
6968448
6968449
6968450
6968451
6968452
6968453
6968454
6968455
6968456
6968457
6968458
6968459
6968460
6968461
6968462
6968463
6968464
6968465
6968466
6968467
6968468
6968469
6968470
6968471
6968472
6968473
6968474
6968475
6968476
6968477
6968478
6968479
6968480
6968481
6968482
6968483
6968484
6968485
6968486
6968487
6968488
6968489
6968490
6968491
6968492
6968493
6968494
6968495
6968496
6968497
6968498
6968499
6968500
6968501
6968502
6968503
6968504
6968505
6968506
6968507
6968508
6968509
6968510
6968511
6968512
6968513
6968514
6968515
6968516
6968517
6968518
6968519
6968520
6968521
6968522
6968523
6968524
6968525
6968526
6968527
6968528
6968529
6968530
6968531
6968532
6968533
6968534
6968535
6968536
6968537
6968538
6968539
6968540
6968541
6968542
6968543
6968544
6968545
6968546
6968547
6968548
6968549
6968550
6968551
6968552
6968553
6968554
6968555
6968556
6968557
6968558
6968559
6968560
6968561
6968562
6968563
6968564
6968565
6968566
6968567
6968568
6968569
6968570
6968571
6968572
6968573
6968574
6968575
6968576
6968577
6968578
6968579
6968580
6968581
6968582
6968583
6968584
6968585
6968586
6968587
6968588
6968589
6968590
6968591
6968592
6968593
6968594
6968595
6968596
6968597
6968598
6968599
6968600
6968601
6968602
6968603
6968604
6968605
6968606
6968607
6968608
6968609
6968610
6968611
6968612
6968613
6968614
6968615
6968616
6968617
6968618
6968619
6968620
6968621
6968622
6968623
6968624
6968625
6968626
6968627
6968628
6968629
6968630
6968631
6968632
6968633
6968634
6968635
6968636
6968637
6968638
6968639
6968640
6968641
6968642
6968643
6968644
6968645
6968646
6968647
6968648
6968649
6968650
6968651
6968652
6968653
6968654
6968655
6968656
6968657
6968658
6968659
6968660
6968661
6968662
6968663
6968664
6968665
6968666
6968667
6968668
6968669
6968670
6968671
6968672
6968673
6968674
6968675
6968676
6968677
6968678
6968679
6968680
6968681
6968682
6968683
6968684
6968685
6968686
6968687
6968688
6968689
6968690
6968691
6968692
6968693
6968694
6968695
6968696
6968697
6968698
6968699
6968700
6968701
6968702
6968703
6968704
6968705
6968706
6968707
6968708
6968709
6968710
6968711
6968712
6968713
6968714
6968715
6968716
6968717
6968718
6968719
6968720
6968721
6968722
6968723
6968724
6968725
6968726
6968727
6968728
6968729
6968730
6968731
6968732
6968733
6968734
6968735
6968736
6968737
6968738
6968739
6968740
6968741
6968742
6968743
6968744
6968745
6968746
6968747
6968748
6968749
6968750
6968751
6968752
6968753
6968754
6968755
6968756
6968757
6968758
6968759
6968760
6968761
6968762
6968763
6968764
6968765
6968766
6968767
6968768
6968769
6968770
6968771
6968772
6968773
6968774
6968775
6968776
6968777
6968778
6968779
6968780
6968781
6968782
6968783
6968784
6968785
6968786
6968787
6968788
6968789
6968790
6968791
6968792
6968793
6968794
6968795
6968796
6968797
6968798
6968799
6968800
6968801
6968802
6968803
6968804
6968805
6968806
6968807
6968808
6968809
6968810
6968811
6968812
6968813
6968814
6968815
6968816
6968817
6968818
6968819
6968820
6968821
6968822
6968823
6968824
6968825
6968826
6968827
6968828
6968829
6968830
6968831
6968832
6968833
6968834
6968835
6968836
6968837
6968838
6968839
6968840
6968841
6968842
6968843
6968844
6968845
6968846
6968847
6968848
6968849
6968850
6968851
6968852
6968853
6968854
6968855
6968856
6968857
6968858
6968859
6968860
6968861
6968862
6968863
6968864
6968865
6968866
6968867
6968868
6968869
6968870
6968871
6968872
6968873
6968874
6968875
6968876
6968877
6968878
6968879
6968880
6968881
6968882
6968883
6968884
6968885
6968886
6968887
6968888
6968889
6968890
6968891
6968892
6968893
6968894
6968895
6968896
6968897
6968898
6968899
6968900
6968901
6968902
6968903
6968904
6968905
6968906
6968907
6968908
6968909
6968910
6968911
6968912
6968913
6968914
6968915
6968916
6968917
6968918
6968919
6968920
6968921
6968922
6968923
6968924
6968925
6968926
6968927
6968928
6968929
6968930
6968931
6968932
6968933
6968934
6968935
6968936
6968937
6968938
6968939
6968940
6968941
6968942
6968943
6968944
6968945
6968946
6968947
6968948
6968949
6968950
6968951
6968952
6968953
6968954
6968955
6968956
6968957
6968958
6968959
6968960
6968961
6968962
6968963
6968964
6968965
6968966
6968967
6968968
6968969
6968970
6968971
6968972
6968973
6968974
6968975
6968976
6968977
6968978
6968979
6968980
6968981
6968982
6968983
6968984
6968985
6968986
6968987
6968988
6968989
6968990
6968991
6968992
6968993
6968994
6968995
6968996
6968997
6968998
6968999
6969000
6969001
6969002
6969003
6969004
6969005
6969006
6969007
6969008
6969009
6969010
6969011
6969012
6969013
6969014
6969015
6969016
6969017
6969018
6969019
6969020
6969021
6969022
6969023
6969024
6969025
6969026
6969027
6969028
6969029
6969030
6969031
6969032
6969033
6969034
6969035
6969036
6969037
6969038
6969039
6969040
6969041
6969042
6969043
6969044
6969045
6969046
6969047
6969048
6969049
6969050
6969051
6969052
6969053
6969054
6969055
6969056
6969057
6969058
6969059
6969060
6969061
6969062
6969063
6969064
6969065
6969066
6969067
6969068
6969069
6969070
6969071
6969072
6969073
6969074
6969075
6969076
6969077
6969078
6969079
6969080
6969081
6969082
6969083
6969084
6969085
6969086
6969087
6969088
6969089
6969090
6969091
6969092
6969093
6969094
6969095
6969096
6969097
6969098
6969099
6969100
6969101
6969102
6969103
6969104
6969105
6969106
6969107
6969108
6969109
6969110
6969111
6969112
6969113
6969114
6969115
6969116
6969117
6969118
6969119
6969120
6969121
6969122
6969123
6969124
6969125
6969126
6969127
6969128
6969129
6969130
6969131
6969132
6969133
6969134
6969135
6969136
6969137
6969138
6969139
6969140
6969141
6969142
6969143
6969144
6969145
6969146
6969147
6969148
6969149
6969150
6969151
6969152
6969153
6969154
6969155
6969156
6969157
6969158
6969159
6969160
6969161
6969162
6969163
6969164
6969165
6969166
6969167
6969168
6969169
6969170
6969171
6969172
6969173
6969174
6969175
6969176
6969177
6969178
6969179
6969180
6969181
6969182
6969183
6969184
6969185
6969186
6969187
6969188
6969189
6969190
6969191
6969192
6969193
6969194
6969195
6969196
6969197
6969198
6969199
6969200
6969201
6969202
6969203
6969204
6969205
6969206
6969207
6969208
6969209
6969210
6969211
6969212
6969213
6969214
6969215
6969216
6969217
6969218
6969219
6969220
6969221
6969222
6969223
6969224
6969225
6969226
6969227
6969228
6969229
6969230
6969231
6969232
6969233
6969234
6969235
6969236
6969237
6969238
6969239
6969240
6969241
6969242
6969243
6969244
6969245
6969246
6969247
6969248
6969249
6969250
6969251
6969252
6969253
6969254
6969255
6969256
6969257
6969258
6969259
6969260
6969261
6969262
6969263
6969264
6969265
6969266
6969267
6969268
6969269
6969270
6969271
6969272
6969273
6969274
6969275
6969276
6969277
6969278
6969279
6969280
6969281
6969282
6969283
6969284
6969285
6969286
6969287
6969288
6969289
6969290
6969291
6969292
6969293
6969294
6969295
6969296
6969297
6969298
6969299
6969300
6969301
6969302
6969303
6969304
6969305
6969306
6969307
6969308
6969309
6969310
6969311
6969312
6969313
6969314
6969315
6969316
6969317
6969318
6969319
6969320
6969321
6969322
6969323
6969324
6969325
6969326
6969327
6969328
6969329
6969330
6969331
6969332
6969333
6969334
6969335
6969336
6969337
6969338
6969339
6969340
6969341
6969342
6969343
6969344
6969345
6969346
6969347
6969348
6969349
6969350
6969351
6969352
6969353
6969354
6969355
6969356
6969357
6969358
6969359
6969360
6969361
6969362
6969363
6969364
6969365
6969366
6969367
6969368
6969369
6969370
6969371
6969372
6969373
6969374
6969375
6969376
6969377
6969378
6969379
6969380
6969381
6969382
6969383
6969384
6969385
6969386
6969387
6969388
6969389
6969390
6969391
6969392
6969393
6969394
6969395
6969396
6969397
6969398
6969399
6969400
6969401
6969402
6969403
6969404
6969405
6969406
6969407
6969408
6969409
6969410
6969411
6969412
6969413
6969414
6969415
6969416
6969417
6969418
6969419
6969420
6969421
6969422
6969423
6969424
6969425
6969426
6969427
6969428
6969429
6969430
6969431
6969432
6969433
6969434
6969435
6969436
6969437
6969438
6969439
6969440
6969441
6969442
6969443
6969444
6969445
6969446
6969447
6969448
6969449
6969450
6969451
6969452
6969453
6969454
6969455
6969456
6969457
6969458
6969459
6969460
6969461
6969462
6969463
6969464
6969465
6969466
6969467
6969468
6969469
6969470
6969471
6969472
6969473
6969474
6969475
6969476
6969477
6969478
6969479
6969480
6969481
6969482
6969483
6969484
6969485
6969486
6969487
6969488
6969489
6969490
6969491
6969492
6969493
6969494
6969495
6969496
6969497
6969498
6969499
6969500
6969501
6969502
6969503
6969504
6969505
6969506
6969507
6969508
6969509
6969510
6969511
6969512
6969513
6969514
6969515
6969516
6969517
6969518
6969519
6969520
6969521
6969522
6969523
6969524
6969525
6969526
6969527
6969528
6969529
6969530
6969531
6969532
6969533
6969534
6969535
6969536
6969537
6969538
6969539
6969540
6969541
6969542
6969543
6969544
6969545
6969546
6969547
6969548
6969549
6969550
6969551
6969552
6969553
6969554
6969555
6969556
6969557
6969558
6969559
6969560
6969561
6969562
6969563
6969564
6969565
6969566
6969567
6969568
6969569
6969570
6969571
6969572
6969573
6969574
6969575
6969576
6969577
6969578
6969579
6969580
6969581
6969582
6969583
6969584
6969585
6969586
6969587
6969588
6969589
6969590
6969591
6969592
6969593
6969594
6969595
6969596
6969597
6969598
6969599
6969600
6969601
6969602
6969603
6969604
6969605
6969606
6969607
6969608
6969609
6969610
6969611
6969612
6969613
6969614
6969615
6969616
6969617
6969618
6969619
6969620
6969621
6969622
6969623
6969624
6969625
6969626
6969627
6969628
6969629
6969630
6969631
6969632
6969633
6969634
6969635
6969636
6969637
6969638
6969639
6969640
6969641
6969642
6969643
6969644
6969645
6969646
6969647
6969648
6969649
6969650
6969651
6969652
6969653
6969654
6969655
6969656
6969657
6969658
6969659
6969660
6969661
6969662
6969663
6969664
6969665
6969666
6969667
6969668
6969669
6969670
6969671
6969672
6969673
6969674
6969675
6969676
6969677
6969678
6969679
6969680
6969681
6969682
6969683
6969684
6969685
6969686
6969687
6969688
6969689
6969690
6969691
6969692
6969693
6969694
6969695
6969696
6969697
6969698
6969699
6969700
6969701
6969702
6969703
6969704
6969705
6969706
6969707
6969708
6969709
6969710
6969711
6969712
6969713
6969714
6969715
6969716
6969717
6969718
6969719
6969720
6969721
6969722
6969723
6969724
6969725
6969726
6969727
6969728
6969729
6969730
6969731
6969732
6969733
6969734
6969735
6969736
6969737
6969738
6969739
6969740
6969741
6969742
6969743
6969744
6969745
6969746
6969747
6969748
6969749
6969750
6969751
6969752
6969753
6969754
6969755
6969756
6969757
6969758
6969759
6969760
6969761
6969762
6969763
6969764
6969765
6969766
6969767
6969768
6969769
6969770
6969771
6969772
6969773
6969774
6969775
6969776
6969777
6969778
6969779
6969780
6969781
6969782
6969783
6969784
6969785
6969786
6969787
6969788
6969789
6969790
6969791
6969792
6969793
6969794
6969795
6969796
6969797
6969798
6969799
6969800
6969801
6969802
6969803
6969804
6969805
6969806
6969807
6969808
6969809
6969810
6969811
6969812
6969813
6969814
6969815
6969816
6969817
6969818
6969819
6969820
6969821
6969822
6969823
6969824
6969825
6969826
6969827
6969828
6969829
6969830
6969831
6969832
6969833
6969834
6969835
6969836
6969837
6969838
6969839
6969840
6969841
6969842
6969843
6969844
6969845
6969846
6969847
6969848
6969849
6969850
6969851
6969852
6969853
6969854
6969855
6969856
6969857
6969858
6969859
6969860
6969861
6969862
6969863
6969864
6969865
6969866
6969867
6969868
6969869
6969870
6969871
6969872
6969873
6969874
6969875
6969876
6969877
6969878
6969879
6969880
6969881
6969882
6969883
6969884
6969885
6969886
6969887
6969888
6969889
6969890
6969891
6969892
6969893
6969894
6969895
6969896
6969897
6969898
6969899
6969900
6969901
6969902
6969903
6969904
6969905
6969906
6969907
6969908
6969909
6969910
6969911
6969912
6969913
6969914
6969915
6969916
6969917
6969918
6969919
6969920
6969921
6969922
6969923
6969924
6969925
6969926
6969927
6969928
6969929
6969930
6969931
6969932
6969933
6969934
6969935
6969936
6969937
6969938
6969939
6969940
6969941
6969942
6969943
6969944
6969945
6969946
6969947
6969948
6969949
6969950
6969951
6969952
6969953
6969954
6969955
6969956
6969957
6969958
6969959
6969960
6969961
6969962
6969963
6969964
6969965
6969966
6969967
6969968
6969969
6969970
6969971
6969972
6969973
6969974
6969975
6969976
6969977
6969978
6969979
6969980
6969981
6969982
6969983
6969984
6969985
6969986
6969987
6969988
6969989
6969990
6969991
6969992
6969993
6969994
6969995
6969996
6969997
6969998
6969999
6970000
