7140001
7140002
7140003
7140004
7140005
7140006
7140007
7140008
7140009
7140010
7140011
7140012
7140013
7140014
7140015
7140016
7140017
7140018
7140019
7140020
7140021
7140022
7140023
7140024
7140025
7140026
7140027
7140028
7140029
7140030
7140031
7140032
7140033
7140034
7140035
7140036
7140037
7140038
7140039
7140040
7140041
7140042
7140043
7140044
7140045
7140046
7140047
7140048
7140049
7140050
7140051
7140052
7140053
7140054
7140055
7140056
7140057
7140058
7140059
7140060
7140061
7140062
7140063
7140064
7140065
7140066
7140067
7140068
7140069
7140070
7140071
7140072
7140073
7140074
7140075
7140076
7140077
7140078
7140079
7140080
7140081
7140082
7140083
7140084
7140085
7140086
7140087
7140088
7140089
7140090
7140091
7140092
7140093
7140094
7140095
7140096
7140097
7140098
7140099
7140100
7140101
7140102
7140103
7140104
7140105
7140106
7140107
7140108
7140109
7140110
7140111
7140112
7140113
7140114
7140115
7140116
7140117
7140118
7140119
7140120
7140121
7140122
7140123
7140124
7140125
7140126
7140127
7140128
7140129
7140130
7140131
7140132
7140133
7140134
7140135
7140136
7140137
7140138
7140139
7140140
7140141
7140142
7140143
7140144
7140145
7140146
7140147
7140148
7140149
7140150
7140151
7140152
7140153
7140154
7140155
7140156
7140157
7140158
7140159
7140160
7140161
7140162
7140163
7140164
7140165
7140166
7140167
7140168
7140169
7140170
7140171
7140172
7140173
7140174
7140175
7140176
7140177
7140178
7140179
7140180
7140181
7140182
7140183
7140184
7140185
7140186
7140187
7140188
7140189
7140190
7140191
7140192
7140193
7140194
7140195
7140196
7140197
7140198
7140199
7140200
7140201
7140202
7140203
7140204
7140205
7140206
7140207
7140208
7140209
7140210
7140211
7140212
7140213
7140214
7140215
7140216
7140217
7140218
7140219
7140220
7140221
7140222
7140223
7140224
7140225
7140226
7140227
7140228
7140229
7140230
7140231
7140232
7140233
7140234
7140235
7140236
7140237
7140238
7140239
7140240
7140241
7140242
7140243
7140244
7140245
7140246
7140247
7140248
7140249
7140250
7140251
7140252
7140253
7140254
7140255
7140256
7140257
7140258
7140259
7140260
7140261
7140262
7140263
7140264
7140265
7140266
7140267
7140268
7140269
7140270
7140271
7140272
7140273
7140274
7140275
7140276
7140277
7140278
7140279
7140280
7140281
7140282
7140283
7140284
7140285
7140286
7140287
7140288
7140289
7140290
7140291
7140292
7140293
7140294
7140295
7140296
7140297
7140298
7140299
7140300
7140301
7140302
7140303
7140304
7140305
7140306
7140307
7140308
7140309
7140310
7140311
7140312
7140313
7140314
7140315
7140316
7140317
7140318
7140319
7140320
7140321
7140322
7140323
7140324
7140325
7140326
7140327
7140328
7140329
7140330
7140331
7140332
7140333
7140334
7140335
7140336
7140337
7140338
7140339
7140340
7140341
7140342
7140343
7140344
7140345
7140346
7140347
7140348
7140349
7140350
7140351
7140352
7140353
7140354
7140355
7140356
7140357
7140358
7140359
7140360
7140361
7140362
7140363
7140364
7140365
7140366
7140367
7140368
7140369
7140370
7140371
7140372
7140373
7140374
7140375
7140376
7140377
7140378
7140379
7140380
7140381
7140382
7140383
7140384
7140385
7140386
7140387
7140388
7140389
7140390
7140391
7140392
7140393
7140394
7140395
7140396
7140397
7140398
7140399
7140400
7140401
7140402
7140403
7140404
7140405
7140406
7140407
7140408
7140409
7140410
7140411
7140412
7140413
7140414
7140415
7140416
7140417
7140418
7140419
7140420
7140421
7140422
7140423
7140424
7140425
7140426
7140427
7140428
7140429
7140430
7140431
7140432
7140433
7140434
7140435
7140436
7140437
7140438
7140439
7140440
7140441
7140442
7140443
7140444
7140445
7140446
7140447
7140448
7140449
7140450
7140451
7140452
7140453
7140454
7140455
7140456
7140457
7140458
7140459
7140460
7140461
7140462
7140463
7140464
7140465
7140466
7140467
7140468
7140469
7140470
7140471
7140472
7140473
7140474
7140475
7140476
7140477
7140478
7140479
7140480
7140481
7140482
7140483
7140484
7140485
7140486
7140487
7140488
7140489
7140490
7140491
7140492
7140493
7140494
7140495
7140496
7140497
7140498
7140499
7140500
7140501
7140502
7140503
7140504
7140505
7140506
7140507
7140508
7140509
7140510
7140511
7140512
7140513
7140514
7140515
7140516
7140517
7140518
7140519
7140520
7140521
7140522
7140523
7140524
7140525
7140526
7140527
7140528
7140529
7140530
7140531
7140532
7140533
7140534
7140535
7140536
7140537
7140538
7140539
7140540
7140541
7140542
7140543
7140544
7140545
7140546
7140547
7140548
7140549
7140550
7140551
7140552
7140553
7140554
7140555
7140556
7140557
7140558
7140559
7140560
7140561
7140562
7140563
7140564
7140565
7140566
7140567
7140568
7140569
7140570
7140571
7140572
7140573
7140574
7140575
7140576
7140577
7140578
7140579
7140580
7140581
7140582
7140583
7140584
7140585
7140586
7140587
7140588
7140589
7140590
7140591
7140592
7140593
7140594
7140595
7140596
7140597
7140598
7140599
7140600
7140601
7140602
7140603
7140604
7140605
7140606
7140607
7140608
7140609
7140610
7140611
7140612
7140613
7140614
7140615
7140616
7140617
7140618
7140619
7140620
7140621
7140622
7140623
7140624
7140625
7140626
7140627
7140628
7140629
7140630
7140631
7140632
7140633
7140634
7140635
7140636
7140637
7140638
7140639
7140640
7140641
7140642
7140643
7140644
7140645
7140646
7140647
7140648
7140649
7140650
7140651
7140652
7140653
7140654
7140655
7140656
7140657
7140658
7140659
7140660
7140661
7140662
7140663
7140664
7140665
7140666
7140667
7140668
7140669
7140670
7140671
7140672
7140673
7140674
7140675
7140676
7140677
7140678
7140679
7140680
7140681
7140682
7140683
7140684
7140685
7140686
7140687
7140688
7140689
7140690
7140691
7140692
7140693
7140694
7140695
7140696
7140697
7140698
7140699
7140700
7140701
7140702
7140703
7140704
7140705
7140706
7140707
7140708
7140709
7140710
7140711
7140712
7140713
7140714
7140715
7140716
7140717
7140718
7140719
7140720
7140721
7140722
7140723
7140724
7140725
7140726
7140727
7140728
7140729
7140730
7140731
7140732
7140733
7140734
7140735
7140736
7140737
7140738
7140739
7140740
7140741
7140742
7140743
7140744
7140745
7140746
7140747
7140748
7140749
7140750
7140751
7140752
7140753
7140754
7140755
7140756
7140757
7140758
7140759
7140760
7140761
7140762
7140763
7140764
7140765
7140766
7140767
7140768
7140769
7140770
7140771
7140772
7140773
7140774
7140775
7140776
7140777
7140778
7140779
7140780
7140781
7140782
7140783
7140784
7140785
7140786
7140787
7140788
7140789
7140790
7140791
7140792
7140793
7140794
7140795
7140796
7140797
7140798
7140799
7140800
7140801
7140802
7140803
7140804
7140805
7140806
7140807
7140808
7140809
7140810
7140811
7140812
7140813
7140814
7140815
7140816
7140817
7140818
7140819
7140820
7140821
7140822
7140823
7140824
7140825
7140826
7140827
7140828
7140829
7140830
7140831
7140832
7140833
7140834
7140835
7140836
7140837
7140838
7140839
7140840
7140841
7140842
7140843
7140844
7140845
7140846
7140847
7140848
7140849
7140850
7140851
7140852
7140853
7140854
7140855
7140856
7140857
7140858
7140859
7140860
7140861
7140862
7140863
7140864
7140865
7140866
7140867
7140868
7140869
7140870
7140871
7140872
7140873
7140874
7140875
7140876
7140877
7140878
7140879
7140880
7140881
7140882
7140883
7140884
7140885
7140886
7140887
7140888
7140889
7140890
7140891
7140892
7140893
7140894
7140895
7140896
7140897
7140898
7140899
7140900
7140901
7140902
7140903
7140904
7140905
7140906
7140907
7140908
7140909
7140910
7140911
7140912
7140913
7140914
7140915
7140916
7140917
7140918
7140919
7140920
7140921
7140922
7140923
7140924
7140925
7140926
7140927
7140928
7140929
7140930
7140931
7140932
7140933
7140934
7140935
7140936
7140937
7140938
7140939
7140940
7140941
7140942
7140943
7140944
7140945
7140946
7140947
7140948
7140949
7140950
7140951
7140952
7140953
7140954
7140955
7140956
7140957
7140958
7140959
7140960
7140961
7140962
7140963
7140964
7140965
7140966
7140967
7140968
7140969
7140970
7140971
7140972
7140973
7140974
7140975
7140976
7140977
7140978
7140979
7140980
7140981
7140982
7140983
7140984
7140985
7140986
7140987
7140988
7140989
7140990
7140991
7140992
7140993
7140994
7140995
7140996
7140997
7140998
7140999
7141000
7141001
7141002
7141003
7141004
7141005
7141006
7141007
7141008
7141009
7141010
7141011
7141012
7141013
7141014
7141015
7141016
7141017
7141018
7141019
7141020
7141021
7141022
7141023
7141024
7141025
7141026
7141027
7141028
7141029
7141030
7141031
7141032
7141033
7141034
7141035
7141036
7141037
7141038
7141039
7141040
7141041
7141042
7141043
7141044
7141045
7141046
7141047
7141048
7141049
7141050
7141051
7141052
7141053
7141054
7141055
7141056
7141057
7141058
7141059
7141060
7141061
7141062
7141063
7141064
7141065
7141066
7141067
7141068
7141069
7141070
7141071
7141072
7141073
7141074
7141075
7141076
7141077
7141078
7141079
7141080
7141081
7141082
7141083
7141084
7141085
7141086
7141087
7141088
7141089
7141090
7141091
7141092
7141093
7141094
7141095
7141096
7141097
7141098
7141099
7141100
7141101
7141102
7141103
7141104
7141105
7141106
7141107
7141108
7141109
7141110
7141111
7141112
7141113
7141114
7141115
7141116
7141117
7141118
7141119
7141120
7141121
7141122
7141123
7141124
7141125
7141126
7141127
7141128
7141129
7141130
7141131
7141132
7141133
7141134
7141135
7141136
7141137
7141138
7141139
7141140
7141141
7141142
7141143
7141144
7141145
7141146
7141147
7141148
7141149
7141150
7141151
7141152
7141153
7141154
7141155
7141156
7141157
7141158
7141159
7141160
7141161
7141162
7141163
7141164
7141165
7141166
7141167
7141168
7141169
7141170
7141171
7141172
7141173
7141174
7141175
7141176
7141177
7141178
7141179
7141180
7141181
7141182
7141183
7141184
7141185
7141186
7141187
7141188
7141189
7141190
7141191
7141192
7141193
7141194
7141195
7141196
7141197
7141198
7141199
7141200
7141201
7141202
7141203
7141204
7141205
7141206
7141207
7141208
7141209
7141210
7141211
7141212
7141213
7141214
7141215
7141216
7141217
7141218
7141219
7141220
7141221
7141222
7141223
7141224
7141225
7141226
7141227
7141228
7141229
7141230
7141231
7141232
7141233
7141234
7141235
7141236
7141237
7141238
7141239
7141240
7141241
7141242
7141243
7141244
7141245
7141246
7141247
7141248
7141249
7141250
7141251
7141252
7141253
7141254
7141255
7141256
7141257
7141258
7141259
7141260
7141261
7141262
7141263
7141264
7141265
7141266
7141267
7141268
7141269
7141270
7141271
7141272
7141273
7141274
7141275
7141276
7141277
7141278
7141279
7141280
7141281
7141282
7141283
7141284
7141285
7141286
7141287
7141288
7141289
7141290
7141291
7141292
7141293
7141294
7141295
7141296
7141297
7141298
7141299
7141300
7141301
7141302
7141303
7141304
7141305
7141306
7141307
7141308
7141309
7141310
7141311
7141312
7141313
7141314
7141315
7141316
7141317
7141318
7141319
7141320
7141321
7141322
7141323
7141324
7141325
7141326
7141327
7141328
7141329
7141330
7141331
7141332
7141333
7141334
7141335
7141336
7141337
7141338
7141339
7141340
7141341
7141342
7141343
7141344
7141345
7141346
7141347
7141348
7141349
7141350
7141351
7141352
7141353
7141354
7141355
7141356
7141357
7141358
7141359
7141360
7141361
7141362
7141363
7141364
7141365
7141366
7141367
7141368
7141369
7141370
7141371
7141372
7141373
7141374
7141375
7141376
7141377
7141378
7141379
7141380
7141381
7141382
7141383
7141384
7141385
7141386
7141387
7141388
7141389
7141390
7141391
7141392
7141393
7141394
7141395
7141396
7141397
7141398
7141399
7141400
7141401
7141402
7141403
7141404
7141405
7141406
7141407
7141408
7141409
7141410
7141411
7141412
7141413
7141414
7141415
7141416
7141417
7141418
7141419
7141420
7141421
7141422
7141423
7141424
7141425
7141426
7141427
7141428
7141429
7141430
7141431
7141432
7141433
7141434
7141435
7141436
7141437
7141438
7141439
7141440
7141441
7141442
7141443
7141444
7141445
7141446
7141447
7141448
7141449
7141450
7141451
7141452
7141453
7141454
7141455
7141456
7141457
7141458
7141459
7141460
7141461
7141462
7141463
7141464
7141465
7141466
7141467
7141468
7141469
7141470
7141471
7141472
7141473
7141474
7141475
7141476
7141477
7141478
7141479
7141480
7141481
7141482
7141483
7141484
7141485
7141486
7141487
7141488
7141489
7141490
7141491
7141492
7141493
7141494
7141495
7141496
7141497
7141498
7141499
7141500
7141501
7141502
7141503
7141504
7141505
7141506
7141507
7141508
7141509
7141510
7141511
7141512
7141513
7141514
7141515
7141516
7141517
7141518
7141519
7141520
7141521
7141522
7141523
7141524
7141525
7141526
7141527
7141528
7141529
7141530
7141531
7141532
7141533
7141534
7141535
7141536
7141537
7141538
7141539
7141540
7141541
7141542
7141543
7141544
7141545
7141546
7141547
7141548
7141549
7141550
7141551
7141552
7141553
7141554
7141555
7141556
7141557
7141558
7141559
7141560
7141561
7141562
7141563
7141564
7141565
7141566
7141567
7141568
7141569
7141570
7141571
7141572
7141573
7141574
7141575
7141576
7141577
7141578
7141579
7141580
7141581
7141582
7141583
7141584
7141585
7141586
7141587
7141588
7141589
7141590
7141591
7141592
7141593
7141594
7141595
7141596
7141597
7141598
7141599
7141600
7141601
7141602
7141603
7141604
7141605
7141606
7141607
7141608
7141609
7141610
7141611
7141612
7141613
7141614
7141615
7141616
7141617
7141618
7141619
7141620
7141621
7141622
7141623
7141624
7141625
7141626
7141627
7141628
7141629
7141630
7141631
7141632
7141633
7141634
7141635
7141636
7141637
7141638
7141639
7141640
7141641
7141642
7141643
7141644
7141645
7141646
7141647
7141648
7141649
7141650
7141651
7141652
7141653
7141654
7141655
7141656
7141657
7141658
7141659
7141660
7141661
7141662
7141663
7141664
7141665
7141666
7141667
7141668
7141669
7141670
7141671
7141672
7141673
7141674
7141675
7141676
7141677
7141678
7141679
7141680
7141681
7141682
7141683
7141684
7141685
7141686
7141687
7141688
7141689
7141690
7141691
7141692
7141693
7141694
7141695
7141696
7141697
7141698
7141699
7141700
7141701
7141702
7141703
7141704
7141705
7141706
7141707
7141708
7141709
7141710
7141711
7141712
7141713
7141714
7141715
7141716
7141717
7141718
7141719
7141720
7141721
7141722
7141723
7141724
7141725
7141726
7141727
7141728
7141729
7141730
7141731
7141732
7141733
7141734
7141735
7141736
7141737
7141738
7141739
7141740
7141741
7141742
7141743
7141744
7141745
7141746
7141747
7141748
7141749
7141750
7141751
7141752
7141753
7141754
7141755
7141756
7141757
7141758
7141759
7141760
7141761
7141762
7141763
7141764
7141765
7141766
7141767
7141768
7141769
7141770
7141771
7141772
7141773
7141774
7141775
7141776
7141777
7141778
7141779
7141780
7141781
7141782
7141783
7141784
7141785
7141786
7141787
7141788
7141789
7141790
7141791
7141792
7141793
7141794
7141795
7141796
7141797
7141798
7141799
7141800
7141801
7141802
7141803
7141804
7141805
7141806
7141807
7141808
7141809
7141810
7141811
7141812
7141813
7141814
7141815
7141816
7141817
7141818
7141819
7141820
7141821
7141822
7141823
7141824
7141825
7141826
7141827
7141828
7141829
7141830
7141831
7141832
7141833
7141834
7141835
7141836
7141837
7141838
7141839
7141840
7141841
7141842
7141843
7141844
7141845
7141846
7141847
7141848
7141849
7141850
7141851
7141852
7141853
7141854
7141855
7141856
7141857
7141858
7141859
7141860
7141861
7141862
7141863
7141864
7141865
7141866
7141867
7141868
7141869
7141870
7141871
7141872
7141873
7141874
7141875
7141876
7141877
7141878
7141879
7141880
7141881
7141882
7141883
7141884
7141885
7141886
7141887
7141888
7141889
7141890
7141891
7141892
7141893
7141894
7141895
7141896
7141897
7141898
7141899
7141900
7141901
7141902
7141903
7141904
7141905
7141906
7141907
7141908
7141909
7141910
7141911
7141912
7141913
7141914
7141915
7141916
7141917
7141918
7141919
7141920
7141921
7141922
7141923
7141924
7141925
7141926
7141927
7141928
7141929
7141930
7141931
7141932
7141933
7141934
7141935
7141936
7141937
7141938
7141939
7141940
7141941
7141942
7141943
7141944
7141945
7141946
7141947
7141948
7141949
7141950
7141951
7141952
7141953
7141954
7141955
7141956
7141957
7141958
7141959
7141960
7141961
7141962
7141963
7141964
7141965
7141966
7141967
7141968
7141969
7141970
7141971
7141972
7141973
7141974
7141975
7141976
7141977
7141978
7141979
7141980
7141981
7141982
7141983
7141984
7141985
7141986
7141987
7141988
7141989
7141990
7141991
7141992
7141993
7141994
7141995
7141996
7141997
7141998
7141999
7142000
7142001
7142002
7142003
7142004
7142005
7142006
7142007
7142008
7142009
7142010
7142011
7142012
7142013
7142014
7142015
7142016
7142017
7142018
7142019
7142020
7142021
7142022
7142023
7142024
7142025
7142026
7142027
7142028
7142029
7142030
7142031
7142032
7142033
7142034
7142035
7142036
7142037
7142038
7142039
7142040
7142041
7142042
7142043
7142044
7142045
7142046
7142047
7142048
7142049
7142050
7142051
7142052
7142053
7142054
7142055
7142056
7142057
7142058
7142059
7142060
7142061
7142062
7142063
7142064
7142065
7142066
7142067
7142068
7142069
7142070
7142071
7142072
7142073
7142074
7142075
7142076
7142077
7142078
7142079
7142080
7142081
7142082
7142083
7142084
7142085
7142086
7142087
7142088
7142089
7142090
7142091
7142092
7142093
7142094
7142095
7142096
7142097
7142098
7142099
7142100
7142101
7142102
7142103
7142104
7142105
7142106
7142107
7142108
7142109
7142110
7142111
7142112
7142113
7142114
7142115
7142116
7142117
7142118
7142119
7142120
7142121
7142122
7142123
7142124
7142125
7142126
7142127
7142128
7142129
7142130
7142131
7142132
7142133
7142134
7142135
7142136
7142137
7142138
7142139
7142140
7142141
7142142
7142143
7142144
7142145
7142146
7142147
7142148
7142149
7142150
7142151
7142152
7142153
7142154
7142155
7142156
7142157
7142158
7142159
7142160
7142161
7142162
7142163
7142164
7142165
7142166
7142167
7142168
7142169
7142170
7142171
7142172
7142173
7142174
7142175
7142176
7142177
7142178
7142179
7142180
7142181
7142182
7142183
7142184
7142185
7142186
7142187
7142188
7142189
7142190
7142191
7142192
7142193
7142194
7142195
7142196
7142197
7142198
7142199
7142200
7142201
7142202
7142203
7142204
7142205
7142206
7142207
7142208
7142209
7142210
7142211
7142212
7142213
7142214
7142215
7142216
7142217
7142218
7142219
7142220
7142221
7142222
7142223
7142224
7142225
7142226
7142227
7142228
7142229
7142230
7142231
7142232
7142233
7142234
7142235
7142236
7142237
7142238
7142239
7142240
7142241
7142242
7142243
7142244
7142245
7142246
7142247
7142248
7142249
7142250
7142251
7142252
7142253
7142254
7142255
7142256
7142257
7142258
7142259
7142260
7142261
7142262
7142263
7142264
7142265
7142266
7142267
7142268
7142269
7142270
7142271
7142272
7142273
7142274
7142275
7142276
7142277
7142278
7142279
7142280
7142281
7142282
7142283
7142284
7142285
7142286
7142287
7142288
7142289
7142290
7142291
7142292
7142293
7142294
7142295
7142296
7142297
7142298
7142299
7142300
7142301
7142302
7142303
7142304
7142305
7142306
7142307
7142308
7142309
7142310
7142311
7142312
7142313
7142314
7142315
7142316
7142317
7142318
7142319
7142320
7142321
7142322
7142323
7142324
7142325
7142326
7142327
7142328
7142329
7142330
7142331
7142332
7142333
7142334
7142335
7142336
7142337
7142338
7142339
7142340
7142341
7142342
7142343
7142344
7142345
7142346
7142347
7142348
7142349
7142350
7142351
7142352
7142353
7142354
7142355
7142356
7142357
7142358
7142359
7142360
7142361
7142362
7142363
7142364
7142365
7142366
7142367
7142368
7142369
7142370
7142371
7142372
7142373
7142374
7142375
7142376
7142377
7142378
7142379
7142380
7142381
7142382
7142383
7142384
7142385
7142386
7142387
7142388
7142389
7142390
7142391
7142392
7142393
7142394
7142395
7142396
7142397
7142398
7142399
7142400
7142401
7142402
7142403
7142404
7142405
7142406
7142407
7142408
7142409
7142410
7142411
7142412
7142413
7142414
7142415
7142416
7142417
7142418
7142419
7142420
7142421
7142422
7142423
7142424
7142425
7142426
7142427
7142428
7142429
7142430
7142431
7142432
7142433
7142434
7142435
7142436
7142437
7142438
7142439
7142440
7142441
7142442
7142443
7142444
7142445
7142446
7142447
7142448
7142449
7142450
7142451
7142452
7142453
7142454
7142455
7142456
7142457
7142458
7142459
7142460
7142461
7142462
7142463
7142464
7142465
7142466
7142467
7142468
7142469
7142470
7142471
7142472
7142473
7142474
7142475
7142476
7142477
7142478
7142479
7142480
7142481
7142482
7142483
7142484
7142485
7142486
7142487
7142488
7142489
7142490
7142491
7142492
7142493
7142494
7142495
7142496
7142497
7142498
7142499
7142500
7142501
7142502
7142503
7142504
7142505
7142506
7142507
7142508
7142509
7142510
7142511
7142512
7142513
7142514
7142515
7142516
7142517
7142518
7142519
7142520
7142521
7142522
7142523
7142524
7142525
7142526
7142527
7142528
7142529
7142530
7142531
7142532
7142533
7142534
7142535
7142536
7142537
7142538
7142539
7142540
7142541
7142542
7142543
7142544
7142545
7142546
7142547
7142548
7142549
7142550
7142551
7142552
7142553
7142554
7142555
7142556
7142557
7142558
7142559
7142560
7142561
7142562
7142563
7142564
7142565
7142566
7142567
7142568
7142569
7142570
7142571
7142572
7142573
7142574
7142575
7142576
7142577
7142578
7142579
7142580
7142581
7142582
7142583
7142584
7142585
7142586
7142587
7142588
7142589
7142590
7142591
7142592
7142593
7142594
7142595
7142596
7142597
7142598
7142599
7142600
7142601
7142602
7142603
7142604
7142605
7142606
7142607
7142608
7142609
7142610
7142611
7142612
7142613
7142614
7142615
7142616
7142617
7142618
7142619
7142620
7142621
7142622
7142623
7142624
7142625
7142626
7142627
7142628
7142629
7142630
7142631
7142632
7142633
7142634
7142635
7142636
7142637
7142638
7142639
7142640
7142641
7142642
7142643
7142644
7142645
7142646
7142647
7142648
7142649
7142650
7142651
7142652
7142653
7142654
7142655
7142656
7142657
7142658
7142659
7142660
7142661
7142662
7142663
7142664
7142665
7142666
7142667
7142668
7142669
7142670
7142671
7142672
7142673
7142674
7142675
7142676
7142677
7142678
7142679
7142680
7142681
7142682
7142683
7142684
7142685
7142686
7142687
7142688
7142689
7142690
7142691
7142692
7142693
7142694
7142695
7142696
7142697
7142698
7142699
7142700
7142701
7142702
7142703
7142704
7142705
7142706
7142707
7142708
7142709
7142710
7142711
7142712
7142713
7142714
7142715
7142716
7142717
7142718
7142719
7142720
7142721
7142722
7142723
7142724
7142725
7142726
7142727
7142728
7142729
7142730
7142731
7142732
7142733
7142734
7142735
7142736
7142737
7142738
7142739
7142740
7142741
7142742
7142743
7142744
7142745
7142746
7142747
7142748
7142749
7142750
7142751
7142752
7142753
7142754
7142755
7142756
7142757
7142758
7142759
7142760
7142761
7142762
7142763
7142764
7142765
7142766
7142767
7142768
7142769
7142770
7142771
7142772
7142773
7142774
7142775
7142776
7142777
7142778
7142779
7142780
7142781
7142782
7142783
7142784
7142785
7142786
7142787
7142788
7142789
7142790
7142791
7142792
7142793
7142794
7142795
7142796
7142797
7142798
7142799
7142800
7142801
7142802
7142803
7142804
7142805
7142806
7142807
7142808
7142809
7142810
7142811
7142812
7142813
7142814
7142815
7142816
7142817
7142818
7142819
7142820
7142821
7142822
7142823
7142824
7142825
7142826
7142827
7142828
7142829
7142830
7142831
7142832
7142833
7142834
7142835
7142836
7142837
7142838
7142839
7142840
7142841
7142842
7142843
7142844
7142845
7142846
7142847
7142848
7142849
7142850
7142851
7142852
7142853
7142854
7142855
7142856
7142857
7142858
7142859
7142860
7142861
7142862
7142863
7142864
7142865
7142866
7142867
7142868
7142869
7142870
7142871
7142872
7142873
7142874
7142875
7142876
7142877
7142878
7142879
7142880
7142881
7142882
7142883
7142884
7142885
7142886
7142887
7142888
7142889
7142890
7142891
7142892
7142893
7142894
7142895
7142896
7142897
7142898
7142899
7142900
7142901
7142902
7142903
7142904
7142905
7142906
7142907
7142908
7142909
7142910
7142911
7142912
7142913
7142914
7142915
7142916
7142917
7142918
7142919
7142920
7142921
7142922
7142923
7142924
7142925
7142926
7142927
7142928
7142929
7142930
7142931
7142932
7142933
7142934
7142935
7142936
7142937
7142938
7142939
7142940
7142941
7142942
7142943
7142944
7142945
7142946
7142947
7142948
7142949
7142950
7142951
7142952
7142953
7142954
7142955
7142956
7142957
7142958
7142959
7142960
7142961
7142962
7142963
7142964
7142965
7142966
7142967
7142968
7142969
7142970
7142971
7142972
7142973
7142974
7142975
7142976
7142977
7142978
7142979
7142980
7142981
7142982
7142983
7142984
7142985
7142986
7142987
7142988
7142989
7142990
7142991
7142992
7142993
7142994
7142995
7142996
7142997
7142998
7142999
7143000
7143001
7143002
7143003
7143004
7143005
7143006
7143007
7143008
7143009
7143010
7143011
7143012
7143013
7143014
7143015
7143016
7143017
7143018
7143019
7143020
7143021
7143022
7143023
7143024
7143025
7143026
7143027
7143028
7143029
7143030
7143031
7143032
7143033
7143034
7143035
7143036
7143037
7143038
7143039
7143040
7143041
7143042
7143043
7143044
7143045
7143046
7143047
7143048
7143049
7143050
7143051
7143052
7143053
7143054
7143055
7143056
7143057
7143058
7143059
7143060
7143061
7143062
7143063
7143064
7143065
7143066
7143067
7143068
7143069
7143070
7143071
7143072
7143073
7143074
7143075
7143076
7143077
7143078
7143079
7143080
7143081
7143082
7143083
7143084
7143085
7143086
7143087
7143088
7143089
7143090
7143091
7143092
7143093
7143094
7143095
7143096
7143097
7143098
7143099
7143100
7143101
7143102
7143103
7143104
7143105
7143106
7143107
7143108
7143109
7143110
7143111
7143112
7143113
7143114
7143115
7143116
7143117
7143118
7143119
7143120
7143121
7143122
7143123
7143124
7143125
7143126
7143127
7143128
7143129
7143130
7143131
7143132
7143133
7143134
7143135
7143136
7143137
7143138
7143139
7143140
7143141
7143142
7143143
7143144
7143145
7143146
7143147
7143148
7143149
7143150
7143151
7143152
7143153
7143154
7143155
7143156
7143157
7143158
7143159
7143160
7143161
7143162
7143163
7143164
7143165
7143166
7143167
7143168
7143169
7143170
7143171
7143172
7143173
7143174
7143175
7143176
7143177
7143178
7143179
7143180
7143181
7143182
7143183
7143184
7143185
7143186
7143187
7143188
7143189
7143190
7143191
7143192
7143193
7143194
7143195
7143196
7143197
7143198
7143199
7143200
7143201
7143202
7143203
7143204
7143205
7143206
7143207
7143208
7143209
7143210
7143211
7143212
7143213
7143214
7143215
7143216
7143217
7143218
7143219
7143220
7143221
7143222
7143223
7143224
7143225
7143226
7143227
7143228
7143229
7143230
7143231
7143232
7143233
7143234
7143235
7143236
7143237
7143238
7143239
7143240
7143241
7143242
7143243
7143244
7143245
7143246
7143247
7143248
7143249
7143250
7143251
7143252
7143253
7143254
7143255
7143256
7143257
7143258
7143259
7143260
7143261
7143262
7143263
7143264
7143265
7143266
7143267
7143268
7143269
7143270
7143271
7143272
7143273
7143274
7143275
7143276
7143277
7143278
7143279
7143280
7143281
7143282
7143283
7143284
7143285
7143286
7143287
7143288
7143289
7143290
7143291
7143292
7143293
7143294
7143295
7143296
7143297
7143298
7143299
7143300
7143301
7143302
7143303
7143304
7143305
7143306
7143307
7143308
7143309
7143310
7143311
7143312
7143313
7143314
7143315
7143316
7143317
7143318
7143319
7143320
7143321
7143322
7143323
7143324
7143325
7143326
7143327
7143328
7143329
7143330
7143331
7143332
7143333
7143334
7143335
7143336
7143337
7143338
7143339
7143340
7143341
7143342
7143343
7143344
7143345
7143346
7143347
7143348
7143349
7143350
7143351
7143352
7143353
7143354
7143355
7143356
7143357
7143358
7143359
7143360
7143361
7143362
7143363
7143364
7143365
7143366
7143367
7143368
7143369
7143370
7143371
7143372
7143373
7143374
7143375
7143376
7143377
7143378
7143379
7143380
7143381
7143382
7143383
7143384
7143385
7143386
7143387
7143388
7143389
7143390
7143391
7143392
7143393
7143394
7143395
7143396
7143397
7143398
7143399
7143400
7143401
7143402
7143403
7143404
7143405
7143406
7143407
7143408
7143409
7143410
7143411
7143412
7143413
7143414
7143415
7143416
7143417
7143418
7143419
7143420
7143421
7143422
7143423
7143424
7143425
7143426
7143427
7143428
7143429
7143430
7143431
7143432
7143433
7143434
7143435
7143436
7143437
7143438
7143439
7143440
7143441
7143442
7143443
7143444
7143445
7143446
7143447
7143448
7143449
7143450
7143451
7143452
7143453
7143454
7143455
7143456
7143457
7143458
7143459
7143460
7143461
7143462
7143463
7143464
7143465
7143466
7143467
7143468
7143469
7143470
7143471
7143472
7143473
7143474
7143475
7143476
7143477
7143478
7143479
7143480
7143481
7143482
7143483
7143484
7143485
7143486
7143487
7143488
7143489
7143490
7143491
7143492
7143493
7143494
7143495
7143496
7143497
7143498
7143499
7143500
7143501
7143502
7143503
7143504
7143505
7143506
7143507
7143508
7143509
7143510
7143511
7143512
7143513
7143514
7143515
7143516
7143517
7143518
7143519
7143520
7143521
7143522
7143523
7143524
7143525
7143526
7143527
7143528
7143529
7143530
7143531
7143532
7143533
7143534
7143535
7143536
7143537
7143538
7143539
7143540
7143541
7143542
7143543
7143544
7143545
7143546
7143547
7143548
7143549
7143550
7143551
7143552
7143553
7143554
7143555
7143556
7143557
7143558
7143559
7143560
7143561
7143562
7143563
7143564
7143565
7143566
7143567
7143568
7143569
7143570
7143571
7143572
7143573
7143574
7143575
7143576
7143577
7143578
7143579
7143580
7143581
7143582
7143583
7143584
7143585
7143586
7143587
7143588
7143589
7143590
7143591
7143592
7143593
7143594
7143595
7143596
7143597
7143598
7143599
7143600
7143601
7143602
7143603
7143604
7143605
7143606
7143607
7143608
7143609
7143610
7143611
7143612
7143613
7143614
7143615
7143616
7143617
7143618
7143619
7143620
7143621
7143622
7143623
7143624
7143625
7143626
7143627
7143628
7143629
7143630
7143631
7143632
7143633
7143634
7143635
7143636
7143637
7143638
7143639
7143640
7143641
7143642
7143643
7143644
7143645
7143646
7143647
7143648
7143649
7143650
7143651
7143652
7143653
7143654
7143655
7143656
7143657
7143658
7143659
7143660
7143661
7143662
7143663
7143664
7143665
7143666
7143667
7143668
7143669
7143670
7143671
7143672
7143673
7143674
7143675
7143676
7143677
7143678
7143679
7143680
7143681
7143682
7143683
7143684
7143685
7143686
7143687
7143688
7143689
7143690
7143691
7143692
7143693
7143694
7143695
7143696
7143697
7143698
7143699
7143700
7143701
7143702
7143703
7143704
7143705
7143706
7143707
7143708
7143709
7143710
7143711
7143712
7143713
7143714
7143715
7143716
7143717
7143718
7143719
7143720
7143721
7143722
7143723
7143724
7143725
7143726
7143727
7143728
7143729
7143730
7143731
7143732
7143733
7143734
7143735
7143736
7143737
7143738
7143739
7143740
7143741
7143742
7143743
7143744
7143745
7143746
7143747
7143748
7143749
7143750
7143751
7143752
7143753
7143754
7143755
7143756
7143757
7143758
7143759
7143760
7143761
7143762
7143763
7143764
7143765
7143766
7143767
7143768
7143769
7143770
7143771
7143772
7143773
7143774
7143775
7143776
7143777
7143778
7143779
7143780
7143781
7143782
7143783
7143784
7143785
7143786
7143787
7143788
7143789
7143790
7143791
7143792
7143793
7143794
7143795
7143796
7143797
7143798
7143799
7143800
7143801
7143802
7143803
7143804
7143805
7143806
7143807
7143808
7143809
7143810
7143811
7143812
7143813
7143814
7143815
7143816
7143817
7143818
7143819
7143820
7143821
7143822
7143823
7143824
7143825
7143826
7143827
7143828
7143829
7143830
7143831
7143832
7143833
7143834
7143835
7143836
7143837
7143838
7143839
7143840
7143841
7143842
7143843
7143844
7143845
7143846
7143847
7143848
7143849
7143850
7143851
7143852
7143853
7143854
7143855
7143856
7143857
7143858
7143859
7143860
7143861
7143862
7143863
7143864
7143865
7143866
7143867
7143868
7143869
7143870
7143871
7143872
7143873
7143874
7143875
7143876
7143877
7143878
7143879
7143880
7143881
7143882
7143883
7143884
7143885
7143886
7143887
7143888
7143889
7143890
7143891
7143892
7143893
7143894
7143895
7143896
7143897
7143898
7143899
7143900
7143901
7143902
7143903
7143904
7143905
7143906
7143907
7143908
7143909
7143910
7143911
7143912
7143913
7143914
7143915
7143916
7143917
7143918
7143919
7143920
7143921
7143922
7143923
7143924
7143925
7143926
7143927
7143928
7143929
7143930
7143931
7143932
7143933
7143934
7143935
7143936
7143937
7143938
7143939
7143940
7143941
7143942
7143943
7143944
7143945
7143946
7143947
7143948
7143949
7143950
7143951
7143952
7143953
7143954
7143955
7143956
7143957
7143958
7143959
7143960
7143961
7143962
7143963
7143964
7143965
7143966
7143967
7143968
7143969
7143970
7143971
7143972
7143973
7143974
7143975
7143976
7143977
7143978
7143979
7143980
7143981
7143982
7143983
7143984
7143985
7143986
7143987
7143988
7143989
7143990
7143991
7143992
7143993
7143994
7143995
7143996
7143997
7143998
7143999
7144000
7144001
7144002
7144003
7144004
7144005
7144006
7144007
7144008
7144009
7144010
7144011
7144012
7144013
7144014
7144015
7144016
7144017
7144018
7144019
7144020
7144021
7144022
7144023
7144024
7144025
7144026
7144027
7144028
7144029
7144030
7144031
7144032
7144033
7144034
7144035
7144036
7144037
7144038
7144039
7144040
7144041
7144042
7144043
7144044
7144045
7144046
7144047
7144048
7144049
7144050
7144051
7144052
7144053
7144054
7144055
7144056
7144057
7144058
7144059
7144060
7144061
7144062
7144063
7144064
7144065
7144066
7144067
7144068
7144069
7144070
7144071
7144072
7144073
7144074
7144075
7144076
7144077
7144078
7144079
7144080
7144081
7144082
7144083
7144084
7144085
7144086
7144087
7144088
7144089
7144090
7144091
7144092
7144093
7144094
7144095
7144096
7144097
7144098
7144099
7144100
7144101
7144102
7144103
7144104
7144105
7144106
7144107
7144108
7144109
7144110
7144111
7144112
7144113
7144114
7144115
7144116
7144117
7144118
7144119
7144120
7144121
7144122
7144123
7144124
7144125
7144126
7144127
7144128
7144129
7144130
7144131
7144132
7144133
7144134
7144135
7144136
7144137
7144138
7144139
7144140
7144141
7144142
7144143
7144144
7144145
7144146
7144147
7144148
7144149
7144150
7144151
7144152
7144153
7144154
7144155
7144156
7144157
7144158
7144159
7144160
7144161
7144162
7144163
7144164
7144165
7144166
7144167
7144168
7144169
7144170
7144171
7144172
7144173
7144174
7144175
7144176
7144177
7144178
7144179
7144180
7144181
7144182
7144183
7144184
7144185
7144186
7144187
7144188
7144189
7144190
7144191
7144192
7144193
7144194
7144195
7144196
7144197
7144198
7144199
7144200
7144201
7144202
7144203
7144204
7144205
7144206
7144207
7144208
7144209
7144210
7144211
7144212
7144213
7144214
7144215
7144216
7144217
7144218
7144219
7144220
7144221
7144222
7144223
7144224
7144225
7144226
7144227
7144228
7144229
7144230
7144231
7144232
7144233
7144234
7144235
7144236
7144237
7144238
7144239
7144240
7144241
7144242
7144243
7144244
7144245
7144246
7144247
7144248
7144249
7144250
7144251
7144252
7144253
7144254
7144255
7144256
7144257
7144258
7144259
7144260
7144261
7144262
7144263
7144264
7144265
7144266
7144267
7144268
7144269
7144270
7144271
7144272
7144273
7144274
7144275
7144276
7144277
7144278
7144279
7144280
7144281
7144282
7144283
7144284
7144285
7144286
7144287
7144288
7144289
7144290
7144291
7144292
7144293
7144294
7144295
7144296
7144297
7144298
7144299
7144300
7144301
7144302
7144303
7144304
7144305
7144306
7144307
7144308
7144309
7144310
7144311
7144312
7144313
7144314
7144315
7144316
7144317
7144318
7144319
7144320
7144321
7144322
7144323
7144324
7144325
7144326
7144327
7144328
7144329
7144330
7144331
7144332
7144333
7144334
7144335
7144336
7144337
7144338
7144339
7144340
7144341
7144342
7144343
7144344
7144345
7144346
7144347
7144348
7144349
7144350
7144351
7144352
7144353
7144354
7144355
7144356
7144357
7144358
7144359
7144360
7144361
7144362
7144363
7144364
7144365
7144366
7144367
7144368
7144369
7144370
7144371
7144372
7144373
7144374
7144375
7144376
7144377
7144378
7144379
7144380
7144381
7144382
7144383
7144384
7144385
7144386
7144387
7144388
7144389
7144390
7144391
7144392
7144393
7144394
7144395
7144396
7144397
7144398
7144399
7144400
7144401
7144402
7144403
7144404
7144405
7144406
7144407
7144408
7144409
7144410
7144411
7144412
7144413
7144414
7144415
7144416
7144417
7144418
7144419
7144420
7144421
7144422
7144423
7144424
7144425
7144426
7144427
7144428
7144429
7144430
7144431
7144432
7144433
7144434
7144435
7144436
7144437
7144438
7144439
7144440
7144441
7144442
7144443
7144444
7144445
7144446
7144447
7144448
7144449
7144450
7144451
7144452
7144453
7144454
7144455
7144456
7144457
7144458
7144459
7144460
7144461
7144462
7144463
7144464
7144465
7144466
7144467
7144468
7144469
7144470
7144471
7144472
7144473
7144474
7144475
7144476
7144477
7144478
7144479
7144480
7144481
7144482
7144483
7144484
7144485
7144486
7144487
7144488
7144489
7144490
7144491
7144492
7144493
7144494
7144495
7144496
7144497
7144498
7144499
7144500
7144501
7144502
7144503
7144504
7144505
7144506
7144507
7144508
7144509
7144510
7144511
7144512
7144513
7144514
7144515
7144516
7144517
7144518
7144519
7144520
7144521
7144522
7144523
7144524
7144525
7144526
7144527
7144528
7144529
7144530
7144531
7144532
7144533
7144534
7144535
7144536
7144537
7144538
7144539
7144540
7144541
7144542
7144543
7144544
7144545
7144546
7144547
7144548
7144549
7144550
7144551
7144552
7144553
7144554
7144555
7144556
7144557
7144558
7144559
7144560
7144561
7144562
7144563
7144564
7144565
7144566
7144567
7144568
7144569
7144570
7144571
7144572
7144573
7144574
7144575
7144576
7144577
7144578
7144579
7144580
7144581
7144582
7144583
7144584
7144585
7144586
7144587
7144588
7144589
7144590
7144591
7144592
7144593
7144594
7144595
7144596
7144597
7144598
7144599
7144600
7144601
7144602
7144603
7144604
7144605
7144606
7144607
7144608
7144609
7144610
7144611
7144612
7144613
7144614
7144615
7144616
7144617
7144618
7144619
7144620
7144621
7144622
7144623
7144624
7144625
7144626
7144627
7144628
7144629
7144630
7144631
7144632
7144633
7144634
7144635
7144636
7144637
7144638
7144639
7144640
7144641
7144642
7144643
7144644
7144645
7144646
7144647
7144648
7144649
7144650
7144651
7144652
7144653
7144654
7144655
7144656
7144657
7144658
7144659
7144660
7144661
7144662
7144663
7144664
7144665
7144666
7144667
7144668
7144669
7144670
7144671
7144672
7144673
7144674
7144675
7144676
7144677
7144678
7144679
7144680
7144681
7144682
7144683
7144684
7144685
7144686
7144687
7144688
7144689
7144690
7144691
7144692
7144693
7144694
7144695
7144696
7144697
7144698
7144699
7144700
7144701
7144702
7144703
7144704
7144705
7144706
7144707
7144708
7144709
7144710
7144711
7144712
7144713
7144714
7144715
7144716
7144717
7144718
7144719
7144720
7144721
7144722
7144723
7144724
7144725
7144726
7144727
7144728
7144729
7144730
7144731
7144732
7144733
7144734
7144735
7144736
7144737
7144738
7144739
7144740
7144741
7144742
7144743
7144744
7144745
7144746
7144747
7144748
7144749
7144750
7144751
7144752
7144753
7144754
7144755
7144756
7144757
7144758
7144759
7144760
7144761
7144762
7144763
7144764
7144765
7144766
7144767
7144768
7144769
7144770
7144771
7144772
7144773
7144774
7144775
7144776
7144777
7144778
7144779
7144780
7144781
7144782
7144783
7144784
7144785
7144786
7144787
7144788
7144789
7144790
7144791
7144792
7144793
7144794
7144795
7144796
7144797
7144798
7144799
7144800
7144801
7144802
7144803
7144804
7144805
7144806
7144807
7144808
7144809
7144810
7144811
7144812
7144813
7144814
7144815
7144816
7144817
7144818
7144819
7144820
7144821
7144822
7144823
7144824
7144825
7144826
7144827
7144828
7144829
7144830
7144831
7144832
7144833
7144834
7144835
7144836
7144837
7144838
7144839
7144840
7144841
7144842
7144843
7144844
7144845
7144846
7144847
7144848
7144849
7144850
7144851
7144852
7144853
7144854
7144855
7144856
7144857
7144858
7144859
7144860
7144861
7144862
7144863
7144864
7144865
7144866
7144867
7144868
7144869
7144870
7144871
7144872
7144873
7144874
7144875
7144876
7144877
7144878
7144879
7144880
7144881
7144882
7144883
7144884
7144885
7144886
7144887
7144888
7144889
7144890
7144891
7144892
7144893
7144894
7144895
7144896
7144897
7144898
7144899
7144900
7144901
7144902
7144903
7144904
7144905
7144906
7144907
7144908
7144909
7144910
7144911
7144912
7144913
7144914
7144915
7144916
7144917
7144918
7144919
7144920
7144921
7144922
7144923
7144924
7144925
7144926
7144927
7144928
7144929
7144930
7144931
7144932
7144933
7144934
7144935
7144936
7144937
7144938
7144939
7144940
7144941
7144942
7144943
7144944
7144945
7144946
7144947
7144948
7144949
7144950
7144951
7144952
7144953
7144954
7144955
7144956
7144957
7144958
7144959
7144960
7144961
7144962
7144963
7144964
7144965
7144966
7144967
7144968
7144969
7144970
7144971
7144972
7144973
7144974
7144975
7144976
7144977
7144978
7144979
7144980
7144981
7144982
7144983
7144984
7144985
7144986
7144987
7144988
7144989
7144990
7144991
7144992
7144993
7144994
7144995
7144996
7144997
7144998
7144999
7145000
7145001
7145002
7145003
7145004
7145005
7145006
7145007
7145008
7145009
7145010
7145011
7145012
7145013
7145014
7145015
7145016
7145017
7145018
7145019
7145020
7145021
7145022
7145023
7145024
7145025
7145026
7145027
7145028
7145029
7145030
7145031
7145032
7145033
7145034
7145035
7145036
7145037
7145038
7145039
7145040
7145041
7145042
7145043
7145044
7145045
7145046
7145047
7145048
7145049
7145050
7145051
7145052
7145053
7145054
7145055
7145056
7145057
7145058
7145059
7145060
7145061
7145062
7145063
7145064
7145065
7145066
7145067
7145068
7145069
7145070
7145071
7145072
7145073
7145074
7145075
7145076
7145077
7145078
7145079
7145080
7145081
7145082
7145083
7145084
7145085
7145086
7145087
7145088
7145089
7145090
7145091
7145092
7145093
7145094
7145095
7145096
7145097
7145098
7145099
7145100
7145101
7145102
7145103
7145104
7145105
7145106
7145107
7145108
7145109
7145110
7145111
7145112
7145113
7145114
7145115
7145116
7145117
7145118
7145119
7145120
7145121
7145122
7145123
7145124
7145125
7145126
7145127
7145128
7145129
7145130
7145131
7145132
7145133
7145134
7145135
7145136
7145137
7145138
7145139
7145140
7145141
7145142
7145143
7145144
7145145
7145146
7145147
7145148
7145149
7145150
7145151
7145152
7145153
7145154
7145155
7145156
7145157
7145158
7145159
7145160
7145161
7145162
7145163
7145164
7145165
7145166
7145167
7145168
7145169
7145170
7145171
7145172
7145173
7145174
7145175
7145176
7145177
7145178
7145179
7145180
7145181
7145182
7145183
7145184
7145185
7145186
7145187
7145188
7145189
7145190
7145191
7145192
7145193
7145194
7145195
7145196
7145197
7145198
7145199
7145200
7145201
7145202
7145203
7145204
7145205
7145206
7145207
7145208
7145209
7145210
7145211
7145212
7145213
7145214
7145215
7145216
7145217
7145218
7145219
7145220
7145221
7145222
7145223
7145224
7145225
7145226
7145227
7145228
7145229
7145230
7145231
7145232
7145233
7145234
7145235
7145236
7145237
7145238
7145239
7145240
7145241
7145242
7145243
7145244
7145245
7145246
7145247
7145248
7145249
7145250
7145251
7145252
7145253
7145254
7145255
7145256
7145257
7145258
7145259
7145260
7145261
7145262
7145263
7145264
7145265
7145266
7145267
7145268
7145269
7145270
7145271
7145272
7145273
7145274
7145275
7145276
7145277
7145278
7145279
7145280
7145281
7145282
7145283
7145284
7145285
7145286
7145287
7145288
7145289
7145290
7145291
7145292
7145293
7145294
7145295
7145296
7145297
7145298
7145299
7145300
7145301
7145302
7145303
7145304
7145305
7145306
7145307
7145308
7145309
7145310
7145311
7145312
7145313
7145314
7145315
7145316
7145317
7145318
7145319
7145320
7145321
7145322
7145323
7145324
7145325
7145326
7145327
7145328
7145329
7145330
7145331
7145332
7145333
7145334
7145335
7145336
7145337
7145338
7145339
7145340
7145341
7145342
7145343
7145344
7145345
7145346
7145347
7145348
7145349
7145350
7145351
7145352
7145353
7145354
7145355
7145356
7145357
7145358
7145359
7145360
7145361
7145362
7145363
7145364
7145365
7145366
7145367
7145368
7145369
7145370
7145371
7145372
7145373
7145374
7145375
7145376
7145377
7145378
7145379
7145380
7145381
7145382
7145383
7145384
7145385
7145386
7145387
7145388
7145389
7145390
7145391
7145392
7145393
7145394
7145395
7145396
7145397
7145398
7145399
7145400
7145401
7145402
7145403
7145404
7145405
7145406
7145407
7145408
7145409
7145410
7145411
7145412
7145413
7145414
7145415
7145416
7145417
7145418
7145419
7145420
7145421
7145422
7145423
7145424
7145425
7145426
7145427
7145428
7145429
7145430
7145431
7145432
7145433
7145434
7145435
7145436
7145437
7145438
7145439
7145440
7145441
7145442
7145443
7145444
7145445
7145446
7145447
7145448
7145449
7145450
7145451
7145452
7145453
7145454
7145455
7145456
7145457
7145458
7145459
7145460
7145461
7145462
7145463
7145464
7145465
7145466
7145467
7145468
7145469
7145470
7145471
7145472
7145473
7145474
7145475
7145476
7145477
7145478
7145479
7145480
7145481
7145482
7145483
7145484
7145485
7145486
7145487
7145488
7145489
7145490
7145491
7145492
7145493
7145494
7145495
7145496
7145497
7145498
7145499
7145500
7145501
7145502
7145503
7145504
7145505
7145506
7145507
7145508
7145509
7145510
7145511
7145512
7145513
7145514
7145515
7145516
7145517
7145518
7145519
7145520
7145521
7145522
7145523
7145524
7145525
7145526
7145527
7145528
7145529
7145530
7145531
7145532
7145533
7145534
7145535
7145536
7145537
7145538
7145539
7145540
7145541
7145542
7145543
7145544
7145545
7145546
7145547
7145548
7145549
7145550
7145551
7145552
7145553
7145554
7145555
7145556
7145557
7145558
7145559
7145560
7145561
7145562
7145563
7145564
7145565
7145566
7145567
7145568
7145569
7145570
7145571
7145572
7145573
7145574
7145575
7145576
7145577
7145578
7145579
7145580
7145581
7145582
7145583
7145584
7145585
7145586
7145587
7145588
7145589
7145590
7145591
7145592
7145593
7145594
7145595
7145596
7145597
7145598
7145599
7145600
7145601
7145602
7145603
7145604
7145605
7145606
7145607
7145608
7145609
7145610
7145611
7145612
7145613
7145614
7145615
7145616
7145617
7145618
7145619
7145620
7145621
7145622
7145623
7145624
7145625
7145626
7145627
7145628
7145629
7145630
7145631
7145632
7145633
7145634
7145635
7145636
7145637
7145638
7145639
7145640
7145641
7145642
7145643
7145644
7145645
7145646
7145647
7145648
7145649
7145650
7145651
7145652
7145653
7145654
7145655
7145656
7145657
7145658
7145659
7145660
7145661
7145662
7145663
7145664
7145665
7145666
7145667
7145668
7145669
7145670
7145671
7145672
7145673
7145674
7145675
7145676
7145677
7145678
7145679
7145680
7145681
7145682
7145683
7145684
7145685
7145686
7145687
7145688
7145689
7145690
7145691
7145692
7145693
7145694
7145695
7145696
7145697
7145698
7145699
7145700
7145701
7145702
7145703
7145704
7145705
7145706
7145707
7145708
7145709
7145710
7145711
7145712
7145713
7145714
7145715
7145716
7145717
7145718
7145719
7145720
7145721
7145722
7145723
7145724
7145725
7145726
7145727
7145728
7145729
7145730
7145731
7145732
7145733
7145734
7145735
7145736
7145737
7145738
7145739
7145740
7145741
7145742
7145743
7145744
7145745
7145746
7145747
7145748
7145749
7145750
7145751
7145752
7145753
7145754
7145755
7145756
7145757
7145758
7145759
7145760
7145761
7145762
7145763
7145764
7145765
7145766
7145767
7145768
7145769
7145770
7145771
7145772
7145773
7145774
7145775
7145776
7145777
7145778
7145779
7145780
7145781
7145782
7145783
7145784
7145785
7145786
7145787
7145788
7145789
7145790
7145791
7145792
7145793
7145794
7145795
7145796
7145797
7145798
7145799
7145800
7145801
7145802
7145803
7145804
7145805
7145806
7145807
7145808
7145809
7145810
7145811
7145812
7145813
7145814
7145815
7145816
7145817
7145818
7145819
7145820
7145821
7145822
7145823
7145824
7145825
7145826
7145827
7145828
7145829
7145830
7145831
7145832
7145833
7145834
7145835
7145836
7145837
7145838
7145839
7145840
7145841
7145842
7145843
7145844
7145845
7145846
7145847
7145848
7145849
7145850
7145851
7145852
7145853
7145854
7145855
7145856
7145857
7145858
7145859
7145860
7145861
7145862
7145863
7145864
7145865
7145866
7145867
7145868
7145869
7145870
7145871
7145872
7145873
7145874
7145875
7145876
7145877
7145878
7145879
7145880
7145881
7145882
7145883
7145884
7145885
7145886
7145887
7145888
7145889
7145890
7145891
7145892
7145893
7145894
7145895
7145896
7145897
7145898
7145899
7145900
7145901
7145902
7145903
7145904
7145905
7145906
7145907
7145908
7145909
7145910
7145911
7145912
7145913
7145914
7145915
7145916
7145917
7145918
7145919
7145920
7145921
7145922
7145923
7145924
7145925
7145926
7145927
7145928
7145929
7145930
7145931
7145932
7145933
7145934
7145935
7145936
7145937
7145938
7145939
7145940
7145941
7145942
7145943
7145944
7145945
7145946
7145947
7145948
7145949
7145950
7145951
7145952
7145953
7145954
7145955
7145956
7145957
7145958
7145959
7145960
7145961
7145962
7145963
7145964
7145965
7145966
7145967
7145968
7145969
7145970
7145971
7145972
7145973
7145974
7145975
7145976
7145977
7145978
7145979
7145980
7145981
7145982
7145983
7145984
7145985
7145986
7145987
7145988
7145989
7145990
7145991
7145992
7145993
7145994
7145995
7145996
7145997
7145998
7145999
7146000
7146001
7146002
7146003
7146004
7146005
7146006
7146007
7146008
7146009
7146010
7146011
7146012
7146013
7146014
7146015
7146016
7146017
7146018
7146019
7146020
7146021
7146022
7146023
7146024
7146025
7146026
7146027
7146028
7146029
7146030
7146031
7146032
7146033
7146034
7146035
7146036
7146037
7146038
7146039
7146040
7146041
7146042
7146043
7146044
7146045
7146046
7146047
7146048
7146049
7146050
7146051
7146052
7146053
7146054
7146055
7146056
7146057
7146058
7146059
7146060
7146061
7146062
7146063
7146064
7146065
7146066
7146067
7146068
7146069
7146070
7146071
7146072
7146073
7146074
7146075
7146076
7146077
7146078
7146079
7146080
7146081
7146082
7146083
7146084
7146085
7146086
7146087
7146088
7146089
7146090
7146091
7146092
7146093
7146094
7146095
7146096
7146097
7146098
7146099
7146100
7146101
7146102
7146103
7146104
7146105
7146106
7146107
7146108
7146109
7146110
7146111
7146112
7146113
7146114
7146115
7146116
7146117
7146118
7146119
7146120
7146121
7146122
7146123
7146124
7146125
7146126
7146127
7146128
7146129
7146130
7146131
7146132
7146133
7146134
7146135
7146136
7146137
7146138
7146139
7146140
7146141
7146142
7146143
7146144
7146145
7146146
7146147
7146148
7146149
7146150
7146151
7146152
7146153
7146154
7146155
7146156
7146157
7146158
7146159
7146160
7146161
7146162
7146163
7146164
7146165
7146166
7146167
7146168
7146169
7146170
7146171
7146172
7146173
7146174
7146175
7146176
7146177
7146178
7146179
7146180
7146181
7146182
7146183
7146184
7146185
7146186
7146187
7146188
7146189
7146190
7146191
7146192
7146193
7146194
7146195
7146196
7146197
7146198
7146199
7146200
7146201
7146202
7146203
7146204
7146205
7146206
7146207
7146208
7146209
7146210
7146211
7146212
7146213
7146214
7146215
7146216
7146217
7146218
7146219
7146220
7146221
7146222
7146223
7146224
7146225
7146226
7146227
7146228
7146229
7146230
7146231
7146232
7146233
7146234
7146235
7146236
7146237
7146238
7146239
7146240
7146241
7146242
7146243
7146244
7146245
7146246
7146247
7146248
7146249
7146250
7146251
7146252
7146253
7146254
7146255
7146256
7146257
7146258
7146259
7146260
7146261
7146262
7146263
7146264
7146265
7146266
7146267
7146268
7146269
7146270
7146271
7146272
7146273
7146274
7146275
7146276
7146277
7146278
7146279
7146280
7146281
7146282
7146283
7146284
7146285
7146286
7146287
7146288
7146289
7146290
7146291
7146292
7146293
7146294
7146295
7146296
7146297
7146298
7146299
7146300
7146301
7146302
7146303
7146304
7146305
7146306
7146307
7146308
7146309
7146310
7146311
7146312
7146313
7146314
7146315
7146316
7146317
7146318
7146319
7146320
7146321
7146322
7146323
7146324
7146325
7146326
7146327
7146328
7146329
7146330
7146331
7146332
7146333
7146334
7146335
7146336
7146337
7146338
7146339
7146340
7146341
7146342
7146343
7146344
7146345
7146346
7146347
7146348
7146349
7146350
7146351
7146352
7146353
7146354
7146355
7146356
7146357
7146358
7146359
7146360
7146361
7146362
7146363
7146364
7146365
7146366
7146367
7146368
7146369
7146370
7146371
7146372
7146373
7146374
7146375
7146376
7146377
7146378
7146379
7146380
7146381
7146382
7146383
7146384
7146385
7146386
7146387
7146388
7146389
7146390
7146391
7146392
7146393
7146394
7146395
7146396
7146397
7146398
7146399
7146400
7146401
7146402
7146403
7146404
7146405
7146406
7146407
7146408
7146409
7146410
7146411
7146412
7146413
7146414
7146415
7146416
7146417
7146418
7146419
7146420
7146421
7146422
7146423
7146424
7146425
7146426
7146427
7146428
7146429
7146430
7146431
7146432
7146433
7146434
7146435
7146436
7146437
7146438
7146439
7146440
7146441
7146442
7146443
7146444
7146445
7146446
7146447
7146448
7146449
7146450
7146451
7146452
7146453
7146454
7146455
7146456
7146457
7146458
7146459
7146460
7146461
7146462
7146463
7146464
7146465
7146466
7146467
7146468
7146469
7146470
7146471
7146472
7146473
7146474
7146475
7146476
7146477
7146478
7146479
7146480
7146481
7146482
7146483
7146484
7146485
7146486
7146487
7146488
7146489
7146490
7146491
7146492
7146493
7146494
7146495
7146496
7146497
7146498
7146499
7146500
7146501
7146502
7146503
7146504
7146505
7146506
7146507
7146508
7146509
7146510
7146511
7146512
7146513
7146514
7146515
7146516
7146517
7146518
7146519
7146520
7146521
7146522
7146523
7146524
7146525
7146526
7146527
7146528
7146529
7146530
7146531
7146532
7146533
7146534
7146535
7146536
7146537
7146538
7146539
7146540
7146541
7146542
7146543
7146544
7146545
7146546
7146547
7146548
7146549
7146550
7146551
7146552
7146553
7146554
7146555
7146556
7146557
7146558
7146559
7146560
7146561
7146562
7146563
7146564
7146565
7146566
7146567
7146568
7146569
7146570
7146571
7146572
7146573
7146574
7146575
7146576
7146577
7146578
7146579
7146580
7146581
7146582
7146583
7146584
7146585
7146586
7146587
7146588
7146589
7146590
7146591
7146592
7146593
7146594
7146595
7146596
7146597
7146598
7146599
7146600
7146601
7146602
7146603
7146604
7146605
7146606
7146607
7146608
7146609
7146610
7146611
7146612
7146613
7146614
7146615
7146616
7146617
7146618
7146619
7146620
7146621
7146622
7146623
7146624
7146625
7146626
7146627
7146628
7146629
7146630
7146631
7146632
7146633
7146634
7146635
7146636
7146637
7146638
7146639
7146640
7146641
7146642
7146643
7146644
7146645
7146646
7146647
7146648
7146649
7146650
7146651
7146652
7146653
7146654
7146655
7146656
7146657
7146658
7146659
7146660
7146661
7146662
7146663
7146664
7146665
7146666
7146667
7146668
7146669
7146670
7146671
7146672
7146673
7146674
7146675
7146676
7146677
7146678
7146679
7146680
7146681
7146682
7146683
7146684
7146685
7146686
7146687
7146688
7146689
7146690
7146691
7146692
7146693
7146694
7146695
7146696
7146697
7146698
7146699
7146700
7146701
7146702
7146703
7146704
7146705
7146706
7146707
7146708
7146709
7146710
7146711
7146712
7146713
7146714
7146715
7146716
7146717
7146718
7146719
7146720
7146721
7146722
7146723
7146724
7146725
7146726
7146727
7146728
7146729
7146730
7146731
7146732
7146733
7146734
7146735
7146736
7146737
7146738
7146739
7146740
7146741
7146742
7146743
7146744
7146745
7146746
7146747
7146748
7146749
7146750
7146751
7146752
7146753
7146754
7146755
7146756
7146757
7146758
7146759
7146760
7146761
7146762
7146763
7146764
7146765
7146766
7146767
7146768
7146769
7146770
7146771
7146772
7146773
7146774
7146775
7146776
7146777
7146778
7146779
7146780
7146781
7146782
7146783
7146784
7146785
7146786
7146787
7146788
7146789
7146790
7146791
7146792
7146793
7146794
7146795
7146796
7146797
7146798
7146799
7146800
7146801
7146802
7146803
7146804
7146805
7146806
7146807
7146808
7146809
7146810
7146811
7146812
7146813
7146814
7146815
7146816
7146817
7146818
7146819
7146820
7146821
7146822
7146823
7146824
7146825
7146826
7146827
7146828
7146829
7146830
7146831
7146832
7146833
7146834
7146835
7146836
7146837
7146838
7146839
7146840
7146841
7146842
7146843
7146844
7146845
7146846
7146847
7146848
7146849
7146850
7146851
7146852
7146853
7146854
7146855
7146856
7146857
7146858
7146859
7146860
7146861
7146862
7146863
7146864
7146865
7146866
7146867
7146868
7146869
7146870
7146871
7146872
7146873
7146874
7146875
7146876
7146877
7146878
7146879
7146880
7146881
7146882
7146883
7146884
7146885
7146886
7146887
7146888
7146889
7146890
7146891
7146892
7146893
7146894
7146895
7146896
7146897
7146898
7146899
7146900
7146901
7146902
7146903
7146904
7146905
7146906
7146907
7146908
7146909
7146910
7146911
7146912
7146913
7146914
7146915
7146916
7146917
7146918
7146919
7146920
7146921
7146922
7146923
7146924
7146925
7146926
7146927
7146928
7146929
7146930
7146931
7146932
7146933
7146934
7146935
7146936
7146937
7146938
7146939
7146940
7146941
7146942
7146943
7146944
7146945
7146946
7146947
7146948
7146949
7146950
7146951
7146952
7146953
7146954
7146955
7146956
7146957
7146958
7146959
7146960
7146961
7146962
7146963
7146964
7146965
7146966
7146967
7146968
7146969
7146970
7146971
7146972
7146973
7146974
7146975
7146976
7146977
7146978
7146979
7146980
7146981
7146982
7146983
7146984
7146985
7146986
7146987
7146988
7146989
7146990
7146991
7146992
7146993
7146994
7146995
7146996
7146997
7146998
7146999
7147000
7147001
7147002
7147003
7147004
7147005
7147006
7147007
7147008
7147009
7147010
7147011
7147012
7147013
7147014
7147015
7147016
7147017
7147018
7147019
7147020
7147021
7147022
7147023
7147024
7147025
7147026
7147027
7147028
7147029
7147030
7147031
7147032
7147033
7147034
7147035
7147036
7147037
7147038
7147039
7147040
7147041
7147042
7147043
7147044
7147045
7147046
7147047
7147048
7147049
7147050
7147051
7147052
7147053
7147054
7147055
7147056
7147057
7147058
7147059
7147060
7147061
7147062
7147063
7147064
7147065
7147066
7147067
7147068
7147069
7147070
7147071
7147072
7147073
7147074
7147075
7147076
7147077
7147078
7147079
7147080
7147081
7147082
7147083
7147084
7147085
7147086
7147087
7147088
7147089
7147090
7147091
7147092
7147093
7147094
7147095
7147096
7147097
7147098
7147099
7147100
7147101
7147102
7147103
7147104
7147105
7147106
7147107
7147108
7147109
7147110
7147111
7147112
7147113
7147114
7147115
7147116
7147117
7147118
7147119
7147120
7147121
7147122
7147123
7147124
7147125
7147126
7147127
7147128
7147129
7147130
7147131
7147132
7147133
7147134
7147135
7147136
7147137
7147138
7147139
7147140
7147141
7147142
7147143
7147144
7147145
7147146
7147147
7147148
7147149
7147150
7147151
7147152
7147153
7147154
7147155
7147156
7147157
7147158
7147159
7147160
7147161
7147162
7147163
7147164
7147165
7147166
7147167
7147168
7147169
7147170
7147171
7147172
7147173
7147174
7147175
7147176
7147177
7147178
7147179
7147180
7147181
7147182
7147183
7147184
7147185
7147186
7147187
7147188
7147189
7147190
7147191
7147192
7147193
7147194
7147195
7147196
7147197
7147198
7147199
7147200
7147201
7147202
7147203
7147204
7147205
7147206
7147207
7147208
7147209
7147210
7147211
7147212
7147213
7147214
7147215
7147216
7147217
7147218
7147219
7147220
7147221
7147222
7147223
7147224
7147225
7147226
7147227
7147228
7147229
7147230
7147231
7147232
7147233
7147234
7147235
7147236
7147237
7147238
7147239
7147240
7147241
7147242
7147243
7147244
7147245
7147246
7147247
7147248
7147249
7147250
7147251
7147252
7147253
7147254
7147255
7147256
7147257
7147258
7147259
7147260
7147261
7147262
7147263
7147264
7147265
7147266
7147267
7147268
7147269
7147270
7147271
7147272
7147273
7147274
7147275
7147276
7147277
7147278
7147279
7147280
7147281
7147282
7147283
7147284
7147285
7147286
7147287
7147288
7147289
7147290
7147291
7147292
7147293
7147294
7147295
7147296
7147297
7147298
7147299
7147300
7147301
7147302
7147303
7147304
7147305
7147306
7147307
7147308
7147309
7147310
7147311
7147312
7147313
7147314
7147315
7147316
7147317
7147318
7147319
7147320
7147321
7147322
7147323
7147324
7147325
7147326
7147327
7147328
7147329
7147330
7147331
7147332
7147333
7147334
7147335
7147336
7147337
7147338
7147339
7147340
7147341
7147342
7147343
7147344
7147345
7147346
7147347
7147348
7147349
7147350
7147351
7147352
7147353
7147354
7147355
7147356
7147357
7147358
7147359
7147360
7147361
7147362
7147363
7147364
7147365
7147366
7147367
7147368
7147369
7147370
7147371
7147372
7147373
7147374
7147375
7147376
7147377
7147378
7147379
7147380
7147381
7147382
7147383
7147384
7147385
7147386
7147387
7147388
7147389
7147390
7147391
7147392
7147393
7147394
7147395
7147396
7147397
7147398
7147399
7147400
7147401
7147402
7147403
7147404
7147405
7147406
7147407
7147408
7147409
7147410
7147411
7147412
7147413
7147414
7147415
7147416
7147417
7147418
7147419
7147420
7147421
7147422
7147423
7147424
7147425
7147426
7147427
7147428
7147429
7147430
7147431
7147432
7147433
7147434
7147435
7147436
7147437
7147438
7147439
7147440
7147441
7147442
7147443
7147444
7147445
7147446
7147447
7147448
7147449
7147450
7147451
7147452
7147453
7147454
7147455
7147456
7147457
7147458
7147459
7147460
7147461
7147462
7147463
7147464
7147465
7147466
7147467
7147468
7147469
7147470
7147471
7147472
7147473
7147474
7147475
7147476
7147477
7147478
7147479
7147480
7147481
7147482
7147483
7147484
7147485
7147486
7147487
7147488
7147489
7147490
7147491
7147492
7147493
7147494
7147495
7147496
7147497
7147498
7147499
7147500
7147501
7147502
7147503
7147504
7147505
7147506
7147507
7147508
7147509
7147510
7147511
7147512
7147513
7147514
7147515
7147516
7147517
7147518
7147519
7147520
7147521
7147522
7147523
7147524
7147525
7147526
7147527
7147528
7147529
7147530
7147531
7147532
7147533
7147534
7147535
7147536
7147537
7147538
7147539
7147540
7147541
7147542
7147543
7147544
7147545
7147546
7147547
7147548
7147549
7147550
7147551
7147552
7147553
7147554
7147555
7147556
7147557
7147558
7147559
7147560
7147561
7147562
7147563
7147564
7147565
7147566
7147567
7147568
7147569
7147570
7147571
7147572
7147573
7147574
7147575
7147576
7147577
7147578
7147579
7147580
7147581
7147582
7147583
7147584
7147585
7147586
7147587
7147588
7147589
7147590
7147591
7147592
7147593
7147594
7147595
7147596
7147597
7147598
7147599
7147600
7147601
7147602
7147603
7147604
7147605
7147606
7147607
7147608
7147609
7147610
7147611
7147612
7147613
7147614
7147615
7147616
7147617
7147618
7147619
7147620
7147621
7147622
7147623
7147624
7147625
7147626
7147627
7147628
7147629
7147630
7147631
7147632
7147633
7147634
7147635
7147636
7147637
7147638
7147639
7147640
7147641
7147642
7147643
7147644
7147645
7147646
7147647
7147648
7147649
7147650
7147651
7147652
7147653
7147654
7147655
7147656
7147657
7147658
7147659
7147660
7147661
7147662
7147663
7147664
7147665
7147666
7147667
7147668
7147669
7147670
7147671
7147672
7147673
7147674
7147675
7147676
7147677
7147678
7147679
7147680
7147681
7147682
7147683
7147684
7147685
7147686
7147687
7147688
7147689
7147690
7147691
7147692
7147693
7147694
7147695
7147696
7147697
7147698
7147699
7147700
7147701
7147702
7147703
7147704
7147705
7147706
7147707
7147708
7147709
7147710
7147711
7147712
7147713
7147714
7147715
7147716
7147717
7147718
7147719
7147720
7147721
7147722
7147723
7147724
7147725
7147726
7147727
7147728
7147729
7147730
7147731
7147732
7147733
7147734
7147735
7147736
7147737
7147738
7147739
7147740
7147741
7147742
7147743
7147744
7147745
7147746
7147747
7147748
7147749
7147750
7147751
7147752
7147753
7147754
7147755
7147756
7147757
7147758
7147759
7147760
7147761
7147762
7147763
7147764
7147765
7147766
7147767
7147768
7147769
7147770
7147771
7147772
7147773
7147774
7147775
7147776
7147777
7147778
7147779
7147780
7147781
7147782
7147783
7147784
7147785
7147786
7147787
7147788
7147789
7147790
7147791
7147792
7147793
7147794
7147795
7147796
7147797
7147798
7147799
7147800
7147801
7147802
7147803
7147804
7147805
7147806
7147807
7147808
7147809
7147810
7147811
7147812
7147813
7147814
7147815
7147816
7147817
7147818
7147819
7147820
7147821
7147822
7147823
7147824
7147825
7147826
7147827
7147828
7147829
7147830
7147831
7147832
7147833
7147834
7147835
7147836
7147837
7147838
7147839
7147840
7147841
7147842
7147843
7147844
7147845
7147846
7147847
7147848
7147849
7147850
7147851
7147852
7147853
7147854
7147855
7147856
7147857
7147858
7147859
7147860
7147861
7147862
7147863
7147864
7147865
7147866
7147867
7147868
7147869
7147870
7147871
7147872
7147873
7147874
7147875
7147876
7147877
7147878
7147879
7147880
7147881
7147882
7147883
7147884
7147885
7147886
7147887
7147888
7147889
7147890
7147891
7147892
7147893
7147894
7147895
7147896
7147897
7147898
7147899
7147900
7147901
7147902
7147903
7147904
7147905
7147906
7147907
7147908
7147909
7147910
7147911
7147912
7147913
7147914
7147915
7147916
7147917
7147918
7147919
7147920
7147921
7147922
7147923
7147924
7147925
7147926
7147927
7147928
7147929
7147930
7147931
7147932
7147933
7147934
7147935
7147936
7147937
7147938
7147939
7147940
7147941
7147942
7147943
7147944
7147945
7147946
7147947
7147948
7147949
7147950
7147951
7147952
7147953
7147954
7147955
7147956
7147957
7147958
7147959
7147960
7147961
7147962
7147963
7147964
7147965
7147966
7147967
7147968
7147969
7147970
7147971
7147972
7147973
7147974
7147975
7147976
7147977
7147978
7147979
7147980
7147981
7147982
7147983
7147984
7147985
7147986
7147987
7147988
7147989
7147990
7147991
7147992
7147993
7147994
7147995
7147996
7147997
7147998
7147999
7148000
7148001
7148002
7148003
7148004
7148005
7148006
7148007
7148008
7148009
7148010
7148011
7148012
7148013
7148014
7148015
7148016
7148017
7148018
7148019
7148020
7148021
7148022
7148023
7148024
7148025
7148026
7148027
7148028
7148029
7148030
7148031
7148032
7148033
7148034
7148035
7148036
7148037
7148038
7148039
7148040
7148041
7148042
7148043
7148044
7148045
7148046
7148047
7148048
7148049
7148050
7148051
7148052
7148053
7148054
7148055
7148056
7148057
7148058
7148059
7148060
7148061
7148062
7148063
7148064
7148065
7148066
7148067
7148068
7148069
7148070
7148071
7148072
7148073
7148074
7148075
7148076
7148077
7148078
7148079
7148080
7148081
7148082
7148083
7148084
7148085
7148086
7148087
7148088
7148089
7148090
7148091
7148092
7148093
7148094
7148095
7148096
7148097
7148098
7148099
7148100
7148101
7148102
7148103
7148104
7148105
7148106
7148107
7148108
7148109
7148110
7148111
7148112
7148113
7148114
7148115
7148116
7148117
7148118
7148119
7148120
7148121
7148122
7148123
7148124
7148125
7148126
7148127
7148128
7148129
7148130
7148131
7148132
7148133
7148134
7148135
7148136
7148137
7148138
7148139
7148140
7148141
7148142
7148143
7148144
7148145
7148146
7148147
7148148
7148149
7148150
7148151
7148152
7148153
7148154
7148155
7148156
7148157
7148158
7148159
7148160
7148161
7148162
7148163
7148164
7148165
7148166
7148167
7148168
7148169
7148170
7148171
7148172
7148173
7148174
7148175
7148176
7148177
7148178
7148179
7148180
7148181
7148182
7148183
7148184
7148185
7148186
7148187
7148188
7148189
7148190
7148191
7148192
7148193
7148194
7148195
7148196
7148197
7148198
7148199
7148200
7148201
7148202
7148203
7148204
7148205
7148206
7148207
7148208
7148209
7148210
7148211
7148212
7148213
7148214
7148215
7148216
7148217
7148218
7148219
7148220
7148221
7148222
7148223
7148224
7148225
7148226
7148227
7148228
7148229
7148230
7148231
7148232
7148233
7148234
7148235
7148236
7148237
7148238
7148239
7148240
7148241
7148242
7148243
7148244
7148245
7148246
7148247
7148248
7148249
7148250
7148251
7148252
7148253
7148254
7148255
7148256
7148257
7148258
7148259
7148260
7148261
7148262
7148263
7148264
7148265
7148266
7148267
7148268
7148269
7148270
7148271
7148272
7148273
7148274
7148275
7148276
7148277
7148278
7148279
7148280
7148281
7148282
7148283
7148284
7148285
7148286
7148287
7148288
7148289
7148290
7148291
7148292
7148293
7148294
7148295
7148296
7148297
7148298
7148299
7148300
7148301
7148302
7148303
7148304
7148305
7148306
7148307
7148308
7148309
7148310
7148311
7148312
7148313
7148314
7148315
7148316
7148317
7148318
7148319
7148320
7148321
7148322
7148323
7148324
7148325
7148326
7148327
7148328
7148329
7148330
7148331
7148332
7148333
7148334
7148335
7148336
7148337
7148338
7148339
7148340
7148341
7148342
7148343
7148344
7148345
7148346
7148347
7148348
7148349
7148350
7148351
7148352
7148353
7148354
7148355
7148356
7148357
7148358
7148359
7148360
7148361
7148362
7148363
7148364
7148365
7148366
7148367
7148368
7148369
7148370
7148371
7148372
7148373
7148374
7148375
7148376
7148377
7148378
7148379
7148380
7148381
7148382
7148383
7148384
7148385
7148386
7148387
7148388
7148389
7148390
7148391
7148392
7148393
7148394
7148395
7148396
7148397
7148398
7148399
7148400
7148401
7148402
7148403
7148404
7148405
7148406
7148407
7148408
7148409
7148410
7148411
7148412
7148413
7148414
7148415
7148416
7148417
7148418
7148419
7148420
7148421
7148422
7148423
7148424
7148425
7148426
7148427
7148428
7148429
7148430
7148431
7148432
7148433
7148434
7148435
7148436
7148437
7148438
7148439
7148440
7148441
7148442
7148443
7148444
7148445
7148446
7148447
7148448
7148449
7148450
7148451
7148452
7148453
7148454
7148455
7148456
7148457
7148458
7148459
7148460
7148461
7148462
7148463
7148464
7148465
7148466
7148467
7148468
7148469
7148470
7148471
7148472
7148473
7148474
7148475
7148476
7148477
7148478
7148479
7148480
7148481
7148482
7148483
7148484
7148485
7148486
7148487
7148488
7148489
7148490
7148491
7148492
7148493
7148494
7148495
7148496
7148497
7148498
7148499
7148500
7148501
7148502
7148503
7148504
7148505
7148506
7148507
7148508
7148509
7148510
7148511
7148512
7148513
7148514
7148515
7148516
7148517
7148518
7148519
7148520
7148521
7148522
7148523
7148524
7148525
7148526
7148527
7148528
7148529
7148530
7148531
7148532
7148533
7148534
7148535
7148536
7148537
7148538
7148539
7148540
7148541
7148542
7148543
7148544
7148545
7148546
7148547
7148548
7148549
7148550
7148551
7148552
7148553
7148554
7148555
7148556
7148557
7148558
7148559
7148560
7148561
7148562
7148563
7148564
7148565
7148566
7148567
7148568
7148569
7148570
7148571
7148572
7148573
7148574
7148575
7148576
7148577
7148578
7148579
7148580
7148581
7148582
7148583
7148584
7148585
7148586
7148587
7148588
7148589
7148590
7148591
7148592
7148593
7148594
7148595
7148596
7148597
7148598
7148599
7148600
7148601
7148602
7148603
7148604
7148605
7148606
7148607
7148608
7148609
7148610
7148611
7148612
7148613
7148614
7148615
7148616
7148617
7148618
7148619
7148620
7148621
7148622
7148623
7148624
7148625
7148626
7148627
7148628
7148629
7148630
7148631
7148632
7148633
7148634
7148635
7148636
7148637
7148638
7148639
7148640
7148641
7148642
7148643
7148644
7148645
7148646
7148647
7148648
7148649
7148650
7148651
7148652
7148653
7148654
7148655
7148656
7148657
7148658
7148659
7148660
7148661
7148662
7148663
7148664
7148665
7148666
7148667
7148668
7148669
7148670
7148671
7148672
7148673
7148674
7148675
7148676
7148677
7148678
7148679
7148680
7148681
7148682
7148683
7148684
7148685
7148686
7148687
7148688
7148689
7148690
7148691
7148692
7148693
7148694
7148695
7148696
7148697
7148698
7148699
7148700
7148701
7148702
7148703
7148704
7148705
7148706
7148707
7148708
7148709
7148710
7148711
7148712
7148713
7148714
7148715
7148716
7148717
7148718
7148719
7148720
7148721
7148722
7148723
7148724
7148725
7148726
7148727
7148728
7148729
7148730
7148731
7148732
7148733
7148734
7148735
7148736
7148737
7148738
7148739
7148740
7148741
7148742
7148743
7148744
7148745
7148746
7148747
7148748
7148749
7148750
7148751
7148752
7148753
7148754
7148755
7148756
7148757
7148758
7148759
7148760
7148761
7148762
7148763
7148764
7148765
7148766
7148767
7148768
7148769
7148770
7148771
7148772
7148773
7148774
7148775
7148776
7148777
7148778
7148779
7148780
7148781
7148782
7148783
7148784
7148785
7148786
7148787
7148788
7148789
7148790
7148791
7148792
7148793
7148794
7148795
7148796
7148797
7148798
7148799
7148800
7148801
7148802
7148803
7148804
7148805
7148806
7148807
7148808
7148809
7148810
7148811
7148812
7148813
7148814
7148815
7148816
7148817
7148818
7148819
7148820
7148821
7148822
7148823
7148824
7148825
7148826
7148827
7148828
7148829
7148830
7148831
7148832
7148833
7148834
7148835
7148836
7148837
7148838
7148839
7148840
7148841
7148842
7148843
7148844
7148845
7148846
7148847
7148848
7148849
7148850
7148851
7148852
7148853
7148854
7148855
7148856
7148857
7148858
7148859
7148860
7148861
7148862
7148863
7148864
7148865
7148866
7148867
7148868
7148869
7148870
7148871
7148872
7148873
7148874
7148875
7148876
7148877
7148878
7148879
7148880
7148881
7148882
7148883
7148884
7148885
7148886
7148887
7148888
7148889
7148890
7148891
7148892
7148893
7148894
7148895
7148896
7148897
7148898
7148899
7148900
7148901
7148902
7148903
7148904
7148905
7148906
7148907
7148908
7148909
7148910
7148911
7148912
7148913
7148914
7148915
7148916
7148917
7148918
7148919
7148920
7148921
7148922
7148923
7148924
7148925
7148926
7148927
7148928
7148929
7148930
7148931
7148932
7148933
7148934
7148935
7148936
7148937
7148938
7148939
7148940
7148941
7148942
7148943
7148944
7148945
7148946
7148947
7148948
7148949
7148950
7148951
7148952
7148953
7148954
7148955
7148956
7148957
7148958
7148959
7148960
7148961
7148962
7148963
7148964
7148965
7148966
7148967
7148968
7148969
7148970
7148971
7148972
7148973
7148974
7148975
7148976
7148977
7148978
7148979
7148980
7148981
7148982
7148983
7148984
7148985
7148986
7148987
7148988
7148989
7148990
7148991
7148992
7148993
7148994
7148995
7148996
7148997
7148998
7148999
7149000
7149001
7149002
7149003
7149004
7149005
7149006
7149007
7149008
7149009
7149010
7149011
7149012
7149013
7149014
7149015
7149016
7149017
7149018
7149019
7149020
7149021
7149022
7149023
7149024
7149025
7149026
7149027
7149028
7149029
7149030
7149031
7149032
7149033
7149034
7149035
7149036
7149037
7149038
7149039
7149040
7149041
7149042
7149043
7149044
7149045
7149046
7149047
7149048
7149049
7149050
7149051
7149052
7149053
7149054
7149055
7149056
7149057
7149058
7149059
7149060
7149061
7149062
7149063
7149064
7149065
7149066
7149067
7149068
7149069
7149070
7149071
7149072
7149073
7149074
7149075
7149076
7149077
7149078
7149079
7149080
7149081
7149082
7149083
7149084
7149085
7149086
7149087
7149088
7149089
7149090
7149091
7149092
7149093
7149094
7149095
7149096
7149097
7149098
7149099
7149100
7149101
7149102
7149103
7149104
7149105
7149106
7149107
7149108
7149109
7149110
7149111
7149112
7149113
7149114
7149115
7149116
7149117
7149118
7149119
7149120
7149121
7149122
7149123
7149124
7149125
7149126
7149127
7149128
7149129
7149130
7149131
7149132
7149133
7149134
7149135
7149136
7149137
7149138
7149139
7149140
7149141
7149142
7149143
7149144
7149145
7149146
7149147
7149148
7149149
7149150
7149151
7149152
7149153
7149154
7149155
7149156
7149157
7149158
7149159
7149160
7149161
7149162
7149163
7149164
7149165
7149166
7149167
7149168
7149169
7149170
7149171
7149172
7149173
7149174
7149175
7149176
7149177
7149178
7149179
7149180
7149181
7149182
7149183
7149184
7149185
7149186
7149187
7149188
7149189
7149190
7149191
7149192
7149193
7149194
7149195
7149196
7149197
7149198
7149199
7149200
7149201
7149202
7149203
7149204
7149205
7149206
7149207
7149208
7149209
7149210
7149211
7149212
7149213
7149214
7149215
7149216
7149217
7149218
7149219
7149220
7149221
7149222
7149223
7149224
7149225
7149226
7149227
7149228
7149229
7149230
7149231
7149232
7149233
7149234
7149235
7149236
7149237
7149238
7149239
7149240
7149241
7149242
7149243
7149244
7149245
7149246
7149247
7149248
7149249
7149250
7149251
7149252
7149253
7149254
7149255
7149256
7149257
7149258
7149259
7149260
7149261
7149262
7149263
7149264
7149265
7149266
7149267
7149268
7149269
7149270
7149271
7149272
7149273
7149274
7149275
7149276
7149277
7149278
7149279
7149280
7149281
7149282
7149283
7149284
7149285
7149286
7149287
7149288
7149289
7149290
7149291
7149292
7149293
7149294
7149295
7149296
7149297
7149298
7149299
7149300
7149301
7149302
7149303
7149304
7149305
7149306
7149307
7149308
7149309
7149310
7149311
7149312
7149313
7149314
7149315
7149316
7149317
7149318
7149319
7149320
7149321
7149322
7149323
7149324
7149325
7149326
7149327
7149328
7149329
7149330
7149331
7149332
7149333
7149334
7149335
7149336
7149337
7149338
7149339
7149340
7149341
7149342
7149343
7149344
7149345
7149346
7149347
7149348
7149349
7149350
7149351
7149352
7149353
7149354
7149355
7149356
7149357
7149358
7149359
7149360
7149361
7149362
7149363
7149364
7149365
7149366
7149367
7149368
7149369
7149370
7149371
7149372
7149373
7149374
7149375
7149376
7149377
7149378
7149379
7149380
7149381
7149382
7149383
7149384
7149385
7149386
7149387
7149388
7149389
7149390
7149391
7149392
7149393
7149394
7149395
7149396
7149397
7149398
7149399
7149400
7149401
7149402
7149403
7149404
7149405
7149406
7149407
7149408
7149409
7149410
7149411
7149412
7149413
7149414
7149415
7149416
7149417
7149418
7149419
7149420
7149421
7149422
7149423
7149424
7149425
7149426
7149427
7149428
7149429
7149430
7149431
7149432
7149433
7149434
7149435
7149436
7149437
7149438
7149439
7149440
7149441
7149442
7149443
7149444
7149445
7149446
7149447
7149448
7149449
7149450
7149451
7149452
7149453
7149454
7149455
7149456
7149457
7149458
7149459
7149460
7149461
7149462
7149463
7149464
7149465
7149466
7149467
7149468
7149469
7149470
7149471
7149472
7149473
7149474
7149475
7149476
7149477
7149478
7149479
7149480
7149481
7149482
7149483
7149484
7149485
7149486
7149487
7149488
7149489
7149490
7149491
7149492
7149493
7149494
7149495
7149496
7149497
7149498
7149499
7149500
7149501
7149502
7149503
7149504
7149505
7149506
7149507
7149508
7149509
7149510
7149511
7149512
7149513
7149514
7149515
7149516
7149517
7149518
7149519
7149520
7149521
7149522
7149523
7149524
7149525
7149526
7149527
7149528
7149529
7149530
7149531
7149532
7149533
7149534
7149535
7149536
7149537
7149538
7149539
7149540
7149541
7149542
7149543
7149544
7149545
7149546
7149547
7149548
7149549
7149550
7149551
7149552
7149553
7149554
7149555
7149556
7149557
7149558
7149559
7149560
7149561
7149562
7149563
7149564
7149565
7149566
7149567
7149568
7149569
7149570
7149571
7149572
7149573
7149574
7149575
7149576
7149577
7149578
7149579
7149580
7149581
7149582
7149583
7149584
7149585
7149586
7149587
7149588
7149589
7149590
7149591
7149592
7149593
7149594
7149595
7149596
7149597
7149598
7149599
7149600
7149601
7149602
7149603
7149604
7149605
7149606
7149607
7149608
7149609
7149610
7149611
7149612
7149613
7149614
7149615
7149616
7149617
7149618
7149619
7149620
7149621
7149622
7149623
7149624
7149625
7149626
7149627
7149628
7149629
7149630
7149631
7149632
7149633
7149634
7149635
7149636
7149637
7149638
7149639
7149640
7149641
7149642
7149643
7149644
7149645
7149646
7149647
7149648
7149649
7149650
7149651
7149652
7149653
7149654
7149655
7149656
7149657
7149658
7149659
7149660
7149661
7149662
7149663
7149664
7149665
7149666
7149667
7149668
7149669
7149670
7149671
7149672
7149673
7149674
7149675
7149676
7149677
7149678
7149679
7149680
7149681
7149682
7149683
7149684
7149685
7149686
7149687
7149688
7149689
7149690
7149691
7149692
7149693
7149694
7149695
7149696
7149697
7149698
7149699
7149700
7149701
7149702
7149703
7149704
7149705
7149706
7149707
7149708
7149709
7149710
7149711
7149712
7149713
7149714
7149715
7149716
7149717
7149718
7149719
7149720
7149721
7149722
7149723
7149724
7149725
7149726
7149727
7149728
7149729
7149730
7149731
7149732
7149733
7149734
7149735
7149736
7149737
7149738
7149739
7149740
7149741
7149742
7149743
7149744
7149745
7149746
7149747
7149748
7149749
7149750
7149751
7149752
7149753
7149754
7149755
7149756
7149757
7149758
7149759
7149760
7149761
7149762
7149763
7149764
7149765
7149766
7149767
7149768
7149769
7149770
7149771
7149772
7149773
7149774
7149775
7149776
7149777
7149778
7149779
7149780
7149781
7149782
7149783
7149784
7149785
7149786
7149787
7149788
7149789
7149790
7149791
7149792
7149793
7149794
7149795
7149796
7149797
7149798
7149799
7149800
7149801
7149802
7149803
7149804
7149805
7149806
7149807
7149808
7149809
7149810
7149811
7149812
7149813
7149814
7149815
7149816
7149817
7149818
7149819
7149820
7149821
7149822
7149823
7149824
7149825
7149826
7149827
7149828
7149829
7149830
7149831
7149832
7149833
7149834
7149835
7149836
7149837
7149838
7149839
7149840
7149841
7149842
7149843
7149844
7149845
7149846
7149847
7149848
7149849
7149850
7149851
7149852
7149853
7149854
7149855
7149856
7149857
7149858
7149859
7149860
7149861
7149862
7149863
7149864
7149865
7149866
7149867
7149868
7149869
7149870
7149871
7149872
7149873
7149874
7149875
7149876
7149877
7149878
7149879
7149880
7149881
7149882
7149883
7149884
7149885
7149886
7149887
7149888
7149889
7149890
7149891
7149892
7149893
7149894
7149895
7149896
7149897
7149898
7149899
7149900
7149901
7149902
7149903
7149904
7149905
7149906
7149907
7149908
7149909
7149910
7149911
7149912
7149913
7149914
7149915
7149916
7149917
7149918
7149919
7149920
7149921
7149922
7149923
7149924
7149925
7149926
7149927
7149928
7149929
7149930
7149931
7149932
7149933
7149934
7149935
7149936
7149937
7149938
7149939
7149940
7149941
7149942
7149943
7149944
7149945
7149946
7149947
7149948
7149949
7149950
7149951
7149952
7149953
7149954
7149955
7149956
7149957
7149958
7149959
7149960
7149961
7149962
7149963
7149964
7149965
7149966
7149967
7149968
7149969
7149970
7149971
7149972
7149973
7149974
7149975
7149976
7149977
7149978
7149979
7149980
7149981
7149982
7149983
7149984
7149985
7149986
7149987
7149988
7149989
7149990
7149991
7149992
7149993
7149994
7149995
7149996
7149997
7149998
7149999
7150000
