8170001
8170002
8170003
8170004
8170005
8170006
8170007
8170008
8170009
8170010
8170011
8170012
8170013
8170014
8170015
8170016
8170017
8170018
8170019
8170020
8170021
8170022
8170023
8170024
8170025
8170026
8170027
8170028
8170029
8170030
8170031
8170032
8170033
8170034
8170035
8170036
8170037
8170038
8170039
8170040
8170041
8170042
8170043
8170044
8170045
8170046
8170047
8170048
8170049
8170050
8170051
8170052
8170053
8170054
8170055
8170056
8170057
8170058
8170059
8170060
8170061
8170062
8170063
8170064
8170065
8170066
8170067
8170068
8170069
8170070
8170071
8170072
8170073
8170074
8170075
8170076
8170077
8170078
8170079
8170080
8170081
8170082
8170083
8170084
8170085
8170086
8170087
8170088
8170089
8170090
8170091
8170092
8170093
8170094
8170095
8170096
8170097
8170098
8170099
8170100
8170101
8170102
8170103
8170104
8170105
8170106
8170107
8170108
8170109
8170110
8170111
8170112
8170113
8170114
8170115
8170116
8170117
8170118
8170119
8170120
8170121
8170122
8170123
8170124
8170125
8170126
8170127
8170128
8170129
8170130
8170131
8170132
8170133
8170134
8170135
8170136
8170137
8170138
8170139
8170140
8170141
8170142
8170143
8170144
8170145
8170146
8170147
8170148
8170149
8170150
8170151
8170152
8170153
8170154
8170155
8170156
8170157
8170158
8170159
8170160
8170161
8170162
8170163
8170164
8170165
8170166
8170167
8170168
8170169
8170170
8170171
8170172
8170173
8170174
8170175
8170176
8170177
8170178
8170179
8170180
8170181
8170182
8170183
8170184
8170185
8170186
8170187
8170188
8170189
8170190
8170191
8170192
8170193
8170194
8170195
8170196
8170197
8170198
8170199
8170200
8170201
8170202
8170203
8170204
8170205
8170206
8170207
8170208
8170209
8170210
8170211
8170212
8170213
8170214
8170215
8170216
8170217
8170218
8170219
8170220
8170221
8170222
8170223
8170224
8170225
8170226
8170227
8170228
8170229
8170230
8170231
8170232
8170233
8170234
8170235
8170236
8170237
8170238
8170239
8170240
8170241
8170242
8170243
8170244
8170245
8170246
8170247
8170248
8170249
8170250
8170251
8170252
8170253
8170254
8170255
8170256
8170257
8170258
8170259
8170260
8170261
8170262
8170263
8170264
8170265
8170266
8170267
8170268
8170269
8170270
8170271
8170272
8170273
8170274
8170275
8170276
8170277
8170278
8170279
8170280
8170281
8170282
8170283
8170284
8170285
8170286
8170287
8170288
8170289
8170290
8170291
8170292
8170293
8170294
8170295
8170296
8170297
8170298
8170299
8170300
8170301
8170302
8170303
8170304
8170305
8170306
8170307
8170308
8170309
8170310
8170311
8170312
8170313
8170314
8170315
8170316
8170317
8170318
8170319
8170320
8170321
8170322
8170323
8170324
8170325
8170326
8170327
8170328
8170329
8170330
8170331
8170332
8170333
8170334
8170335
8170336
8170337
8170338
8170339
8170340
8170341
8170342
8170343
8170344
8170345
8170346
8170347
8170348
8170349
8170350
8170351
8170352
8170353
8170354
8170355
8170356
8170357
8170358
8170359
8170360
8170361
8170362
8170363
8170364
8170365
8170366
8170367
8170368
8170369
8170370
8170371
8170372
8170373
8170374
8170375
8170376
8170377
8170378
8170379
8170380
8170381
8170382
8170383
8170384
8170385
8170386
8170387
8170388
8170389
8170390
8170391
8170392
8170393
8170394
8170395
8170396
8170397
8170398
8170399
8170400
8170401
8170402
8170403
8170404
8170405
8170406
8170407
8170408
8170409
8170410
8170411
8170412
8170413
8170414
8170415
8170416
8170417
8170418
8170419
8170420
8170421
8170422
8170423
8170424
8170425
8170426
8170427
8170428
8170429
8170430
8170431
8170432
8170433
8170434
8170435
8170436
8170437
8170438
8170439
8170440
8170441
8170442
8170443
8170444
8170445
8170446
8170447
8170448
8170449
8170450
8170451
8170452
8170453
8170454
8170455
8170456
8170457
8170458
8170459
8170460
8170461
8170462
8170463
8170464
8170465
8170466
8170467
8170468
8170469
8170470
8170471
8170472
8170473
8170474
8170475
8170476
8170477
8170478
8170479
8170480
8170481
8170482
8170483
8170484
8170485
8170486
8170487
8170488
8170489
8170490
8170491
8170492
8170493
8170494
8170495
8170496
8170497
8170498
8170499
8170500
8170501
8170502
8170503
8170504
8170505
8170506
8170507
8170508
8170509
8170510
8170511
8170512
8170513
8170514
8170515
8170516
8170517
8170518
8170519
8170520
8170521
8170522
8170523
8170524
8170525
8170526
8170527
8170528
8170529
8170530
8170531
8170532
8170533
8170534
8170535
8170536
8170537
8170538
8170539
8170540
8170541
8170542
8170543
8170544
8170545
8170546
8170547
8170548
8170549
8170550
8170551
8170552
8170553
8170554
8170555
8170556
8170557
8170558
8170559
8170560
8170561
8170562
8170563
8170564
8170565
8170566
8170567
8170568
8170569
8170570
8170571
8170572
8170573
8170574
8170575
8170576
8170577
8170578
8170579
8170580
8170581
8170582
8170583
8170584
8170585
8170586
8170587
8170588
8170589
8170590
8170591
8170592
8170593
8170594
8170595
8170596
8170597
8170598
8170599
8170600
8170601
8170602
8170603
8170604
8170605
8170606
8170607
8170608
8170609
8170610
8170611
8170612
8170613
8170614
8170615
8170616
8170617
8170618
8170619
8170620
8170621
8170622
8170623
8170624
8170625
8170626
8170627
8170628
8170629
8170630
8170631
8170632
8170633
8170634
8170635
8170636
8170637
8170638
8170639
8170640
8170641
8170642
8170643
8170644
8170645
8170646
8170647
8170648
8170649
8170650
8170651
8170652
8170653
8170654
8170655
8170656
8170657
8170658
8170659
8170660
8170661
8170662
8170663
8170664
8170665
8170666
8170667
8170668
8170669
8170670
8170671
8170672
8170673
8170674
8170675
8170676
8170677
8170678
8170679
8170680
8170681
8170682
8170683
8170684
8170685
8170686
8170687
8170688
8170689
8170690
8170691
8170692
8170693
8170694
8170695
8170696
8170697
8170698
8170699
8170700
8170701
8170702
8170703
8170704
8170705
8170706
8170707
8170708
8170709
8170710
8170711
8170712
8170713
8170714
8170715
8170716
8170717
8170718
8170719
8170720
8170721
8170722
8170723
8170724
8170725
8170726
8170727
8170728
8170729
8170730
8170731
8170732
8170733
8170734
8170735
8170736
8170737
8170738
8170739
8170740
8170741
8170742
8170743
8170744
8170745
8170746
8170747
8170748
8170749
8170750
8170751
8170752
8170753
8170754
8170755
8170756
8170757
8170758
8170759
8170760
8170761
8170762
8170763
8170764
8170765
8170766
8170767
8170768
8170769
8170770
8170771
8170772
8170773
8170774
8170775
8170776
8170777
8170778
8170779
8170780
8170781
8170782
8170783
8170784
8170785
8170786
8170787
8170788
8170789
8170790
8170791
8170792
8170793
8170794
8170795
8170796
8170797
8170798
8170799
8170800
8170801
8170802
8170803
8170804
8170805
8170806
8170807
8170808
8170809
8170810
8170811
8170812
8170813
8170814
8170815
8170816
8170817
8170818
8170819
8170820
8170821
8170822
8170823
8170824
8170825
8170826
8170827
8170828
8170829
8170830
8170831
8170832
8170833
8170834
8170835
8170836
8170837
8170838
8170839
8170840
8170841
8170842
8170843
8170844
8170845
8170846
8170847
8170848
8170849
8170850
8170851
8170852
8170853
8170854
8170855
8170856
8170857
8170858
8170859
8170860
8170861
8170862
8170863
8170864
8170865
8170866
8170867
8170868
8170869
8170870
8170871
8170872
8170873
8170874
8170875
8170876
8170877
8170878
8170879
8170880
8170881
8170882
8170883
8170884
8170885
8170886
8170887
8170888
8170889
8170890
8170891
8170892
8170893
8170894
8170895
8170896
8170897
8170898
8170899
8170900
8170901
8170902
8170903
8170904
8170905
8170906
8170907
8170908
8170909
8170910
8170911
8170912
8170913
8170914
8170915
8170916
8170917
8170918
8170919
8170920
8170921
8170922
8170923
8170924
8170925
8170926
8170927
8170928
8170929
8170930
8170931
8170932
8170933
8170934
8170935
8170936
8170937
8170938
8170939
8170940
8170941
8170942
8170943
8170944
8170945
8170946
8170947
8170948
8170949
8170950
8170951
8170952
8170953
8170954
8170955
8170956
8170957
8170958
8170959
8170960
8170961
8170962
8170963
8170964
8170965
8170966
8170967
8170968
8170969
8170970
8170971
8170972
8170973
8170974
8170975
8170976
8170977
8170978
8170979
8170980
8170981
8170982
8170983
8170984
8170985
8170986
8170987
8170988
8170989
8170990
8170991
8170992
8170993
8170994
8170995
8170996
8170997
8170998
8170999
8171000
8171001
8171002
8171003
8171004
8171005
8171006
8171007
8171008
8171009
8171010
8171011
8171012
8171013
8171014
8171015
8171016
8171017
8171018
8171019
8171020
8171021
8171022
8171023
8171024
8171025
8171026
8171027
8171028
8171029
8171030
8171031
8171032
8171033
8171034
8171035
8171036
8171037
8171038
8171039
8171040
8171041
8171042
8171043
8171044
8171045
8171046
8171047
8171048
8171049
8171050
8171051
8171052
8171053
8171054
8171055
8171056
8171057
8171058
8171059
8171060
8171061
8171062
8171063
8171064
8171065
8171066
8171067
8171068
8171069
8171070
8171071
8171072
8171073
8171074
8171075
8171076
8171077
8171078
8171079
8171080
8171081
8171082
8171083
8171084
8171085
8171086
8171087
8171088
8171089
8171090
8171091
8171092
8171093
8171094
8171095
8171096
8171097
8171098
8171099
8171100
8171101
8171102
8171103
8171104
8171105
8171106
8171107
8171108
8171109
8171110
8171111
8171112
8171113
8171114
8171115
8171116
8171117
8171118
8171119
8171120
8171121
8171122
8171123
8171124
8171125
8171126
8171127
8171128
8171129
8171130
8171131
8171132
8171133
8171134
8171135
8171136
8171137
8171138
8171139
8171140
8171141
8171142
8171143
8171144
8171145
8171146
8171147
8171148
8171149
8171150
8171151
8171152
8171153
8171154
8171155
8171156
8171157
8171158
8171159
8171160
8171161
8171162
8171163
8171164
8171165
8171166
8171167
8171168
8171169
8171170
8171171
8171172
8171173
8171174
8171175
8171176
8171177
8171178
8171179
8171180
8171181
8171182
8171183
8171184
8171185
8171186
8171187
8171188
8171189
8171190
8171191
8171192
8171193
8171194
8171195
8171196
8171197
8171198
8171199
8171200
8171201
8171202
8171203
8171204
8171205
8171206
8171207
8171208
8171209
8171210
8171211
8171212
8171213
8171214
8171215
8171216
8171217
8171218
8171219
8171220
8171221
8171222
8171223
8171224
8171225
8171226
8171227
8171228
8171229
8171230
8171231
8171232
8171233
8171234
8171235
8171236
8171237
8171238
8171239
8171240
8171241
8171242
8171243
8171244
8171245
8171246
8171247
8171248
8171249
8171250
8171251
8171252
8171253
8171254
8171255
8171256
8171257
8171258
8171259
8171260
8171261
8171262
8171263
8171264
8171265
8171266
8171267
8171268
8171269
8171270
8171271
8171272
8171273
8171274
8171275
8171276
8171277
8171278
8171279
8171280
8171281
8171282
8171283
8171284
8171285
8171286
8171287
8171288
8171289
8171290
8171291
8171292
8171293
8171294
8171295
8171296
8171297
8171298
8171299
8171300
8171301
8171302
8171303
8171304
8171305
8171306
8171307
8171308
8171309
8171310
8171311
8171312
8171313
8171314
8171315
8171316
8171317
8171318
8171319
8171320
8171321
8171322
8171323
8171324
8171325
8171326
8171327
8171328
8171329
8171330
8171331
8171332
8171333
8171334
8171335
8171336
8171337
8171338
8171339
8171340
8171341
8171342
8171343
8171344
8171345
8171346
8171347
8171348
8171349
8171350
8171351
8171352
8171353
8171354
8171355
8171356
8171357
8171358
8171359
8171360
8171361
8171362
8171363
8171364
8171365
8171366
8171367
8171368
8171369
8171370
8171371
8171372
8171373
8171374
8171375
8171376
8171377
8171378
8171379
8171380
8171381
8171382
8171383
8171384
8171385
8171386
8171387
8171388
8171389
8171390
8171391
8171392
8171393
8171394
8171395
8171396
8171397
8171398
8171399
8171400
8171401
8171402
8171403
8171404
8171405
8171406
8171407
8171408
8171409
8171410
8171411
8171412
8171413
8171414
8171415
8171416
8171417
8171418
8171419
8171420
8171421
8171422
8171423
8171424
8171425
8171426
8171427
8171428
8171429
8171430
8171431
8171432
8171433
8171434
8171435
8171436
8171437
8171438
8171439
8171440
8171441
8171442
8171443
8171444
8171445
8171446
8171447
8171448
8171449
8171450
8171451
8171452
8171453
8171454
8171455
8171456
8171457
8171458
8171459
8171460
8171461
8171462
8171463
8171464
8171465
8171466
8171467
8171468
8171469
8171470
8171471
8171472
8171473
8171474
8171475
8171476
8171477
8171478
8171479
8171480
8171481
8171482
8171483
8171484
8171485
8171486
8171487
8171488
8171489
8171490
8171491
8171492
8171493
8171494
8171495
8171496
8171497
8171498
8171499
8171500
8171501
8171502
8171503
8171504
8171505
8171506
8171507
8171508
8171509
8171510
8171511
8171512
8171513
8171514
8171515
8171516
8171517
8171518
8171519
8171520
8171521
8171522
8171523
8171524
8171525
8171526
8171527
8171528
8171529
8171530
8171531
8171532
8171533
8171534
8171535
8171536
8171537
8171538
8171539
8171540
8171541
8171542
8171543
8171544
8171545
8171546
8171547
8171548
8171549
8171550
8171551
8171552
8171553
8171554
8171555
8171556
8171557
8171558
8171559
8171560
8171561
8171562
8171563
8171564
8171565
8171566
8171567
8171568
8171569
8171570
8171571
8171572
8171573
8171574
8171575
8171576
8171577
8171578
8171579
8171580
8171581
8171582
8171583
8171584
8171585
8171586
8171587
8171588
8171589
8171590
8171591
8171592
8171593
8171594
8171595
8171596
8171597
8171598
8171599
8171600
8171601
8171602
8171603
8171604
8171605
8171606
8171607
8171608
8171609
8171610
8171611
8171612
8171613
8171614
8171615
8171616
8171617
8171618
8171619
8171620
8171621
8171622
8171623
8171624
8171625
8171626
8171627
8171628
8171629
8171630
8171631
8171632
8171633
8171634
8171635
8171636
8171637
8171638
8171639
8171640
8171641
8171642
8171643
8171644
8171645
8171646
8171647
8171648
8171649
8171650
8171651
8171652
8171653
8171654
8171655
8171656
8171657
8171658
8171659
8171660
8171661
8171662
8171663
8171664
8171665
8171666
8171667
8171668
8171669
8171670
8171671
8171672
8171673
8171674
8171675
8171676
8171677
8171678
8171679
8171680
8171681
8171682
8171683
8171684
8171685
8171686
8171687
8171688
8171689
8171690
8171691
8171692
8171693
8171694
8171695
8171696
8171697
8171698
8171699
8171700
8171701
8171702
8171703
8171704
8171705
8171706
8171707
8171708
8171709
8171710
8171711
8171712
8171713
8171714
8171715
8171716
8171717
8171718
8171719
8171720
8171721
8171722
8171723
8171724
8171725
8171726
8171727
8171728
8171729
8171730
8171731
8171732
8171733
8171734
8171735
8171736
8171737
8171738
8171739
8171740
8171741
8171742
8171743
8171744
8171745
8171746
8171747
8171748
8171749
8171750
8171751
8171752
8171753
8171754
8171755
8171756
8171757
8171758
8171759
8171760
8171761
8171762
8171763
8171764
8171765
8171766
8171767
8171768
8171769
8171770
8171771
8171772
8171773
8171774
8171775
8171776
8171777
8171778
8171779
8171780
8171781
8171782
8171783
8171784
8171785
8171786
8171787
8171788
8171789
8171790
8171791
8171792
8171793
8171794
8171795
8171796
8171797
8171798
8171799
8171800
8171801
8171802
8171803
8171804
8171805
8171806
8171807
8171808
8171809
8171810
8171811
8171812
8171813
8171814
8171815
8171816
8171817
8171818
8171819
8171820
8171821
8171822
8171823
8171824
8171825
8171826
8171827
8171828
8171829
8171830
8171831
8171832
8171833
8171834
8171835
8171836
8171837
8171838
8171839
8171840
8171841
8171842
8171843
8171844
8171845
8171846
8171847
8171848
8171849
8171850
8171851
8171852
8171853
8171854
8171855
8171856
8171857
8171858
8171859
8171860
8171861
8171862
8171863
8171864
8171865
8171866
8171867
8171868
8171869
8171870
8171871
8171872
8171873
8171874
8171875
8171876
8171877
8171878
8171879
8171880
8171881
8171882
8171883
8171884
8171885
8171886
8171887
8171888
8171889
8171890
8171891
8171892
8171893
8171894
8171895
8171896
8171897
8171898
8171899
8171900
8171901
8171902
8171903
8171904
8171905
8171906
8171907
8171908
8171909
8171910
8171911
8171912
8171913
8171914
8171915
8171916
8171917
8171918
8171919
8171920
8171921
8171922
8171923
8171924
8171925
8171926
8171927
8171928
8171929
8171930
8171931
8171932
8171933
8171934
8171935
8171936
8171937
8171938
8171939
8171940
8171941
8171942
8171943
8171944
8171945
8171946
8171947
8171948
8171949
8171950
8171951
8171952
8171953
8171954
8171955
8171956
8171957
8171958
8171959
8171960
8171961
8171962
8171963
8171964
8171965
8171966
8171967
8171968
8171969
8171970
8171971
8171972
8171973
8171974
8171975
8171976
8171977
8171978
8171979
8171980
8171981
8171982
8171983
8171984
8171985
8171986
8171987
8171988
8171989
8171990
8171991
8171992
8171993
8171994
8171995
8171996
8171997
8171998
8171999
8172000
8172001
8172002
8172003
8172004
8172005
8172006
8172007
8172008
8172009
8172010
8172011
8172012
8172013
8172014
8172015
8172016
8172017
8172018
8172019
8172020
8172021
8172022
8172023
8172024
8172025
8172026
8172027
8172028
8172029
8172030
8172031
8172032
8172033
8172034
8172035
8172036
8172037
8172038
8172039
8172040
8172041
8172042
8172043
8172044
8172045
8172046
8172047
8172048
8172049
8172050
8172051
8172052
8172053
8172054
8172055
8172056
8172057
8172058
8172059
8172060
8172061
8172062
8172063
8172064
8172065
8172066
8172067
8172068
8172069
8172070
8172071
8172072
8172073
8172074
8172075
8172076
8172077
8172078
8172079
8172080
8172081
8172082
8172083
8172084
8172085
8172086
8172087
8172088
8172089
8172090
8172091
8172092
8172093
8172094
8172095
8172096
8172097
8172098
8172099
8172100
8172101
8172102
8172103
8172104
8172105
8172106
8172107
8172108
8172109
8172110
8172111
8172112
8172113
8172114
8172115
8172116
8172117
8172118
8172119
8172120
8172121
8172122
8172123
8172124
8172125
8172126
8172127
8172128
8172129
8172130
8172131
8172132
8172133
8172134
8172135
8172136
8172137
8172138
8172139
8172140
8172141
8172142
8172143
8172144
8172145
8172146
8172147
8172148
8172149
8172150
8172151
8172152
8172153
8172154
8172155
8172156
8172157
8172158
8172159
8172160
8172161
8172162
8172163
8172164
8172165
8172166
8172167
8172168
8172169
8172170
8172171
8172172
8172173
8172174
8172175
8172176
8172177
8172178
8172179
8172180
8172181
8172182
8172183
8172184
8172185
8172186
8172187
8172188
8172189
8172190
8172191
8172192
8172193
8172194
8172195
8172196
8172197
8172198
8172199
8172200
8172201
8172202
8172203
8172204
8172205
8172206
8172207
8172208
8172209
8172210
8172211
8172212
8172213
8172214
8172215
8172216
8172217
8172218
8172219
8172220
8172221
8172222
8172223
8172224
8172225
8172226
8172227
8172228
8172229
8172230
8172231
8172232
8172233
8172234
8172235
8172236
8172237
8172238
8172239
8172240
8172241
8172242
8172243
8172244
8172245
8172246
8172247
8172248
8172249
8172250
8172251
8172252
8172253
8172254
8172255
8172256
8172257
8172258
8172259
8172260
8172261
8172262
8172263
8172264
8172265
8172266
8172267
8172268
8172269
8172270
8172271
8172272
8172273
8172274
8172275
8172276
8172277
8172278
8172279
8172280
8172281
8172282
8172283
8172284
8172285
8172286
8172287
8172288
8172289
8172290
8172291
8172292
8172293
8172294
8172295
8172296
8172297
8172298
8172299
8172300
8172301
8172302
8172303
8172304
8172305
8172306
8172307
8172308
8172309
8172310
8172311
8172312
8172313
8172314
8172315
8172316
8172317
8172318
8172319
8172320
8172321
8172322
8172323
8172324
8172325
8172326
8172327
8172328
8172329
8172330
8172331
8172332
8172333
8172334
8172335
8172336
8172337
8172338
8172339
8172340
8172341
8172342
8172343
8172344
8172345
8172346
8172347
8172348
8172349
8172350
8172351
8172352
8172353
8172354
8172355
8172356
8172357
8172358
8172359
8172360
8172361
8172362
8172363
8172364
8172365
8172366
8172367
8172368
8172369
8172370
8172371
8172372
8172373
8172374
8172375
8172376
8172377
8172378
8172379
8172380
8172381
8172382
8172383
8172384
8172385
8172386
8172387
8172388
8172389
8172390
8172391
8172392
8172393
8172394
8172395
8172396
8172397
8172398
8172399
8172400
8172401
8172402
8172403
8172404
8172405
8172406
8172407
8172408
8172409
8172410
8172411
8172412
8172413
8172414
8172415
8172416
8172417
8172418
8172419
8172420
8172421
8172422
8172423
8172424
8172425
8172426
8172427
8172428
8172429
8172430
8172431
8172432
8172433
8172434
8172435
8172436
8172437
8172438
8172439
8172440
8172441
8172442
8172443
8172444
8172445
8172446
8172447
8172448
8172449
8172450
8172451
8172452
8172453
8172454
8172455
8172456
8172457
8172458
8172459
8172460
8172461
8172462
8172463
8172464
8172465
8172466
8172467
8172468
8172469
8172470
8172471
8172472
8172473
8172474
8172475
8172476
8172477
8172478
8172479
8172480
8172481
8172482
8172483
8172484
8172485
8172486
8172487
8172488
8172489
8172490
8172491
8172492
8172493
8172494
8172495
8172496
8172497
8172498
8172499
8172500
8172501
8172502
8172503
8172504
8172505
8172506
8172507
8172508
8172509
8172510
8172511
8172512
8172513
8172514
8172515
8172516
8172517
8172518
8172519
8172520
8172521
8172522
8172523
8172524
8172525
8172526
8172527
8172528
8172529
8172530
8172531
8172532
8172533
8172534
8172535
8172536
8172537
8172538
8172539
8172540
8172541
8172542
8172543
8172544
8172545
8172546
8172547
8172548
8172549
8172550
8172551
8172552
8172553
8172554
8172555
8172556
8172557
8172558
8172559
8172560
8172561
8172562
8172563
8172564
8172565
8172566
8172567
8172568
8172569
8172570
8172571
8172572
8172573
8172574
8172575
8172576
8172577
8172578
8172579
8172580
8172581
8172582
8172583
8172584
8172585
8172586
8172587
8172588
8172589
8172590
8172591
8172592
8172593
8172594
8172595
8172596
8172597
8172598
8172599
8172600
8172601
8172602
8172603
8172604
8172605
8172606
8172607
8172608
8172609
8172610
8172611
8172612
8172613
8172614
8172615
8172616
8172617
8172618
8172619
8172620
8172621
8172622
8172623
8172624
8172625
8172626
8172627
8172628
8172629
8172630
8172631
8172632
8172633
8172634
8172635
8172636
8172637
8172638
8172639
8172640
8172641
8172642
8172643
8172644
8172645
8172646
8172647
8172648
8172649
8172650
8172651
8172652
8172653
8172654
8172655
8172656
8172657
8172658
8172659
8172660
8172661
8172662
8172663
8172664
8172665
8172666
8172667
8172668
8172669
8172670
8172671
8172672
8172673
8172674
8172675
8172676
8172677
8172678
8172679
8172680
8172681
8172682
8172683
8172684
8172685
8172686
8172687
8172688
8172689
8172690
8172691
8172692
8172693
8172694
8172695
8172696
8172697
8172698
8172699
8172700
8172701
8172702
8172703
8172704
8172705
8172706
8172707
8172708
8172709
8172710
8172711
8172712
8172713
8172714
8172715
8172716
8172717
8172718
8172719
8172720
8172721
8172722
8172723
8172724
8172725
8172726
8172727
8172728
8172729
8172730
8172731
8172732
8172733
8172734
8172735
8172736
8172737
8172738
8172739
8172740
8172741
8172742
8172743
8172744
8172745
8172746
8172747
8172748
8172749
8172750
8172751
8172752
8172753
8172754
8172755
8172756
8172757
8172758
8172759
8172760
8172761
8172762
8172763
8172764
8172765
8172766
8172767
8172768
8172769
8172770
8172771
8172772
8172773
8172774
8172775
8172776
8172777
8172778
8172779
8172780
8172781
8172782
8172783
8172784
8172785
8172786
8172787
8172788
8172789
8172790
8172791
8172792
8172793
8172794
8172795
8172796
8172797
8172798
8172799
8172800
8172801
8172802
8172803
8172804
8172805
8172806
8172807
8172808
8172809
8172810
8172811
8172812
8172813
8172814
8172815
8172816
8172817
8172818
8172819
8172820
8172821
8172822
8172823
8172824
8172825
8172826
8172827
8172828
8172829
8172830
8172831
8172832
8172833
8172834
8172835
8172836
8172837
8172838
8172839
8172840
8172841
8172842
8172843
8172844
8172845
8172846
8172847
8172848
8172849
8172850
8172851
8172852
8172853
8172854
8172855
8172856
8172857
8172858
8172859
8172860
8172861
8172862
8172863
8172864
8172865
8172866
8172867
8172868
8172869
8172870
8172871
8172872
8172873
8172874
8172875
8172876
8172877
8172878
8172879
8172880
8172881
8172882
8172883
8172884
8172885
8172886
8172887
8172888
8172889
8172890
8172891
8172892
8172893
8172894
8172895
8172896
8172897
8172898
8172899
8172900
8172901
8172902
8172903
8172904
8172905
8172906
8172907
8172908
8172909
8172910
8172911
8172912
8172913
8172914
8172915
8172916
8172917
8172918
8172919
8172920
8172921
8172922
8172923
8172924
8172925
8172926
8172927
8172928
8172929
8172930
8172931
8172932
8172933
8172934
8172935
8172936
8172937
8172938
8172939
8172940
8172941
8172942
8172943
8172944
8172945
8172946
8172947
8172948
8172949
8172950
8172951
8172952
8172953
8172954
8172955
8172956
8172957
8172958
8172959
8172960
8172961
8172962
8172963
8172964
8172965
8172966
8172967
8172968
8172969
8172970
8172971
8172972
8172973
8172974
8172975
8172976
8172977
8172978
8172979
8172980
8172981
8172982
8172983
8172984
8172985
8172986
8172987
8172988
8172989
8172990
8172991
8172992
8172993
8172994
8172995
8172996
8172997
8172998
8172999
8173000
8173001
8173002
8173003
8173004
8173005
8173006
8173007
8173008
8173009
8173010
8173011
8173012
8173013
8173014
8173015
8173016
8173017
8173018
8173019
8173020
8173021
8173022
8173023
8173024
8173025
8173026
8173027
8173028
8173029
8173030
8173031
8173032
8173033
8173034
8173035
8173036
8173037
8173038
8173039
8173040
8173041
8173042
8173043
8173044
8173045
8173046
8173047
8173048
8173049
8173050
8173051
8173052
8173053
8173054
8173055
8173056
8173057
8173058
8173059
8173060
8173061
8173062
8173063
8173064
8173065
8173066
8173067
8173068
8173069
8173070
8173071
8173072
8173073
8173074
8173075
8173076
8173077
8173078
8173079
8173080
8173081
8173082
8173083
8173084
8173085
8173086
8173087
8173088
8173089
8173090
8173091
8173092
8173093
8173094
8173095
8173096
8173097
8173098
8173099
8173100
8173101
8173102
8173103
8173104
8173105
8173106
8173107
8173108
8173109
8173110
8173111
8173112
8173113
8173114
8173115
8173116
8173117
8173118
8173119
8173120
8173121
8173122
8173123
8173124
8173125
8173126
8173127
8173128
8173129
8173130
8173131
8173132
8173133
8173134
8173135
8173136
8173137
8173138
8173139
8173140
8173141
8173142
8173143
8173144
8173145
8173146
8173147
8173148
8173149
8173150
8173151
8173152
8173153
8173154
8173155
8173156
8173157
8173158
8173159
8173160
8173161
8173162
8173163
8173164
8173165
8173166
8173167
8173168
8173169
8173170
8173171
8173172
8173173
8173174
8173175
8173176
8173177
8173178
8173179
8173180
8173181
8173182
8173183
8173184
8173185
8173186
8173187
8173188
8173189
8173190
8173191
8173192
8173193
8173194
8173195
8173196
8173197
8173198
8173199
8173200
8173201
8173202
8173203
8173204
8173205
8173206
8173207
8173208
8173209
8173210
8173211
8173212
8173213
8173214
8173215
8173216
8173217
8173218
8173219
8173220
8173221
8173222
8173223
8173224
8173225
8173226
8173227
8173228
8173229
8173230
8173231
8173232
8173233
8173234
8173235
8173236
8173237
8173238
8173239
8173240
8173241
8173242
8173243
8173244
8173245
8173246
8173247
8173248
8173249
8173250
8173251
8173252
8173253
8173254
8173255
8173256
8173257
8173258
8173259
8173260
8173261
8173262
8173263
8173264
8173265
8173266
8173267
8173268
8173269
8173270
8173271
8173272
8173273
8173274
8173275
8173276
8173277
8173278
8173279
8173280
8173281
8173282
8173283
8173284
8173285
8173286
8173287
8173288
8173289
8173290
8173291
8173292
8173293
8173294
8173295
8173296
8173297
8173298
8173299
8173300
8173301
8173302
8173303
8173304
8173305
8173306
8173307
8173308
8173309
8173310
8173311
8173312
8173313
8173314
8173315
8173316
8173317
8173318
8173319
8173320
8173321
8173322
8173323
8173324
8173325
8173326
8173327
8173328
8173329
8173330
8173331
8173332
8173333
8173334
8173335
8173336
8173337
8173338
8173339
8173340
8173341
8173342
8173343
8173344
8173345
8173346
8173347
8173348
8173349
8173350
8173351
8173352
8173353
8173354
8173355
8173356
8173357
8173358
8173359
8173360
8173361
8173362
8173363
8173364
8173365
8173366
8173367
8173368
8173369
8173370
8173371
8173372
8173373
8173374
8173375
8173376
8173377
8173378
8173379
8173380
8173381
8173382
8173383
8173384
8173385
8173386
8173387
8173388
8173389
8173390
8173391
8173392
8173393
8173394
8173395
8173396
8173397
8173398
8173399
8173400
8173401
8173402
8173403
8173404
8173405
8173406
8173407
8173408
8173409
8173410
8173411
8173412
8173413
8173414
8173415
8173416
8173417
8173418
8173419
8173420
8173421
8173422
8173423
8173424
8173425
8173426
8173427
8173428
8173429
8173430
8173431
8173432
8173433
8173434
8173435
8173436
8173437
8173438
8173439
8173440
8173441
8173442
8173443
8173444
8173445
8173446
8173447
8173448
8173449
8173450
8173451
8173452
8173453
8173454
8173455
8173456
8173457
8173458
8173459
8173460
8173461
8173462
8173463
8173464
8173465
8173466
8173467
8173468
8173469
8173470
8173471
8173472
8173473
8173474
8173475
8173476
8173477
8173478
8173479
8173480
8173481
8173482
8173483
8173484
8173485
8173486
8173487
8173488
8173489
8173490
8173491
8173492
8173493
8173494
8173495
8173496
8173497
8173498
8173499
8173500
8173501
8173502
8173503
8173504
8173505
8173506
8173507
8173508
8173509
8173510
8173511
8173512
8173513
8173514
8173515
8173516
8173517
8173518
8173519
8173520
8173521
8173522
8173523
8173524
8173525
8173526
8173527
8173528
8173529
8173530
8173531
8173532
8173533
8173534
8173535
8173536
8173537
8173538
8173539
8173540
8173541
8173542
8173543
8173544
8173545
8173546
8173547
8173548
8173549
8173550
8173551
8173552
8173553
8173554
8173555
8173556
8173557
8173558
8173559
8173560
8173561
8173562
8173563
8173564
8173565
8173566
8173567
8173568
8173569
8173570
8173571
8173572
8173573
8173574
8173575
8173576
8173577
8173578
8173579
8173580
8173581
8173582
8173583
8173584
8173585
8173586
8173587
8173588
8173589
8173590
8173591
8173592
8173593
8173594
8173595
8173596
8173597
8173598
8173599
8173600
8173601
8173602
8173603
8173604
8173605
8173606
8173607
8173608
8173609
8173610
8173611
8173612
8173613
8173614
8173615
8173616
8173617
8173618
8173619
8173620
8173621
8173622
8173623
8173624
8173625
8173626
8173627
8173628
8173629
8173630
8173631
8173632
8173633
8173634
8173635
8173636
8173637
8173638
8173639
8173640
8173641
8173642
8173643
8173644
8173645
8173646
8173647
8173648
8173649
8173650
8173651
8173652
8173653
8173654
8173655
8173656
8173657
8173658
8173659
8173660
8173661
8173662
8173663
8173664
8173665
8173666
8173667
8173668
8173669
8173670
8173671
8173672
8173673
8173674
8173675
8173676
8173677
8173678
8173679
8173680
8173681
8173682
8173683
8173684
8173685
8173686
8173687
8173688
8173689
8173690
8173691
8173692
8173693
8173694
8173695
8173696
8173697
8173698
8173699
8173700
8173701
8173702
8173703
8173704
8173705
8173706
8173707
8173708
8173709
8173710
8173711
8173712
8173713
8173714
8173715
8173716
8173717
8173718
8173719
8173720
8173721
8173722
8173723
8173724
8173725
8173726
8173727
8173728
8173729
8173730
8173731
8173732
8173733
8173734
8173735
8173736
8173737
8173738
8173739
8173740
8173741
8173742
8173743
8173744
8173745
8173746
8173747
8173748
8173749
8173750
8173751
8173752
8173753
8173754
8173755
8173756
8173757
8173758
8173759
8173760
8173761
8173762
8173763
8173764
8173765
8173766
8173767
8173768
8173769
8173770
8173771
8173772
8173773
8173774
8173775
8173776
8173777
8173778
8173779
8173780
8173781
8173782
8173783
8173784
8173785
8173786
8173787
8173788
8173789
8173790
8173791
8173792
8173793
8173794
8173795
8173796
8173797
8173798
8173799
8173800
8173801
8173802
8173803
8173804
8173805
8173806
8173807
8173808
8173809
8173810
8173811
8173812
8173813
8173814
8173815
8173816
8173817
8173818
8173819
8173820
8173821
8173822
8173823
8173824
8173825
8173826
8173827
8173828
8173829
8173830
8173831
8173832
8173833
8173834
8173835
8173836
8173837
8173838
8173839
8173840
8173841
8173842
8173843
8173844
8173845
8173846
8173847
8173848
8173849
8173850
8173851
8173852
8173853
8173854
8173855
8173856
8173857
8173858
8173859
8173860
8173861
8173862
8173863
8173864
8173865
8173866
8173867
8173868
8173869
8173870
8173871
8173872
8173873
8173874
8173875
8173876
8173877
8173878
8173879
8173880
8173881
8173882
8173883
8173884
8173885
8173886
8173887
8173888
8173889
8173890
8173891
8173892
8173893
8173894
8173895
8173896
8173897
8173898
8173899
8173900
8173901
8173902
8173903
8173904
8173905
8173906
8173907
8173908
8173909
8173910
8173911
8173912
8173913
8173914
8173915
8173916
8173917
8173918
8173919
8173920
8173921
8173922
8173923
8173924
8173925
8173926
8173927
8173928
8173929
8173930
8173931
8173932
8173933
8173934
8173935
8173936
8173937
8173938
8173939
8173940
8173941
8173942
8173943
8173944
8173945
8173946
8173947
8173948
8173949
8173950
8173951
8173952
8173953
8173954
8173955
8173956
8173957
8173958
8173959
8173960
8173961
8173962
8173963
8173964
8173965
8173966
8173967
8173968
8173969
8173970
8173971
8173972
8173973
8173974
8173975
8173976
8173977
8173978
8173979
8173980
8173981
8173982
8173983
8173984
8173985
8173986
8173987
8173988
8173989
8173990
8173991
8173992
8173993
8173994
8173995
8173996
8173997
8173998
8173999
8174000
8174001
8174002
8174003
8174004
8174005
8174006
8174007
8174008
8174009
8174010
8174011
8174012
8174013
8174014
8174015
8174016
8174017
8174018
8174019
8174020
8174021
8174022
8174023
8174024
8174025
8174026
8174027
8174028
8174029
8174030
8174031
8174032
8174033
8174034
8174035
8174036
8174037
8174038
8174039
8174040
8174041
8174042
8174043
8174044
8174045
8174046
8174047
8174048
8174049
8174050
8174051
8174052
8174053
8174054
8174055
8174056
8174057
8174058
8174059
8174060
8174061
8174062
8174063
8174064
8174065
8174066
8174067
8174068
8174069
8174070
8174071
8174072
8174073
8174074
8174075
8174076
8174077
8174078
8174079
8174080
8174081
8174082
8174083
8174084
8174085
8174086
8174087
8174088
8174089
8174090
8174091
8174092
8174093
8174094
8174095
8174096
8174097
8174098
8174099
8174100
8174101
8174102
8174103
8174104
8174105
8174106
8174107
8174108
8174109
8174110
8174111
8174112
8174113
8174114
8174115
8174116
8174117
8174118
8174119
8174120
8174121
8174122
8174123
8174124
8174125
8174126
8174127
8174128
8174129
8174130
8174131
8174132
8174133
8174134
8174135
8174136
8174137
8174138
8174139
8174140
8174141
8174142
8174143
8174144
8174145
8174146
8174147
8174148
8174149
8174150
8174151
8174152
8174153
8174154
8174155
8174156
8174157
8174158
8174159
8174160
8174161
8174162
8174163
8174164
8174165
8174166
8174167
8174168
8174169
8174170
8174171
8174172
8174173
8174174
8174175
8174176
8174177
8174178
8174179
8174180
8174181
8174182
8174183
8174184
8174185
8174186
8174187
8174188
8174189
8174190
8174191
8174192
8174193
8174194
8174195
8174196
8174197
8174198
8174199
8174200
8174201
8174202
8174203
8174204
8174205
8174206
8174207
8174208
8174209
8174210
8174211
8174212
8174213
8174214
8174215
8174216
8174217
8174218
8174219
8174220
8174221
8174222
8174223
8174224
8174225
8174226
8174227
8174228
8174229
8174230
8174231
8174232
8174233
8174234
8174235
8174236
8174237
8174238
8174239
8174240
8174241
8174242
8174243
8174244
8174245
8174246
8174247
8174248
8174249
8174250
8174251
8174252
8174253
8174254
8174255
8174256
8174257
8174258
8174259
8174260
8174261
8174262
8174263
8174264
8174265
8174266
8174267
8174268
8174269
8174270
8174271
8174272
8174273
8174274
8174275
8174276
8174277
8174278
8174279
8174280
8174281
8174282
8174283
8174284
8174285
8174286
8174287
8174288
8174289
8174290
8174291
8174292
8174293
8174294
8174295
8174296
8174297
8174298
8174299
8174300
8174301
8174302
8174303
8174304
8174305
8174306
8174307
8174308
8174309
8174310
8174311
8174312
8174313
8174314
8174315
8174316
8174317
8174318
8174319
8174320
8174321
8174322
8174323
8174324
8174325
8174326
8174327
8174328
8174329
8174330
8174331
8174332
8174333
8174334
8174335
8174336
8174337
8174338
8174339
8174340
8174341
8174342
8174343
8174344
8174345
8174346
8174347
8174348
8174349
8174350
8174351
8174352
8174353
8174354
8174355
8174356
8174357
8174358
8174359
8174360
8174361
8174362
8174363
8174364
8174365
8174366
8174367
8174368
8174369
8174370
8174371
8174372
8174373
8174374
8174375
8174376
8174377
8174378
8174379
8174380
8174381
8174382
8174383
8174384
8174385
8174386
8174387
8174388
8174389
8174390
8174391
8174392
8174393
8174394
8174395
8174396
8174397
8174398
8174399
8174400
8174401
8174402
8174403
8174404
8174405
8174406
8174407
8174408
8174409
8174410
8174411
8174412
8174413
8174414
8174415
8174416
8174417
8174418
8174419
8174420
8174421
8174422
8174423
8174424
8174425
8174426
8174427
8174428
8174429
8174430
8174431
8174432
8174433
8174434
8174435
8174436
8174437
8174438
8174439
8174440
8174441
8174442
8174443
8174444
8174445
8174446
8174447
8174448
8174449
8174450
8174451
8174452
8174453
8174454
8174455
8174456
8174457
8174458
8174459
8174460
8174461
8174462
8174463
8174464
8174465
8174466
8174467
8174468
8174469
8174470
8174471
8174472
8174473
8174474
8174475
8174476
8174477
8174478
8174479
8174480
8174481
8174482
8174483
8174484
8174485
8174486
8174487
8174488
8174489
8174490
8174491
8174492
8174493
8174494
8174495
8174496
8174497
8174498
8174499
8174500
8174501
8174502
8174503
8174504
8174505
8174506
8174507
8174508
8174509
8174510
8174511
8174512
8174513
8174514
8174515
8174516
8174517
8174518
8174519
8174520
8174521
8174522
8174523
8174524
8174525
8174526
8174527
8174528
8174529
8174530
8174531
8174532
8174533
8174534
8174535
8174536
8174537
8174538
8174539
8174540
8174541
8174542
8174543
8174544
8174545
8174546
8174547
8174548
8174549
8174550
8174551
8174552
8174553
8174554
8174555
8174556
8174557
8174558
8174559
8174560
8174561
8174562
8174563
8174564
8174565
8174566
8174567
8174568
8174569
8174570
8174571
8174572
8174573
8174574
8174575
8174576
8174577
8174578
8174579
8174580
8174581
8174582
8174583
8174584
8174585
8174586
8174587
8174588
8174589
8174590
8174591
8174592
8174593
8174594
8174595
8174596
8174597
8174598
8174599
8174600
8174601
8174602
8174603
8174604
8174605
8174606
8174607
8174608
8174609
8174610
8174611
8174612
8174613
8174614
8174615
8174616
8174617
8174618
8174619
8174620
8174621
8174622
8174623
8174624
8174625
8174626
8174627
8174628
8174629
8174630
8174631
8174632
8174633
8174634
8174635
8174636
8174637
8174638
8174639
8174640
8174641
8174642
8174643
8174644
8174645
8174646
8174647
8174648
8174649
8174650
8174651
8174652
8174653
8174654
8174655
8174656
8174657
8174658
8174659
8174660
8174661
8174662
8174663
8174664
8174665
8174666
8174667
8174668
8174669
8174670
8174671
8174672
8174673
8174674
8174675
8174676
8174677
8174678
8174679
8174680
8174681
8174682
8174683
8174684
8174685
8174686
8174687
8174688
8174689
8174690
8174691
8174692
8174693
8174694
8174695
8174696
8174697
8174698
8174699
8174700
8174701
8174702
8174703
8174704
8174705
8174706
8174707
8174708
8174709
8174710
8174711
8174712
8174713
8174714
8174715
8174716
8174717
8174718
8174719
8174720
8174721
8174722
8174723
8174724
8174725
8174726
8174727
8174728
8174729
8174730
8174731
8174732
8174733
8174734
8174735
8174736
8174737
8174738
8174739
8174740
8174741
8174742
8174743
8174744
8174745
8174746
8174747
8174748
8174749
8174750
8174751
8174752
8174753
8174754
8174755
8174756
8174757
8174758
8174759
8174760
8174761
8174762
8174763
8174764
8174765
8174766
8174767
8174768
8174769
8174770
8174771
8174772
8174773
8174774
8174775
8174776
8174777
8174778
8174779
8174780
8174781
8174782
8174783
8174784
8174785
8174786
8174787
8174788
8174789
8174790
8174791
8174792
8174793
8174794
8174795
8174796
8174797
8174798
8174799
8174800
8174801
8174802
8174803
8174804
8174805
8174806
8174807
8174808
8174809
8174810
8174811
8174812
8174813
8174814
8174815
8174816
8174817
8174818
8174819
8174820
8174821
8174822
8174823
8174824
8174825
8174826
8174827
8174828
8174829
8174830
8174831
8174832
8174833
8174834
8174835
8174836
8174837
8174838
8174839
8174840
8174841
8174842
8174843
8174844
8174845
8174846
8174847
8174848
8174849
8174850
8174851
8174852
8174853
8174854
8174855
8174856
8174857
8174858
8174859
8174860
8174861
8174862
8174863
8174864
8174865
8174866
8174867
8174868
8174869
8174870
8174871
8174872
8174873
8174874
8174875
8174876
8174877
8174878
8174879
8174880
8174881
8174882
8174883
8174884
8174885
8174886
8174887
8174888
8174889
8174890
8174891
8174892
8174893
8174894
8174895
8174896
8174897
8174898
8174899
8174900
8174901
8174902
8174903
8174904
8174905
8174906
8174907
8174908
8174909
8174910
8174911
8174912
8174913
8174914
8174915
8174916
8174917
8174918
8174919
8174920
8174921
8174922
8174923
8174924
8174925
8174926
8174927
8174928
8174929
8174930
8174931
8174932
8174933
8174934
8174935
8174936
8174937
8174938
8174939
8174940
8174941
8174942
8174943
8174944
8174945
8174946
8174947
8174948
8174949
8174950
8174951
8174952
8174953
8174954
8174955
8174956
8174957
8174958
8174959
8174960
8174961
8174962
8174963
8174964
8174965
8174966
8174967
8174968
8174969
8174970
8174971
8174972
8174973
8174974
8174975
8174976
8174977
8174978
8174979
8174980
8174981
8174982
8174983
8174984
8174985
8174986
8174987
8174988
8174989
8174990
8174991
8174992
8174993
8174994
8174995
8174996
8174997
8174998
8174999
8175000
8175001
8175002
8175003
8175004
8175005
8175006
8175007
8175008
8175009
8175010
8175011
8175012
8175013
8175014
8175015
8175016
8175017
8175018
8175019
8175020
8175021
8175022
8175023
8175024
8175025
8175026
8175027
8175028
8175029
8175030
8175031
8175032
8175033
8175034
8175035
8175036
8175037
8175038
8175039
8175040
8175041
8175042
8175043
8175044
8175045
8175046
8175047
8175048
8175049
8175050
8175051
8175052
8175053
8175054
8175055
8175056
8175057
8175058
8175059
8175060
8175061
8175062
8175063
8175064
8175065
8175066
8175067
8175068
8175069
8175070
8175071
8175072
8175073
8175074
8175075
8175076
8175077
8175078
8175079
8175080
8175081
8175082
8175083
8175084
8175085
8175086
8175087
8175088
8175089
8175090
8175091
8175092
8175093
8175094
8175095
8175096
8175097
8175098
8175099
8175100
8175101
8175102
8175103
8175104
8175105
8175106
8175107
8175108
8175109
8175110
8175111
8175112
8175113
8175114
8175115
8175116
8175117
8175118
8175119
8175120
8175121
8175122
8175123
8175124
8175125
8175126
8175127
8175128
8175129
8175130
8175131
8175132
8175133
8175134
8175135
8175136
8175137
8175138
8175139
8175140
8175141
8175142
8175143
8175144
8175145
8175146
8175147
8175148
8175149
8175150
8175151
8175152
8175153
8175154
8175155
8175156
8175157
8175158
8175159
8175160
8175161
8175162
8175163
8175164
8175165
8175166
8175167
8175168
8175169
8175170
8175171
8175172
8175173
8175174
8175175
8175176
8175177
8175178
8175179
8175180
8175181
8175182
8175183
8175184
8175185
8175186
8175187
8175188
8175189
8175190
8175191
8175192
8175193
8175194
8175195
8175196
8175197
8175198
8175199
8175200
8175201
8175202
8175203
8175204
8175205
8175206
8175207
8175208
8175209
8175210
8175211
8175212
8175213
8175214
8175215
8175216
8175217
8175218
8175219
8175220
8175221
8175222
8175223
8175224
8175225
8175226
8175227
8175228
8175229
8175230
8175231
8175232
8175233
8175234
8175235
8175236
8175237
8175238
8175239
8175240
8175241
8175242
8175243
8175244
8175245
8175246
8175247
8175248
8175249
8175250
8175251
8175252
8175253
8175254
8175255
8175256
8175257
8175258
8175259
8175260
8175261
8175262
8175263
8175264
8175265
8175266
8175267
8175268
8175269
8175270
8175271
8175272
8175273
8175274
8175275
8175276
8175277
8175278
8175279
8175280
8175281
8175282
8175283
8175284
8175285
8175286
8175287
8175288
8175289
8175290
8175291
8175292
8175293
8175294
8175295
8175296
8175297
8175298
8175299
8175300
8175301
8175302
8175303
8175304
8175305
8175306
8175307
8175308
8175309
8175310
8175311
8175312
8175313
8175314
8175315
8175316
8175317
8175318
8175319
8175320
8175321
8175322
8175323
8175324
8175325
8175326
8175327
8175328
8175329
8175330
8175331
8175332
8175333
8175334
8175335
8175336
8175337
8175338
8175339
8175340
8175341
8175342
8175343
8175344
8175345
8175346
8175347
8175348
8175349
8175350
8175351
8175352
8175353
8175354
8175355
8175356
8175357
8175358
8175359
8175360
8175361
8175362
8175363
8175364
8175365
8175366
8175367
8175368
8175369
8175370
8175371
8175372
8175373
8175374
8175375
8175376
8175377
8175378
8175379
8175380
8175381
8175382
8175383
8175384
8175385
8175386
8175387
8175388
8175389
8175390
8175391
8175392
8175393
8175394
8175395
8175396
8175397
8175398
8175399
8175400
8175401
8175402
8175403
8175404
8175405
8175406
8175407
8175408
8175409
8175410
8175411
8175412
8175413
8175414
8175415
8175416
8175417
8175418
8175419
8175420
8175421
8175422
8175423
8175424
8175425
8175426
8175427
8175428
8175429
8175430
8175431
8175432
8175433
8175434
8175435
8175436
8175437
8175438
8175439
8175440
8175441
8175442
8175443
8175444
8175445
8175446
8175447
8175448
8175449
8175450
8175451
8175452
8175453
8175454
8175455
8175456
8175457
8175458
8175459
8175460
8175461
8175462
8175463
8175464
8175465
8175466
8175467
8175468
8175469
8175470
8175471
8175472
8175473
8175474
8175475
8175476
8175477
8175478
8175479
8175480
8175481
8175482
8175483
8175484
8175485
8175486
8175487
8175488
8175489
8175490
8175491
8175492
8175493
8175494
8175495
8175496
8175497
8175498
8175499
8175500
8175501
8175502
8175503
8175504
8175505
8175506
8175507
8175508
8175509
8175510
8175511
8175512
8175513
8175514
8175515
8175516
8175517
8175518
8175519
8175520
8175521
8175522
8175523
8175524
8175525
8175526
8175527
8175528
8175529
8175530
8175531
8175532
8175533
8175534
8175535
8175536
8175537
8175538
8175539
8175540
8175541
8175542
8175543
8175544
8175545
8175546
8175547
8175548
8175549
8175550
8175551
8175552
8175553
8175554
8175555
8175556
8175557
8175558
8175559
8175560
8175561
8175562
8175563
8175564
8175565
8175566
8175567
8175568
8175569
8175570
8175571
8175572
8175573
8175574
8175575
8175576
8175577
8175578
8175579
8175580
8175581
8175582
8175583
8175584
8175585
8175586
8175587
8175588
8175589
8175590
8175591
8175592
8175593
8175594
8175595
8175596
8175597
8175598
8175599
8175600
8175601
8175602
8175603
8175604
8175605
8175606
8175607
8175608
8175609
8175610
8175611
8175612
8175613
8175614
8175615
8175616
8175617
8175618
8175619
8175620
8175621
8175622
8175623
8175624
8175625
8175626
8175627
8175628
8175629
8175630
8175631
8175632
8175633
8175634
8175635
8175636
8175637
8175638
8175639
8175640
8175641
8175642
8175643
8175644
8175645
8175646
8175647
8175648
8175649
8175650
8175651
8175652
8175653
8175654
8175655
8175656
8175657
8175658
8175659
8175660
8175661
8175662
8175663
8175664
8175665
8175666
8175667
8175668
8175669
8175670
8175671
8175672
8175673
8175674
8175675
8175676
8175677
8175678
8175679
8175680
8175681
8175682
8175683
8175684
8175685
8175686
8175687
8175688
8175689
8175690
8175691
8175692
8175693
8175694
8175695
8175696
8175697
8175698
8175699
8175700
8175701
8175702
8175703
8175704
8175705
8175706
8175707
8175708
8175709
8175710
8175711
8175712
8175713
8175714
8175715
8175716
8175717
8175718
8175719
8175720
8175721
8175722
8175723
8175724
8175725
8175726
8175727
8175728
8175729
8175730
8175731
8175732
8175733
8175734
8175735
8175736
8175737
8175738
8175739
8175740
8175741
8175742
8175743
8175744
8175745
8175746
8175747
8175748
8175749
8175750
8175751
8175752
8175753
8175754
8175755
8175756
8175757
8175758
8175759
8175760
8175761
8175762
8175763
8175764
8175765
8175766
8175767
8175768
8175769
8175770
8175771
8175772
8175773
8175774
8175775
8175776
8175777
8175778
8175779
8175780
8175781
8175782
8175783
8175784
8175785
8175786
8175787
8175788
8175789
8175790
8175791
8175792
8175793
8175794
8175795
8175796
8175797
8175798
8175799
8175800
8175801
8175802
8175803
8175804
8175805
8175806
8175807
8175808
8175809
8175810
8175811
8175812
8175813
8175814
8175815
8175816
8175817
8175818
8175819
8175820
8175821
8175822
8175823
8175824
8175825
8175826
8175827
8175828
8175829
8175830
8175831
8175832
8175833
8175834
8175835
8175836
8175837
8175838
8175839
8175840
8175841
8175842
8175843
8175844
8175845
8175846
8175847
8175848
8175849
8175850
8175851
8175852
8175853
8175854
8175855
8175856
8175857
8175858
8175859
8175860
8175861
8175862
8175863
8175864
8175865
8175866
8175867
8175868
8175869
8175870
8175871
8175872
8175873
8175874
8175875
8175876
8175877
8175878
8175879
8175880
8175881
8175882
8175883
8175884
8175885
8175886
8175887
8175888
8175889
8175890
8175891
8175892
8175893
8175894
8175895
8175896
8175897
8175898
8175899
8175900
8175901
8175902
8175903
8175904
8175905
8175906
8175907
8175908
8175909
8175910
8175911
8175912
8175913
8175914
8175915
8175916
8175917
8175918
8175919
8175920
8175921
8175922
8175923
8175924
8175925
8175926
8175927
8175928
8175929
8175930
8175931
8175932
8175933
8175934
8175935
8175936
8175937
8175938
8175939
8175940
8175941
8175942
8175943
8175944
8175945
8175946
8175947
8175948
8175949
8175950
8175951
8175952
8175953
8175954
8175955
8175956
8175957
8175958
8175959
8175960
8175961
8175962
8175963
8175964
8175965
8175966
8175967
8175968
8175969
8175970
8175971
8175972
8175973
8175974
8175975
8175976
8175977
8175978
8175979
8175980
8175981
8175982
8175983
8175984
8175985
8175986
8175987
8175988
8175989
8175990
8175991
8175992
8175993
8175994
8175995
8175996
8175997
8175998
8175999
8176000
8176001
8176002
8176003
8176004
8176005
8176006
8176007
8176008
8176009
8176010
8176011
8176012
8176013
8176014
8176015
8176016
8176017
8176018
8176019
8176020
8176021
8176022
8176023
8176024
8176025
8176026
8176027
8176028
8176029
8176030
8176031
8176032
8176033
8176034
8176035
8176036
8176037
8176038
8176039
8176040
8176041
8176042
8176043
8176044
8176045
8176046
8176047
8176048
8176049
8176050
8176051
8176052
8176053
8176054
8176055
8176056
8176057
8176058
8176059
8176060
8176061
8176062
8176063
8176064
8176065
8176066
8176067
8176068
8176069
8176070
8176071
8176072
8176073
8176074
8176075
8176076
8176077
8176078
8176079
8176080
8176081
8176082
8176083
8176084
8176085
8176086
8176087
8176088
8176089
8176090
8176091
8176092
8176093
8176094
8176095
8176096
8176097
8176098
8176099
8176100
8176101
8176102
8176103
8176104
8176105
8176106
8176107
8176108
8176109
8176110
8176111
8176112
8176113
8176114
8176115
8176116
8176117
8176118
8176119
8176120
8176121
8176122
8176123
8176124
8176125
8176126
8176127
8176128
8176129
8176130
8176131
8176132
8176133
8176134
8176135
8176136
8176137
8176138
8176139
8176140
8176141
8176142
8176143
8176144
8176145
8176146
8176147
8176148
8176149
8176150
8176151
8176152
8176153
8176154
8176155
8176156
8176157
8176158
8176159
8176160
8176161
8176162
8176163
8176164
8176165
8176166
8176167
8176168
8176169
8176170
8176171
8176172
8176173
8176174
8176175
8176176
8176177
8176178
8176179
8176180
8176181
8176182
8176183
8176184
8176185
8176186
8176187
8176188
8176189
8176190
8176191
8176192
8176193
8176194
8176195
8176196
8176197
8176198
8176199
8176200
8176201
8176202
8176203
8176204
8176205
8176206
8176207
8176208
8176209
8176210
8176211
8176212
8176213
8176214
8176215
8176216
8176217
8176218
8176219
8176220
8176221
8176222
8176223
8176224
8176225
8176226
8176227
8176228
8176229
8176230
8176231
8176232
8176233
8176234
8176235
8176236
8176237
8176238
8176239
8176240
8176241
8176242
8176243
8176244
8176245
8176246
8176247
8176248
8176249
8176250
8176251
8176252
8176253
8176254
8176255
8176256
8176257
8176258
8176259
8176260
8176261
8176262
8176263
8176264
8176265
8176266
8176267
8176268
8176269
8176270
8176271
8176272
8176273
8176274
8176275
8176276
8176277
8176278
8176279
8176280
8176281
8176282
8176283
8176284
8176285
8176286
8176287
8176288
8176289
8176290
8176291
8176292
8176293
8176294
8176295
8176296
8176297
8176298
8176299
8176300
8176301
8176302
8176303
8176304
8176305
8176306
8176307
8176308
8176309
8176310
8176311
8176312
8176313
8176314
8176315
8176316
8176317
8176318
8176319
8176320
8176321
8176322
8176323
8176324
8176325
8176326
8176327
8176328
8176329
8176330
8176331
8176332
8176333
8176334
8176335
8176336
8176337
8176338
8176339
8176340
8176341
8176342
8176343
8176344
8176345
8176346
8176347
8176348
8176349
8176350
8176351
8176352
8176353
8176354
8176355
8176356
8176357
8176358
8176359
8176360
8176361
8176362
8176363
8176364
8176365
8176366
8176367
8176368
8176369
8176370
8176371
8176372
8176373
8176374
8176375
8176376
8176377
8176378
8176379
8176380
8176381
8176382
8176383
8176384
8176385
8176386
8176387
8176388
8176389
8176390
8176391
8176392
8176393
8176394
8176395
8176396
8176397
8176398
8176399
8176400
8176401
8176402
8176403
8176404
8176405
8176406
8176407
8176408
8176409
8176410
8176411
8176412
8176413
8176414
8176415
8176416
8176417
8176418
8176419
8176420
8176421
8176422
8176423
8176424
8176425
8176426
8176427
8176428
8176429
8176430
8176431
8176432
8176433
8176434
8176435
8176436
8176437
8176438
8176439
8176440
8176441
8176442
8176443
8176444
8176445
8176446
8176447
8176448
8176449
8176450
8176451
8176452
8176453
8176454
8176455
8176456
8176457
8176458
8176459
8176460
8176461
8176462
8176463
8176464
8176465
8176466
8176467
8176468
8176469
8176470
8176471
8176472
8176473
8176474
8176475
8176476
8176477
8176478
8176479
8176480
8176481
8176482
8176483
8176484
8176485
8176486
8176487
8176488
8176489
8176490
8176491
8176492
8176493
8176494
8176495
8176496
8176497
8176498
8176499
8176500
8176501
8176502
8176503
8176504
8176505
8176506
8176507
8176508
8176509
8176510
8176511
8176512
8176513
8176514
8176515
8176516
8176517
8176518
8176519
8176520
8176521
8176522
8176523
8176524
8176525
8176526
8176527
8176528
8176529
8176530
8176531
8176532
8176533
8176534
8176535
8176536
8176537
8176538
8176539
8176540
8176541
8176542
8176543
8176544
8176545
8176546
8176547
8176548
8176549
8176550
8176551
8176552
8176553
8176554
8176555
8176556
8176557
8176558
8176559
8176560
8176561
8176562
8176563
8176564
8176565
8176566
8176567
8176568
8176569
8176570
8176571
8176572
8176573
8176574
8176575
8176576
8176577
8176578
8176579
8176580
8176581
8176582
8176583
8176584
8176585
8176586
8176587
8176588
8176589
8176590
8176591
8176592
8176593
8176594
8176595
8176596
8176597
8176598
8176599
8176600
8176601
8176602
8176603
8176604
8176605
8176606
8176607
8176608
8176609
8176610
8176611
8176612
8176613
8176614
8176615
8176616
8176617
8176618
8176619
8176620
8176621
8176622
8176623
8176624
8176625
8176626
8176627
8176628
8176629
8176630
8176631
8176632
8176633
8176634
8176635
8176636
8176637
8176638
8176639
8176640
8176641
8176642
8176643
8176644
8176645
8176646
8176647
8176648
8176649
8176650
8176651
8176652
8176653
8176654
8176655
8176656
8176657
8176658
8176659
8176660
8176661
8176662
8176663
8176664
8176665
8176666
8176667
8176668
8176669
8176670
8176671
8176672
8176673
8176674
8176675
8176676
8176677
8176678
8176679
8176680
8176681
8176682
8176683
8176684
8176685
8176686
8176687
8176688
8176689
8176690
8176691
8176692
8176693
8176694
8176695
8176696
8176697
8176698
8176699
8176700
8176701
8176702
8176703
8176704
8176705
8176706
8176707
8176708
8176709
8176710
8176711
8176712
8176713
8176714
8176715
8176716
8176717
8176718
8176719
8176720
8176721
8176722
8176723
8176724
8176725
8176726
8176727
8176728
8176729
8176730
8176731
8176732
8176733
8176734
8176735
8176736
8176737
8176738
8176739
8176740
8176741
8176742
8176743
8176744
8176745
8176746
8176747
8176748
8176749
8176750
8176751
8176752
8176753
8176754
8176755
8176756
8176757
8176758
8176759
8176760
8176761
8176762
8176763
8176764
8176765
8176766
8176767
8176768
8176769
8176770
8176771
8176772
8176773
8176774
8176775
8176776
8176777
8176778
8176779
8176780
8176781
8176782
8176783
8176784
8176785
8176786
8176787
8176788
8176789
8176790
8176791
8176792
8176793
8176794
8176795
8176796
8176797
8176798
8176799
8176800
8176801
8176802
8176803
8176804
8176805
8176806
8176807
8176808
8176809
8176810
8176811
8176812
8176813
8176814
8176815
8176816
8176817
8176818
8176819
8176820
8176821
8176822
8176823
8176824
8176825
8176826
8176827
8176828
8176829
8176830
8176831
8176832
8176833
8176834
8176835
8176836
8176837
8176838
8176839
8176840
8176841
8176842
8176843
8176844
8176845
8176846
8176847
8176848
8176849
8176850
8176851
8176852
8176853
8176854
8176855
8176856
8176857
8176858
8176859
8176860
8176861
8176862
8176863
8176864
8176865
8176866
8176867
8176868
8176869
8176870
8176871
8176872
8176873
8176874
8176875
8176876
8176877
8176878
8176879
8176880
8176881
8176882
8176883
8176884
8176885
8176886
8176887
8176888
8176889
8176890
8176891
8176892
8176893
8176894
8176895
8176896
8176897
8176898
8176899
8176900
8176901
8176902
8176903
8176904
8176905
8176906
8176907
8176908
8176909
8176910
8176911
8176912
8176913
8176914
8176915
8176916
8176917
8176918
8176919
8176920
8176921
8176922
8176923
8176924
8176925
8176926
8176927
8176928
8176929
8176930
8176931
8176932
8176933
8176934
8176935
8176936
8176937
8176938
8176939
8176940
8176941
8176942
8176943
8176944
8176945
8176946
8176947
8176948
8176949
8176950
8176951
8176952
8176953
8176954
8176955
8176956
8176957
8176958
8176959
8176960
8176961
8176962
8176963
8176964
8176965
8176966
8176967
8176968
8176969
8176970
8176971
8176972
8176973
8176974
8176975
8176976
8176977
8176978
8176979
8176980
8176981
8176982
8176983
8176984
8176985
8176986
8176987
8176988
8176989
8176990
8176991
8176992
8176993
8176994
8176995
8176996
8176997
8176998
8176999
8177000
8177001
8177002
8177003
8177004
8177005
8177006
8177007
8177008
8177009
8177010
8177011
8177012
8177013
8177014
8177015
8177016
8177017
8177018
8177019
8177020
8177021
8177022
8177023
8177024
8177025
8177026
8177027
8177028
8177029
8177030
8177031
8177032
8177033
8177034
8177035
8177036
8177037
8177038
8177039
8177040
8177041
8177042
8177043
8177044
8177045
8177046
8177047
8177048
8177049
8177050
8177051
8177052
8177053
8177054
8177055
8177056
8177057
8177058
8177059
8177060
8177061
8177062
8177063
8177064
8177065
8177066
8177067
8177068
8177069
8177070
8177071
8177072
8177073
8177074
8177075
8177076
8177077
8177078
8177079
8177080
8177081
8177082
8177083
8177084
8177085
8177086
8177087
8177088
8177089
8177090
8177091
8177092
8177093
8177094
8177095
8177096
8177097
8177098
8177099
8177100
8177101
8177102
8177103
8177104
8177105
8177106
8177107
8177108
8177109
8177110
8177111
8177112
8177113
8177114
8177115
8177116
8177117
8177118
8177119
8177120
8177121
8177122
8177123
8177124
8177125
8177126
8177127
8177128
8177129
8177130
8177131
8177132
8177133
8177134
8177135
8177136
8177137
8177138
8177139
8177140
8177141
8177142
8177143
8177144
8177145
8177146
8177147
8177148
8177149
8177150
8177151
8177152
8177153
8177154
8177155
8177156
8177157
8177158
8177159
8177160
8177161
8177162
8177163
8177164
8177165
8177166
8177167
8177168
8177169
8177170
8177171
8177172
8177173
8177174
8177175
8177176
8177177
8177178
8177179
8177180
8177181
8177182
8177183
8177184
8177185
8177186
8177187
8177188
8177189
8177190
8177191
8177192
8177193
8177194
8177195
8177196
8177197
8177198
8177199
8177200
8177201
8177202
8177203
8177204
8177205
8177206
8177207
8177208
8177209
8177210
8177211
8177212
8177213
8177214
8177215
8177216
8177217
8177218
8177219
8177220
8177221
8177222
8177223
8177224
8177225
8177226
8177227
8177228
8177229
8177230
8177231
8177232
8177233
8177234
8177235
8177236
8177237
8177238
8177239
8177240
8177241
8177242
8177243
8177244
8177245
8177246
8177247
8177248
8177249
8177250
8177251
8177252
8177253
8177254
8177255
8177256
8177257
8177258
8177259
8177260
8177261
8177262
8177263
8177264
8177265
8177266
8177267
8177268
8177269
8177270
8177271
8177272
8177273
8177274
8177275
8177276
8177277
8177278
8177279
8177280
8177281
8177282
8177283
8177284
8177285
8177286
8177287
8177288
8177289
8177290
8177291
8177292
8177293
8177294
8177295
8177296
8177297
8177298
8177299
8177300
8177301
8177302
8177303
8177304
8177305
8177306
8177307
8177308
8177309
8177310
8177311
8177312
8177313
8177314
8177315
8177316
8177317
8177318
8177319
8177320
8177321
8177322
8177323
8177324
8177325
8177326
8177327
8177328
8177329
8177330
8177331
8177332
8177333
8177334
8177335
8177336
8177337
8177338
8177339
8177340
8177341
8177342
8177343
8177344
8177345
8177346
8177347
8177348
8177349
8177350
8177351
8177352
8177353
8177354
8177355
8177356
8177357
8177358
8177359
8177360
8177361
8177362
8177363
8177364
8177365
8177366
8177367
8177368
8177369
8177370
8177371
8177372
8177373
8177374
8177375
8177376
8177377
8177378
8177379
8177380
8177381
8177382
8177383
8177384
8177385
8177386
8177387
8177388
8177389
8177390
8177391
8177392
8177393
8177394
8177395
8177396
8177397
8177398
8177399
8177400
8177401
8177402
8177403
8177404
8177405
8177406
8177407
8177408
8177409
8177410
8177411
8177412
8177413
8177414
8177415
8177416
8177417
8177418
8177419
8177420
8177421
8177422
8177423
8177424
8177425
8177426
8177427
8177428
8177429
8177430
8177431
8177432
8177433
8177434
8177435
8177436
8177437
8177438
8177439
8177440
8177441
8177442
8177443
8177444
8177445
8177446
8177447
8177448
8177449
8177450
8177451
8177452
8177453
8177454
8177455
8177456
8177457
8177458
8177459
8177460
8177461
8177462
8177463
8177464
8177465
8177466
8177467
8177468
8177469
8177470
8177471
8177472
8177473
8177474
8177475
8177476
8177477
8177478
8177479
8177480
8177481
8177482
8177483
8177484
8177485
8177486
8177487
8177488
8177489
8177490
8177491
8177492
8177493
8177494
8177495
8177496
8177497
8177498
8177499
8177500
8177501
8177502
8177503
8177504
8177505
8177506
8177507
8177508
8177509
8177510
8177511
8177512
8177513
8177514
8177515
8177516
8177517
8177518
8177519
8177520
8177521
8177522
8177523
8177524
8177525
8177526
8177527
8177528
8177529
8177530
8177531
8177532
8177533
8177534
8177535
8177536
8177537
8177538
8177539
8177540
8177541
8177542
8177543
8177544
8177545
8177546
8177547
8177548
8177549
8177550
8177551
8177552
8177553
8177554
8177555
8177556
8177557
8177558
8177559
8177560
8177561
8177562
8177563
8177564
8177565
8177566
8177567
8177568
8177569
8177570
8177571
8177572
8177573
8177574
8177575
8177576
8177577
8177578
8177579
8177580
8177581
8177582
8177583
8177584
8177585
8177586
8177587
8177588
8177589
8177590
8177591
8177592
8177593
8177594
8177595
8177596
8177597
8177598
8177599
8177600
8177601
8177602
8177603
8177604
8177605
8177606
8177607
8177608
8177609
8177610
8177611
8177612
8177613
8177614
8177615
8177616
8177617
8177618
8177619
8177620
8177621
8177622
8177623
8177624
8177625
8177626
8177627
8177628
8177629
8177630
8177631
8177632
8177633
8177634
8177635
8177636
8177637
8177638
8177639
8177640
8177641
8177642
8177643
8177644
8177645
8177646
8177647
8177648
8177649
8177650
8177651
8177652
8177653
8177654
8177655
8177656
8177657
8177658
8177659
8177660
8177661
8177662
8177663
8177664
8177665
8177666
8177667
8177668
8177669
8177670
8177671
8177672
8177673
8177674
8177675
8177676
8177677
8177678
8177679
8177680
8177681
8177682
8177683
8177684
8177685
8177686
8177687
8177688
8177689
8177690
8177691
8177692
8177693
8177694
8177695
8177696
8177697
8177698
8177699
8177700
8177701
8177702
8177703
8177704
8177705
8177706
8177707
8177708
8177709
8177710
8177711
8177712
8177713
8177714
8177715
8177716
8177717
8177718
8177719
8177720
8177721
8177722
8177723
8177724
8177725
8177726
8177727
8177728
8177729
8177730
8177731
8177732
8177733
8177734
8177735
8177736
8177737
8177738
8177739
8177740
8177741
8177742
8177743
8177744
8177745
8177746
8177747
8177748
8177749
8177750
8177751
8177752
8177753
8177754
8177755
8177756
8177757
8177758
8177759
8177760
8177761
8177762
8177763
8177764
8177765
8177766
8177767
8177768
8177769
8177770
8177771
8177772
8177773
8177774
8177775
8177776
8177777
8177778
8177779
8177780
8177781
8177782
8177783
8177784
8177785
8177786
8177787
8177788
8177789
8177790
8177791
8177792
8177793
8177794
8177795
8177796
8177797
8177798
8177799
8177800
8177801
8177802
8177803
8177804
8177805
8177806
8177807
8177808
8177809
8177810
8177811
8177812
8177813
8177814
8177815
8177816
8177817
8177818
8177819
8177820
8177821
8177822
8177823
8177824
8177825
8177826
8177827
8177828
8177829
8177830
8177831
8177832
8177833
8177834
8177835
8177836
8177837
8177838
8177839
8177840
8177841
8177842
8177843
8177844
8177845
8177846
8177847
8177848
8177849
8177850
8177851
8177852
8177853
8177854
8177855
8177856
8177857
8177858
8177859
8177860
8177861
8177862
8177863
8177864
8177865
8177866
8177867
8177868
8177869
8177870
8177871
8177872
8177873
8177874
8177875
8177876
8177877
8177878
8177879
8177880
8177881
8177882
8177883
8177884
8177885
8177886
8177887
8177888
8177889
8177890
8177891
8177892
8177893
8177894
8177895
8177896
8177897
8177898
8177899
8177900
8177901
8177902
8177903
8177904
8177905
8177906
8177907
8177908
8177909
8177910
8177911
8177912
8177913
8177914
8177915
8177916
8177917
8177918
8177919
8177920
8177921
8177922
8177923
8177924
8177925
8177926
8177927
8177928
8177929
8177930
8177931
8177932
8177933
8177934
8177935
8177936
8177937
8177938
8177939
8177940
8177941
8177942
8177943
8177944
8177945
8177946
8177947
8177948
8177949
8177950
8177951
8177952
8177953
8177954
8177955
8177956
8177957
8177958
8177959
8177960
8177961
8177962
8177963
8177964
8177965
8177966
8177967
8177968
8177969
8177970
8177971
8177972
8177973
8177974
8177975
8177976
8177977
8177978
8177979
8177980
8177981
8177982
8177983
8177984
8177985
8177986
8177987
8177988
8177989
8177990
8177991
8177992
8177993
8177994
8177995
8177996
8177997
8177998
8177999
8178000
8178001
8178002
8178003
8178004
8178005
8178006
8178007
8178008
8178009
8178010
8178011
8178012
8178013
8178014
8178015
8178016
8178017
8178018
8178019
8178020
8178021
8178022
8178023
8178024
8178025
8178026
8178027
8178028
8178029
8178030
8178031
8178032
8178033
8178034
8178035
8178036
8178037
8178038
8178039
8178040
8178041
8178042
8178043
8178044
8178045
8178046
8178047
8178048
8178049
8178050
8178051
8178052
8178053
8178054
8178055
8178056
8178057
8178058
8178059
8178060
8178061
8178062
8178063
8178064
8178065
8178066
8178067
8178068
8178069
8178070
8178071
8178072
8178073
8178074
8178075
8178076
8178077
8178078
8178079
8178080
8178081
8178082
8178083
8178084
8178085
8178086
8178087
8178088
8178089
8178090
8178091
8178092
8178093
8178094
8178095
8178096
8178097
8178098
8178099
8178100
8178101
8178102
8178103
8178104
8178105
8178106
8178107
8178108
8178109
8178110
8178111
8178112
8178113
8178114
8178115
8178116
8178117
8178118
8178119
8178120
8178121
8178122
8178123
8178124
8178125
8178126
8178127
8178128
8178129
8178130
8178131
8178132
8178133
8178134
8178135
8178136
8178137
8178138
8178139
8178140
8178141
8178142
8178143
8178144
8178145
8178146
8178147
8178148
8178149
8178150
8178151
8178152
8178153
8178154
8178155
8178156
8178157
8178158
8178159
8178160
8178161
8178162
8178163
8178164
8178165
8178166
8178167
8178168
8178169
8178170
8178171
8178172
8178173
8178174
8178175
8178176
8178177
8178178
8178179
8178180
8178181
8178182
8178183
8178184
8178185
8178186
8178187
8178188
8178189
8178190
8178191
8178192
8178193
8178194
8178195
8178196
8178197
8178198
8178199
8178200
8178201
8178202
8178203
8178204
8178205
8178206
8178207
8178208
8178209
8178210
8178211
8178212
8178213
8178214
8178215
8178216
8178217
8178218
8178219
8178220
8178221
8178222
8178223
8178224
8178225
8178226
8178227
8178228
8178229
8178230
8178231
8178232
8178233
8178234
8178235
8178236
8178237
8178238
8178239
8178240
8178241
8178242
8178243
8178244
8178245
8178246
8178247
8178248
8178249
8178250
8178251
8178252
8178253
8178254
8178255
8178256
8178257
8178258
8178259
8178260
8178261
8178262
8178263
8178264
8178265
8178266
8178267
8178268
8178269
8178270
8178271
8178272
8178273
8178274
8178275
8178276
8178277
8178278
8178279
8178280
8178281
8178282
8178283
8178284
8178285
8178286
8178287
8178288
8178289
8178290
8178291
8178292
8178293
8178294
8178295
8178296
8178297
8178298
8178299
8178300
8178301
8178302
8178303
8178304
8178305
8178306
8178307
8178308
8178309
8178310
8178311
8178312
8178313
8178314
8178315
8178316
8178317
8178318
8178319
8178320
8178321
8178322
8178323
8178324
8178325
8178326
8178327
8178328
8178329
8178330
8178331
8178332
8178333
8178334
8178335
8178336
8178337
8178338
8178339
8178340
8178341
8178342
8178343
8178344
8178345
8178346
8178347
8178348
8178349
8178350
8178351
8178352
8178353
8178354
8178355
8178356
8178357
8178358
8178359
8178360
8178361
8178362
8178363
8178364
8178365
8178366
8178367
8178368
8178369
8178370
8178371
8178372
8178373
8178374
8178375
8178376
8178377
8178378
8178379
8178380
8178381
8178382
8178383
8178384
8178385
8178386
8178387
8178388
8178389
8178390
8178391
8178392
8178393
8178394
8178395
8178396
8178397
8178398
8178399
8178400
8178401
8178402
8178403
8178404
8178405
8178406
8178407
8178408
8178409
8178410
8178411
8178412
8178413
8178414
8178415
8178416
8178417
8178418
8178419
8178420
8178421
8178422
8178423
8178424
8178425
8178426
8178427
8178428
8178429
8178430
8178431
8178432
8178433
8178434
8178435
8178436
8178437
8178438
8178439
8178440
8178441
8178442
8178443
8178444
8178445
8178446
8178447
8178448
8178449
8178450
8178451
8178452
8178453
8178454
8178455
8178456
8178457
8178458
8178459
8178460
8178461
8178462
8178463
8178464
8178465
8178466
8178467
8178468
8178469
8178470
8178471
8178472
8178473
8178474
8178475
8178476
8178477
8178478
8178479
8178480
8178481
8178482
8178483
8178484
8178485
8178486
8178487
8178488
8178489
8178490
8178491
8178492
8178493
8178494
8178495
8178496
8178497
8178498
8178499
8178500
8178501
8178502
8178503
8178504
8178505
8178506
8178507
8178508
8178509
8178510
8178511
8178512
8178513
8178514
8178515
8178516
8178517
8178518
8178519
8178520
8178521
8178522
8178523
8178524
8178525
8178526
8178527
8178528
8178529
8178530
8178531
8178532
8178533
8178534
8178535
8178536
8178537
8178538
8178539
8178540
8178541
8178542
8178543
8178544
8178545
8178546
8178547
8178548
8178549
8178550
8178551
8178552
8178553
8178554
8178555
8178556
8178557
8178558
8178559
8178560
8178561
8178562
8178563
8178564
8178565
8178566
8178567
8178568
8178569
8178570
8178571
8178572
8178573
8178574
8178575
8178576
8178577
8178578
8178579
8178580
8178581
8178582
8178583
8178584
8178585
8178586
8178587
8178588
8178589
8178590
8178591
8178592
8178593
8178594
8178595
8178596
8178597
8178598
8178599
8178600
8178601
8178602
8178603
8178604
8178605
8178606
8178607
8178608
8178609
8178610
8178611
8178612
8178613
8178614
8178615
8178616
8178617
8178618
8178619
8178620
8178621
8178622
8178623
8178624
8178625
8178626
8178627
8178628
8178629
8178630
8178631
8178632
8178633
8178634
8178635
8178636
8178637
8178638
8178639
8178640
8178641
8178642
8178643
8178644
8178645
8178646
8178647
8178648
8178649
8178650
8178651
8178652
8178653
8178654
8178655
8178656
8178657
8178658
8178659
8178660
8178661
8178662
8178663
8178664
8178665
8178666
8178667
8178668
8178669
8178670
8178671
8178672
8178673
8178674
8178675
8178676
8178677
8178678
8178679
8178680
8178681
8178682
8178683
8178684
8178685
8178686
8178687
8178688
8178689
8178690
8178691
8178692
8178693
8178694
8178695
8178696
8178697
8178698
8178699
8178700
8178701
8178702
8178703
8178704
8178705
8178706
8178707
8178708
8178709
8178710
8178711
8178712
8178713
8178714
8178715
8178716
8178717
8178718
8178719
8178720
8178721
8178722
8178723
8178724
8178725
8178726
8178727
8178728
8178729
8178730
8178731
8178732
8178733
8178734
8178735
8178736
8178737
8178738
8178739
8178740
8178741
8178742
8178743
8178744
8178745
8178746
8178747
8178748
8178749
8178750
8178751
8178752
8178753
8178754
8178755
8178756
8178757
8178758
8178759
8178760
8178761
8178762
8178763
8178764
8178765
8178766
8178767
8178768
8178769
8178770
8178771
8178772
8178773
8178774
8178775
8178776
8178777
8178778
8178779
8178780
8178781
8178782
8178783
8178784
8178785
8178786
8178787
8178788
8178789
8178790
8178791
8178792
8178793
8178794
8178795
8178796
8178797
8178798
8178799
8178800
8178801
8178802
8178803
8178804
8178805
8178806
8178807
8178808
8178809
8178810
8178811
8178812
8178813
8178814
8178815
8178816
8178817
8178818
8178819
8178820
8178821
8178822
8178823
8178824
8178825
8178826
8178827
8178828
8178829
8178830
8178831
8178832
8178833
8178834
8178835
8178836
8178837
8178838
8178839
8178840
8178841
8178842
8178843
8178844
8178845
8178846
8178847
8178848
8178849
8178850
8178851
8178852
8178853
8178854
8178855
8178856
8178857
8178858
8178859
8178860
8178861
8178862
8178863
8178864
8178865
8178866
8178867
8178868
8178869
8178870
8178871
8178872
8178873
8178874
8178875
8178876
8178877
8178878
8178879
8178880
8178881
8178882
8178883
8178884
8178885
8178886
8178887
8178888
8178889
8178890
8178891
8178892
8178893
8178894
8178895
8178896
8178897
8178898
8178899
8178900
8178901
8178902
8178903
8178904
8178905
8178906
8178907
8178908
8178909
8178910
8178911
8178912
8178913
8178914
8178915
8178916
8178917
8178918
8178919
8178920
8178921
8178922
8178923
8178924
8178925
8178926
8178927
8178928
8178929
8178930
8178931
8178932
8178933
8178934
8178935
8178936
8178937
8178938
8178939
8178940
8178941
8178942
8178943
8178944
8178945
8178946
8178947
8178948
8178949
8178950
8178951
8178952
8178953
8178954
8178955
8178956
8178957
8178958
8178959
8178960
8178961
8178962
8178963
8178964
8178965
8178966
8178967
8178968
8178969
8178970
8178971
8178972
8178973
8178974
8178975
8178976
8178977
8178978
8178979
8178980
8178981
8178982
8178983
8178984
8178985
8178986
8178987
8178988
8178989
8178990
8178991
8178992
8178993
8178994
8178995
8178996
8178997
8178998
8178999
8179000
8179001
8179002
8179003
8179004
8179005
8179006
8179007
8179008
8179009
8179010
8179011
8179012
8179013
8179014
8179015
8179016
8179017
8179018
8179019
8179020
8179021
8179022
8179023
8179024
8179025
8179026
8179027
8179028
8179029
8179030
8179031
8179032
8179033
8179034
8179035
8179036
8179037
8179038
8179039
8179040
8179041
8179042
8179043
8179044
8179045
8179046
8179047
8179048
8179049
8179050
8179051
8179052
8179053
8179054
8179055
8179056
8179057
8179058
8179059
8179060
8179061
8179062
8179063
8179064
8179065
8179066
8179067
8179068
8179069
8179070
8179071
8179072
8179073
8179074
8179075
8179076
8179077
8179078
8179079
8179080
8179081
8179082
8179083
8179084
8179085
8179086
8179087
8179088
8179089
8179090
8179091
8179092
8179093
8179094
8179095
8179096
8179097
8179098
8179099
8179100
8179101
8179102
8179103
8179104
8179105
8179106
8179107
8179108
8179109
8179110
8179111
8179112
8179113
8179114
8179115
8179116
8179117
8179118
8179119
8179120
8179121
8179122
8179123
8179124
8179125
8179126
8179127
8179128
8179129
8179130
8179131
8179132
8179133
8179134
8179135
8179136
8179137
8179138
8179139
8179140
8179141
8179142
8179143
8179144
8179145
8179146
8179147
8179148
8179149
8179150
8179151
8179152
8179153
8179154
8179155
8179156
8179157
8179158
8179159
8179160
8179161
8179162
8179163
8179164
8179165
8179166
8179167
8179168
8179169
8179170
8179171
8179172
8179173
8179174
8179175
8179176
8179177
8179178
8179179
8179180
8179181
8179182
8179183
8179184
8179185
8179186
8179187
8179188
8179189
8179190
8179191
8179192
8179193
8179194
8179195
8179196
8179197
8179198
8179199
8179200
8179201
8179202
8179203
8179204
8179205
8179206
8179207
8179208
8179209
8179210
8179211
8179212
8179213
8179214
8179215
8179216
8179217
8179218
8179219
8179220
8179221
8179222
8179223
8179224
8179225
8179226
8179227
8179228
8179229
8179230
8179231
8179232
8179233
8179234
8179235
8179236
8179237
8179238
8179239
8179240
8179241
8179242
8179243
8179244
8179245
8179246
8179247
8179248
8179249
8179250
8179251
8179252
8179253
8179254
8179255
8179256
8179257
8179258
8179259
8179260
8179261
8179262
8179263
8179264
8179265
8179266
8179267
8179268
8179269
8179270
8179271
8179272
8179273
8179274
8179275
8179276
8179277
8179278
8179279
8179280
8179281
8179282
8179283
8179284
8179285
8179286
8179287
8179288
8179289
8179290
8179291
8179292
8179293
8179294
8179295
8179296
8179297
8179298
8179299
8179300
8179301
8179302
8179303
8179304
8179305
8179306
8179307
8179308
8179309
8179310
8179311
8179312
8179313
8179314
8179315
8179316
8179317
8179318
8179319
8179320
8179321
8179322
8179323
8179324
8179325
8179326
8179327
8179328
8179329
8179330
8179331
8179332
8179333
8179334
8179335
8179336
8179337
8179338
8179339
8179340
8179341
8179342
8179343
8179344
8179345
8179346
8179347
8179348
8179349
8179350
8179351
8179352
8179353
8179354
8179355
8179356
8179357
8179358
8179359
8179360
8179361
8179362
8179363
8179364
8179365
8179366
8179367
8179368
8179369
8179370
8179371
8179372
8179373
8179374
8179375
8179376
8179377
8179378
8179379
8179380
8179381
8179382
8179383
8179384
8179385
8179386
8179387
8179388
8179389
8179390
8179391
8179392
8179393
8179394
8179395
8179396
8179397
8179398
8179399
8179400
8179401
8179402
8179403
8179404
8179405
8179406
8179407
8179408
8179409
8179410
8179411
8179412
8179413
8179414
8179415
8179416
8179417
8179418
8179419
8179420
8179421
8179422
8179423
8179424
8179425
8179426
8179427
8179428
8179429
8179430
8179431
8179432
8179433
8179434
8179435
8179436
8179437
8179438
8179439
8179440
8179441
8179442
8179443
8179444
8179445
8179446
8179447
8179448
8179449
8179450
8179451
8179452
8179453
8179454
8179455
8179456
8179457
8179458
8179459
8179460
8179461
8179462
8179463
8179464
8179465
8179466
8179467
8179468
8179469
8179470
8179471
8179472
8179473
8179474
8179475
8179476
8179477
8179478
8179479
8179480
8179481
8179482
8179483
8179484
8179485
8179486
8179487
8179488
8179489
8179490
8179491
8179492
8179493
8179494
8179495
8179496
8179497
8179498
8179499
8179500
8179501
8179502
8179503
8179504
8179505
8179506
8179507
8179508
8179509
8179510
8179511
8179512
8179513
8179514
8179515
8179516
8179517
8179518
8179519
8179520
8179521
8179522
8179523
8179524
8179525
8179526
8179527
8179528
8179529
8179530
8179531
8179532
8179533
8179534
8179535
8179536
8179537
8179538
8179539
8179540
8179541
8179542
8179543
8179544
8179545
8179546
8179547
8179548
8179549
8179550
8179551
8179552
8179553
8179554
8179555
8179556
8179557
8179558
8179559
8179560
8179561
8179562
8179563
8179564
8179565
8179566
8179567
8179568
8179569
8179570
8179571
8179572
8179573
8179574
8179575
8179576
8179577
8179578
8179579
8179580
8179581
8179582
8179583
8179584
8179585
8179586
8179587
8179588
8179589
8179590
8179591
8179592
8179593
8179594
8179595
8179596
8179597
8179598
8179599
8179600
8179601
8179602
8179603
8179604
8179605
8179606
8179607
8179608
8179609
8179610
8179611
8179612
8179613
8179614
8179615
8179616
8179617
8179618
8179619
8179620
8179621
8179622
8179623
8179624
8179625
8179626
8179627
8179628
8179629
8179630
8179631
8179632
8179633
8179634
8179635
8179636
8179637
8179638
8179639
8179640
8179641
8179642
8179643
8179644
8179645
8179646
8179647
8179648
8179649
8179650
8179651
8179652
8179653
8179654
8179655
8179656
8179657
8179658
8179659
8179660
8179661
8179662
8179663
8179664
8179665
8179666
8179667
8179668
8179669
8179670
8179671
8179672
8179673
8179674
8179675
8179676
8179677
8179678
8179679
8179680
8179681
8179682
8179683
8179684
8179685
8179686
8179687
8179688
8179689
8179690
8179691
8179692
8179693
8179694
8179695
8179696
8179697
8179698
8179699
8179700
8179701
8179702
8179703
8179704
8179705
8179706
8179707
8179708
8179709
8179710
8179711
8179712
8179713
8179714
8179715
8179716
8179717
8179718
8179719
8179720
8179721
8179722
8179723
8179724
8179725
8179726
8179727
8179728
8179729
8179730
8179731
8179732
8179733
8179734
8179735
8179736
8179737
8179738
8179739
8179740
8179741
8179742
8179743
8179744
8179745
8179746
8179747
8179748
8179749
8179750
8179751
8179752
8179753
8179754
8179755
8179756
8179757
8179758
8179759
8179760
8179761
8179762
8179763
8179764
8179765
8179766
8179767
8179768
8179769
8179770
8179771
8179772
8179773
8179774
8179775
8179776
8179777
8179778
8179779
8179780
8179781
8179782
8179783
8179784
8179785
8179786
8179787
8179788
8179789
8179790
8179791
8179792
8179793
8179794
8179795
8179796
8179797
8179798
8179799
8179800
8179801
8179802
8179803
8179804
8179805
8179806
8179807
8179808
8179809
8179810
8179811
8179812
8179813
8179814
8179815
8179816
8179817
8179818
8179819
8179820
8179821
8179822
8179823
8179824
8179825
8179826
8179827
8179828
8179829
8179830
8179831
8179832
8179833
8179834
8179835
8179836
8179837
8179838
8179839
8179840
8179841
8179842
8179843
8179844
8179845
8179846
8179847
8179848
8179849
8179850
8179851
8179852
8179853
8179854
8179855
8179856
8179857
8179858
8179859
8179860
8179861
8179862
8179863
8179864
8179865
8179866
8179867
8179868
8179869
8179870
8179871
8179872
8179873
8179874
8179875
8179876
8179877
8179878
8179879
8179880
8179881
8179882
8179883
8179884
8179885
8179886
8179887
8179888
8179889
8179890
8179891
8179892
8179893
8179894
8179895
8179896
8179897
8179898
8179899
8179900
8179901
8179902
8179903
8179904
8179905
8179906
8179907
8179908
8179909
8179910
8179911
8179912
8179913
8179914
8179915
8179916
8179917
8179918
8179919
8179920
8179921
8179922
8179923
8179924
8179925
8179926
8179927
8179928
8179929
8179930
8179931
8179932
8179933
8179934
8179935
8179936
8179937
8179938
8179939
8179940
8179941
8179942
8179943
8179944
8179945
8179946
8179947
8179948
8179949
8179950
8179951
8179952
8179953
8179954
8179955
8179956
8179957
8179958
8179959
8179960
8179961
8179962
8179963
8179964
8179965
8179966
8179967
8179968
8179969
8179970
8179971
8179972
8179973
8179974
8179975
8179976
8179977
8179978
8179979
8179980
8179981
8179982
8179983
8179984
8179985
8179986
8179987
8179988
8179989
8179990
8179991
8179992
8179993
8179994
8179995
8179996
8179997
8179998
8179999
8180000
