8290001
8290002
8290003
8290004
8290005
8290006
8290007
8290008
8290009
8290010
8290011
8290012
8290013
8290014
8290015
8290016
8290017
8290018
8290019
8290020
8290021
8290022
8290023
8290024
8290025
8290026
8290027
8290028
8290029
8290030
8290031
8290032
8290033
8290034
8290035
8290036
8290037
8290038
8290039
8290040
8290041
8290042
8290043
8290044
8290045
8290046
8290047
8290048
8290049
8290050
8290051
8290052
8290053
8290054
8290055
8290056
8290057
8290058
8290059
8290060
8290061
8290062
8290063
8290064
8290065
8290066
8290067
8290068
8290069
8290070
8290071
8290072
8290073
8290074
8290075
8290076
8290077
8290078
8290079
8290080
8290081
8290082
8290083
8290084
8290085
8290086
8290087
8290088
8290089
8290090
8290091
8290092
8290093
8290094
8290095
8290096
8290097
8290098
8290099
8290100
8290101
8290102
8290103
8290104
8290105
8290106
8290107
8290108
8290109
8290110
8290111
8290112
8290113
8290114
8290115
8290116
8290117
8290118
8290119
8290120
8290121
8290122
8290123
8290124
8290125
8290126
8290127
8290128
8290129
8290130
8290131
8290132
8290133
8290134
8290135
8290136
8290137
8290138
8290139
8290140
8290141
8290142
8290143
8290144
8290145
8290146
8290147
8290148
8290149
8290150
8290151
8290152
8290153
8290154
8290155
8290156
8290157
8290158
8290159
8290160
8290161
8290162
8290163
8290164
8290165
8290166
8290167
8290168
8290169
8290170
8290171
8290172
8290173
8290174
8290175
8290176
8290177
8290178
8290179
8290180
8290181
8290182
8290183
8290184
8290185
8290186
8290187
8290188
8290189
8290190
8290191
8290192
8290193
8290194
8290195
8290196
8290197
8290198
8290199
8290200
8290201
8290202
8290203
8290204
8290205
8290206
8290207
8290208
8290209
8290210
8290211
8290212
8290213
8290214
8290215
8290216
8290217
8290218
8290219
8290220
8290221
8290222
8290223
8290224
8290225
8290226
8290227
8290228
8290229
8290230
8290231
8290232
8290233
8290234
8290235
8290236
8290237
8290238
8290239
8290240
8290241
8290242
8290243
8290244
8290245
8290246
8290247
8290248
8290249
8290250
8290251
8290252
8290253
8290254
8290255
8290256
8290257
8290258
8290259
8290260
8290261
8290262
8290263
8290264
8290265
8290266
8290267
8290268
8290269
8290270
8290271
8290272
8290273
8290274
8290275
8290276
8290277
8290278
8290279
8290280
8290281
8290282
8290283
8290284
8290285
8290286
8290287
8290288
8290289
8290290
8290291
8290292
8290293
8290294
8290295
8290296
8290297
8290298
8290299
8290300
8290301
8290302
8290303
8290304
8290305
8290306
8290307
8290308
8290309
8290310
8290311
8290312
8290313
8290314
8290315
8290316
8290317
8290318
8290319
8290320
8290321
8290322
8290323
8290324
8290325
8290326
8290327
8290328
8290329
8290330
8290331
8290332
8290333
8290334
8290335
8290336
8290337
8290338
8290339
8290340
8290341
8290342
8290343
8290344
8290345
8290346
8290347
8290348
8290349
8290350
8290351
8290352
8290353
8290354
8290355
8290356
8290357
8290358
8290359
8290360
8290361
8290362
8290363
8290364
8290365
8290366
8290367
8290368
8290369
8290370
8290371
8290372
8290373
8290374
8290375
8290376
8290377
8290378
8290379
8290380
8290381
8290382
8290383
8290384
8290385
8290386
8290387
8290388
8290389
8290390
8290391
8290392
8290393
8290394
8290395
8290396
8290397
8290398
8290399
8290400
8290401
8290402
8290403
8290404
8290405
8290406
8290407
8290408
8290409
8290410
8290411
8290412
8290413
8290414
8290415
8290416
8290417
8290418
8290419
8290420
8290421
8290422
8290423
8290424
8290425
8290426
8290427
8290428
8290429
8290430
8290431
8290432
8290433
8290434
8290435
8290436
8290437
8290438
8290439
8290440
8290441
8290442
8290443
8290444
8290445
8290446
8290447
8290448
8290449
8290450
8290451
8290452
8290453
8290454
8290455
8290456
8290457
8290458
8290459
8290460
8290461
8290462
8290463
8290464
8290465
8290466
8290467
8290468
8290469
8290470
8290471
8290472
8290473
8290474
8290475
8290476
8290477
8290478
8290479
8290480
8290481
8290482
8290483
8290484
8290485
8290486
8290487
8290488
8290489
8290490
8290491
8290492
8290493
8290494
8290495
8290496
8290497
8290498
8290499
8290500
8290501
8290502
8290503
8290504
8290505
8290506
8290507
8290508
8290509
8290510
8290511
8290512
8290513
8290514
8290515
8290516
8290517
8290518
8290519
8290520
8290521
8290522
8290523
8290524
8290525
8290526
8290527
8290528
8290529
8290530
8290531
8290532
8290533
8290534
8290535
8290536
8290537
8290538
8290539
8290540
8290541
8290542
8290543
8290544
8290545
8290546
8290547
8290548
8290549
8290550
8290551
8290552
8290553
8290554
8290555
8290556
8290557
8290558
8290559
8290560
8290561
8290562
8290563
8290564
8290565
8290566
8290567
8290568
8290569
8290570
8290571
8290572
8290573
8290574
8290575
8290576
8290577
8290578
8290579
8290580
8290581
8290582
8290583
8290584
8290585
8290586
8290587
8290588
8290589
8290590
8290591
8290592
8290593
8290594
8290595
8290596
8290597
8290598
8290599
8290600
8290601
8290602
8290603
8290604
8290605
8290606
8290607
8290608
8290609
8290610
8290611
8290612
8290613
8290614
8290615
8290616
8290617
8290618
8290619
8290620
8290621
8290622
8290623
8290624
8290625
8290626
8290627
8290628
8290629
8290630
8290631
8290632
8290633
8290634
8290635
8290636
8290637
8290638
8290639
8290640
8290641
8290642
8290643
8290644
8290645
8290646
8290647
8290648
8290649
8290650
8290651
8290652
8290653
8290654
8290655
8290656
8290657
8290658
8290659
8290660
8290661
8290662
8290663
8290664
8290665
8290666
8290667
8290668
8290669
8290670
8290671
8290672
8290673
8290674
8290675
8290676
8290677
8290678
8290679
8290680
8290681
8290682
8290683
8290684
8290685
8290686
8290687
8290688
8290689
8290690
8290691
8290692
8290693
8290694
8290695
8290696
8290697
8290698
8290699
8290700
8290701
8290702
8290703
8290704
8290705
8290706
8290707
8290708
8290709
8290710
8290711
8290712
8290713
8290714
8290715
8290716
8290717
8290718
8290719
8290720
8290721
8290722
8290723
8290724
8290725
8290726
8290727
8290728
8290729
8290730
8290731
8290732
8290733
8290734
8290735
8290736
8290737
8290738
8290739
8290740
8290741
8290742
8290743
8290744
8290745
8290746
8290747
8290748
8290749
8290750
8290751
8290752
8290753
8290754
8290755
8290756
8290757
8290758
8290759
8290760
8290761
8290762
8290763
8290764
8290765
8290766
8290767
8290768
8290769
8290770
8290771
8290772
8290773
8290774
8290775
8290776
8290777
8290778
8290779
8290780
8290781
8290782
8290783
8290784
8290785
8290786
8290787
8290788
8290789
8290790
8290791
8290792
8290793
8290794
8290795
8290796
8290797
8290798
8290799
8290800
8290801
8290802
8290803
8290804
8290805
8290806
8290807
8290808
8290809
8290810
8290811
8290812
8290813
8290814
8290815
8290816
8290817
8290818
8290819
8290820
8290821
8290822
8290823
8290824
8290825
8290826
8290827
8290828
8290829
8290830
8290831
8290832
8290833
8290834
8290835
8290836
8290837
8290838
8290839
8290840
8290841
8290842
8290843
8290844
8290845
8290846
8290847
8290848
8290849
8290850
8290851
8290852
8290853
8290854
8290855
8290856
8290857
8290858
8290859
8290860
8290861
8290862
8290863
8290864
8290865
8290866
8290867
8290868
8290869
8290870
8290871
8290872
8290873
8290874
8290875
8290876
8290877
8290878
8290879
8290880
8290881
8290882
8290883
8290884
8290885
8290886
8290887
8290888
8290889
8290890
8290891
8290892
8290893
8290894
8290895
8290896
8290897
8290898
8290899
8290900
8290901
8290902
8290903
8290904
8290905
8290906
8290907
8290908
8290909
8290910
8290911
8290912
8290913
8290914
8290915
8290916
8290917
8290918
8290919
8290920
8290921
8290922
8290923
8290924
8290925
8290926
8290927
8290928
8290929
8290930
8290931
8290932
8290933
8290934
8290935
8290936
8290937
8290938
8290939
8290940
8290941
8290942
8290943
8290944
8290945
8290946
8290947
8290948
8290949
8290950
8290951
8290952
8290953
8290954
8290955
8290956
8290957
8290958
8290959
8290960
8290961
8290962
8290963
8290964
8290965
8290966
8290967
8290968
8290969
8290970
8290971
8290972
8290973
8290974
8290975
8290976
8290977
8290978
8290979
8290980
8290981
8290982
8290983
8290984
8290985
8290986
8290987
8290988
8290989
8290990
8290991
8290992
8290993
8290994
8290995
8290996
8290997
8290998
8290999
8291000
8291001
8291002
8291003
8291004
8291005
8291006
8291007
8291008
8291009
8291010
8291011
8291012
8291013
8291014
8291015
8291016
8291017
8291018
8291019
8291020
8291021
8291022
8291023
8291024
8291025
8291026
8291027
8291028
8291029
8291030
8291031
8291032
8291033
8291034
8291035
8291036
8291037
8291038
8291039
8291040
8291041
8291042
8291043
8291044
8291045
8291046
8291047
8291048
8291049
8291050
8291051
8291052
8291053
8291054
8291055
8291056
8291057
8291058
8291059
8291060
8291061
8291062
8291063
8291064
8291065
8291066
8291067
8291068
8291069
8291070
8291071
8291072
8291073
8291074
8291075
8291076
8291077
8291078
8291079
8291080
8291081
8291082
8291083
8291084
8291085
8291086
8291087
8291088
8291089
8291090
8291091
8291092
8291093
8291094
8291095
8291096
8291097
8291098
8291099
8291100
8291101
8291102
8291103
8291104
8291105
8291106
8291107
8291108
8291109
8291110
8291111
8291112
8291113
8291114
8291115
8291116
8291117
8291118
8291119
8291120
8291121
8291122
8291123
8291124
8291125
8291126
8291127
8291128
8291129
8291130
8291131
8291132
8291133
8291134
8291135
8291136
8291137
8291138
8291139
8291140
8291141
8291142
8291143
8291144
8291145
8291146
8291147
8291148
8291149
8291150
8291151
8291152
8291153
8291154
8291155
8291156
8291157
8291158
8291159
8291160
8291161
8291162
8291163
8291164
8291165
8291166
8291167
8291168
8291169
8291170
8291171
8291172
8291173
8291174
8291175
8291176
8291177
8291178
8291179
8291180
8291181
8291182
8291183
8291184
8291185
8291186
8291187
8291188
8291189
8291190
8291191
8291192
8291193
8291194
8291195
8291196
8291197
8291198
8291199
8291200
8291201
8291202
8291203
8291204
8291205
8291206
8291207
8291208
8291209
8291210
8291211
8291212
8291213
8291214
8291215
8291216
8291217
8291218
8291219
8291220
8291221
8291222
8291223
8291224
8291225
8291226
8291227
8291228
8291229
8291230
8291231
8291232
8291233
8291234
8291235
8291236
8291237
8291238
8291239
8291240
8291241
8291242
8291243
8291244
8291245
8291246
8291247
8291248
8291249
8291250
8291251
8291252
8291253
8291254
8291255
8291256
8291257
8291258
8291259
8291260
8291261
8291262
8291263
8291264
8291265
8291266
8291267
8291268
8291269
8291270
8291271
8291272
8291273
8291274
8291275
8291276
8291277
8291278
8291279
8291280
8291281
8291282
8291283
8291284
8291285
8291286
8291287
8291288
8291289
8291290
8291291
8291292
8291293
8291294
8291295
8291296
8291297
8291298
8291299
8291300
8291301
8291302
8291303
8291304
8291305
8291306
8291307
8291308
8291309
8291310
8291311
8291312
8291313
8291314
8291315
8291316
8291317
8291318
8291319
8291320
8291321
8291322
8291323
8291324
8291325
8291326
8291327
8291328
8291329
8291330
8291331
8291332
8291333
8291334
8291335
8291336
8291337
8291338
8291339
8291340
8291341
8291342
8291343
8291344
8291345
8291346
8291347
8291348
8291349
8291350
8291351
8291352
8291353
8291354
8291355
8291356
8291357
8291358
8291359
8291360
8291361
8291362
8291363
8291364
8291365
8291366
8291367
8291368
8291369
8291370
8291371
8291372
8291373
8291374
8291375
8291376
8291377
8291378
8291379
8291380
8291381
8291382
8291383
8291384
8291385
8291386
8291387
8291388
8291389
8291390
8291391
8291392
8291393
8291394
8291395
8291396
8291397
8291398
8291399
8291400
8291401
8291402
8291403
8291404
8291405
8291406
8291407
8291408
8291409
8291410
8291411
8291412
8291413
8291414
8291415
8291416
8291417
8291418
8291419
8291420
8291421
8291422
8291423
8291424
8291425
8291426
8291427
8291428
8291429
8291430
8291431
8291432
8291433
8291434
8291435
8291436
8291437
8291438
8291439
8291440
8291441
8291442
8291443
8291444
8291445
8291446
8291447
8291448
8291449
8291450
8291451
8291452
8291453
8291454
8291455
8291456
8291457
8291458
8291459
8291460
8291461
8291462
8291463
8291464
8291465
8291466
8291467
8291468
8291469
8291470
8291471
8291472
8291473
8291474
8291475
8291476
8291477
8291478
8291479
8291480
8291481
8291482
8291483
8291484
8291485
8291486
8291487
8291488
8291489
8291490
8291491
8291492
8291493
8291494
8291495
8291496
8291497
8291498
8291499
8291500
8291501
8291502
8291503
8291504
8291505
8291506
8291507
8291508
8291509
8291510
8291511
8291512
8291513
8291514
8291515
8291516
8291517
8291518
8291519
8291520
8291521
8291522
8291523
8291524
8291525
8291526
8291527
8291528
8291529
8291530
8291531
8291532
8291533
8291534
8291535
8291536
8291537
8291538
8291539
8291540
8291541
8291542
8291543
8291544
8291545
8291546
8291547
8291548
8291549
8291550
8291551
8291552
8291553
8291554
8291555
8291556
8291557
8291558
8291559
8291560
8291561
8291562
8291563
8291564
8291565
8291566
8291567
8291568
8291569
8291570
8291571
8291572
8291573
8291574
8291575
8291576
8291577
8291578
8291579
8291580
8291581
8291582
8291583
8291584
8291585
8291586
8291587
8291588
8291589
8291590
8291591
8291592
8291593
8291594
8291595
8291596
8291597
8291598
8291599
8291600
8291601
8291602
8291603
8291604
8291605
8291606
8291607
8291608
8291609
8291610
8291611
8291612
8291613
8291614
8291615
8291616
8291617
8291618
8291619
8291620
8291621
8291622
8291623
8291624
8291625
8291626
8291627
8291628
8291629
8291630
8291631
8291632
8291633
8291634
8291635
8291636
8291637
8291638
8291639
8291640
8291641
8291642
8291643
8291644
8291645
8291646
8291647
8291648
8291649
8291650
8291651
8291652
8291653
8291654
8291655
8291656
8291657
8291658
8291659
8291660
8291661
8291662
8291663
8291664
8291665
8291666
8291667
8291668
8291669
8291670
8291671
8291672
8291673
8291674
8291675
8291676
8291677
8291678
8291679
8291680
8291681
8291682
8291683
8291684
8291685
8291686
8291687
8291688
8291689
8291690
8291691
8291692
8291693
8291694
8291695
8291696
8291697
8291698
8291699
8291700
8291701
8291702
8291703
8291704
8291705
8291706
8291707
8291708
8291709
8291710
8291711
8291712
8291713
8291714
8291715
8291716
8291717
8291718
8291719
8291720
8291721
8291722
8291723
8291724
8291725
8291726
8291727
8291728
8291729
8291730
8291731
8291732
8291733
8291734
8291735
8291736
8291737
8291738
8291739
8291740
8291741
8291742
8291743
8291744
8291745
8291746
8291747
8291748
8291749
8291750
8291751
8291752
8291753
8291754
8291755
8291756
8291757
8291758
8291759
8291760
8291761
8291762
8291763
8291764
8291765
8291766
8291767
8291768
8291769
8291770
8291771
8291772
8291773
8291774
8291775
8291776
8291777
8291778
8291779
8291780
8291781
8291782
8291783
8291784
8291785
8291786
8291787
8291788
8291789
8291790
8291791
8291792
8291793
8291794
8291795
8291796
8291797
8291798
8291799
8291800
8291801
8291802
8291803
8291804
8291805
8291806
8291807
8291808
8291809
8291810
8291811
8291812
8291813
8291814
8291815
8291816
8291817
8291818
8291819
8291820
8291821
8291822
8291823
8291824
8291825
8291826
8291827
8291828
8291829
8291830
8291831
8291832
8291833
8291834
8291835
8291836
8291837
8291838
8291839
8291840
8291841
8291842
8291843
8291844
8291845
8291846
8291847
8291848
8291849
8291850
8291851
8291852
8291853
8291854
8291855
8291856
8291857
8291858
8291859
8291860
8291861
8291862
8291863
8291864
8291865
8291866
8291867
8291868
8291869
8291870
8291871
8291872
8291873
8291874
8291875
8291876
8291877
8291878
8291879
8291880
8291881
8291882
8291883
8291884
8291885
8291886
8291887
8291888
8291889
8291890
8291891
8291892
8291893
8291894
8291895
8291896
8291897
8291898
8291899
8291900
8291901
8291902
8291903
8291904
8291905
8291906
8291907
8291908
8291909
8291910
8291911
8291912
8291913
8291914
8291915
8291916
8291917
8291918
8291919
8291920
8291921
8291922
8291923
8291924
8291925
8291926
8291927
8291928
8291929
8291930
8291931
8291932
8291933
8291934
8291935
8291936
8291937
8291938
8291939
8291940
8291941
8291942
8291943
8291944
8291945
8291946
8291947
8291948
8291949
8291950
8291951
8291952
8291953
8291954
8291955
8291956
8291957
8291958
8291959
8291960
8291961
8291962
8291963
8291964
8291965
8291966
8291967
8291968
8291969
8291970
8291971
8291972
8291973
8291974
8291975
8291976
8291977
8291978
8291979
8291980
8291981
8291982
8291983
8291984
8291985
8291986
8291987
8291988
8291989
8291990
8291991
8291992
8291993
8291994
8291995
8291996
8291997
8291998
8291999
8292000
8292001
8292002
8292003
8292004
8292005
8292006
8292007
8292008
8292009
8292010
8292011
8292012
8292013
8292014
8292015
8292016
8292017
8292018
8292019
8292020
8292021
8292022
8292023
8292024
8292025
8292026
8292027
8292028
8292029
8292030
8292031
8292032
8292033
8292034
8292035
8292036
8292037
8292038
8292039
8292040
8292041
8292042
8292043
8292044
8292045
8292046
8292047
8292048
8292049
8292050
8292051
8292052
8292053
8292054
8292055
8292056
8292057
8292058
8292059
8292060
8292061
8292062
8292063
8292064
8292065
8292066
8292067
8292068
8292069
8292070
8292071
8292072
8292073
8292074
8292075
8292076
8292077
8292078
8292079
8292080
8292081
8292082
8292083
8292084
8292085
8292086
8292087
8292088
8292089
8292090
8292091
8292092
8292093
8292094
8292095
8292096
8292097
8292098
8292099
8292100
8292101
8292102
8292103
8292104
8292105
8292106
8292107
8292108
8292109
8292110
8292111
8292112
8292113
8292114
8292115
8292116
8292117
8292118
8292119
8292120
8292121
8292122
8292123
8292124
8292125
8292126
8292127
8292128
8292129
8292130
8292131
8292132
8292133
8292134
8292135
8292136
8292137
8292138
8292139
8292140
8292141
8292142
8292143
8292144
8292145
8292146
8292147
8292148
8292149
8292150
8292151
8292152
8292153
8292154
8292155
8292156
8292157
8292158
8292159
8292160
8292161
8292162
8292163
8292164
8292165
8292166
8292167
8292168
8292169
8292170
8292171
8292172
8292173
8292174
8292175
8292176
8292177
8292178
8292179
8292180
8292181
8292182
8292183
8292184
8292185
8292186
8292187
8292188
8292189
8292190
8292191
8292192
8292193
8292194
8292195
8292196
8292197
8292198
8292199
8292200
8292201
8292202
8292203
8292204
8292205
8292206
8292207
8292208
8292209
8292210
8292211
8292212
8292213
8292214
8292215
8292216
8292217
8292218
8292219
8292220
8292221
8292222
8292223
8292224
8292225
8292226
8292227
8292228
8292229
8292230
8292231
8292232
8292233
8292234
8292235
8292236
8292237
8292238
8292239
8292240
8292241
8292242
8292243
8292244
8292245
8292246
8292247
8292248
8292249
8292250
8292251
8292252
8292253
8292254
8292255
8292256
8292257
8292258
8292259
8292260
8292261
8292262
8292263
8292264
8292265
8292266
8292267
8292268
8292269
8292270
8292271
8292272
8292273
8292274
8292275
8292276
8292277
8292278
8292279
8292280
8292281
8292282
8292283
8292284
8292285
8292286
8292287
8292288
8292289
8292290
8292291
8292292
8292293
8292294
8292295
8292296
8292297
8292298
8292299
8292300
8292301
8292302
8292303
8292304
8292305
8292306
8292307
8292308
8292309
8292310
8292311
8292312
8292313
8292314
8292315
8292316
8292317
8292318
8292319
8292320
8292321
8292322
8292323
8292324
8292325
8292326
8292327
8292328
8292329
8292330
8292331
8292332
8292333
8292334
8292335
8292336
8292337
8292338
8292339
8292340
8292341
8292342
8292343
8292344
8292345
8292346
8292347
8292348
8292349
8292350
8292351
8292352
8292353
8292354
8292355
8292356
8292357
8292358
8292359
8292360
8292361
8292362
8292363
8292364
8292365
8292366
8292367
8292368
8292369
8292370
8292371
8292372
8292373
8292374
8292375
8292376
8292377
8292378
8292379
8292380
8292381
8292382
8292383
8292384
8292385
8292386
8292387
8292388
8292389
8292390
8292391
8292392
8292393
8292394
8292395
8292396
8292397
8292398
8292399
8292400
8292401
8292402
8292403
8292404
8292405
8292406
8292407
8292408
8292409
8292410
8292411
8292412
8292413
8292414
8292415
8292416
8292417
8292418
8292419
8292420
8292421
8292422
8292423
8292424
8292425
8292426
8292427
8292428
8292429
8292430
8292431
8292432
8292433
8292434
8292435
8292436
8292437
8292438
8292439
8292440
8292441
8292442
8292443
8292444
8292445
8292446
8292447
8292448
8292449
8292450
8292451
8292452
8292453
8292454
8292455
8292456
8292457
8292458
8292459
8292460
8292461
8292462
8292463
8292464
8292465
8292466
8292467
8292468
8292469
8292470
8292471
8292472
8292473
8292474
8292475
8292476
8292477
8292478
8292479
8292480
8292481
8292482
8292483
8292484
8292485
8292486
8292487
8292488
8292489
8292490
8292491
8292492
8292493
8292494
8292495
8292496
8292497
8292498
8292499
8292500
8292501
8292502
8292503
8292504
8292505
8292506
8292507
8292508
8292509
8292510
8292511
8292512
8292513
8292514
8292515
8292516
8292517
8292518
8292519
8292520
8292521
8292522
8292523
8292524
8292525
8292526
8292527
8292528
8292529
8292530
8292531
8292532
8292533
8292534
8292535
8292536
8292537
8292538
8292539
8292540
8292541
8292542
8292543
8292544
8292545
8292546
8292547
8292548
8292549
8292550
8292551
8292552
8292553
8292554
8292555
8292556
8292557
8292558
8292559
8292560
8292561
8292562
8292563
8292564
8292565
8292566
8292567
8292568
8292569
8292570
8292571
8292572
8292573
8292574
8292575
8292576
8292577
8292578
8292579
8292580
8292581
8292582
8292583
8292584
8292585
8292586
8292587
8292588
8292589
8292590
8292591
8292592
8292593
8292594
8292595
8292596
8292597
8292598
8292599
8292600
8292601
8292602
8292603
8292604
8292605
8292606
8292607
8292608
8292609
8292610
8292611
8292612
8292613
8292614
8292615
8292616
8292617
8292618
8292619
8292620
8292621
8292622
8292623
8292624
8292625
8292626
8292627
8292628
8292629
8292630
8292631
8292632
8292633
8292634
8292635
8292636
8292637
8292638
8292639
8292640
8292641
8292642
8292643
8292644
8292645
8292646
8292647
8292648
8292649
8292650
8292651
8292652
8292653
8292654
8292655
8292656
8292657
8292658
8292659
8292660
8292661
8292662
8292663
8292664
8292665
8292666
8292667
8292668
8292669
8292670
8292671
8292672
8292673
8292674
8292675
8292676
8292677
8292678
8292679
8292680
8292681
8292682
8292683
8292684
8292685
8292686
8292687
8292688
8292689
8292690
8292691
8292692
8292693
8292694
8292695
8292696
8292697
8292698
8292699
8292700
8292701
8292702
8292703
8292704
8292705
8292706
8292707
8292708
8292709
8292710
8292711
8292712
8292713
8292714
8292715
8292716
8292717
8292718
8292719
8292720
8292721
8292722
8292723
8292724
8292725
8292726
8292727
8292728
8292729
8292730
8292731
8292732
8292733
8292734
8292735
8292736
8292737
8292738
8292739
8292740
8292741
8292742
8292743
8292744
8292745
8292746
8292747
8292748
8292749
8292750
8292751
8292752
8292753
8292754
8292755
8292756
8292757
8292758
8292759
8292760
8292761
8292762
8292763
8292764
8292765
8292766
8292767
8292768
8292769
8292770
8292771
8292772
8292773
8292774
8292775
8292776
8292777
8292778
8292779
8292780
8292781
8292782
8292783
8292784
8292785
8292786
8292787
8292788
8292789
8292790
8292791
8292792
8292793
8292794
8292795
8292796
8292797
8292798
8292799
8292800
8292801
8292802
8292803
8292804
8292805
8292806
8292807
8292808
8292809
8292810
8292811
8292812
8292813
8292814
8292815
8292816
8292817
8292818
8292819
8292820
8292821
8292822
8292823
8292824
8292825
8292826
8292827
8292828
8292829
8292830
8292831
8292832
8292833
8292834
8292835
8292836
8292837
8292838
8292839
8292840
8292841
8292842
8292843
8292844
8292845
8292846
8292847
8292848
8292849
8292850
8292851
8292852
8292853
8292854
8292855
8292856
8292857
8292858
8292859
8292860
8292861
8292862
8292863
8292864
8292865
8292866
8292867
8292868
8292869
8292870
8292871
8292872
8292873
8292874
8292875
8292876
8292877
8292878
8292879
8292880
8292881
8292882
8292883
8292884
8292885
8292886
8292887
8292888
8292889
8292890
8292891
8292892
8292893
8292894
8292895
8292896
8292897
8292898
8292899
8292900
8292901
8292902
8292903
8292904
8292905
8292906
8292907
8292908
8292909
8292910
8292911
8292912
8292913
8292914
8292915
8292916
8292917
8292918
8292919
8292920
8292921
8292922
8292923
8292924
8292925
8292926
8292927
8292928
8292929
8292930
8292931
8292932
8292933
8292934
8292935
8292936
8292937
8292938
8292939
8292940
8292941
8292942
8292943
8292944
8292945
8292946
8292947
8292948
8292949
8292950
8292951
8292952
8292953
8292954
8292955
8292956
8292957
8292958
8292959
8292960
8292961
8292962
8292963
8292964
8292965
8292966
8292967
8292968
8292969
8292970
8292971
8292972
8292973
8292974
8292975
8292976
8292977
8292978
8292979
8292980
8292981
8292982
8292983
8292984
8292985
8292986
8292987
8292988
8292989
8292990
8292991
8292992
8292993
8292994
8292995
8292996
8292997
8292998
8292999
8293000
8293001
8293002
8293003
8293004
8293005
8293006
8293007
8293008
8293009
8293010
8293011
8293012
8293013
8293014
8293015
8293016
8293017
8293018
8293019
8293020
8293021
8293022
8293023
8293024
8293025
8293026
8293027
8293028
8293029
8293030
8293031
8293032
8293033
8293034
8293035
8293036
8293037
8293038
8293039
8293040
8293041
8293042
8293043
8293044
8293045
8293046
8293047
8293048
8293049
8293050
8293051
8293052
8293053
8293054
8293055
8293056
8293057
8293058
8293059
8293060
8293061
8293062
8293063
8293064
8293065
8293066
8293067
8293068
8293069
8293070
8293071
8293072
8293073
8293074
8293075
8293076
8293077
8293078
8293079
8293080
8293081
8293082
8293083
8293084
8293085
8293086
8293087
8293088
8293089
8293090
8293091
8293092
8293093
8293094
8293095
8293096
8293097
8293098
8293099
8293100
8293101
8293102
8293103
8293104
8293105
8293106
8293107
8293108
8293109
8293110
8293111
8293112
8293113
8293114
8293115
8293116
8293117
8293118
8293119
8293120
8293121
8293122
8293123
8293124
8293125
8293126
8293127
8293128
8293129
8293130
8293131
8293132
8293133
8293134
8293135
8293136
8293137
8293138
8293139
8293140
8293141
8293142
8293143
8293144
8293145
8293146
8293147
8293148
8293149
8293150
8293151
8293152
8293153
8293154
8293155
8293156
8293157
8293158
8293159
8293160
8293161
8293162
8293163
8293164
8293165
8293166
8293167
8293168
8293169
8293170
8293171
8293172
8293173
8293174
8293175
8293176
8293177
8293178
8293179
8293180
8293181
8293182
8293183
8293184
8293185
8293186
8293187
8293188
8293189
8293190
8293191
8293192
8293193
8293194
8293195
8293196
8293197
8293198
8293199
8293200
8293201
8293202
8293203
8293204
8293205
8293206
8293207
8293208
8293209
8293210
8293211
8293212
8293213
8293214
8293215
8293216
8293217
8293218
8293219
8293220
8293221
8293222
8293223
8293224
8293225
8293226
8293227
8293228
8293229
8293230
8293231
8293232
8293233
8293234
8293235
8293236
8293237
8293238
8293239
8293240
8293241
8293242
8293243
8293244
8293245
8293246
8293247
8293248
8293249
8293250
8293251
8293252
8293253
8293254
8293255
8293256
8293257
8293258
8293259
8293260
8293261
8293262
8293263
8293264
8293265
8293266
8293267
8293268
8293269
8293270
8293271
8293272
8293273
8293274
8293275
8293276
8293277
8293278
8293279
8293280
8293281
8293282
8293283
8293284
8293285
8293286
8293287
8293288
8293289
8293290
8293291
8293292
8293293
8293294
8293295
8293296
8293297
8293298
8293299
8293300
8293301
8293302
8293303
8293304
8293305
8293306
8293307
8293308
8293309
8293310
8293311
8293312
8293313
8293314
8293315
8293316
8293317
8293318
8293319
8293320
8293321
8293322
8293323
8293324
8293325
8293326
8293327
8293328
8293329
8293330
8293331
8293332
8293333
8293334
8293335
8293336
8293337
8293338
8293339
8293340
8293341
8293342
8293343
8293344
8293345
8293346
8293347
8293348
8293349
8293350
8293351
8293352
8293353
8293354
8293355
8293356
8293357
8293358
8293359
8293360
8293361
8293362
8293363
8293364
8293365
8293366
8293367
8293368
8293369
8293370
8293371
8293372
8293373
8293374
8293375
8293376
8293377
8293378
8293379
8293380
8293381
8293382
8293383
8293384
8293385
8293386
8293387
8293388
8293389
8293390
8293391
8293392
8293393
8293394
8293395
8293396
8293397
8293398
8293399
8293400
8293401
8293402
8293403
8293404
8293405
8293406
8293407
8293408
8293409
8293410
8293411
8293412
8293413
8293414
8293415
8293416
8293417
8293418
8293419
8293420
8293421
8293422
8293423
8293424
8293425
8293426
8293427
8293428
8293429
8293430
8293431
8293432
8293433
8293434
8293435
8293436
8293437
8293438
8293439
8293440
8293441
8293442
8293443
8293444
8293445
8293446
8293447
8293448
8293449
8293450
8293451
8293452
8293453
8293454
8293455
8293456
8293457
8293458
8293459
8293460
8293461
8293462
8293463
8293464
8293465
8293466
8293467
8293468
8293469
8293470
8293471
8293472
8293473
8293474
8293475
8293476
8293477
8293478
8293479
8293480
8293481
8293482
8293483
8293484
8293485
8293486
8293487
8293488
8293489
8293490
8293491
8293492
8293493
8293494
8293495
8293496
8293497
8293498
8293499
8293500
8293501
8293502
8293503
8293504
8293505
8293506
8293507
8293508
8293509
8293510
8293511
8293512
8293513
8293514
8293515
8293516
8293517
8293518
8293519
8293520
8293521
8293522
8293523
8293524
8293525
8293526
8293527
8293528
8293529
8293530
8293531
8293532
8293533
8293534
8293535
8293536
8293537
8293538
8293539
8293540
8293541
8293542
8293543
8293544
8293545
8293546
8293547
8293548
8293549
8293550
8293551
8293552
8293553
8293554
8293555
8293556
8293557
8293558
8293559
8293560
8293561
8293562
8293563
8293564
8293565
8293566
8293567
8293568
8293569
8293570
8293571
8293572
8293573
8293574
8293575
8293576
8293577
8293578
8293579
8293580
8293581
8293582
8293583
8293584
8293585
8293586
8293587
8293588
8293589
8293590
8293591
8293592
8293593
8293594
8293595
8293596
8293597
8293598
8293599
8293600
8293601
8293602
8293603
8293604
8293605
8293606
8293607
8293608
8293609
8293610
8293611
8293612
8293613
8293614
8293615
8293616
8293617
8293618
8293619
8293620
8293621
8293622
8293623
8293624
8293625
8293626
8293627
8293628
8293629
8293630
8293631
8293632
8293633
8293634
8293635
8293636
8293637
8293638
8293639
8293640
8293641
8293642
8293643
8293644
8293645
8293646
8293647
8293648
8293649
8293650
8293651
8293652
8293653
8293654
8293655
8293656
8293657
8293658
8293659
8293660
8293661
8293662
8293663
8293664
8293665
8293666
8293667
8293668
8293669
8293670
8293671
8293672
8293673
8293674
8293675
8293676
8293677
8293678
8293679
8293680
8293681
8293682
8293683
8293684
8293685
8293686
8293687
8293688
8293689
8293690
8293691
8293692
8293693
8293694
8293695
8293696
8293697
8293698
8293699
8293700
8293701
8293702
8293703
8293704
8293705
8293706
8293707
8293708
8293709
8293710
8293711
8293712
8293713
8293714
8293715
8293716
8293717
8293718
8293719
8293720
8293721
8293722
8293723
8293724
8293725
8293726
8293727
8293728
8293729
8293730
8293731
8293732
8293733
8293734
8293735
8293736
8293737
8293738
8293739
8293740
8293741
8293742
8293743
8293744
8293745
8293746
8293747
8293748
8293749
8293750
8293751
8293752
8293753
8293754
8293755
8293756
8293757
8293758
8293759
8293760
8293761
8293762
8293763
8293764
8293765
8293766
8293767
8293768
8293769
8293770
8293771
8293772
8293773
8293774
8293775
8293776
8293777
8293778
8293779
8293780
8293781
8293782
8293783
8293784
8293785
8293786
8293787
8293788
8293789
8293790
8293791
8293792
8293793
8293794
8293795
8293796
8293797
8293798
8293799
8293800
8293801
8293802
8293803
8293804
8293805
8293806
8293807
8293808
8293809
8293810
8293811
8293812
8293813
8293814
8293815
8293816
8293817
8293818
8293819
8293820
8293821
8293822
8293823
8293824
8293825
8293826
8293827
8293828
8293829
8293830
8293831
8293832
8293833
8293834
8293835
8293836
8293837
8293838
8293839
8293840
8293841
8293842
8293843
8293844
8293845
8293846
8293847
8293848
8293849
8293850
8293851
8293852
8293853
8293854
8293855
8293856
8293857
8293858
8293859
8293860
8293861
8293862
8293863
8293864
8293865
8293866
8293867
8293868
8293869
8293870
8293871
8293872
8293873
8293874
8293875
8293876
8293877
8293878
8293879
8293880
8293881
8293882
8293883
8293884
8293885
8293886
8293887
8293888
8293889
8293890
8293891
8293892
8293893
8293894
8293895
8293896
8293897
8293898
8293899
8293900
8293901
8293902
8293903
8293904
8293905
8293906
8293907
8293908
8293909
8293910
8293911
8293912
8293913
8293914
8293915
8293916
8293917
8293918
8293919
8293920
8293921
8293922
8293923
8293924
8293925
8293926
8293927
8293928
8293929
8293930
8293931
8293932
8293933
8293934
8293935
8293936
8293937
8293938
8293939
8293940
8293941
8293942
8293943
8293944
8293945
8293946
8293947
8293948
8293949
8293950
8293951
8293952
8293953
8293954
8293955
8293956
8293957
8293958
8293959
8293960
8293961
8293962
8293963
8293964
8293965
8293966
8293967
8293968
8293969
8293970
8293971
8293972
8293973
8293974
8293975
8293976
8293977
8293978
8293979
8293980
8293981
8293982
8293983
8293984
8293985
8293986
8293987
8293988
8293989
8293990
8293991
8293992
8293993
8293994
8293995
8293996
8293997
8293998
8293999
8294000
8294001
8294002
8294003
8294004
8294005
8294006
8294007
8294008
8294009
8294010
8294011
8294012
8294013
8294014
8294015
8294016
8294017
8294018
8294019
8294020
8294021
8294022
8294023
8294024
8294025
8294026
8294027
8294028
8294029
8294030
8294031
8294032
8294033
8294034
8294035
8294036
8294037
8294038
8294039
8294040
8294041
8294042
8294043
8294044
8294045
8294046
8294047
8294048
8294049
8294050
8294051
8294052
8294053
8294054
8294055
8294056
8294057
8294058
8294059
8294060
8294061
8294062
8294063
8294064
8294065
8294066
8294067
8294068
8294069
8294070
8294071
8294072
8294073
8294074
8294075
8294076
8294077
8294078
8294079
8294080
8294081
8294082
8294083
8294084
8294085
8294086
8294087
8294088
8294089
8294090
8294091
8294092
8294093
8294094
8294095
8294096
8294097
8294098
8294099
8294100
8294101
8294102
8294103
8294104
8294105
8294106
8294107
8294108
8294109
8294110
8294111
8294112
8294113
8294114
8294115
8294116
8294117
8294118
8294119
8294120
8294121
8294122
8294123
8294124
8294125
8294126
8294127
8294128
8294129
8294130
8294131
8294132
8294133
8294134
8294135
8294136
8294137
8294138
8294139
8294140
8294141
8294142
8294143
8294144
8294145
8294146
8294147
8294148
8294149
8294150
8294151
8294152
8294153
8294154
8294155
8294156
8294157
8294158
8294159
8294160
8294161
8294162
8294163
8294164
8294165
8294166
8294167
8294168
8294169
8294170
8294171
8294172
8294173
8294174
8294175
8294176
8294177
8294178
8294179
8294180
8294181
8294182
8294183
8294184
8294185
8294186
8294187
8294188
8294189
8294190
8294191
8294192
8294193
8294194
8294195
8294196
8294197
8294198
8294199
8294200
8294201
8294202
8294203
8294204
8294205
8294206
8294207
8294208
8294209
8294210
8294211
8294212
8294213
8294214
8294215
8294216
8294217
8294218
8294219
8294220
8294221
8294222
8294223
8294224
8294225
8294226
8294227
8294228
8294229
8294230
8294231
8294232
8294233
8294234
8294235
8294236
8294237
8294238
8294239
8294240
8294241
8294242
8294243
8294244
8294245
8294246
8294247
8294248
8294249
8294250
8294251
8294252
8294253
8294254
8294255
8294256
8294257
8294258
8294259
8294260
8294261
8294262
8294263
8294264
8294265
8294266
8294267
8294268
8294269
8294270
8294271
8294272
8294273
8294274
8294275
8294276
8294277
8294278
8294279
8294280
8294281
8294282
8294283
8294284
8294285
8294286
8294287
8294288
8294289
8294290
8294291
8294292
8294293
8294294
8294295
8294296
8294297
8294298
8294299
8294300
8294301
8294302
8294303
8294304
8294305
8294306
8294307
8294308
8294309
8294310
8294311
8294312
8294313
8294314
8294315
8294316
8294317
8294318
8294319
8294320
8294321
8294322
8294323
8294324
8294325
8294326
8294327
8294328
8294329
8294330
8294331
8294332
8294333
8294334
8294335
8294336
8294337
8294338
8294339
8294340
8294341
8294342
8294343
8294344
8294345
8294346
8294347
8294348
8294349
8294350
8294351
8294352
8294353
8294354
8294355
8294356
8294357
8294358
8294359
8294360
8294361
8294362
8294363
8294364
8294365
8294366
8294367
8294368
8294369
8294370
8294371
8294372
8294373
8294374
8294375
8294376
8294377
8294378
8294379
8294380
8294381
8294382
8294383
8294384
8294385
8294386
8294387
8294388
8294389
8294390
8294391
8294392
8294393
8294394
8294395
8294396
8294397
8294398
8294399
8294400
8294401
8294402
8294403
8294404
8294405
8294406
8294407
8294408
8294409
8294410
8294411
8294412
8294413
8294414
8294415
8294416
8294417
8294418
8294419
8294420
8294421
8294422
8294423
8294424
8294425
8294426
8294427
8294428
8294429
8294430
8294431
8294432
8294433
8294434
8294435
8294436
8294437
8294438
8294439
8294440
8294441
8294442
8294443
8294444
8294445
8294446
8294447
8294448
8294449
8294450
8294451
8294452
8294453
8294454
8294455
8294456
8294457
8294458
8294459
8294460
8294461
8294462
8294463
8294464
8294465
8294466
8294467
8294468
8294469
8294470
8294471
8294472
8294473
8294474
8294475
8294476
8294477
8294478
8294479
8294480
8294481
8294482
8294483
8294484
8294485
8294486
8294487
8294488
8294489
8294490
8294491
8294492
8294493
8294494
8294495
8294496
8294497
8294498
8294499
8294500
8294501
8294502
8294503
8294504
8294505
8294506
8294507
8294508
8294509
8294510
8294511
8294512
8294513
8294514
8294515
8294516
8294517
8294518
8294519
8294520
8294521
8294522
8294523
8294524
8294525
8294526
8294527
8294528
8294529
8294530
8294531
8294532
8294533
8294534
8294535
8294536
8294537
8294538
8294539
8294540
8294541
8294542
8294543
8294544
8294545
8294546
8294547
8294548
8294549
8294550
8294551
8294552
8294553
8294554
8294555
8294556
8294557
8294558
8294559
8294560
8294561
8294562
8294563
8294564
8294565
8294566
8294567
8294568
8294569
8294570
8294571
8294572
8294573
8294574
8294575
8294576
8294577
8294578
8294579
8294580
8294581
8294582
8294583
8294584
8294585
8294586
8294587
8294588
8294589
8294590
8294591
8294592
8294593
8294594
8294595
8294596
8294597
8294598
8294599
8294600
8294601
8294602
8294603
8294604
8294605
8294606
8294607
8294608
8294609
8294610
8294611
8294612
8294613
8294614
8294615
8294616
8294617
8294618
8294619
8294620
8294621
8294622
8294623
8294624
8294625
8294626
8294627
8294628
8294629
8294630
8294631
8294632
8294633
8294634
8294635
8294636
8294637
8294638
8294639
8294640
8294641
8294642
8294643
8294644
8294645
8294646
8294647
8294648
8294649
8294650
8294651
8294652
8294653
8294654
8294655
8294656
8294657
8294658
8294659
8294660
8294661
8294662
8294663
8294664
8294665
8294666
8294667
8294668
8294669
8294670
8294671
8294672
8294673
8294674
8294675
8294676
8294677
8294678
8294679
8294680
8294681
8294682
8294683
8294684
8294685
8294686
8294687
8294688
8294689
8294690
8294691
8294692
8294693
8294694
8294695
8294696
8294697
8294698
8294699
8294700
8294701
8294702
8294703
8294704
8294705
8294706
8294707
8294708
8294709
8294710
8294711
8294712
8294713
8294714
8294715
8294716
8294717
8294718
8294719
8294720
8294721
8294722
8294723
8294724
8294725
8294726
8294727
8294728
8294729
8294730
8294731
8294732
8294733
8294734
8294735
8294736
8294737
8294738
8294739
8294740
8294741
8294742
8294743
8294744
8294745
8294746
8294747
8294748
8294749
8294750
8294751
8294752
8294753
8294754
8294755
8294756
8294757
8294758
8294759
8294760
8294761
8294762
8294763
8294764
8294765
8294766
8294767
8294768
8294769
8294770
8294771
8294772
8294773
8294774
8294775
8294776
8294777
8294778
8294779
8294780
8294781
8294782
8294783
8294784
8294785
8294786
8294787
8294788
8294789
8294790
8294791
8294792
8294793
8294794
8294795
8294796
8294797
8294798
8294799
8294800
8294801
8294802
8294803
8294804
8294805
8294806
8294807
8294808
8294809
8294810
8294811
8294812
8294813
8294814
8294815
8294816
8294817
8294818
8294819
8294820
8294821
8294822
8294823
8294824
8294825
8294826
8294827
8294828
8294829
8294830
8294831
8294832
8294833
8294834
8294835
8294836
8294837
8294838
8294839
8294840
8294841
8294842
8294843
8294844
8294845
8294846
8294847
8294848
8294849
8294850
8294851
8294852
8294853
8294854
8294855
8294856
8294857
8294858
8294859
8294860
8294861
8294862
8294863
8294864
8294865
8294866
8294867
8294868
8294869
8294870
8294871
8294872
8294873
8294874
8294875
8294876
8294877
8294878
8294879
8294880
8294881
8294882
8294883
8294884
8294885
8294886
8294887
8294888
8294889
8294890
8294891
8294892
8294893
8294894
8294895
8294896
8294897
8294898
8294899
8294900
8294901
8294902
8294903
8294904
8294905
8294906
8294907
8294908
8294909
8294910
8294911
8294912
8294913
8294914
8294915
8294916
8294917
8294918
8294919
8294920
8294921
8294922
8294923
8294924
8294925
8294926
8294927
8294928
8294929
8294930
8294931
8294932
8294933
8294934
8294935
8294936
8294937
8294938
8294939
8294940
8294941
8294942
8294943
8294944
8294945
8294946
8294947
8294948
8294949
8294950
8294951
8294952
8294953
8294954
8294955
8294956
8294957
8294958
8294959
8294960
8294961
8294962
8294963
8294964
8294965
8294966
8294967
8294968
8294969
8294970
8294971
8294972
8294973
8294974
8294975
8294976
8294977
8294978
8294979
8294980
8294981
8294982
8294983
8294984
8294985
8294986
8294987
8294988
8294989
8294990
8294991
8294992
8294993
8294994
8294995
8294996
8294997
8294998
8294999
8295000
8295001
8295002
8295003
8295004
8295005
8295006
8295007
8295008
8295009
8295010
8295011
8295012
8295013
8295014
8295015
8295016
8295017
8295018
8295019
8295020
8295021
8295022
8295023
8295024
8295025
8295026
8295027
8295028
8295029
8295030
8295031
8295032
8295033
8295034
8295035
8295036
8295037
8295038
8295039
8295040
8295041
8295042
8295043
8295044
8295045
8295046
8295047
8295048
8295049
8295050
8295051
8295052
8295053
8295054
8295055
8295056
8295057
8295058
8295059
8295060
8295061
8295062
8295063
8295064
8295065
8295066
8295067
8295068
8295069
8295070
8295071
8295072
8295073
8295074
8295075
8295076
8295077
8295078
8295079
8295080
8295081
8295082
8295083
8295084
8295085
8295086
8295087
8295088
8295089
8295090
8295091
8295092
8295093
8295094
8295095
8295096
8295097
8295098
8295099
8295100
8295101
8295102
8295103
8295104
8295105
8295106
8295107
8295108
8295109
8295110
8295111
8295112
8295113
8295114
8295115
8295116
8295117
8295118
8295119
8295120
8295121
8295122
8295123
8295124
8295125
8295126
8295127
8295128
8295129
8295130
8295131
8295132
8295133
8295134
8295135
8295136
8295137
8295138
8295139
8295140
8295141
8295142
8295143
8295144
8295145
8295146
8295147
8295148
8295149
8295150
8295151
8295152
8295153
8295154
8295155
8295156
8295157
8295158
8295159
8295160
8295161
8295162
8295163
8295164
8295165
8295166
8295167
8295168
8295169
8295170
8295171
8295172
8295173
8295174
8295175
8295176
8295177
8295178
8295179
8295180
8295181
8295182
8295183
8295184
8295185
8295186
8295187
8295188
8295189
8295190
8295191
8295192
8295193
8295194
8295195
8295196
8295197
8295198
8295199
8295200
8295201
8295202
8295203
8295204
8295205
8295206
8295207
8295208
8295209
8295210
8295211
8295212
8295213
8295214
8295215
8295216
8295217
8295218
8295219
8295220
8295221
8295222
8295223
8295224
8295225
8295226
8295227
8295228
8295229
8295230
8295231
8295232
8295233
8295234
8295235
8295236
8295237
8295238
8295239
8295240
8295241
8295242
8295243
8295244
8295245
8295246
8295247
8295248
8295249
8295250
8295251
8295252
8295253
8295254
8295255
8295256
8295257
8295258
8295259
8295260
8295261
8295262
8295263
8295264
8295265
8295266
8295267
8295268
8295269
8295270
8295271
8295272
8295273
8295274
8295275
8295276
8295277
8295278
8295279
8295280
8295281
8295282
8295283
8295284
8295285
8295286
8295287
8295288
8295289
8295290
8295291
8295292
8295293
8295294
8295295
8295296
8295297
8295298
8295299
8295300
8295301
8295302
8295303
8295304
8295305
8295306
8295307
8295308
8295309
8295310
8295311
8295312
8295313
8295314
8295315
8295316
8295317
8295318
8295319
8295320
8295321
8295322
8295323
8295324
8295325
8295326
8295327
8295328
8295329
8295330
8295331
8295332
8295333
8295334
8295335
8295336
8295337
8295338
8295339
8295340
8295341
8295342
8295343
8295344
8295345
8295346
8295347
8295348
8295349
8295350
8295351
8295352
8295353
8295354
8295355
8295356
8295357
8295358
8295359
8295360
8295361
8295362
8295363
8295364
8295365
8295366
8295367
8295368
8295369
8295370
8295371
8295372
8295373
8295374
8295375
8295376
8295377
8295378
8295379
8295380
8295381
8295382
8295383
8295384
8295385
8295386
8295387
8295388
8295389
8295390
8295391
8295392
8295393
8295394
8295395
8295396
8295397
8295398
8295399
8295400
8295401
8295402
8295403
8295404
8295405
8295406
8295407
8295408
8295409
8295410
8295411
8295412
8295413
8295414
8295415
8295416
8295417
8295418
8295419
8295420
8295421
8295422
8295423
8295424
8295425
8295426
8295427
8295428
8295429
8295430
8295431
8295432
8295433
8295434
8295435
8295436
8295437
8295438
8295439
8295440
8295441
8295442
8295443
8295444
8295445
8295446
8295447
8295448
8295449
8295450
8295451
8295452
8295453
8295454
8295455
8295456
8295457
8295458
8295459
8295460
8295461
8295462
8295463
8295464
8295465
8295466
8295467
8295468
8295469
8295470
8295471
8295472
8295473
8295474
8295475
8295476
8295477
8295478
8295479
8295480
8295481
8295482
8295483
8295484
8295485
8295486
8295487
8295488
8295489
8295490
8295491
8295492
8295493
8295494
8295495
8295496
8295497
8295498
8295499
8295500
8295501
8295502
8295503
8295504
8295505
8295506
8295507
8295508
8295509
8295510
8295511
8295512
8295513
8295514
8295515
8295516
8295517
8295518
8295519
8295520
8295521
8295522
8295523
8295524
8295525
8295526
8295527
8295528
8295529
8295530
8295531
8295532
8295533
8295534
8295535
8295536
8295537
8295538
8295539
8295540
8295541
8295542
8295543
8295544
8295545
8295546
8295547
8295548
8295549
8295550
8295551
8295552
8295553
8295554
8295555
8295556
8295557
8295558
8295559
8295560
8295561
8295562
8295563
8295564
8295565
8295566
8295567
8295568
8295569
8295570
8295571
8295572
8295573
8295574
8295575
8295576
8295577
8295578
8295579
8295580
8295581
8295582
8295583
8295584
8295585
8295586
8295587
8295588
8295589
8295590
8295591
8295592
8295593
8295594
8295595
8295596
8295597
8295598
8295599
8295600
8295601
8295602
8295603
8295604
8295605
8295606
8295607
8295608
8295609
8295610
8295611
8295612
8295613
8295614
8295615
8295616
8295617
8295618
8295619
8295620
8295621
8295622
8295623
8295624
8295625
8295626
8295627
8295628
8295629
8295630
8295631
8295632
8295633
8295634
8295635
8295636
8295637
8295638
8295639
8295640
8295641
8295642
8295643
8295644
8295645
8295646
8295647
8295648
8295649
8295650
8295651
8295652
8295653
8295654
8295655
8295656
8295657
8295658
8295659
8295660
8295661
8295662
8295663
8295664
8295665
8295666
8295667
8295668
8295669
8295670
8295671
8295672
8295673
8295674
8295675
8295676
8295677
8295678
8295679
8295680
8295681
8295682
8295683
8295684
8295685
8295686
8295687
8295688
8295689
8295690
8295691
8295692
8295693
8295694
8295695
8295696
8295697
8295698
8295699
8295700
8295701
8295702
8295703
8295704
8295705
8295706
8295707
8295708
8295709
8295710
8295711
8295712
8295713
8295714
8295715
8295716
8295717
8295718
8295719
8295720
8295721
8295722
8295723
8295724
8295725
8295726
8295727
8295728
8295729
8295730
8295731
8295732
8295733
8295734
8295735
8295736
8295737
8295738
8295739
8295740
8295741
8295742
8295743
8295744
8295745
8295746
8295747
8295748
8295749
8295750
8295751
8295752
8295753
8295754
8295755
8295756
8295757
8295758
8295759
8295760
8295761
8295762
8295763
8295764
8295765
8295766
8295767
8295768
8295769
8295770
8295771
8295772
8295773
8295774
8295775
8295776
8295777
8295778
8295779
8295780
8295781
8295782
8295783
8295784
8295785
8295786
8295787
8295788
8295789
8295790
8295791
8295792
8295793
8295794
8295795
8295796
8295797
8295798
8295799
8295800
8295801
8295802
8295803
8295804
8295805
8295806
8295807
8295808
8295809
8295810
8295811
8295812
8295813
8295814
8295815
8295816
8295817
8295818
8295819
8295820
8295821
8295822
8295823
8295824
8295825
8295826
8295827
8295828
8295829
8295830
8295831
8295832
8295833
8295834
8295835
8295836
8295837
8295838
8295839
8295840
8295841
8295842
8295843
8295844
8295845
8295846
8295847
8295848
8295849
8295850
8295851
8295852
8295853
8295854
8295855
8295856
8295857
8295858
8295859
8295860
8295861
8295862
8295863
8295864
8295865
8295866
8295867
8295868
8295869
8295870
8295871
8295872
8295873
8295874
8295875
8295876
8295877
8295878
8295879
8295880
8295881
8295882
8295883
8295884
8295885
8295886
8295887
8295888
8295889
8295890
8295891
8295892
8295893
8295894
8295895
8295896
8295897
8295898
8295899
8295900
8295901
8295902
8295903
8295904
8295905
8295906
8295907
8295908
8295909
8295910
8295911
8295912
8295913
8295914
8295915
8295916
8295917
8295918
8295919
8295920
8295921
8295922
8295923
8295924
8295925
8295926
8295927
8295928
8295929
8295930
8295931
8295932
8295933
8295934
8295935
8295936
8295937
8295938
8295939
8295940
8295941
8295942
8295943
8295944
8295945
8295946
8295947
8295948
8295949
8295950
8295951
8295952
8295953
8295954
8295955
8295956
8295957
8295958
8295959
8295960
8295961
8295962
8295963
8295964
8295965
8295966
8295967
8295968
8295969
8295970
8295971
8295972
8295973
8295974
8295975
8295976
8295977
8295978
8295979
8295980
8295981
8295982
8295983
8295984
8295985
8295986
8295987
8295988
8295989
8295990
8295991
8295992
8295993
8295994
8295995
8295996
8295997
8295998
8295999
8296000
8296001
8296002
8296003
8296004
8296005
8296006
8296007
8296008
8296009
8296010
8296011
8296012
8296013
8296014
8296015
8296016
8296017
8296018
8296019
8296020
8296021
8296022
8296023
8296024
8296025
8296026
8296027
8296028
8296029
8296030
8296031
8296032
8296033
8296034
8296035
8296036
8296037
8296038
8296039
8296040
8296041
8296042
8296043
8296044
8296045
8296046
8296047
8296048
8296049
8296050
8296051
8296052
8296053
8296054
8296055
8296056
8296057
8296058
8296059
8296060
8296061
8296062
8296063
8296064
8296065
8296066
8296067
8296068
8296069
8296070
8296071
8296072
8296073
8296074
8296075
8296076
8296077
8296078
8296079
8296080
8296081
8296082
8296083
8296084
8296085
8296086
8296087
8296088
8296089
8296090
8296091
8296092
8296093
8296094
8296095
8296096
8296097
8296098
8296099
8296100
8296101
8296102
8296103
8296104
8296105
8296106
8296107
8296108
8296109
8296110
8296111
8296112
8296113
8296114
8296115
8296116
8296117
8296118
8296119
8296120
8296121
8296122
8296123
8296124
8296125
8296126
8296127
8296128
8296129
8296130
8296131
8296132
8296133
8296134
8296135
8296136
8296137
8296138
8296139
8296140
8296141
8296142
8296143
8296144
8296145
8296146
8296147
8296148
8296149
8296150
8296151
8296152
8296153
8296154
8296155
8296156
8296157
8296158
8296159
8296160
8296161
8296162
8296163
8296164
8296165
8296166
8296167
8296168
8296169
8296170
8296171
8296172
8296173
8296174
8296175
8296176
8296177
8296178
8296179
8296180
8296181
8296182
8296183
8296184
8296185
8296186
8296187
8296188
8296189
8296190
8296191
8296192
8296193
8296194
8296195
8296196
8296197
8296198
8296199
8296200
8296201
8296202
8296203
8296204
8296205
8296206
8296207
8296208
8296209
8296210
8296211
8296212
8296213
8296214
8296215
8296216
8296217
8296218
8296219
8296220
8296221
8296222
8296223
8296224
8296225
8296226
8296227
8296228
8296229
8296230
8296231
8296232
8296233
8296234
8296235
8296236
8296237
8296238
8296239
8296240
8296241
8296242
8296243
8296244
8296245
8296246
8296247
8296248
8296249
8296250
8296251
8296252
8296253
8296254
8296255
8296256
8296257
8296258
8296259
8296260
8296261
8296262
8296263
8296264
8296265
8296266
8296267
8296268
8296269
8296270
8296271
8296272
8296273
8296274
8296275
8296276
8296277
8296278
8296279
8296280
8296281
8296282
8296283
8296284
8296285
8296286
8296287
8296288
8296289
8296290
8296291
8296292
8296293
8296294
8296295
8296296
8296297
8296298
8296299
8296300
8296301
8296302
8296303
8296304
8296305
8296306
8296307
8296308
8296309
8296310
8296311
8296312
8296313
8296314
8296315
8296316
8296317
8296318
8296319
8296320
8296321
8296322
8296323
8296324
8296325
8296326
8296327
8296328
8296329
8296330
8296331
8296332
8296333
8296334
8296335
8296336
8296337
8296338
8296339
8296340
8296341
8296342
8296343
8296344
8296345
8296346
8296347
8296348
8296349
8296350
8296351
8296352
8296353
8296354
8296355
8296356
8296357
8296358
8296359
8296360
8296361
8296362
8296363
8296364
8296365
8296366
8296367
8296368
8296369
8296370
8296371
8296372
8296373
8296374
8296375
8296376
8296377
8296378
8296379
8296380
8296381
8296382
8296383
8296384
8296385
8296386
8296387
8296388
8296389
8296390
8296391
8296392
8296393
8296394
8296395
8296396
8296397
8296398
8296399
8296400
8296401
8296402
8296403
8296404
8296405
8296406
8296407
8296408
8296409
8296410
8296411
8296412
8296413
8296414
8296415
8296416
8296417
8296418
8296419
8296420
8296421
8296422
8296423
8296424
8296425
8296426
8296427
8296428
8296429
8296430
8296431
8296432
8296433
8296434
8296435
8296436
8296437
8296438
8296439
8296440
8296441
8296442
8296443
8296444
8296445
8296446
8296447
8296448
8296449
8296450
8296451
8296452
8296453
8296454
8296455
8296456
8296457
8296458
8296459
8296460
8296461
8296462
8296463
8296464
8296465
8296466
8296467
8296468
8296469
8296470
8296471
8296472
8296473
8296474
8296475
8296476
8296477
8296478
8296479
8296480
8296481
8296482
8296483
8296484
8296485
8296486
8296487
8296488
8296489
8296490
8296491
8296492
8296493
8296494
8296495
8296496
8296497
8296498
8296499
8296500
8296501
8296502
8296503
8296504
8296505
8296506
8296507
8296508
8296509
8296510
8296511
8296512
8296513
8296514
8296515
8296516
8296517
8296518
8296519
8296520
8296521
8296522
8296523
8296524
8296525
8296526
8296527
8296528
8296529
8296530
8296531
8296532
8296533
8296534
8296535
8296536
8296537
8296538
8296539
8296540
8296541
8296542
8296543
8296544
8296545
8296546
8296547
8296548
8296549
8296550
8296551
8296552
8296553
8296554
8296555
8296556
8296557
8296558
8296559
8296560
8296561
8296562
8296563
8296564
8296565
8296566
8296567
8296568
8296569
8296570
8296571
8296572
8296573
8296574
8296575
8296576
8296577
8296578
8296579
8296580
8296581
8296582
8296583
8296584
8296585
8296586
8296587
8296588
8296589
8296590
8296591
8296592
8296593
8296594
8296595
8296596
8296597
8296598
8296599
8296600
8296601
8296602
8296603
8296604
8296605
8296606
8296607
8296608
8296609
8296610
8296611
8296612
8296613
8296614
8296615
8296616
8296617
8296618
8296619
8296620
8296621
8296622
8296623
8296624
8296625
8296626
8296627
8296628
8296629
8296630
8296631
8296632
8296633
8296634
8296635
8296636
8296637
8296638
8296639
8296640
8296641
8296642
8296643
8296644
8296645
8296646
8296647
8296648
8296649
8296650
8296651
8296652
8296653
8296654
8296655
8296656
8296657
8296658
8296659
8296660
8296661
8296662
8296663
8296664
8296665
8296666
8296667
8296668
8296669
8296670
8296671
8296672
8296673
8296674
8296675
8296676
8296677
8296678
8296679
8296680
8296681
8296682
8296683
8296684
8296685
8296686
8296687
8296688
8296689
8296690
8296691
8296692
8296693
8296694
8296695
8296696
8296697
8296698
8296699
8296700
8296701
8296702
8296703
8296704
8296705
8296706
8296707
8296708
8296709
8296710
8296711
8296712
8296713
8296714
8296715
8296716
8296717
8296718
8296719
8296720
8296721
8296722
8296723
8296724
8296725
8296726
8296727
8296728
8296729
8296730
8296731
8296732
8296733
8296734
8296735
8296736
8296737
8296738
8296739
8296740
8296741
8296742
8296743
8296744
8296745
8296746
8296747
8296748
8296749
8296750
8296751
8296752
8296753
8296754
8296755
8296756
8296757
8296758
8296759
8296760
8296761
8296762
8296763
8296764
8296765
8296766
8296767
8296768
8296769
8296770
8296771
8296772
8296773
8296774
8296775
8296776
8296777
8296778
8296779
8296780
8296781
8296782
8296783
8296784
8296785
8296786
8296787
8296788
8296789
8296790
8296791
8296792
8296793
8296794
8296795
8296796
8296797
8296798
8296799
8296800
8296801
8296802
8296803
8296804
8296805
8296806
8296807
8296808
8296809
8296810
8296811
8296812
8296813
8296814
8296815
8296816
8296817
8296818
8296819
8296820
8296821
8296822
8296823
8296824
8296825
8296826
8296827
8296828
8296829
8296830
8296831
8296832
8296833
8296834
8296835
8296836
8296837
8296838
8296839
8296840
8296841
8296842
8296843
8296844
8296845
8296846
8296847
8296848
8296849
8296850
8296851
8296852
8296853
8296854
8296855
8296856
8296857
8296858
8296859
8296860
8296861
8296862
8296863
8296864
8296865
8296866
8296867
8296868
8296869
8296870
8296871
8296872
8296873
8296874
8296875
8296876
8296877
8296878
8296879
8296880
8296881
8296882
8296883
8296884
8296885
8296886
8296887
8296888
8296889
8296890
8296891
8296892
8296893
8296894
8296895
8296896
8296897
8296898
8296899
8296900
8296901
8296902
8296903
8296904
8296905
8296906
8296907
8296908
8296909
8296910
8296911
8296912
8296913
8296914
8296915
8296916
8296917
8296918
8296919
8296920
8296921
8296922
8296923
8296924
8296925
8296926
8296927
8296928
8296929
8296930
8296931
8296932
8296933
8296934
8296935
8296936
8296937
8296938
8296939
8296940
8296941
8296942
8296943
8296944
8296945
8296946
8296947
8296948
8296949
8296950
8296951
8296952
8296953
8296954
8296955
8296956
8296957
8296958
8296959
8296960
8296961
8296962
8296963
8296964
8296965
8296966
8296967
8296968
8296969
8296970
8296971
8296972
8296973
8296974
8296975
8296976
8296977
8296978
8296979
8296980
8296981
8296982
8296983
8296984
8296985
8296986
8296987
8296988
8296989
8296990
8296991
8296992
8296993
8296994
8296995
8296996
8296997
8296998
8296999
8297000
8297001
8297002
8297003
8297004
8297005
8297006
8297007
8297008
8297009
8297010
8297011
8297012
8297013
8297014
8297015
8297016
8297017
8297018
8297019
8297020
8297021
8297022
8297023
8297024
8297025
8297026
8297027
8297028
8297029
8297030
8297031
8297032
8297033
8297034
8297035
8297036
8297037
8297038
8297039
8297040
8297041
8297042
8297043
8297044
8297045
8297046
8297047
8297048
8297049
8297050
8297051
8297052
8297053
8297054
8297055
8297056
8297057
8297058
8297059
8297060
8297061
8297062
8297063
8297064
8297065
8297066
8297067
8297068
8297069
8297070
8297071
8297072
8297073
8297074
8297075
8297076
8297077
8297078
8297079
8297080
8297081
8297082
8297083
8297084
8297085
8297086
8297087
8297088
8297089
8297090
8297091
8297092
8297093
8297094
8297095
8297096
8297097
8297098
8297099
8297100
8297101
8297102
8297103
8297104
8297105
8297106
8297107
8297108
8297109
8297110
8297111
8297112
8297113
8297114
8297115
8297116
8297117
8297118
8297119
8297120
8297121
8297122
8297123
8297124
8297125
8297126
8297127
8297128
8297129
8297130
8297131
8297132
8297133
8297134
8297135
8297136
8297137
8297138
8297139
8297140
8297141
8297142
8297143
8297144
8297145
8297146
8297147
8297148
8297149
8297150
8297151
8297152
8297153
8297154
8297155
8297156
8297157
8297158
8297159
8297160
8297161
8297162
8297163
8297164
8297165
8297166
8297167
8297168
8297169
8297170
8297171
8297172
8297173
8297174
8297175
8297176
8297177
8297178
8297179
8297180
8297181
8297182
8297183
8297184
8297185
8297186
8297187
8297188
8297189
8297190
8297191
8297192
8297193
8297194
8297195
8297196
8297197
8297198
8297199
8297200
8297201
8297202
8297203
8297204
8297205
8297206
8297207
8297208
8297209
8297210
8297211
8297212
8297213
8297214
8297215
8297216
8297217
8297218
8297219
8297220
8297221
8297222
8297223
8297224
8297225
8297226
8297227
8297228
8297229
8297230
8297231
8297232
8297233
8297234
8297235
8297236
8297237
8297238
8297239
8297240
8297241
8297242
8297243
8297244
8297245
8297246
8297247
8297248
8297249
8297250
8297251
8297252
8297253
8297254
8297255
8297256
8297257
8297258
8297259
8297260
8297261
8297262
8297263
8297264
8297265
8297266
8297267
8297268
8297269
8297270
8297271
8297272
8297273
8297274
8297275
8297276
8297277
8297278
8297279
8297280
8297281
8297282
8297283
8297284
8297285
8297286
8297287
8297288
8297289
8297290
8297291
8297292
8297293
8297294
8297295
8297296
8297297
8297298
8297299
8297300
8297301
8297302
8297303
8297304
8297305
8297306
8297307
8297308
8297309
8297310
8297311
8297312
8297313
8297314
8297315
8297316
8297317
8297318
8297319
8297320
8297321
8297322
8297323
8297324
8297325
8297326
8297327
8297328
8297329
8297330
8297331
8297332
8297333
8297334
8297335
8297336
8297337
8297338
8297339
8297340
8297341
8297342
8297343
8297344
8297345
8297346
8297347
8297348
8297349
8297350
8297351
8297352
8297353
8297354
8297355
8297356
8297357
8297358
8297359
8297360
8297361
8297362
8297363
8297364
8297365
8297366
8297367
8297368
8297369
8297370
8297371
8297372
8297373
8297374
8297375
8297376
8297377
8297378
8297379
8297380
8297381
8297382
8297383
8297384
8297385
8297386
8297387
8297388
8297389
8297390
8297391
8297392
8297393
8297394
8297395
8297396
8297397
8297398
8297399
8297400
8297401
8297402
8297403
8297404
8297405
8297406
8297407
8297408
8297409
8297410
8297411
8297412
8297413
8297414
8297415
8297416
8297417
8297418
8297419
8297420
8297421
8297422
8297423
8297424
8297425
8297426
8297427
8297428
8297429
8297430
8297431
8297432
8297433
8297434
8297435
8297436
8297437
8297438
8297439
8297440
8297441
8297442
8297443
8297444
8297445
8297446
8297447
8297448
8297449
8297450
8297451
8297452
8297453
8297454
8297455
8297456
8297457
8297458
8297459
8297460
8297461
8297462
8297463
8297464
8297465
8297466
8297467
8297468
8297469
8297470
8297471
8297472
8297473
8297474
8297475
8297476
8297477
8297478
8297479
8297480
8297481
8297482
8297483
8297484
8297485
8297486
8297487
8297488
8297489
8297490
8297491
8297492
8297493
8297494
8297495
8297496
8297497
8297498
8297499
8297500
8297501
8297502
8297503
8297504
8297505
8297506
8297507
8297508
8297509
8297510
8297511
8297512
8297513
8297514
8297515
8297516
8297517
8297518
8297519
8297520
8297521
8297522
8297523
8297524
8297525
8297526
8297527
8297528
8297529
8297530
8297531
8297532
8297533
8297534
8297535
8297536
8297537
8297538
8297539
8297540
8297541
8297542
8297543
8297544
8297545
8297546
8297547
8297548
8297549
8297550
8297551
8297552
8297553
8297554
8297555
8297556
8297557
8297558
8297559
8297560
8297561
8297562
8297563
8297564
8297565
8297566
8297567
8297568
8297569
8297570
8297571
8297572
8297573
8297574
8297575
8297576
8297577
8297578
8297579
8297580
8297581
8297582
8297583
8297584
8297585
8297586
8297587
8297588
8297589
8297590
8297591
8297592
8297593
8297594
8297595
8297596
8297597
8297598
8297599
8297600
8297601
8297602
8297603
8297604
8297605
8297606
8297607
8297608
8297609
8297610
8297611
8297612
8297613
8297614
8297615
8297616
8297617
8297618
8297619
8297620
8297621
8297622
8297623
8297624
8297625
8297626
8297627
8297628
8297629
8297630
8297631
8297632
8297633
8297634
8297635
8297636
8297637
8297638
8297639
8297640
8297641
8297642
8297643
8297644
8297645
8297646
8297647
8297648
8297649
8297650
8297651
8297652
8297653
8297654
8297655
8297656
8297657
8297658
8297659
8297660
8297661
8297662
8297663
8297664
8297665
8297666
8297667
8297668
8297669
8297670
8297671
8297672
8297673
8297674
8297675
8297676
8297677
8297678
8297679
8297680
8297681
8297682
8297683
8297684
8297685
8297686
8297687
8297688
8297689
8297690
8297691
8297692
8297693
8297694
8297695
8297696
8297697
8297698
8297699
8297700
8297701
8297702
8297703
8297704
8297705
8297706
8297707
8297708
8297709
8297710
8297711
8297712
8297713
8297714
8297715
8297716
8297717
8297718
8297719
8297720
8297721
8297722
8297723
8297724
8297725
8297726
8297727
8297728
8297729
8297730
8297731
8297732
8297733
8297734
8297735
8297736
8297737
8297738
8297739
8297740
8297741
8297742
8297743
8297744
8297745
8297746
8297747
8297748
8297749
8297750
8297751
8297752
8297753
8297754
8297755
8297756
8297757
8297758
8297759
8297760
8297761
8297762
8297763
8297764
8297765
8297766
8297767
8297768
8297769
8297770
8297771
8297772
8297773
8297774
8297775
8297776
8297777
8297778
8297779
8297780
8297781
8297782
8297783
8297784
8297785
8297786
8297787
8297788
8297789
8297790
8297791
8297792
8297793
8297794
8297795
8297796
8297797
8297798
8297799
8297800
8297801
8297802
8297803
8297804
8297805
8297806
8297807
8297808
8297809
8297810
8297811
8297812
8297813
8297814
8297815
8297816
8297817
8297818
8297819
8297820
8297821
8297822
8297823
8297824
8297825
8297826
8297827
8297828
8297829
8297830
8297831
8297832
8297833
8297834
8297835
8297836
8297837
8297838
8297839
8297840
8297841
8297842
8297843
8297844
8297845
8297846
8297847
8297848
8297849
8297850
8297851
8297852
8297853
8297854
8297855
8297856
8297857
8297858
8297859
8297860
8297861
8297862
8297863
8297864
8297865
8297866
8297867
8297868
8297869
8297870
8297871
8297872
8297873
8297874
8297875
8297876
8297877
8297878
8297879
8297880
8297881
8297882
8297883
8297884
8297885
8297886
8297887
8297888
8297889
8297890
8297891
8297892
8297893
8297894
8297895
8297896
8297897
8297898
8297899
8297900
8297901
8297902
8297903
8297904
8297905
8297906
8297907
8297908
8297909
8297910
8297911
8297912
8297913
8297914
8297915
8297916
8297917
8297918
8297919
8297920
8297921
8297922
8297923
8297924
8297925
8297926
8297927
8297928
8297929
8297930
8297931
8297932
8297933
8297934
8297935
8297936
8297937
8297938
8297939
8297940
8297941
8297942
8297943
8297944
8297945
8297946
8297947
8297948
8297949
8297950
8297951
8297952
8297953
8297954
8297955
8297956
8297957
8297958
8297959
8297960
8297961
8297962
8297963
8297964
8297965
8297966
8297967
8297968
8297969
8297970
8297971
8297972
8297973
8297974
8297975
8297976
8297977
8297978
8297979
8297980
8297981
8297982
8297983
8297984
8297985
8297986
8297987
8297988
8297989
8297990
8297991
8297992
8297993
8297994
8297995
8297996
8297997
8297998
8297999
8298000
8298001
8298002
8298003
8298004
8298005
8298006
8298007
8298008
8298009
8298010
8298011
8298012
8298013
8298014
8298015
8298016
8298017
8298018
8298019
8298020
8298021
8298022
8298023
8298024
8298025
8298026
8298027
8298028
8298029
8298030
8298031
8298032
8298033
8298034
8298035
8298036
8298037
8298038
8298039
8298040
8298041
8298042
8298043
8298044
8298045
8298046
8298047
8298048
8298049
8298050
8298051
8298052
8298053
8298054
8298055
8298056
8298057
8298058
8298059
8298060
8298061
8298062
8298063
8298064
8298065
8298066
8298067
8298068
8298069
8298070
8298071
8298072
8298073
8298074
8298075
8298076
8298077
8298078
8298079
8298080
8298081
8298082
8298083
8298084
8298085
8298086
8298087
8298088
8298089
8298090
8298091
8298092
8298093
8298094
8298095
8298096
8298097
8298098
8298099
8298100
8298101
8298102
8298103
8298104
8298105
8298106
8298107
8298108
8298109
8298110
8298111
8298112
8298113
8298114
8298115
8298116
8298117
8298118
8298119
8298120
8298121
8298122
8298123
8298124
8298125
8298126
8298127
8298128
8298129
8298130
8298131
8298132
8298133
8298134
8298135
8298136
8298137
8298138
8298139
8298140
8298141
8298142
8298143
8298144
8298145
8298146
8298147
8298148
8298149
8298150
8298151
8298152
8298153
8298154
8298155
8298156
8298157
8298158
8298159
8298160
8298161
8298162
8298163
8298164
8298165
8298166
8298167
8298168
8298169
8298170
8298171
8298172
8298173
8298174
8298175
8298176
8298177
8298178
8298179
8298180
8298181
8298182
8298183
8298184
8298185
8298186
8298187
8298188
8298189
8298190
8298191
8298192
8298193
8298194
8298195
8298196
8298197
8298198
8298199
8298200
8298201
8298202
8298203
8298204
8298205
8298206
8298207
8298208
8298209
8298210
8298211
8298212
8298213
8298214
8298215
8298216
8298217
8298218
8298219
8298220
8298221
8298222
8298223
8298224
8298225
8298226
8298227
8298228
8298229
8298230
8298231
8298232
8298233
8298234
8298235
8298236
8298237
8298238
8298239
8298240
8298241
8298242
8298243
8298244
8298245
8298246
8298247
8298248
8298249
8298250
8298251
8298252
8298253
8298254
8298255
8298256
8298257
8298258
8298259
8298260
8298261
8298262
8298263
8298264
8298265
8298266
8298267
8298268
8298269
8298270
8298271
8298272
8298273
8298274
8298275
8298276
8298277
8298278
8298279
8298280
8298281
8298282
8298283
8298284
8298285
8298286
8298287
8298288
8298289
8298290
8298291
8298292
8298293
8298294
8298295
8298296
8298297
8298298
8298299
8298300
8298301
8298302
8298303
8298304
8298305
8298306
8298307
8298308
8298309
8298310
8298311
8298312
8298313
8298314
8298315
8298316
8298317
8298318
8298319
8298320
8298321
8298322
8298323
8298324
8298325
8298326
8298327
8298328
8298329
8298330
8298331
8298332
8298333
8298334
8298335
8298336
8298337
8298338
8298339
8298340
8298341
8298342
8298343
8298344
8298345
8298346
8298347
8298348
8298349
8298350
8298351
8298352
8298353
8298354
8298355
8298356
8298357
8298358
8298359
8298360
8298361
8298362
8298363
8298364
8298365
8298366
8298367
8298368
8298369
8298370
8298371
8298372
8298373
8298374
8298375
8298376
8298377
8298378
8298379
8298380
8298381
8298382
8298383
8298384
8298385
8298386
8298387
8298388
8298389
8298390
8298391
8298392
8298393
8298394
8298395
8298396
8298397
8298398
8298399
8298400
8298401
8298402
8298403
8298404
8298405
8298406
8298407
8298408
8298409
8298410
8298411
8298412
8298413
8298414
8298415
8298416
8298417
8298418
8298419
8298420
8298421
8298422
8298423
8298424
8298425
8298426
8298427
8298428
8298429
8298430
8298431
8298432
8298433
8298434
8298435
8298436
8298437
8298438
8298439
8298440
8298441
8298442
8298443
8298444
8298445
8298446
8298447
8298448
8298449
8298450
8298451
8298452
8298453
8298454
8298455
8298456
8298457
8298458
8298459
8298460
8298461
8298462
8298463
8298464
8298465
8298466
8298467
8298468
8298469
8298470
8298471
8298472
8298473
8298474
8298475
8298476
8298477
8298478
8298479
8298480
8298481
8298482
8298483
8298484
8298485
8298486
8298487
8298488
8298489
8298490
8298491
8298492
8298493
8298494
8298495
8298496
8298497
8298498
8298499
8298500
8298501
8298502
8298503
8298504
8298505
8298506
8298507
8298508
8298509
8298510
8298511
8298512
8298513
8298514
8298515
8298516
8298517
8298518
8298519
8298520
8298521
8298522
8298523
8298524
8298525
8298526
8298527
8298528
8298529
8298530
8298531
8298532
8298533
8298534
8298535
8298536
8298537
8298538
8298539
8298540
8298541
8298542
8298543
8298544
8298545
8298546
8298547
8298548
8298549
8298550
8298551
8298552
8298553
8298554
8298555
8298556
8298557
8298558
8298559
8298560
8298561
8298562
8298563
8298564
8298565
8298566
8298567
8298568
8298569
8298570
8298571
8298572
8298573
8298574
8298575
8298576
8298577
8298578
8298579
8298580
8298581
8298582
8298583
8298584
8298585
8298586
8298587
8298588
8298589
8298590
8298591
8298592
8298593
8298594
8298595
8298596
8298597
8298598
8298599
8298600
8298601
8298602
8298603
8298604
8298605
8298606
8298607
8298608
8298609
8298610
8298611
8298612
8298613
8298614
8298615
8298616
8298617
8298618
8298619
8298620
8298621
8298622
8298623
8298624
8298625
8298626
8298627
8298628
8298629
8298630
8298631
8298632
8298633
8298634
8298635
8298636
8298637
8298638
8298639
8298640
8298641
8298642
8298643
8298644
8298645
8298646
8298647
8298648
8298649
8298650
8298651
8298652
8298653
8298654
8298655
8298656
8298657
8298658
8298659
8298660
8298661
8298662
8298663
8298664
8298665
8298666
8298667
8298668
8298669
8298670
8298671
8298672
8298673
8298674
8298675
8298676
8298677
8298678
8298679
8298680
8298681
8298682
8298683
8298684
8298685
8298686
8298687
8298688
8298689
8298690
8298691
8298692
8298693
8298694
8298695
8298696
8298697
8298698
8298699
8298700
8298701
8298702
8298703
8298704
8298705
8298706
8298707
8298708
8298709
8298710
8298711
8298712
8298713
8298714
8298715
8298716
8298717
8298718
8298719
8298720
8298721
8298722
8298723
8298724
8298725
8298726
8298727
8298728
8298729
8298730
8298731
8298732
8298733
8298734
8298735
8298736
8298737
8298738
8298739
8298740
8298741
8298742
8298743
8298744
8298745
8298746
8298747
8298748
8298749
8298750
8298751
8298752
8298753
8298754
8298755
8298756
8298757
8298758
8298759
8298760
8298761
8298762
8298763
8298764
8298765
8298766
8298767
8298768
8298769
8298770
8298771
8298772
8298773
8298774
8298775
8298776
8298777
8298778
8298779
8298780
8298781
8298782
8298783
8298784
8298785
8298786
8298787
8298788
8298789
8298790
8298791
8298792
8298793
8298794
8298795
8298796
8298797
8298798
8298799
8298800
8298801
8298802
8298803
8298804
8298805
8298806
8298807
8298808
8298809
8298810
8298811
8298812
8298813
8298814
8298815
8298816
8298817
8298818
8298819
8298820
8298821
8298822
8298823
8298824
8298825
8298826
8298827
8298828
8298829
8298830
8298831
8298832
8298833
8298834
8298835
8298836
8298837
8298838
8298839
8298840
8298841
8298842
8298843
8298844
8298845
8298846
8298847
8298848
8298849
8298850
8298851
8298852
8298853
8298854
8298855
8298856
8298857
8298858
8298859
8298860
8298861
8298862
8298863
8298864
8298865
8298866
8298867
8298868
8298869
8298870
8298871
8298872
8298873
8298874
8298875
8298876
8298877
8298878
8298879
8298880
8298881
8298882
8298883
8298884
8298885
8298886
8298887
8298888
8298889
8298890
8298891
8298892
8298893
8298894
8298895
8298896
8298897
8298898
8298899
8298900
8298901
8298902
8298903
8298904
8298905
8298906
8298907
8298908
8298909
8298910
8298911
8298912
8298913
8298914
8298915
8298916
8298917
8298918
8298919
8298920
8298921
8298922
8298923
8298924
8298925
8298926
8298927
8298928
8298929
8298930
8298931
8298932
8298933
8298934
8298935
8298936
8298937
8298938
8298939
8298940
8298941
8298942
8298943
8298944
8298945
8298946
8298947
8298948
8298949
8298950
8298951
8298952
8298953
8298954
8298955
8298956
8298957
8298958
8298959
8298960
8298961
8298962
8298963
8298964
8298965
8298966
8298967
8298968
8298969
8298970
8298971
8298972
8298973
8298974
8298975
8298976
8298977
8298978
8298979
8298980
8298981
8298982
8298983
8298984
8298985
8298986
8298987
8298988
8298989
8298990
8298991
8298992
8298993
8298994
8298995
8298996
8298997
8298998
8298999
8299000
8299001
8299002
8299003
8299004
8299005
8299006
8299007
8299008
8299009
8299010
8299011
8299012
8299013
8299014
8299015
8299016
8299017
8299018
8299019
8299020
8299021
8299022
8299023
8299024
8299025
8299026
8299027
8299028
8299029
8299030
8299031
8299032
8299033
8299034
8299035
8299036
8299037
8299038
8299039
8299040
8299041
8299042
8299043
8299044
8299045
8299046
8299047
8299048
8299049
8299050
8299051
8299052
8299053
8299054
8299055
8299056
8299057
8299058
8299059
8299060
8299061
8299062
8299063
8299064
8299065
8299066
8299067
8299068
8299069
8299070
8299071
8299072
8299073
8299074
8299075
8299076
8299077
8299078
8299079
8299080
8299081
8299082
8299083
8299084
8299085
8299086
8299087
8299088
8299089
8299090
8299091
8299092
8299093
8299094
8299095
8299096
8299097
8299098
8299099
8299100
8299101
8299102
8299103
8299104
8299105
8299106
8299107
8299108
8299109
8299110
8299111
8299112
8299113
8299114
8299115
8299116
8299117
8299118
8299119
8299120
8299121
8299122
8299123
8299124
8299125
8299126
8299127
8299128
8299129
8299130
8299131
8299132
8299133
8299134
8299135
8299136
8299137
8299138
8299139
8299140
8299141
8299142
8299143
8299144
8299145
8299146
8299147
8299148
8299149
8299150
8299151
8299152
8299153
8299154
8299155
8299156
8299157
8299158
8299159
8299160
8299161
8299162
8299163
8299164
8299165
8299166
8299167
8299168
8299169
8299170
8299171
8299172
8299173
8299174
8299175
8299176
8299177
8299178
8299179
8299180
8299181
8299182
8299183
8299184
8299185
8299186
8299187
8299188
8299189
8299190
8299191
8299192
8299193
8299194
8299195
8299196
8299197
8299198
8299199
8299200
8299201
8299202
8299203
8299204
8299205
8299206
8299207
8299208
8299209
8299210
8299211
8299212
8299213
8299214
8299215
8299216
8299217
8299218
8299219
8299220
8299221
8299222
8299223
8299224
8299225
8299226
8299227
8299228
8299229
8299230
8299231
8299232
8299233
8299234
8299235
8299236
8299237
8299238
8299239
8299240
8299241
8299242
8299243
8299244
8299245
8299246
8299247
8299248
8299249
8299250
8299251
8299252
8299253
8299254
8299255
8299256
8299257
8299258
8299259
8299260
8299261
8299262
8299263
8299264
8299265
8299266
8299267
8299268
8299269
8299270
8299271
8299272
8299273
8299274
8299275
8299276
8299277
8299278
8299279
8299280
8299281
8299282
8299283
8299284
8299285
8299286
8299287
8299288
8299289
8299290
8299291
8299292
8299293
8299294
8299295
8299296
8299297
8299298
8299299
8299300
8299301
8299302
8299303
8299304
8299305
8299306
8299307
8299308
8299309
8299310
8299311
8299312
8299313
8299314
8299315
8299316
8299317
8299318
8299319
8299320
8299321
8299322
8299323
8299324
8299325
8299326
8299327
8299328
8299329
8299330
8299331
8299332
8299333
8299334
8299335
8299336
8299337
8299338
8299339
8299340
8299341
8299342
8299343
8299344
8299345
8299346
8299347
8299348
8299349
8299350
8299351
8299352
8299353
8299354
8299355
8299356
8299357
8299358
8299359
8299360
8299361
8299362
8299363
8299364
8299365
8299366
8299367
8299368
8299369
8299370
8299371
8299372
8299373
8299374
8299375
8299376
8299377
8299378
8299379
8299380
8299381
8299382
8299383
8299384
8299385
8299386
8299387
8299388
8299389
8299390
8299391
8299392
8299393
8299394
8299395
8299396
8299397
8299398
8299399
8299400
8299401
8299402
8299403
8299404
8299405
8299406
8299407
8299408
8299409
8299410
8299411
8299412
8299413
8299414
8299415
8299416
8299417
8299418
8299419
8299420
8299421
8299422
8299423
8299424
8299425
8299426
8299427
8299428
8299429
8299430
8299431
8299432
8299433
8299434
8299435
8299436
8299437
8299438
8299439
8299440
8299441
8299442
8299443
8299444
8299445
8299446
8299447
8299448
8299449
8299450
8299451
8299452
8299453
8299454
8299455
8299456
8299457
8299458
8299459
8299460
8299461
8299462
8299463
8299464
8299465
8299466
8299467
8299468
8299469
8299470
8299471
8299472
8299473
8299474
8299475
8299476
8299477
8299478
8299479
8299480
8299481
8299482
8299483
8299484
8299485
8299486
8299487
8299488
8299489
8299490
8299491
8299492
8299493
8299494
8299495
8299496
8299497
8299498
8299499
8299500
8299501
8299502
8299503
8299504
8299505
8299506
8299507
8299508
8299509
8299510
8299511
8299512
8299513
8299514
8299515
8299516
8299517
8299518
8299519
8299520
8299521
8299522
8299523
8299524
8299525
8299526
8299527
8299528
8299529
8299530
8299531
8299532
8299533
8299534
8299535
8299536
8299537
8299538
8299539
8299540
8299541
8299542
8299543
8299544
8299545
8299546
8299547
8299548
8299549
8299550
8299551
8299552
8299553
8299554
8299555
8299556
8299557
8299558
8299559
8299560
8299561
8299562
8299563
8299564
8299565
8299566
8299567
8299568
8299569
8299570
8299571
8299572
8299573
8299574
8299575
8299576
8299577
8299578
8299579
8299580
8299581
8299582
8299583
8299584
8299585
8299586
8299587
8299588
8299589
8299590
8299591
8299592
8299593
8299594
8299595
8299596
8299597
8299598
8299599
8299600
8299601
8299602
8299603
8299604
8299605
8299606
8299607
8299608
8299609
8299610
8299611
8299612
8299613
8299614
8299615
8299616
8299617
8299618
8299619
8299620
8299621
8299622
8299623
8299624
8299625
8299626
8299627
8299628
8299629
8299630
8299631
8299632
8299633
8299634
8299635
8299636
8299637
8299638
8299639
8299640
8299641
8299642
8299643
8299644
8299645
8299646
8299647
8299648
8299649
8299650
8299651
8299652
8299653
8299654
8299655
8299656
8299657
8299658
8299659
8299660
8299661
8299662
8299663
8299664
8299665
8299666
8299667
8299668
8299669
8299670
8299671
8299672
8299673
8299674
8299675
8299676
8299677
8299678
8299679
8299680
8299681
8299682
8299683
8299684
8299685
8299686
8299687
8299688
8299689
8299690
8299691
8299692
8299693
8299694
8299695
8299696
8299697
8299698
8299699
8299700
8299701
8299702
8299703
8299704
8299705
8299706
8299707
8299708
8299709
8299710
8299711
8299712
8299713
8299714
8299715
8299716
8299717
8299718
8299719
8299720
8299721
8299722
8299723
8299724
8299725
8299726
8299727
8299728
8299729
8299730
8299731
8299732
8299733
8299734
8299735
8299736
8299737
8299738
8299739
8299740
8299741
8299742
8299743
8299744
8299745
8299746
8299747
8299748
8299749
8299750
8299751
8299752
8299753
8299754
8299755
8299756
8299757
8299758
8299759
8299760
8299761
8299762
8299763
8299764
8299765
8299766
8299767
8299768
8299769
8299770
8299771
8299772
8299773
8299774
8299775
8299776
8299777
8299778
8299779
8299780
8299781
8299782
8299783
8299784
8299785
8299786
8299787
8299788
8299789
8299790
8299791
8299792
8299793
8299794
8299795
8299796
8299797
8299798
8299799
8299800
8299801
8299802
8299803
8299804
8299805
8299806
8299807
8299808
8299809
8299810
8299811
8299812
8299813
8299814
8299815
8299816
8299817
8299818
8299819
8299820
8299821
8299822
8299823
8299824
8299825
8299826
8299827
8299828
8299829
8299830
8299831
8299832
8299833
8299834
8299835
8299836
8299837
8299838
8299839
8299840
8299841
8299842
8299843
8299844
8299845
8299846
8299847
8299848
8299849
8299850
8299851
8299852
8299853
8299854
8299855
8299856
8299857
8299858
8299859
8299860
8299861
8299862
8299863
8299864
8299865
8299866
8299867
8299868
8299869
8299870
8299871
8299872
8299873
8299874
8299875
8299876
8299877
8299878
8299879
8299880
8299881
8299882
8299883
8299884
8299885
8299886
8299887
8299888
8299889
8299890
8299891
8299892
8299893
8299894
8299895
8299896
8299897
8299898
8299899
8299900
8299901
8299902
8299903
8299904
8299905
8299906
8299907
8299908
8299909
8299910
8299911
8299912
8299913
8299914
8299915
8299916
8299917
8299918
8299919
8299920
8299921
8299922
8299923
8299924
8299925
8299926
8299927
8299928
8299929
8299930
8299931
8299932
8299933
8299934
8299935
8299936
8299937
8299938
8299939
8299940
8299941
8299942
8299943
8299944
8299945
8299946
8299947
8299948
8299949
8299950
8299951
8299952
8299953
8299954
8299955
8299956
8299957
8299958
8299959
8299960
8299961
8299962
8299963
8299964
8299965
8299966
8299967
8299968
8299969
8299970
8299971
8299972
8299973
8299974
8299975
8299976
8299977
8299978
8299979
8299980
8299981
8299982
8299983
8299984
8299985
8299986
8299987
8299988
8299989
8299990
8299991
8299992
8299993
8299994
8299995
8299996
8299997
8299998
8299999
8300000
