8230001
8230002
8230003
8230004
8230005
8230006
8230007
8230008
8230009
8230010
8230011
8230012
8230013
8230014
8230015
8230016
8230017
8230018
8230019
8230020
8230021
8230022
8230023
8230024
8230025
8230026
8230027
8230028
8230029
8230030
8230031
8230032
8230033
8230034
8230035
8230036
8230037
8230038
8230039
8230040
8230041
8230042
8230043
8230044
8230045
8230046
8230047
8230048
8230049
8230050
8230051
8230052
8230053
8230054
8230055
8230056
8230057
8230058
8230059
8230060
8230061
8230062
8230063
8230064
8230065
8230066
8230067
8230068
8230069
8230070
8230071
8230072
8230073
8230074
8230075
8230076
8230077
8230078
8230079
8230080
8230081
8230082
8230083
8230084
8230085
8230086
8230087
8230088
8230089
8230090
8230091
8230092
8230093
8230094
8230095
8230096
8230097
8230098
8230099
8230100
8230101
8230102
8230103
8230104
8230105
8230106
8230107
8230108
8230109
8230110
8230111
8230112
8230113
8230114
8230115
8230116
8230117
8230118
8230119
8230120
8230121
8230122
8230123
8230124
8230125
8230126
8230127
8230128
8230129
8230130
8230131
8230132
8230133
8230134
8230135
8230136
8230137
8230138
8230139
8230140
8230141
8230142
8230143
8230144
8230145
8230146
8230147
8230148
8230149
8230150
8230151
8230152
8230153
8230154
8230155
8230156
8230157
8230158
8230159
8230160
8230161
8230162
8230163
8230164
8230165
8230166
8230167
8230168
8230169
8230170
8230171
8230172
8230173
8230174
8230175
8230176
8230177
8230178
8230179
8230180
8230181
8230182
8230183
8230184
8230185
8230186
8230187
8230188
8230189
8230190
8230191
8230192
8230193
8230194
8230195
8230196
8230197
8230198
8230199
8230200
8230201
8230202
8230203
8230204
8230205
8230206
8230207
8230208
8230209
8230210
8230211
8230212
8230213
8230214
8230215
8230216
8230217
8230218
8230219
8230220
8230221
8230222
8230223
8230224
8230225
8230226
8230227
8230228
8230229
8230230
8230231
8230232
8230233
8230234
8230235
8230236
8230237
8230238
8230239
8230240
8230241
8230242
8230243
8230244
8230245
8230246
8230247
8230248
8230249
8230250
8230251
8230252
8230253
8230254
8230255
8230256
8230257
8230258
8230259
8230260
8230261
8230262
8230263
8230264
8230265
8230266
8230267
8230268
8230269
8230270
8230271
8230272
8230273
8230274
8230275
8230276
8230277
8230278
8230279
8230280
8230281
8230282
8230283
8230284
8230285
8230286
8230287
8230288
8230289
8230290
8230291
8230292
8230293
8230294
8230295
8230296
8230297
8230298
8230299
8230300
8230301
8230302
8230303
8230304
8230305
8230306
8230307
8230308
8230309
8230310
8230311
8230312
8230313
8230314
8230315
8230316
8230317
8230318
8230319
8230320
8230321
8230322
8230323
8230324
8230325
8230326
8230327
8230328
8230329
8230330
8230331
8230332
8230333
8230334
8230335
8230336
8230337
8230338
8230339
8230340
8230341
8230342
8230343
8230344
8230345
8230346
8230347
8230348
8230349
8230350
8230351
8230352
8230353
8230354
8230355
8230356
8230357
8230358
8230359
8230360
8230361
8230362
8230363
8230364
8230365
8230366
8230367
8230368
8230369
8230370
8230371
8230372
8230373
8230374
8230375
8230376
8230377
8230378
8230379
8230380
8230381
8230382
8230383
8230384
8230385
8230386
8230387
8230388
8230389
8230390
8230391
8230392
8230393
8230394
8230395
8230396
8230397
8230398
8230399
8230400
8230401
8230402
8230403
8230404
8230405
8230406
8230407
8230408
8230409
8230410
8230411
8230412
8230413
8230414
8230415
8230416
8230417
8230418
8230419
8230420
8230421
8230422
8230423
8230424
8230425
8230426
8230427
8230428
8230429
8230430
8230431
8230432
8230433
8230434
8230435
8230436
8230437
8230438
8230439
8230440
8230441
8230442
8230443
8230444
8230445
8230446
8230447
8230448
8230449
8230450
8230451
8230452
8230453
8230454
8230455
8230456
8230457
8230458
8230459
8230460
8230461
8230462
8230463
8230464
8230465
8230466
8230467
8230468
8230469
8230470
8230471
8230472
8230473
8230474
8230475
8230476
8230477
8230478
8230479
8230480
8230481
8230482
8230483
8230484
8230485
8230486
8230487
8230488
8230489
8230490
8230491
8230492
8230493
8230494
8230495
8230496
8230497
8230498
8230499
8230500
8230501
8230502
8230503
8230504
8230505
8230506
8230507
8230508
8230509
8230510
8230511
8230512
8230513
8230514
8230515
8230516
8230517
8230518
8230519
8230520
8230521
8230522
8230523
8230524
8230525
8230526
8230527
8230528
8230529
8230530
8230531
8230532
8230533
8230534
8230535
8230536
8230537
8230538
8230539
8230540
8230541
8230542
8230543
8230544
8230545
8230546
8230547
8230548
8230549
8230550
8230551
8230552
8230553
8230554
8230555
8230556
8230557
8230558
8230559
8230560
8230561
8230562
8230563
8230564
8230565
8230566
8230567
8230568
8230569
8230570
8230571
8230572
8230573
8230574
8230575
8230576
8230577
8230578
8230579
8230580
8230581
8230582
8230583
8230584
8230585
8230586
8230587
8230588
8230589
8230590
8230591
8230592
8230593
8230594
8230595
8230596
8230597
8230598
8230599
8230600
8230601
8230602
8230603
8230604
8230605
8230606
8230607
8230608
8230609
8230610
8230611
8230612
8230613
8230614
8230615
8230616
8230617
8230618
8230619
8230620
8230621
8230622
8230623
8230624
8230625
8230626
8230627
8230628
8230629
8230630
8230631
8230632
8230633
8230634
8230635
8230636
8230637
8230638
8230639
8230640
8230641
8230642
8230643
8230644
8230645
8230646
8230647
8230648
8230649
8230650
8230651
8230652
8230653
8230654
8230655
8230656
8230657
8230658
8230659
8230660
8230661
8230662
8230663
8230664
8230665
8230666
8230667
8230668
8230669
8230670
8230671
8230672
8230673
8230674
8230675
8230676
8230677
8230678
8230679
8230680
8230681
8230682
8230683
8230684
8230685
8230686
8230687
8230688
8230689
8230690
8230691
8230692
8230693
8230694
8230695
8230696
8230697
8230698
8230699
8230700
8230701
8230702
8230703
8230704
8230705
8230706
8230707
8230708
8230709
8230710
8230711
8230712
8230713
8230714
8230715
8230716
8230717
8230718
8230719
8230720
8230721
8230722
8230723
8230724
8230725
8230726
8230727
8230728
8230729
8230730
8230731
8230732
8230733
8230734
8230735
8230736
8230737
8230738
8230739
8230740
8230741
8230742
8230743
8230744
8230745
8230746
8230747
8230748
8230749
8230750
8230751
8230752
8230753
8230754
8230755
8230756
8230757
8230758
8230759
8230760
8230761
8230762
8230763
8230764
8230765
8230766
8230767
8230768
8230769
8230770
8230771
8230772
8230773
8230774
8230775
8230776
8230777
8230778
8230779
8230780
8230781
8230782
8230783
8230784
8230785
8230786
8230787
8230788
8230789
8230790
8230791
8230792
8230793
8230794
8230795
8230796
8230797
8230798
8230799
8230800
8230801
8230802
8230803
8230804
8230805
8230806
8230807
8230808
8230809
8230810
8230811
8230812
8230813
8230814
8230815
8230816
8230817
8230818
8230819
8230820
8230821
8230822
8230823
8230824
8230825
8230826
8230827
8230828
8230829
8230830
8230831
8230832
8230833
8230834
8230835
8230836
8230837
8230838
8230839
8230840
8230841
8230842
8230843
8230844
8230845
8230846
8230847
8230848
8230849
8230850
8230851
8230852
8230853
8230854
8230855
8230856
8230857
8230858
8230859
8230860
8230861
8230862
8230863
8230864
8230865
8230866
8230867
8230868
8230869
8230870
8230871
8230872
8230873
8230874
8230875
8230876
8230877
8230878
8230879
8230880
8230881
8230882
8230883
8230884
8230885
8230886
8230887
8230888
8230889
8230890
8230891
8230892
8230893
8230894
8230895
8230896
8230897
8230898
8230899
8230900
8230901
8230902
8230903
8230904
8230905
8230906
8230907
8230908
8230909
8230910
8230911
8230912
8230913
8230914
8230915
8230916
8230917
8230918
8230919
8230920
8230921
8230922
8230923
8230924
8230925
8230926
8230927
8230928
8230929
8230930
8230931
8230932
8230933
8230934
8230935
8230936
8230937
8230938
8230939
8230940
8230941
8230942
8230943
8230944
8230945
8230946
8230947
8230948
8230949
8230950
8230951
8230952
8230953
8230954
8230955
8230956
8230957
8230958
8230959
8230960
8230961
8230962
8230963
8230964
8230965
8230966
8230967
8230968
8230969
8230970
8230971
8230972
8230973
8230974
8230975
8230976
8230977
8230978
8230979
8230980
8230981
8230982
8230983
8230984
8230985
8230986
8230987
8230988
8230989
8230990
8230991
8230992
8230993
8230994
8230995
8230996
8230997
8230998
8230999
8231000
8231001
8231002
8231003
8231004
8231005
8231006
8231007
8231008
8231009
8231010
8231011
8231012
8231013
8231014
8231015
8231016
8231017
8231018
8231019
8231020
8231021
8231022
8231023
8231024
8231025
8231026
8231027
8231028
8231029
8231030
8231031
8231032
8231033
8231034
8231035
8231036
8231037
8231038
8231039
8231040
8231041
8231042
8231043
8231044
8231045
8231046
8231047
8231048
8231049
8231050
8231051
8231052
8231053
8231054
8231055
8231056
8231057
8231058
8231059
8231060
8231061
8231062
8231063
8231064
8231065
8231066
8231067
8231068
8231069
8231070
8231071
8231072
8231073
8231074
8231075
8231076
8231077
8231078
8231079
8231080
8231081
8231082
8231083
8231084
8231085
8231086
8231087
8231088
8231089
8231090
8231091
8231092
8231093
8231094
8231095
8231096
8231097
8231098
8231099
8231100
8231101
8231102
8231103
8231104
8231105
8231106
8231107
8231108
8231109
8231110
8231111
8231112
8231113
8231114
8231115
8231116
8231117
8231118
8231119
8231120
8231121
8231122
8231123
8231124
8231125
8231126
8231127
8231128
8231129
8231130
8231131
8231132
8231133
8231134
8231135
8231136
8231137
8231138
8231139
8231140
8231141
8231142
8231143
8231144
8231145
8231146
8231147
8231148
8231149
8231150
8231151
8231152
8231153
8231154
8231155
8231156
8231157
8231158
8231159
8231160
8231161
8231162
8231163
8231164
8231165
8231166
8231167
8231168
8231169
8231170
8231171
8231172
8231173
8231174
8231175
8231176
8231177
8231178
8231179
8231180
8231181
8231182
8231183
8231184
8231185
8231186
8231187
8231188
8231189
8231190
8231191
8231192
8231193
8231194
8231195
8231196
8231197
8231198
8231199
8231200
8231201
8231202
8231203
8231204
8231205
8231206
8231207
8231208
8231209
8231210
8231211
8231212
8231213
8231214
8231215
8231216
8231217
8231218
8231219
8231220
8231221
8231222
8231223
8231224
8231225
8231226
8231227
8231228
8231229
8231230
8231231
8231232
8231233
8231234
8231235
8231236
8231237
8231238
8231239
8231240
8231241
8231242
8231243
8231244
8231245
8231246
8231247
8231248
8231249
8231250
8231251
8231252
8231253
8231254
8231255
8231256
8231257
8231258
8231259
8231260
8231261
8231262
8231263
8231264
8231265
8231266
8231267
8231268
8231269
8231270
8231271
8231272
8231273
8231274
8231275
8231276
8231277
8231278
8231279
8231280
8231281
8231282
8231283
8231284
8231285
8231286
8231287
8231288
8231289
8231290
8231291
8231292
8231293
8231294
8231295
8231296
8231297
8231298
8231299
8231300
8231301
8231302
8231303
8231304
8231305
8231306
8231307
8231308
8231309
8231310
8231311
8231312
8231313
8231314
8231315
8231316
8231317
8231318
8231319
8231320
8231321
8231322
8231323
8231324
8231325
8231326
8231327
8231328
8231329
8231330
8231331
8231332
8231333
8231334
8231335
8231336
8231337
8231338
8231339
8231340
8231341
8231342
8231343
8231344
8231345
8231346
8231347
8231348
8231349
8231350
8231351
8231352
8231353
8231354
8231355
8231356
8231357
8231358
8231359
8231360
8231361
8231362
8231363
8231364
8231365
8231366
8231367
8231368
8231369
8231370
8231371
8231372
8231373
8231374
8231375
8231376
8231377
8231378
8231379
8231380
8231381
8231382
8231383
8231384
8231385
8231386
8231387
8231388
8231389
8231390
8231391
8231392
8231393
8231394
8231395
8231396
8231397
8231398
8231399
8231400
8231401
8231402
8231403
8231404
8231405
8231406
8231407
8231408
8231409
8231410
8231411
8231412
8231413
8231414
8231415
8231416
8231417
8231418
8231419
8231420
8231421
8231422
8231423
8231424
8231425
8231426
8231427
8231428
8231429
8231430
8231431
8231432
8231433
8231434
8231435
8231436
8231437
8231438
8231439
8231440
8231441
8231442
8231443
8231444
8231445
8231446
8231447
8231448
8231449
8231450
8231451
8231452
8231453
8231454
8231455
8231456
8231457
8231458
8231459
8231460
8231461
8231462
8231463
8231464
8231465
8231466
8231467
8231468
8231469
8231470
8231471
8231472
8231473
8231474
8231475
8231476
8231477
8231478
8231479
8231480
8231481
8231482
8231483
8231484
8231485
8231486
8231487
8231488
8231489
8231490
8231491
8231492
8231493
8231494
8231495
8231496
8231497
8231498
8231499
8231500
8231501
8231502
8231503
8231504
8231505
8231506
8231507
8231508
8231509
8231510
8231511
8231512
8231513
8231514
8231515
8231516
8231517
8231518
8231519
8231520
8231521
8231522
8231523
8231524
8231525
8231526
8231527
8231528
8231529
8231530
8231531
8231532
8231533
8231534
8231535
8231536
8231537
8231538
8231539
8231540
8231541
8231542
8231543
8231544
8231545
8231546
8231547
8231548
8231549
8231550
8231551
8231552
8231553
8231554
8231555
8231556
8231557
8231558
8231559
8231560
8231561
8231562
8231563
8231564
8231565
8231566
8231567
8231568
8231569
8231570
8231571
8231572
8231573
8231574
8231575
8231576
8231577
8231578
8231579
8231580
8231581
8231582
8231583
8231584
8231585
8231586
8231587
8231588
8231589
8231590
8231591
8231592
8231593
8231594
8231595
8231596
8231597
8231598
8231599
8231600
8231601
8231602
8231603
8231604
8231605
8231606
8231607
8231608
8231609
8231610
8231611
8231612
8231613
8231614
8231615
8231616
8231617
8231618
8231619
8231620
8231621
8231622
8231623
8231624
8231625
8231626
8231627
8231628
8231629
8231630
8231631
8231632
8231633
8231634
8231635
8231636
8231637
8231638
8231639
8231640
8231641
8231642
8231643
8231644
8231645
8231646
8231647
8231648
8231649
8231650
8231651
8231652
8231653
8231654
8231655
8231656
8231657
8231658
8231659
8231660
8231661
8231662
8231663
8231664
8231665
8231666
8231667
8231668
8231669
8231670
8231671
8231672
8231673
8231674
8231675
8231676
8231677
8231678
8231679
8231680
8231681
8231682
8231683
8231684
8231685
8231686
8231687
8231688
8231689
8231690
8231691
8231692
8231693
8231694
8231695
8231696
8231697
8231698
8231699
8231700
8231701
8231702
8231703
8231704
8231705
8231706
8231707
8231708
8231709
8231710
8231711
8231712
8231713
8231714
8231715
8231716
8231717
8231718
8231719
8231720
8231721
8231722
8231723
8231724
8231725
8231726
8231727
8231728
8231729
8231730
8231731
8231732
8231733
8231734
8231735
8231736
8231737
8231738
8231739
8231740
8231741
8231742
8231743
8231744
8231745
8231746
8231747
8231748
8231749
8231750
8231751
8231752
8231753
8231754
8231755
8231756
8231757
8231758
8231759
8231760
8231761
8231762
8231763
8231764
8231765
8231766
8231767
8231768
8231769
8231770
8231771
8231772
8231773
8231774
8231775
8231776
8231777
8231778
8231779
8231780
8231781
8231782
8231783
8231784
8231785
8231786
8231787
8231788
8231789
8231790
8231791
8231792
8231793
8231794
8231795
8231796
8231797
8231798
8231799
8231800
8231801
8231802
8231803
8231804
8231805
8231806
8231807
8231808
8231809
8231810
8231811
8231812
8231813
8231814
8231815
8231816
8231817
8231818
8231819
8231820
8231821
8231822
8231823
8231824
8231825
8231826
8231827
8231828
8231829
8231830
8231831
8231832
8231833
8231834
8231835
8231836
8231837
8231838
8231839
8231840
8231841
8231842
8231843
8231844
8231845
8231846
8231847
8231848
8231849
8231850
8231851
8231852
8231853
8231854
8231855
8231856
8231857
8231858
8231859
8231860
8231861
8231862
8231863
8231864
8231865
8231866
8231867
8231868
8231869
8231870
8231871
8231872
8231873
8231874
8231875
8231876
8231877
8231878
8231879
8231880
8231881
8231882
8231883
8231884
8231885
8231886
8231887
8231888
8231889
8231890
8231891
8231892
8231893
8231894
8231895
8231896
8231897
8231898
8231899
8231900
8231901
8231902
8231903
8231904
8231905
8231906
8231907
8231908
8231909
8231910
8231911
8231912
8231913
8231914
8231915
8231916
8231917
8231918
8231919
8231920
8231921
8231922
8231923
8231924
8231925
8231926
8231927
8231928
8231929
8231930
8231931
8231932
8231933
8231934
8231935
8231936
8231937
8231938
8231939
8231940
8231941
8231942
8231943
8231944
8231945
8231946
8231947
8231948
8231949
8231950
8231951
8231952
8231953
8231954
8231955
8231956
8231957
8231958
8231959
8231960
8231961
8231962
8231963
8231964
8231965
8231966
8231967
8231968
8231969
8231970
8231971
8231972
8231973
8231974
8231975
8231976
8231977
8231978
8231979
8231980
8231981
8231982
8231983
8231984
8231985
8231986
8231987
8231988
8231989
8231990
8231991
8231992
8231993
8231994
8231995
8231996
8231997
8231998
8231999
8232000
8232001
8232002
8232003
8232004
8232005
8232006
8232007
8232008
8232009
8232010
8232011
8232012
8232013
8232014
8232015
8232016
8232017
8232018
8232019
8232020
8232021
8232022
8232023
8232024
8232025
8232026
8232027
8232028
8232029
8232030
8232031
8232032
8232033
8232034
8232035
8232036
8232037
8232038
8232039
8232040
8232041
8232042
8232043
8232044
8232045
8232046
8232047
8232048
8232049
8232050
8232051
8232052
8232053
8232054
8232055
8232056
8232057
8232058
8232059
8232060
8232061
8232062
8232063
8232064
8232065
8232066
8232067
8232068
8232069
8232070
8232071
8232072
8232073
8232074
8232075
8232076
8232077
8232078
8232079
8232080
8232081
8232082
8232083
8232084
8232085
8232086
8232087
8232088
8232089
8232090
8232091
8232092
8232093
8232094
8232095
8232096
8232097
8232098
8232099
8232100
8232101
8232102
8232103
8232104
8232105
8232106
8232107
8232108
8232109
8232110
8232111
8232112
8232113
8232114
8232115
8232116
8232117
8232118
8232119
8232120
8232121
8232122
8232123
8232124
8232125
8232126
8232127
8232128
8232129
8232130
8232131
8232132
8232133
8232134
8232135
8232136
8232137
8232138
8232139
8232140
8232141
8232142
8232143
8232144
8232145
8232146
8232147
8232148
8232149
8232150
8232151
8232152
8232153
8232154
8232155
8232156
8232157
8232158
8232159
8232160
8232161
8232162
8232163
8232164
8232165
8232166
8232167
8232168
8232169
8232170
8232171
8232172
8232173
8232174
8232175
8232176
8232177
8232178
8232179
8232180
8232181
8232182
8232183
8232184
8232185
8232186
8232187
8232188
8232189
8232190
8232191
8232192
8232193
8232194
8232195
8232196
8232197
8232198
8232199
8232200
8232201
8232202
8232203
8232204
8232205
8232206
8232207
8232208
8232209
8232210
8232211
8232212
8232213
8232214
8232215
8232216
8232217
8232218
8232219
8232220
8232221
8232222
8232223
8232224
8232225
8232226
8232227
8232228
8232229
8232230
8232231
8232232
8232233
8232234
8232235
8232236
8232237
8232238
8232239
8232240
8232241
8232242
8232243
8232244
8232245
8232246
8232247
8232248
8232249
8232250
8232251
8232252
8232253
8232254
8232255
8232256
8232257
8232258
8232259
8232260
8232261
8232262
8232263
8232264
8232265
8232266
8232267
8232268
8232269
8232270
8232271
8232272
8232273
8232274
8232275
8232276
8232277
8232278
8232279
8232280
8232281
8232282
8232283
8232284
8232285
8232286
8232287
8232288
8232289
8232290
8232291
8232292
8232293
8232294
8232295
8232296
8232297
8232298
8232299
8232300
8232301
8232302
8232303
8232304
8232305
8232306
8232307
8232308
8232309
8232310
8232311
8232312
8232313
8232314
8232315
8232316
8232317
8232318
8232319
8232320
8232321
8232322
8232323
8232324
8232325
8232326
8232327
8232328
8232329
8232330
8232331
8232332
8232333
8232334
8232335
8232336
8232337
8232338
8232339
8232340
8232341
8232342
8232343
8232344
8232345
8232346
8232347
8232348
8232349
8232350
8232351
8232352
8232353
8232354
8232355
8232356
8232357
8232358
8232359
8232360
8232361
8232362
8232363
8232364
8232365
8232366
8232367
8232368
8232369
8232370
8232371
8232372
8232373
8232374
8232375
8232376
8232377
8232378
8232379
8232380
8232381
8232382
8232383
8232384
8232385
8232386
8232387
8232388
8232389
8232390
8232391
8232392
8232393
8232394
8232395
8232396
8232397
8232398
8232399
8232400
8232401
8232402
8232403
8232404
8232405
8232406
8232407
8232408
8232409
8232410
8232411
8232412
8232413
8232414
8232415
8232416
8232417
8232418
8232419
8232420
8232421
8232422
8232423
8232424
8232425
8232426
8232427
8232428
8232429
8232430
8232431
8232432
8232433
8232434
8232435
8232436
8232437
8232438
8232439
8232440
8232441
8232442
8232443
8232444
8232445
8232446
8232447
8232448
8232449
8232450
8232451
8232452
8232453
8232454
8232455
8232456
8232457
8232458
8232459
8232460
8232461
8232462
8232463
8232464
8232465
8232466
8232467
8232468
8232469
8232470
8232471
8232472
8232473
8232474
8232475
8232476
8232477
8232478
8232479
8232480
8232481
8232482
8232483
8232484
8232485
8232486
8232487
8232488
8232489
8232490
8232491
8232492
8232493
8232494
8232495
8232496
8232497
8232498
8232499
8232500
8232501
8232502
8232503
8232504
8232505
8232506
8232507
8232508
8232509
8232510
8232511
8232512
8232513
8232514
8232515
8232516
8232517
8232518
8232519
8232520
8232521
8232522
8232523
8232524
8232525
8232526
8232527
8232528
8232529
8232530
8232531
8232532
8232533
8232534
8232535
8232536
8232537
8232538
8232539
8232540
8232541
8232542
8232543
8232544
8232545
8232546
8232547
8232548
8232549
8232550
8232551
8232552
8232553
8232554
8232555
8232556
8232557
8232558
8232559
8232560
8232561
8232562
8232563
8232564
8232565
8232566
8232567
8232568
8232569
8232570
8232571
8232572
8232573
8232574
8232575
8232576
8232577
8232578
8232579
8232580
8232581
8232582
8232583
8232584
8232585
8232586
8232587
8232588
8232589
8232590
8232591
8232592
8232593
8232594
8232595
8232596
8232597
8232598
8232599
8232600
8232601
8232602
8232603
8232604
8232605
8232606
8232607
8232608
8232609
8232610
8232611
8232612
8232613
8232614
8232615
8232616
8232617
8232618
8232619
8232620
8232621
8232622
8232623
8232624
8232625
8232626
8232627
8232628
8232629
8232630
8232631
8232632
8232633
8232634
8232635
8232636
8232637
8232638
8232639
8232640
8232641
8232642
8232643
8232644
8232645
8232646
8232647
8232648
8232649
8232650
8232651
8232652
8232653
8232654
8232655
8232656
8232657
8232658
8232659
8232660
8232661
8232662
8232663
8232664
8232665
8232666
8232667
8232668
8232669
8232670
8232671
8232672
8232673
8232674
8232675
8232676
8232677
8232678
8232679
8232680
8232681
8232682
8232683
8232684
8232685
8232686
8232687
8232688
8232689
8232690
8232691
8232692
8232693
8232694
8232695
8232696
8232697
8232698
8232699
8232700
8232701
8232702
8232703
8232704
8232705
8232706
8232707
8232708
8232709
8232710
8232711
8232712
8232713
8232714
8232715
8232716
8232717
8232718
8232719
8232720
8232721
8232722
8232723
8232724
8232725
8232726
8232727
8232728
8232729
8232730
8232731
8232732
8232733
8232734
8232735
8232736
8232737
8232738
8232739
8232740
8232741
8232742
8232743
8232744
8232745
8232746
8232747
8232748
8232749
8232750
8232751
8232752
8232753
8232754
8232755
8232756
8232757
8232758
8232759
8232760
8232761
8232762
8232763
8232764
8232765
8232766
8232767
8232768
8232769
8232770
8232771
8232772
8232773
8232774
8232775
8232776
8232777
8232778
8232779
8232780
8232781
8232782
8232783
8232784
8232785
8232786
8232787
8232788
8232789
8232790
8232791
8232792
8232793
8232794
8232795
8232796
8232797
8232798
8232799
8232800
8232801
8232802
8232803
8232804
8232805
8232806
8232807
8232808
8232809
8232810
8232811
8232812
8232813
8232814
8232815
8232816
8232817
8232818
8232819
8232820
8232821
8232822
8232823
8232824
8232825
8232826
8232827
8232828
8232829
8232830
8232831
8232832
8232833
8232834
8232835
8232836
8232837
8232838
8232839
8232840
8232841
8232842
8232843
8232844
8232845
8232846
8232847
8232848
8232849
8232850
8232851
8232852
8232853
8232854
8232855
8232856
8232857
8232858
8232859
8232860
8232861
8232862
8232863
8232864
8232865
8232866
8232867
8232868
8232869
8232870
8232871
8232872
8232873
8232874
8232875
8232876
8232877
8232878
8232879
8232880
8232881
8232882
8232883
8232884
8232885
8232886
8232887
8232888
8232889
8232890
8232891
8232892
8232893
8232894
8232895
8232896
8232897
8232898
8232899
8232900
8232901
8232902
8232903
8232904
8232905
8232906
8232907
8232908
8232909
8232910
8232911
8232912
8232913
8232914
8232915
8232916
8232917
8232918
8232919
8232920
8232921
8232922
8232923
8232924
8232925
8232926
8232927
8232928
8232929
8232930
8232931
8232932
8232933
8232934
8232935
8232936
8232937
8232938
8232939
8232940
8232941
8232942
8232943
8232944
8232945
8232946
8232947
8232948
8232949
8232950
8232951
8232952
8232953
8232954
8232955
8232956
8232957
8232958
8232959
8232960
8232961
8232962
8232963
8232964
8232965
8232966
8232967
8232968
8232969
8232970
8232971
8232972
8232973
8232974
8232975
8232976
8232977
8232978
8232979
8232980
8232981
8232982
8232983
8232984
8232985
8232986
8232987
8232988
8232989
8232990
8232991
8232992
8232993
8232994
8232995
8232996
8232997
8232998
8232999
8233000
8233001
8233002
8233003
8233004
8233005
8233006
8233007
8233008
8233009
8233010
8233011
8233012
8233013
8233014
8233015
8233016
8233017
8233018
8233019
8233020
8233021
8233022
8233023
8233024
8233025
8233026
8233027
8233028
8233029
8233030
8233031
8233032
8233033
8233034
8233035
8233036
8233037
8233038
8233039
8233040
8233041
8233042
8233043
8233044
8233045
8233046
8233047
8233048
8233049
8233050
8233051
8233052
8233053
8233054
8233055
8233056
8233057
8233058
8233059
8233060
8233061
8233062
8233063
8233064
8233065
8233066
8233067
8233068
8233069
8233070
8233071
8233072
8233073
8233074
8233075
8233076
8233077
8233078
8233079
8233080
8233081
8233082
8233083
8233084
8233085
8233086
8233087
8233088
8233089
8233090
8233091
8233092
8233093
8233094
8233095
8233096
8233097
8233098
8233099
8233100
8233101
8233102
8233103
8233104
8233105
8233106
8233107
8233108
8233109
8233110
8233111
8233112
8233113
8233114
8233115
8233116
8233117
8233118
8233119
8233120
8233121
8233122
8233123
8233124
8233125
8233126
8233127
8233128
8233129
8233130
8233131
8233132
8233133
8233134
8233135
8233136
8233137
8233138
8233139
8233140
8233141
8233142
8233143
8233144
8233145
8233146
8233147
8233148
8233149
8233150
8233151
8233152
8233153
8233154
8233155
8233156
8233157
8233158
8233159
8233160
8233161
8233162
8233163
8233164
8233165
8233166
8233167
8233168
8233169
8233170
8233171
8233172
8233173
8233174
8233175
8233176
8233177
8233178
8233179
8233180
8233181
8233182
8233183
8233184
8233185
8233186
8233187
8233188
8233189
8233190
8233191
8233192
8233193
8233194
8233195
8233196
8233197
8233198
8233199
8233200
8233201
8233202
8233203
8233204
8233205
8233206
8233207
8233208
8233209
8233210
8233211
8233212
8233213
8233214
8233215
8233216
8233217
8233218
8233219
8233220
8233221
8233222
8233223
8233224
8233225
8233226
8233227
8233228
8233229
8233230
8233231
8233232
8233233
8233234
8233235
8233236
8233237
8233238
8233239
8233240
8233241
8233242
8233243
8233244
8233245
8233246
8233247
8233248
8233249
8233250
8233251
8233252
8233253
8233254
8233255
8233256
8233257
8233258
8233259
8233260
8233261
8233262
8233263
8233264
8233265
8233266
8233267
8233268
8233269
8233270
8233271
8233272
8233273
8233274
8233275
8233276
8233277
8233278
8233279
8233280
8233281
8233282
8233283
8233284
8233285
8233286
8233287
8233288
8233289
8233290
8233291
8233292
8233293
8233294
8233295
8233296
8233297
8233298
8233299
8233300
8233301
8233302
8233303
8233304
8233305
8233306
8233307
8233308
8233309
8233310
8233311
8233312
8233313
8233314
8233315
8233316
8233317
8233318
8233319
8233320
8233321
8233322
8233323
8233324
8233325
8233326
8233327
8233328
8233329
8233330
8233331
8233332
8233333
8233334
8233335
8233336
8233337
8233338
8233339
8233340
8233341
8233342
8233343
8233344
8233345
8233346
8233347
8233348
8233349
8233350
8233351
8233352
8233353
8233354
8233355
8233356
8233357
8233358
8233359
8233360
8233361
8233362
8233363
8233364
8233365
8233366
8233367
8233368
8233369
8233370
8233371
8233372
8233373
8233374
8233375
8233376
8233377
8233378
8233379
8233380
8233381
8233382
8233383
8233384
8233385
8233386
8233387
8233388
8233389
8233390
8233391
8233392
8233393
8233394
8233395
8233396
8233397
8233398
8233399
8233400
8233401
8233402
8233403
8233404
8233405
8233406
8233407
8233408
8233409
8233410
8233411
8233412
8233413
8233414
8233415
8233416
8233417
8233418
8233419
8233420
8233421
8233422
8233423
8233424
8233425
8233426
8233427
8233428
8233429
8233430
8233431
8233432
8233433
8233434
8233435
8233436
8233437
8233438
8233439
8233440
8233441
8233442
8233443
8233444
8233445
8233446
8233447
8233448
8233449
8233450
8233451
8233452
8233453
8233454
8233455
8233456
8233457
8233458
8233459
8233460
8233461
8233462
8233463
8233464
8233465
8233466
8233467
8233468
8233469
8233470
8233471
8233472
8233473
8233474
8233475
8233476
8233477
8233478
8233479
8233480
8233481
8233482
8233483
8233484
8233485
8233486
8233487
8233488
8233489
8233490
8233491
8233492
8233493
8233494
8233495
8233496
8233497
8233498
8233499
8233500
8233501
8233502
8233503
8233504
8233505
8233506
8233507
8233508
8233509
8233510
8233511
8233512
8233513
8233514
8233515
8233516
8233517
8233518
8233519
8233520
8233521
8233522
8233523
8233524
8233525
8233526
8233527
8233528
8233529
8233530
8233531
8233532
8233533
8233534
8233535
8233536
8233537
8233538
8233539
8233540
8233541
8233542
8233543
8233544
8233545
8233546
8233547
8233548
8233549
8233550
8233551
8233552
8233553
8233554
8233555
8233556
8233557
8233558
8233559
8233560
8233561
8233562
8233563
8233564
8233565
8233566
8233567
8233568
8233569
8233570
8233571
8233572
8233573
8233574
8233575
8233576
8233577
8233578
8233579
8233580
8233581
8233582
8233583
8233584
8233585
8233586
8233587
8233588
8233589
8233590
8233591
8233592
8233593
8233594
8233595
8233596
8233597
8233598
8233599
8233600
8233601
8233602
8233603
8233604
8233605
8233606
8233607
8233608
8233609
8233610
8233611
8233612
8233613
8233614
8233615
8233616
8233617
8233618
8233619
8233620
8233621
8233622
8233623
8233624
8233625
8233626
8233627
8233628
8233629
8233630
8233631
8233632
8233633
8233634
8233635
8233636
8233637
8233638
8233639
8233640
8233641
8233642
8233643
8233644
8233645
8233646
8233647
8233648
8233649
8233650
8233651
8233652
8233653
8233654
8233655
8233656
8233657
8233658
8233659
8233660
8233661
8233662
8233663
8233664
8233665
8233666
8233667
8233668
8233669
8233670
8233671
8233672
8233673
8233674
8233675
8233676
8233677
8233678
8233679
8233680
8233681
8233682
8233683
8233684
8233685
8233686
8233687
8233688
8233689
8233690
8233691
8233692
8233693
8233694
8233695
8233696
8233697
8233698
8233699
8233700
8233701
8233702
8233703
8233704
8233705
8233706
8233707
8233708
8233709
8233710
8233711
8233712
8233713
8233714
8233715
8233716
8233717
8233718
8233719
8233720
8233721
8233722
8233723
8233724
8233725
8233726
8233727
8233728
8233729
8233730
8233731
8233732
8233733
8233734
8233735
8233736
8233737
8233738
8233739
8233740
8233741
8233742
8233743
8233744
8233745
8233746
8233747
8233748
8233749
8233750
8233751
8233752
8233753
8233754
8233755
8233756
8233757
8233758
8233759
8233760
8233761
8233762
8233763
8233764
8233765
8233766
8233767
8233768
8233769
8233770
8233771
8233772
8233773
8233774
8233775
8233776
8233777
8233778
8233779
8233780
8233781
8233782
8233783
8233784
8233785
8233786
8233787
8233788
8233789
8233790
8233791
8233792
8233793
8233794
8233795
8233796
8233797
8233798
8233799
8233800
8233801
8233802
8233803
8233804
8233805
8233806
8233807
8233808
8233809
8233810
8233811
8233812
8233813
8233814
8233815
8233816
8233817
8233818
8233819
8233820
8233821
8233822
8233823
8233824
8233825
8233826
8233827
8233828
8233829
8233830
8233831
8233832
8233833
8233834
8233835
8233836
8233837
8233838
8233839
8233840
8233841
8233842
8233843
8233844
8233845
8233846
8233847
8233848
8233849
8233850
8233851
8233852
8233853
8233854
8233855
8233856
8233857
8233858
8233859
8233860
8233861
8233862
8233863
8233864
8233865
8233866
8233867
8233868
8233869
8233870
8233871
8233872
8233873
8233874
8233875
8233876
8233877
8233878
8233879
8233880
8233881
8233882
8233883
8233884
8233885
8233886
8233887
8233888
8233889
8233890
8233891
8233892
8233893
8233894
8233895
8233896
8233897
8233898
8233899
8233900
8233901
8233902
8233903
8233904
8233905
8233906
8233907
8233908
8233909
8233910
8233911
8233912
8233913
8233914
8233915
8233916
8233917
8233918
8233919
8233920
8233921
8233922
8233923
8233924
8233925
8233926
8233927
8233928
8233929
8233930
8233931
8233932
8233933
8233934
8233935
8233936
8233937
8233938
8233939
8233940
8233941
8233942
8233943
8233944
8233945
8233946
8233947
8233948
8233949
8233950
8233951
8233952
8233953
8233954
8233955
8233956
8233957
8233958
8233959
8233960
8233961
8233962
8233963
8233964
8233965
8233966
8233967
8233968
8233969
8233970
8233971
8233972
8233973
8233974
8233975
8233976
8233977
8233978
8233979
8233980
8233981
8233982
8233983
8233984
8233985
8233986
8233987
8233988
8233989
8233990
8233991
8233992
8233993
8233994
8233995
8233996
8233997
8233998
8233999
8234000
8234001
8234002
8234003
8234004
8234005
8234006
8234007
8234008
8234009
8234010
8234011
8234012
8234013
8234014
8234015
8234016
8234017
8234018
8234019
8234020
8234021
8234022
8234023
8234024
8234025
8234026
8234027
8234028
8234029
8234030
8234031
8234032
8234033
8234034
8234035
8234036
8234037
8234038
8234039
8234040
8234041
8234042
8234043
8234044
8234045
8234046
8234047
8234048
8234049
8234050
8234051
8234052
8234053
8234054
8234055
8234056
8234057
8234058
8234059
8234060
8234061
8234062
8234063
8234064
8234065
8234066
8234067
8234068
8234069
8234070
8234071
8234072
8234073
8234074
8234075
8234076
8234077
8234078
8234079
8234080
8234081
8234082
8234083
8234084
8234085
8234086
8234087
8234088
8234089
8234090
8234091
8234092
8234093
8234094
8234095
8234096
8234097
8234098
8234099
8234100
8234101
8234102
8234103
8234104
8234105
8234106
8234107
8234108
8234109
8234110
8234111
8234112
8234113
8234114
8234115
8234116
8234117
8234118
8234119
8234120
8234121
8234122
8234123
8234124
8234125
8234126
8234127
8234128
8234129
8234130
8234131
8234132
8234133
8234134
8234135
8234136
8234137
8234138
8234139
8234140
8234141
8234142
8234143
8234144
8234145
8234146
8234147
8234148
8234149
8234150
8234151
8234152
8234153
8234154
8234155
8234156
8234157
8234158
8234159
8234160
8234161
8234162
8234163
8234164
8234165
8234166
8234167
8234168
8234169
8234170
8234171
8234172
8234173
8234174
8234175
8234176
8234177
8234178
8234179
8234180
8234181
8234182
8234183
8234184
8234185
8234186
8234187
8234188
8234189
8234190
8234191
8234192
8234193
8234194
8234195
8234196
8234197
8234198
8234199
8234200
8234201
8234202
8234203
8234204
8234205
8234206
8234207
8234208
8234209
8234210
8234211
8234212
8234213
8234214
8234215
8234216
8234217
8234218
8234219
8234220
8234221
8234222
8234223
8234224
8234225
8234226
8234227
8234228
8234229
8234230
8234231
8234232
8234233
8234234
8234235
8234236
8234237
8234238
8234239
8234240
8234241
8234242
8234243
8234244
8234245
8234246
8234247
8234248
8234249
8234250
8234251
8234252
8234253
8234254
8234255
8234256
8234257
8234258
8234259
8234260
8234261
8234262
8234263
8234264
8234265
8234266
8234267
8234268
8234269
8234270
8234271
8234272
8234273
8234274
8234275
8234276
8234277
8234278
8234279
8234280
8234281
8234282
8234283
8234284
8234285
8234286
8234287
8234288
8234289
8234290
8234291
8234292
8234293
8234294
8234295
8234296
8234297
8234298
8234299
8234300
8234301
8234302
8234303
8234304
8234305
8234306
8234307
8234308
8234309
8234310
8234311
8234312
8234313
8234314
8234315
8234316
8234317
8234318
8234319
8234320
8234321
8234322
8234323
8234324
8234325
8234326
8234327
8234328
8234329
8234330
8234331
8234332
8234333
8234334
8234335
8234336
8234337
8234338
8234339
8234340
8234341
8234342
8234343
8234344
8234345
8234346
8234347
8234348
8234349
8234350
8234351
8234352
8234353
8234354
8234355
8234356
8234357
8234358
8234359
8234360
8234361
8234362
8234363
8234364
8234365
8234366
8234367
8234368
8234369
8234370
8234371
8234372
8234373
8234374
8234375
8234376
8234377
8234378
8234379
8234380
8234381
8234382
8234383
8234384
8234385
8234386
8234387
8234388
8234389
8234390
8234391
8234392
8234393
8234394
8234395
8234396
8234397
8234398
8234399
8234400
8234401
8234402
8234403
8234404
8234405
8234406
8234407
8234408
8234409
8234410
8234411
8234412
8234413
8234414
8234415
8234416
8234417
8234418
8234419
8234420
8234421
8234422
8234423
8234424
8234425
8234426
8234427
8234428
8234429
8234430
8234431
8234432
8234433
8234434
8234435
8234436
8234437
8234438
8234439
8234440
8234441
8234442
8234443
8234444
8234445
8234446
8234447
8234448
8234449
8234450
8234451
8234452
8234453
8234454
8234455
8234456
8234457
8234458
8234459
8234460
8234461
8234462
8234463
8234464
8234465
8234466
8234467
8234468
8234469
8234470
8234471
8234472
8234473
8234474
8234475
8234476
8234477
8234478
8234479
8234480
8234481
8234482
8234483
8234484
8234485
8234486
8234487
8234488
8234489
8234490
8234491
8234492
8234493
8234494
8234495
8234496
8234497
8234498
8234499
8234500
8234501
8234502
8234503
8234504
8234505
8234506
8234507
8234508
8234509
8234510
8234511
8234512
8234513
8234514
8234515
8234516
8234517
8234518
8234519
8234520
8234521
8234522
8234523
8234524
8234525
8234526
8234527
8234528
8234529
8234530
8234531
8234532
8234533
8234534
8234535
8234536
8234537
8234538
8234539
8234540
8234541
8234542
8234543
8234544
8234545
8234546
8234547
8234548
8234549
8234550
8234551
8234552
8234553
8234554
8234555
8234556
8234557
8234558
8234559
8234560
8234561
8234562
8234563
8234564
8234565
8234566
8234567
8234568
8234569
8234570
8234571
8234572
8234573
8234574
8234575
8234576
8234577
8234578
8234579
8234580
8234581
8234582
8234583
8234584
8234585
8234586
8234587
8234588
8234589
8234590
8234591
8234592
8234593
8234594
8234595
8234596
8234597
8234598
8234599
8234600
8234601
8234602
8234603
8234604
8234605
8234606
8234607
8234608
8234609
8234610
8234611
8234612
8234613
8234614
8234615
8234616
8234617
8234618
8234619
8234620
8234621
8234622
8234623
8234624
8234625
8234626
8234627
8234628
8234629
8234630
8234631
8234632
8234633
8234634
8234635
8234636
8234637
8234638
8234639
8234640
8234641
8234642
8234643
8234644
8234645
8234646
8234647
8234648
8234649
8234650
8234651
8234652
8234653
8234654
8234655
8234656
8234657
8234658
8234659
8234660
8234661
8234662
8234663
8234664
8234665
8234666
8234667
8234668
8234669
8234670
8234671
8234672
8234673
8234674
8234675
8234676
8234677
8234678
8234679
8234680
8234681
8234682
8234683
8234684
8234685
8234686
8234687
8234688
8234689
8234690
8234691
8234692
8234693
8234694
8234695
8234696
8234697
8234698
8234699
8234700
8234701
8234702
8234703
8234704
8234705
8234706
8234707
8234708
8234709
8234710
8234711
8234712
8234713
8234714
8234715
8234716
8234717
8234718
8234719
8234720
8234721
8234722
8234723
8234724
8234725
8234726
8234727
8234728
8234729
8234730
8234731
8234732
8234733
8234734
8234735
8234736
8234737
8234738
8234739
8234740
8234741
8234742
8234743
8234744
8234745
8234746
8234747
8234748
8234749
8234750
8234751
8234752
8234753
8234754
8234755
8234756
8234757
8234758
8234759
8234760
8234761
8234762
8234763
8234764
8234765
8234766
8234767
8234768
8234769
8234770
8234771
8234772
8234773
8234774
8234775
8234776
8234777
8234778
8234779
8234780
8234781
8234782
8234783
8234784
8234785
8234786
8234787
8234788
8234789
8234790
8234791
8234792
8234793
8234794
8234795
8234796
8234797
8234798
8234799
8234800
8234801
8234802
8234803
8234804
8234805
8234806
8234807
8234808
8234809
8234810
8234811
8234812
8234813
8234814
8234815
8234816
8234817
8234818
8234819
8234820
8234821
8234822
8234823
8234824
8234825
8234826
8234827
8234828
8234829
8234830
8234831
8234832
8234833
8234834
8234835
8234836
8234837
8234838
8234839
8234840
8234841
8234842
8234843
8234844
8234845
8234846
8234847
8234848
8234849
8234850
8234851
8234852
8234853
8234854
8234855
8234856
8234857
8234858
8234859
8234860
8234861
8234862
8234863
8234864
8234865
8234866
8234867
8234868
8234869
8234870
8234871
8234872
8234873
8234874
8234875
8234876
8234877
8234878
8234879
8234880
8234881
8234882
8234883
8234884
8234885
8234886
8234887
8234888
8234889
8234890
8234891
8234892
8234893
8234894
8234895
8234896
8234897
8234898
8234899
8234900
8234901
8234902
8234903
8234904
8234905
8234906
8234907
8234908
8234909
8234910
8234911
8234912
8234913
8234914
8234915
8234916
8234917
8234918
8234919
8234920
8234921
8234922
8234923
8234924
8234925
8234926
8234927
8234928
8234929
8234930
8234931
8234932
8234933
8234934
8234935
8234936
8234937
8234938
8234939
8234940
8234941
8234942
8234943
8234944
8234945
8234946
8234947
8234948
8234949
8234950
8234951
8234952
8234953
8234954
8234955
8234956
8234957
8234958
8234959
8234960
8234961
8234962
8234963
8234964
8234965
8234966
8234967
8234968
8234969
8234970
8234971
8234972
8234973
8234974
8234975
8234976
8234977
8234978
8234979
8234980
8234981
8234982
8234983
8234984
8234985
8234986
8234987
8234988
8234989
8234990
8234991
8234992
8234993
8234994
8234995
8234996
8234997
8234998
8234999
8235000
8235001
8235002
8235003
8235004
8235005
8235006
8235007
8235008
8235009
8235010
8235011
8235012
8235013
8235014
8235015
8235016
8235017
8235018
8235019
8235020
8235021
8235022
8235023
8235024
8235025
8235026
8235027
8235028
8235029
8235030
8235031
8235032
8235033
8235034
8235035
8235036
8235037
8235038
8235039
8235040
8235041
8235042
8235043
8235044
8235045
8235046
8235047
8235048
8235049
8235050
8235051
8235052
8235053
8235054
8235055
8235056
8235057
8235058
8235059
8235060
8235061
8235062
8235063
8235064
8235065
8235066
8235067
8235068
8235069
8235070
8235071
8235072
8235073
8235074
8235075
8235076
8235077
8235078
8235079
8235080
8235081
8235082
8235083
8235084
8235085
8235086
8235087
8235088
8235089
8235090
8235091
8235092
8235093
8235094
8235095
8235096
8235097
8235098
8235099
8235100
8235101
8235102
8235103
8235104
8235105
8235106
8235107
8235108
8235109
8235110
8235111
8235112
8235113
8235114
8235115
8235116
8235117
8235118
8235119
8235120
8235121
8235122
8235123
8235124
8235125
8235126
8235127
8235128
8235129
8235130
8235131
8235132
8235133
8235134
8235135
8235136
8235137
8235138
8235139
8235140
8235141
8235142
8235143
8235144
8235145
8235146
8235147
8235148
8235149
8235150
8235151
8235152
8235153
8235154
8235155
8235156
8235157
8235158
8235159
8235160
8235161
8235162
8235163
8235164
8235165
8235166
8235167
8235168
8235169
8235170
8235171
8235172
8235173
8235174
8235175
8235176
8235177
8235178
8235179
8235180
8235181
8235182
8235183
8235184
8235185
8235186
8235187
8235188
8235189
8235190
8235191
8235192
8235193
8235194
8235195
8235196
8235197
8235198
8235199
8235200
8235201
8235202
8235203
8235204
8235205
8235206
8235207
8235208
8235209
8235210
8235211
8235212
8235213
8235214
8235215
8235216
8235217
8235218
8235219
8235220
8235221
8235222
8235223
8235224
8235225
8235226
8235227
8235228
8235229
8235230
8235231
8235232
8235233
8235234
8235235
8235236
8235237
8235238
8235239
8235240
8235241
8235242
8235243
8235244
8235245
8235246
8235247
8235248
8235249
8235250
8235251
8235252
8235253
8235254
8235255
8235256
8235257
8235258
8235259
8235260
8235261
8235262
8235263
8235264
8235265
8235266
8235267
8235268
8235269
8235270
8235271
8235272
8235273
8235274
8235275
8235276
8235277
8235278
8235279
8235280
8235281
8235282
8235283
8235284
8235285
8235286
8235287
8235288
8235289
8235290
8235291
8235292
8235293
8235294
8235295
8235296
8235297
8235298
8235299
8235300
8235301
8235302
8235303
8235304
8235305
8235306
8235307
8235308
8235309
8235310
8235311
8235312
8235313
8235314
8235315
8235316
8235317
8235318
8235319
8235320
8235321
8235322
8235323
8235324
8235325
8235326
8235327
8235328
8235329
8235330
8235331
8235332
8235333
8235334
8235335
8235336
8235337
8235338
8235339
8235340
8235341
8235342
8235343
8235344
8235345
8235346
8235347
8235348
8235349
8235350
8235351
8235352
8235353
8235354
8235355
8235356
8235357
8235358
8235359
8235360
8235361
8235362
8235363
8235364
8235365
8235366
8235367
8235368
8235369
8235370
8235371
8235372
8235373
8235374
8235375
8235376
8235377
8235378
8235379
8235380
8235381
8235382
8235383
8235384
8235385
8235386
8235387
8235388
8235389
8235390
8235391
8235392
8235393
8235394
8235395
8235396
8235397
8235398
8235399
8235400
8235401
8235402
8235403
8235404
8235405
8235406
8235407
8235408
8235409
8235410
8235411
8235412
8235413
8235414
8235415
8235416
8235417
8235418
8235419
8235420
8235421
8235422
8235423
8235424
8235425
8235426
8235427
8235428
8235429
8235430
8235431
8235432
8235433
8235434
8235435
8235436
8235437
8235438
8235439
8235440
8235441
8235442
8235443
8235444
8235445
8235446
8235447
8235448
8235449
8235450
8235451
8235452
8235453
8235454
8235455
8235456
8235457
8235458
8235459
8235460
8235461
8235462
8235463
8235464
8235465
8235466
8235467
8235468
8235469
8235470
8235471
8235472
8235473
8235474
8235475
8235476
8235477
8235478
8235479
8235480
8235481
8235482
8235483
8235484
8235485
8235486
8235487
8235488
8235489
8235490
8235491
8235492
8235493
8235494
8235495
8235496
8235497
8235498
8235499
8235500
8235501
8235502
8235503
8235504
8235505
8235506
8235507
8235508
8235509
8235510
8235511
8235512
8235513
8235514
8235515
8235516
8235517
8235518
8235519
8235520
8235521
8235522
8235523
8235524
8235525
8235526
8235527
8235528
8235529
8235530
8235531
8235532
8235533
8235534
8235535
8235536
8235537
8235538
8235539
8235540
8235541
8235542
8235543
8235544
8235545
8235546
8235547
8235548
8235549
8235550
8235551
8235552
8235553
8235554
8235555
8235556
8235557
8235558
8235559
8235560
8235561
8235562
8235563
8235564
8235565
8235566
8235567
8235568
8235569
8235570
8235571
8235572
8235573
8235574
8235575
8235576
8235577
8235578
8235579
8235580
8235581
8235582
8235583
8235584
8235585
8235586
8235587
8235588
8235589
8235590
8235591
8235592
8235593
8235594
8235595
8235596
8235597
8235598
8235599
8235600
8235601
8235602
8235603
8235604
8235605
8235606
8235607
8235608
8235609
8235610
8235611
8235612
8235613
8235614
8235615
8235616
8235617
8235618
8235619
8235620
8235621
8235622
8235623
8235624
8235625
8235626
8235627
8235628
8235629
8235630
8235631
8235632
8235633
8235634
8235635
8235636
8235637
8235638
8235639
8235640
8235641
8235642
8235643
8235644
8235645
8235646
8235647
8235648
8235649
8235650
8235651
8235652
8235653
8235654
8235655
8235656
8235657
8235658
8235659
8235660
8235661
8235662
8235663
8235664
8235665
8235666
8235667
8235668
8235669
8235670
8235671
8235672
8235673
8235674
8235675
8235676
8235677
8235678
8235679
8235680
8235681
8235682
8235683
8235684
8235685
8235686
8235687
8235688
8235689
8235690
8235691
8235692
8235693
8235694
8235695
8235696
8235697
8235698
8235699
8235700
8235701
8235702
8235703
8235704
8235705
8235706
8235707
8235708
8235709
8235710
8235711
8235712
8235713
8235714
8235715
8235716
8235717
8235718
8235719
8235720
8235721
8235722
8235723
8235724
8235725
8235726
8235727
8235728
8235729
8235730
8235731
8235732
8235733
8235734
8235735
8235736
8235737
8235738
8235739
8235740
8235741
8235742
8235743
8235744
8235745
8235746
8235747
8235748
8235749
8235750
8235751
8235752
8235753
8235754
8235755
8235756
8235757
8235758
8235759
8235760
8235761
8235762
8235763
8235764
8235765
8235766
8235767
8235768
8235769
8235770
8235771
8235772
8235773
8235774
8235775
8235776
8235777
8235778
8235779
8235780
8235781
8235782
8235783
8235784
8235785
8235786
8235787
8235788
8235789
8235790
8235791
8235792
8235793
8235794
8235795
8235796
8235797
8235798
8235799
8235800
8235801
8235802
8235803
8235804
8235805
8235806
8235807
8235808
8235809
8235810
8235811
8235812
8235813
8235814
8235815
8235816
8235817
8235818
8235819
8235820
8235821
8235822
8235823
8235824
8235825
8235826
8235827
8235828
8235829
8235830
8235831
8235832
8235833
8235834
8235835
8235836
8235837
8235838
8235839
8235840
8235841
8235842
8235843
8235844
8235845
8235846
8235847
8235848
8235849
8235850
8235851
8235852
8235853
8235854
8235855
8235856
8235857
8235858
8235859
8235860
8235861
8235862
8235863
8235864
8235865
8235866
8235867
8235868
8235869
8235870
8235871
8235872
8235873
8235874
8235875
8235876
8235877
8235878
8235879
8235880
8235881
8235882
8235883
8235884
8235885
8235886
8235887
8235888
8235889
8235890
8235891
8235892
8235893
8235894
8235895
8235896
8235897
8235898
8235899
8235900
8235901
8235902
8235903
8235904
8235905
8235906
8235907
8235908
8235909
8235910
8235911
8235912
8235913
8235914
8235915
8235916
8235917
8235918
8235919
8235920
8235921
8235922
8235923
8235924
8235925
8235926
8235927
8235928
8235929
8235930
8235931
8235932
8235933
8235934
8235935
8235936
8235937
8235938
8235939
8235940
8235941
8235942
8235943
8235944
8235945
8235946
8235947
8235948
8235949
8235950
8235951
8235952
8235953
8235954
8235955
8235956
8235957
8235958
8235959
8235960
8235961
8235962
8235963
8235964
8235965
8235966
8235967
8235968
8235969
8235970
8235971
8235972
8235973
8235974
8235975
8235976
8235977
8235978
8235979
8235980
8235981
8235982
8235983
8235984
8235985
8235986
8235987
8235988
8235989
8235990
8235991
8235992
8235993
8235994
8235995
8235996
8235997
8235998
8235999
8236000
8236001
8236002
8236003
8236004
8236005
8236006
8236007
8236008
8236009
8236010
8236011
8236012
8236013
8236014
8236015
8236016
8236017
8236018
8236019
8236020
8236021
8236022
8236023
8236024
8236025
8236026
8236027
8236028
8236029
8236030
8236031
8236032
8236033
8236034
8236035
8236036
8236037
8236038
8236039
8236040
8236041
8236042
8236043
8236044
8236045
8236046
8236047
8236048
8236049
8236050
8236051
8236052
8236053
8236054
8236055
8236056
8236057
8236058
8236059
8236060
8236061
8236062
8236063
8236064
8236065
8236066
8236067
8236068
8236069
8236070
8236071
8236072
8236073
8236074
8236075
8236076
8236077
8236078
8236079
8236080
8236081
8236082
8236083
8236084
8236085
8236086
8236087
8236088
8236089
8236090
8236091
8236092
8236093
8236094
8236095
8236096
8236097
8236098
8236099
8236100
8236101
8236102
8236103
8236104
8236105
8236106
8236107
8236108
8236109
8236110
8236111
8236112
8236113
8236114
8236115
8236116
8236117
8236118
8236119
8236120
8236121
8236122
8236123
8236124
8236125
8236126
8236127
8236128
8236129
8236130
8236131
8236132
8236133
8236134
8236135
8236136
8236137
8236138
8236139
8236140
8236141
8236142
8236143
8236144
8236145
8236146
8236147
8236148
8236149
8236150
8236151
8236152
8236153
8236154
8236155
8236156
8236157
8236158
8236159
8236160
8236161
8236162
8236163
8236164
8236165
8236166
8236167
8236168
8236169
8236170
8236171
8236172
8236173
8236174
8236175
8236176
8236177
8236178
8236179
8236180
8236181
8236182
8236183
8236184
8236185
8236186
8236187
8236188
8236189
8236190
8236191
8236192
8236193
8236194
8236195
8236196
8236197
8236198
8236199
8236200
8236201
8236202
8236203
8236204
8236205
8236206
8236207
8236208
8236209
8236210
8236211
8236212
8236213
8236214
8236215
8236216
8236217
8236218
8236219
8236220
8236221
8236222
8236223
8236224
8236225
8236226
8236227
8236228
8236229
8236230
8236231
8236232
8236233
8236234
8236235
8236236
8236237
8236238
8236239
8236240
8236241
8236242
8236243
8236244
8236245
8236246
8236247
8236248
8236249
8236250
8236251
8236252
8236253
8236254
8236255
8236256
8236257
8236258
8236259
8236260
8236261
8236262
8236263
8236264
8236265
8236266
8236267
8236268
8236269
8236270
8236271
8236272
8236273
8236274
8236275
8236276
8236277
8236278
8236279
8236280
8236281
8236282
8236283
8236284
8236285
8236286
8236287
8236288
8236289
8236290
8236291
8236292
8236293
8236294
8236295
8236296
8236297
8236298
8236299
8236300
8236301
8236302
8236303
8236304
8236305
8236306
8236307
8236308
8236309
8236310
8236311
8236312
8236313
8236314
8236315
8236316
8236317
8236318
8236319
8236320
8236321
8236322
8236323
8236324
8236325
8236326
8236327
8236328
8236329
8236330
8236331
8236332
8236333
8236334
8236335
8236336
8236337
8236338
8236339
8236340
8236341
8236342
8236343
8236344
8236345
8236346
8236347
8236348
8236349
8236350
8236351
8236352
8236353
8236354
8236355
8236356
8236357
8236358
8236359
8236360
8236361
8236362
8236363
8236364
8236365
8236366
8236367
8236368
8236369
8236370
8236371
8236372
8236373
8236374
8236375
8236376
8236377
8236378
8236379
8236380
8236381
8236382
8236383
8236384
8236385
8236386
8236387
8236388
8236389
8236390
8236391
8236392
8236393
8236394
8236395
8236396
8236397
8236398
8236399
8236400
8236401
8236402
8236403
8236404
8236405
8236406
8236407
8236408
8236409
8236410
8236411
8236412
8236413
8236414
8236415
8236416
8236417
8236418
8236419
8236420
8236421
8236422
8236423
8236424
8236425
8236426
8236427
8236428
8236429
8236430
8236431
8236432
8236433
8236434
8236435
8236436
8236437
8236438
8236439
8236440
8236441
8236442
8236443
8236444
8236445
8236446
8236447
8236448
8236449
8236450
8236451
8236452
8236453
8236454
8236455
8236456
8236457
8236458
8236459
8236460
8236461
8236462
8236463
8236464
8236465
8236466
8236467
8236468
8236469
8236470
8236471
8236472
8236473
8236474
8236475
8236476
8236477
8236478
8236479
8236480
8236481
8236482
8236483
8236484
8236485
8236486
8236487
8236488
8236489
8236490
8236491
8236492
8236493
8236494
8236495
8236496
8236497
8236498
8236499
8236500
8236501
8236502
8236503
8236504
8236505
8236506
8236507
8236508
8236509
8236510
8236511
8236512
8236513
8236514
8236515
8236516
8236517
8236518
8236519
8236520
8236521
8236522
8236523
8236524
8236525
8236526
8236527
8236528
8236529
8236530
8236531
8236532
8236533
8236534
8236535
8236536
8236537
8236538
8236539
8236540
8236541
8236542
8236543
8236544
8236545
8236546
8236547
8236548
8236549
8236550
8236551
8236552
8236553
8236554
8236555
8236556
8236557
8236558
8236559
8236560
8236561
8236562
8236563
8236564
8236565
8236566
8236567
8236568
8236569
8236570
8236571
8236572
8236573
8236574
8236575
8236576
8236577
8236578
8236579
8236580
8236581
8236582
8236583
8236584
8236585
8236586
8236587
8236588
8236589
8236590
8236591
8236592
8236593
8236594
8236595
8236596
8236597
8236598
8236599
8236600
8236601
8236602
8236603
8236604
8236605
8236606
8236607
8236608
8236609
8236610
8236611
8236612
8236613
8236614
8236615
8236616
8236617
8236618
8236619
8236620
8236621
8236622
8236623
8236624
8236625
8236626
8236627
8236628
8236629
8236630
8236631
8236632
8236633
8236634
8236635
8236636
8236637
8236638
8236639
8236640
8236641
8236642
8236643
8236644
8236645
8236646
8236647
8236648
8236649
8236650
8236651
8236652
8236653
8236654
8236655
8236656
8236657
8236658
8236659
8236660
8236661
8236662
8236663
8236664
8236665
8236666
8236667
8236668
8236669
8236670
8236671
8236672
8236673
8236674
8236675
8236676
8236677
8236678
8236679
8236680
8236681
8236682
8236683
8236684
8236685
8236686
8236687
8236688
8236689
8236690
8236691
8236692
8236693
8236694
8236695
8236696
8236697
8236698
8236699
8236700
8236701
8236702
8236703
8236704
8236705
8236706
8236707
8236708
8236709
8236710
8236711
8236712
8236713
8236714
8236715
8236716
8236717
8236718
8236719
8236720
8236721
8236722
8236723
8236724
8236725
8236726
8236727
8236728
8236729
8236730
8236731
8236732
8236733
8236734
8236735
8236736
8236737
8236738
8236739
8236740
8236741
8236742
8236743
8236744
8236745
8236746
8236747
8236748
8236749
8236750
8236751
8236752
8236753
8236754
8236755
8236756
8236757
8236758
8236759
8236760
8236761
8236762
8236763
8236764
8236765
8236766
8236767
8236768
8236769
8236770
8236771
8236772
8236773
8236774
8236775
8236776
8236777
8236778
8236779
8236780
8236781
8236782
8236783
8236784
8236785
8236786
8236787
8236788
8236789
8236790
8236791
8236792
8236793
8236794
8236795
8236796
8236797
8236798
8236799
8236800
8236801
8236802
8236803
8236804
8236805
8236806
8236807
8236808
8236809
8236810
8236811
8236812
8236813
8236814
8236815
8236816
8236817
8236818
8236819
8236820
8236821
8236822
8236823
8236824
8236825
8236826
8236827
8236828
8236829
8236830
8236831
8236832
8236833
8236834
8236835
8236836
8236837
8236838
8236839
8236840
8236841
8236842
8236843
8236844
8236845
8236846
8236847
8236848
8236849
8236850
8236851
8236852
8236853
8236854
8236855
8236856
8236857
8236858
8236859
8236860
8236861
8236862
8236863
8236864
8236865
8236866
8236867
8236868
8236869
8236870
8236871
8236872
8236873
8236874
8236875
8236876
8236877
8236878
8236879
8236880
8236881
8236882
8236883
8236884
8236885
8236886
8236887
8236888
8236889
8236890
8236891
8236892
8236893
8236894
8236895
8236896
8236897
8236898
8236899
8236900
8236901
8236902
8236903
8236904
8236905
8236906
8236907
8236908
8236909
8236910
8236911
8236912
8236913
8236914
8236915
8236916
8236917
8236918
8236919
8236920
8236921
8236922
8236923
8236924
8236925
8236926
8236927
8236928
8236929
8236930
8236931
8236932
8236933
8236934
8236935
8236936
8236937
8236938
8236939
8236940
8236941
8236942
8236943
8236944
8236945
8236946
8236947
8236948
8236949
8236950
8236951
8236952
8236953
8236954
8236955
8236956
8236957
8236958
8236959
8236960
8236961
8236962
8236963
8236964
8236965
8236966
8236967
8236968
8236969
8236970
8236971
8236972
8236973
8236974
8236975
8236976
8236977
8236978
8236979
8236980
8236981
8236982
8236983
8236984
8236985
8236986
8236987
8236988
8236989
8236990
8236991
8236992
8236993
8236994
8236995
8236996
8236997
8236998
8236999
8237000
8237001
8237002
8237003
8237004
8237005
8237006
8237007
8237008
8237009
8237010
8237011
8237012
8237013
8237014
8237015
8237016
8237017
8237018
8237019
8237020
8237021
8237022
8237023
8237024
8237025
8237026
8237027
8237028
8237029
8237030
8237031
8237032
8237033
8237034
8237035
8237036
8237037
8237038
8237039
8237040
8237041
8237042
8237043
8237044
8237045
8237046
8237047
8237048
8237049
8237050
8237051
8237052
8237053
8237054
8237055
8237056
8237057
8237058
8237059
8237060
8237061
8237062
8237063
8237064
8237065
8237066
8237067
8237068
8237069
8237070
8237071
8237072
8237073
8237074
8237075
8237076
8237077
8237078
8237079
8237080
8237081
8237082
8237083
8237084
8237085
8237086
8237087
8237088
8237089
8237090
8237091
8237092
8237093
8237094
8237095
8237096
8237097
8237098
8237099
8237100
8237101
8237102
8237103
8237104
8237105
8237106
8237107
8237108
8237109
8237110
8237111
8237112
8237113
8237114
8237115
8237116
8237117
8237118
8237119
8237120
8237121
8237122
8237123
8237124
8237125
8237126
8237127
8237128
8237129
8237130
8237131
8237132
8237133
8237134
8237135
8237136
8237137
8237138
8237139
8237140
8237141
8237142
8237143
8237144
8237145
8237146
8237147
8237148
8237149
8237150
8237151
8237152
8237153
8237154
8237155
8237156
8237157
8237158
8237159
8237160
8237161
8237162
8237163
8237164
8237165
8237166
8237167
8237168
8237169
8237170
8237171
8237172
8237173
8237174
8237175
8237176
8237177
8237178
8237179
8237180
8237181
8237182
8237183
8237184
8237185
8237186
8237187
8237188
8237189
8237190
8237191
8237192
8237193
8237194
8237195
8237196
8237197
8237198
8237199
8237200
8237201
8237202
8237203
8237204
8237205
8237206
8237207
8237208
8237209
8237210
8237211
8237212
8237213
8237214
8237215
8237216
8237217
8237218
8237219
8237220
8237221
8237222
8237223
8237224
8237225
8237226
8237227
8237228
8237229
8237230
8237231
8237232
8237233
8237234
8237235
8237236
8237237
8237238
8237239
8237240
8237241
8237242
8237243
8237244
8237245
8237246
8237247
8237248
8237249
8237250
8237251
8237252
8237253
8237254
8237255
8237256
8237257
8237258
8237259
8237260
8237261
8237262
8237263
8237264
8237265
8237266
8237267
8237268
8237269
8237270
8237271
8237272
8237273
8237274
8237275
8237276
8237277
8237278
8237279
8237280
8237281
8237282
8237283
8237284
8237285
8237286
8237287
8237288
8237289
8237290
8237291
8237292
8237293
8237294
8237295
8237296
8237297
8237298
8237299
8237300
8237301
8237302
8237303
8237304
8237305
8237306
8237307
8237308
8237309
8237310
8237311
8237312
8237313
8237314
8237315
8237316
8237317
8237318
8237319
8237320
8237321
8237322
8237323
8237324
8237325
8237326
8237327
8237328
8237329
8237330
8237331
8237332
8237333
8237334
8237335
8237336
8237337
8237338
8237339
8237340
8237341
8237342
8237343
8237344
8237345
8237346
8237347
8237348
8237349
8237350
8237351
8237352
8237353
8237354
8237355
8237356
8237357
8237358
8237359
8237360
8237361
8237362
8237363
8237364
8237365
8237366
8237367
8237368
8237369
8237370
8237371
8237372
8237373
8237374
8237375
8237376
8237377
8237378
8237379
8237380
8237381
8237382
8237383
8237384
8237385
8237386
8237387
8237388
8237389
8237390
8237391
8237392
8237393
8237394
8237395
8237396
8237397
8237398
8237399
8237400
8237401
8237402
8237403
8237404
8237405
8237406
8237407
8237408
8237409
8237410
8237411
8237412
8237413
8237414
8237415
8237416
8237417
8237418
8237419
8237420
8237421
8237422
8237423
8237424
8237425
8237426
8237427
8237428
8237429
8237430
8237431
8237432
8237433
8237434
8237435
8237436
8237437
8237438
8237439
8237440
8237441
8237442
8237443
8237444
8237445
8237446
8237447
8237448
8237449
8237450
8237451
8237452
8237453
8237454
8237455
8237456
8237457
8237458
8237459
8237460
8237461
8237462
8237463
8237464
8237465
8237466
8237467
8237468
8237469
8237470
8237471
8237472
8237473
8237474
8237475
8237476
8237477
8237478
8237479
8237480
8237481
8237482
8237483
8237484
8237485
8237486
8237487
8237488
8237489
8237490
8237491
8237492
8237493
8237494
8237495
8237496
8237497
8237498
8237499
8237500
8237501
8237502
8237503
8237504
8237505
8237506
8237507
8237508
8237509
8237510
8237511
8237512
8237513
8237514
8237515
8237516
8237517
8237518
8237519
8237520
8237521
8237522
8237523
8237524
8237525
8237526
8237527
8237528
8237529
8237530
8237531
8237532
8237533
8237534
8237535
8237536
8237537
8237538
8237539
8237540
8237541
8237542
8237543
8237544
8237545
8237546
8237547
8237548
8237549
8237550
8237551
8237552
8237553
8237554
8237555
8237556
8237557
8237558
8237559
8237560
8237561
8237562
8237563
8237564
8237565
8237566
8237567
8237568
8237569
8237570
8237571
8237572
8237573
8237574
8237575
8237576
8237577
8237578
8237579
8237580
8237581
8237582
8237583
8237584
8237585
8237586
8237587
8237588
8237589
8237590
8237591
8237592
8237593
8237594
8237595
8237596
8237597
8237598
8237599
8237600
8237601
8237602
8237603
8237604
8237605
8237606
8237607
8237608
8237609
8237610
8237611
8237612
8237613
8237614
8237615
8237616
8237617
8237618
8237619
8237620
8237621
8237622
8237623
8237624
8237625
8237626
8237627
8237628
8237629
8237630
8237631
8237632
8237633
8237634
8237635
8237636
8237637
8237638
8237639
8237640
8237641
8237642
8237643
8237644
8237645
8237646
8237647
8237648
8237649
8237650
8237651
8237652
8237653
8237654
8237655
8237656
8237657
8237658
8237659
8237660
8237661
8237662
8237663
8237664
8237665
8237666
8237667
8237668
8237669
8237670
8237671
8237672
8237673
8237674
8237675
8237676
8237677
8237678
8237679
8237680
8237681
8237682
8237683
8237684
8237685
8237686
8237687
8237688
8237689
8237690
8237691
8237692
8237693
8237694
8237695
8237696
8237697
8237698
8237699
8237700
8237701
8237702
8237703
8237704
8237705
8237706
8237707
8237708
8237709
8237710
8237711
8237712
8237713
8237714
8237715
8237716
8237717
8237718
8237719
8237720
8237721
8237722
8237723
8237724
8237725
8237726
8237727
8237728
8237729
8237730
8237731
8237732
8237733
8237734
8237735
8237736
8237737
8237738
8237739
8237740
8237741
8237742
8237743
8237744
8237745
8237746
8237747
8237748
8237749
8237750
8237751
8237752
8237753
8237754
8237755
8237756
8237757
8237758
8237759
8237760
8237761
8237762
8237763
8237764
8237765
8237766
8237767
8237768
8237769
8237770
8237771
8237772
8237773
8237774
8237775
8237776
8237777
8237778
8237779
8237780
8237781
8237782
8237783
8237784
8237785
8237786
8237787
8237788
8237789
8237790
8237791
8237792
8237793
8237794
8237795
8237796
8237797
8237798
8237799
8237800
8237801
8237802
8237803
8237804
8237805
8237806
8237807
8237808
8237809
8237810
8237811
8237812
8237813
8237814
8237815
8237816
8237817
8237818
8237819
8237820
8237821
8237822
8237823
8237824
8237825
8237826
8237827
8237828
8237829
8237830
8237831
8237832
8237833
8237834
8237835
8237836
8237837
8237838
8237839
8237840
8237841
8237842
8237843
8237844
8237845
8237846
8237847
8237848
8237849
8237850
8237851
8237852
8237853
8237854
8237855
8237856
8237857
8237858
8237859
8237860
8237861
8237862
8237863
8237864
8237865
8237866
8237867
8237868
8237869
8237870
8237871
8237872
8237873
8237874
8237875
8237876
8237877
8237878
8237879
8237880
8237881
8237882
8237883
8237884
8237885
8237886
8237887
8237888
8237889
8237890
8237891
8237892
8237893
8237894
8237895
8237896
8237897
8237898
8237899
8237900
8237901
8237902
8237903
8237904
8237905
8237906
8237907
8237908
8237909
8237910
8237911
8237912
8237913
8237914
8237915
8237916
8237917
8237918
8237919
8237920
8237921
8237922
8237923
8237924
8237925
8237926
8237927
8237928
8237929
8237930
8237931
8237932
8237933
8237934
8237935
8237936
8237937
8237938
8237939
8237940
8237941
8237942
8237943
8237944
8237945
8237946
8237947
8237948
8237949
8237950
8237951
8237952
8237953
8237954
8237955
8237956
8237957
8237958
8237959
8237960
8237961
8237962
8237963
8237964
8237965
8237966
8237967
8237968
8237969
8237970
8237971
8237972
8237973
8237974
8237975
8237976
8237977
8237978
8237979
8237980
8237981
8237982
8237983
8237984
8237985
8237986
8237987
8237988
8237989
8237990
8237991
8237992
8237993
8237994
8237995
8237996
8237997
8237998
8237999
8238000
8238001
8238002
8238003
8238004
8238005
8238006
8238007
8238008
8238009
8238010
8238011
8238012
8238013
8238014
8238015
8238016
8238017
8238018
8238019
8238020
8238021
8238022
8238023
8238024
8238025
8238026
8238027
8238028
8238029
8238030
8238031
8238032
8238033
8238034
8238035
8238036
8238037
8238038
8238039
8238040
8238041
8238042
8238043
8238044
8238045
8238046
8238047
8238048
8238049
8238050
8238051
8238052
8238053
8238054
8238055
8238056
8238057
8238058
8238059
8238060
8238061
8238062
8238063
8238064
8238065
8238066
8238067
8238068
8238069
8238070
8238071
8238072
8238073
8238074
8238075
8238076
8238077
8238078
8238079
8238080
8238081
8238082
8238083
8238084
8238085
8238086
8238087
8238088
8238089
8238090
8238091
8238092
8238093
8238094
8238095
8238096
8238097
8238098
8238099
8238100
8238101
8238102
8238103
8238104
8238105
8238106
8238107
8238108
8238109
8238110
8238111
8238112
8238113
8238114
8238115
8238116
8238117
8238118
8238119
8238120
8238121
8238122
8238123
8238124
8238125
8238126
8238127
8238128
8238129
8238130
8238131
8238132
8238133
8238134
8238135
8238136
8238137
8238138
8238139
8238140
8238141
8238142
8238143
8238144
8238145
8238146
8238147
8238148
8238149
8238150
8238151
8238152
8238153
8238154
8238155
8238156
8238157
8238158
8238159
8238160
8238161
8238162
8238163
8238164
8238165
8238166
8238167
8238168
8238169
8238170
8238171
8238172
8238173
8238174
8238175
8238176
8238177
8238178
8238179
8238180
8238181
8238182
8238183
8238184
8238185
8238186
8238187
8238188
8238189
8238190
8238191
8238192
8238193
8238194
8238195
8238196
8238197
8238198
8238199
8238200
8238201
8238202
8238203
8238204
8238205
8238206
8238207
8238208
8238209
8238210
8238211
8238212
8238213
8238214
8238215
8238216
8238217
8238218
8238219
8238220
8238221
8238222
8238223
8238224
8238225
8238226
8238227
8238228
8238229
8238230
8238231
8238232
8238233
8238234
8238235
8238236
8238237
8238238
8238239
8238240
8238241
8238242
8238243
8238244
8238245
8238246
8238247
8238248
8238249
8238250
8238251
8238252
8238253
8238254
8238255
8238256
8238257
8238258
8238259
8238260
8238261
8238262
8238263
8238264
8238265
8238266
8238267
8238268
8238269
8238270
8238271
8238272
8238273
8238274
8238275
8238276
8238277
8238278
8238279
8238280
8238281
8238282
8238283
8238284
8238285
8238286
8238287
8238288
8238289
8238290
8238291
8238292
8238293
8238294
8238295
8238296
8238297
8238298
8238299
8238300
8238301
8238302
8238303
8238304
8238305
8238306
8238307
8238308
8238309
8238310
8238311
8238312
8238313
8238314
8238315
8238316
8238317
8238318
8238319
8238320
8238321
8238322
8238323
8238324
8238325
8238326
8238327
8238328
8238329
8238330
8238331
8238332
8238333
8238334
8238335
8238336
8238337
8238338
8238339
8238340
8238341
8238342
8238343
8238344
8238345
8238346
8238347
8238348
8238349
8238350
8238351
8238352
8238353
8238354
8238355
8238356
8238357
8238358
8238359
8238360
8238361
8238362
8238363
8238364
8238365
8238366
8238367
8238368
8238369
8238370
8238371
8238372
8238373
8238374
8238375
8238376
8238377
8238378
8238379
8238380
8238381
8238382
8238383
8238384
8238385
8238386
8238387
8238388
8238389
8238390
8238391
8238392
8238393
8238394
8238395
8238396
8238397
8238398
8238399
8238400
8238401
8238402
8238403
8238404
8238405
8238406
8238407
8238408
8238409
8238410
8238411
8238412
8238413
8238414
8238415
8238416
8238417
8238418
8238419
8238420
8238421
8238422
8238423
8238424
8238425
8238426
8238427
8238428
8238429
8238430
8238431
8238432
8238433
8238434
8238435
8238436
8238437
8238438
8238439
8238440
8238441
8238442
8238443
8238444
8238445
8238446
8238447
8238448
8238449
8238450
8238451
8238452
8238453
8238454
8238455
8238456
8238457
8238458
8238459
8238460
8238461
8238462
8238463
8238464
8238465
8238466
8238467
8238468
8238469
8238470
8238471
8238472
8238473
8238474
8238475
8238476
8238477
8238478
8238479
8238480
8238481
8238482
8238483
8238484
8238485
8238486
8238487
8238488
8238489
8238490
8238491
8238492
8238493
8238494
8238495
8238496
8238497
8238498
8238499
8238500
8238501
8238502
8238503
8238504
8238505
8238506
8238507
8238508
8238509
8238510
8238511
8238512
8238513
8238514
8238515
8238516
8238517
8238518
8238519
8238520
8238521
8238522
8238523
8238524
8238525
8238526
8238527
8238528
8238529
8238530
8238531
8238532
8238533
8238534
8238535
8238536
8238537
8238538
8238539
8238540
8238541
8238542
8238543
8238544
8238545
8238546
8238547
8238548
8238549
8238550
8238551
8238552
8238553
8238554
8238555
8238556
8238557
8238558
8238559
8238560
8238561
8238562
8238563
8238564
8238565
8238566
8238567
8238568
8238569
8238570
8238571
8238572
8238573
8238574
8238575
8238576
8238577
8238578
8238579
8238580
8238581
8238582
8238583
8238584
8238585
8238586
8238587
8238588
8238589
8238590
8238591
8238592
8238593
8238594
8238595
8238596
8238597
8238598
8238599
8238600
8238601
8238602
8238603
8238604
8238605
8238606
8238607
8238608
8238609
8238610
8238611
8238612
8238613
8238614
8238615
8238616
8238617
8238618
8238619
8238620
8238621
8238622
8238623
8238624
8238625
8238626
8238627
8238628
8238629
8238630
8238631
8238632
8238633
8238634
8238635
8238636
8238637
8238638
8238639
8238640
8238641
8238642
8238643
8238644
8238645
8238646
8238647
8238648
8238649
8238650
8238651
8238652
8238653
8238654
8238655
8238656
8238657
8238658
8238659
8238660
8238661
8238662
8238663
8238664
8238665
8238666
8238667
8238668
8238669
8238670
8238671
8238672
8238673
8238674
8238675
8238676
8238677
8238678
8238679
8238680
8238681
8238682
8238683
8238684
8238685
8238686
8238687
8238688
8238689
8238690
8238691
8238692
8238693
8238694
8238695
8238696
8238697
8238698
8238699
8238700
8238701
8238702
8238703
8238704
8238705
8238706
8238707
8238708
8238709
8238710
8238711
8238712
8238713
8238714
8238715
8238716
8238717
8238718
8238719
8238720
8238721
8238722
8238723
8238724
8238725
8238726
8238727
8238728
8238729
8238730
8238731
8238732
8238733
8238734
8238735
8238736
8238737
8238738
8238739
8238740
8238741
8238742
8238743
8238744
8238745
8238746
8238747
8238748
8238749
8238750
8238751
8238752
8238753
8238754
8238755
8238756
8238757
8238758
8238759
8238760
8238761
8238762
8238763
8238764
8238765
8238766
8238767
8238768
8238769
8238770
8238771
8238772
8238773
8238774
8238775
8238776
8238777
8238778
8238779
8238780
8238781
8238782
8238783
8238784
8238785
8238786
8238787
8238788
8238789
8238790
8238791
8238792
8238793
8238794
8238795
8238796
8238797
8238798
8238799
8238800
8238801
8238802
8238803
8238804
8238805
8238806
8238807
8238808
8238809
8238810
8238811
8238812
8238813
8238814
8238815
8238816
8238817
8238818
8238819
8238820
8238821
8238822
8238823
8238824
8238825
8238826
8238827
8238828
8238829
8238830
8238831
8238832
8238833
8238834
8238835
8238836
8238837
8238838
8238839
8238840
8238841
8238842
8238843
8238844
8238845
8238846
8238847
8238848
8238849
8238850
8238851
8238852
8238853
8238854
8238855
8238856
8238857
8238858
8238859
8238860
8238861
8238862
8238863
8238864
8238865
8238866
8238867
8238868
8238869
8238870
8238871
8238872
8238873
8238874
8238875
8238876
8238877
8238878
8238879
8238880
8238881
8238882
8238883
8238884
8238885
8238886
8238887
8238888
8238889
8238890
8238891
8238892
8238893
8238894
8238895
8238896
8238897
8238898
8238899
8238900
8238901
8238902
8238903
8238904
8238905
8238906
8238907
8238908
8238909
8238910
8238911
8238912
8238913
8238914
8238915
8238916
8238917
8238918
8238919
8238920
8238921
8238922
8238923
8238924
8238925
8238926
8238927
8238928
8238929
8238930
8238931
8238932
8238933
8238934
8238935
8238936
8238937
8238938
8238939
8238940
8238941
8238942
8238943
8238944
8238945
8238946
8238947
8238948
8238949
8238950
8238951
8238952
8238953
8238954
8238955
8238956
8238957
8238958
8238959
8238960
8238961
8238962
8238963
8238964
8238965
8238966
8238967
8238968
8238969
8238970
8238971
8238972
8238973
8238974
8238975
8238976
8238977
8238978
8238979
8238980
8238981
8238982
8238983
8238984
8238985
8238986
8238987
8238988
8238989
8238990
8238991
8238992
8238993
8238994
8238995
8238996
8238997
8238998
8238999
8239000
8239001
8239002
8239003
8239004
8239005
8239006
8239007
8239008
8239009
8239010
8239011
8239012
8239013
8239014
8239015
8239016
8239017
8239018
8239019
8239020
8239021
8239022
8239023
8239024
8239025
8239026
8239027
8239028
8239029
8239030
8239031
8239032
8239033
8239034
8239035
8239036
8239037
8239038
8239039
8239040
8239041
8239042
8239043
8239044
8239045
8239046
8239047
8239048
8239049
8239050
8239051
8239052
8239053
8239054
8239055
8239056
8239057
8239058
8239059
8239060
8239061
8239062
8239063
8239064
8239065
8239066
8239067
8239068
8239069
8239070
8239071
8239072
8239073
8239074
8239075
8239076
8239077
8239078
8239079
8239080
8239081
8239082
8239083
8239084
8239085
8239086
8239087
8239088
8239089
8239090
8239091
8239092
8239093
8239094
8239095
8239096
8239097
8239098
8239099
8239100
8239101
8239102
8239103
8239104
8239105
8239106
8239107
8239108
8239109
8239110
8239111
8239112
8239113
8239114
8239115
8239116
8239117
8239118
8239119
8239120
8239121
8239122
8239123
8239124
8239125
8239126
8239127
8239128
8239129
8239130
8239131
8239132
8239133
8239134
8239135
8239136
8239137
8239138
8239139
8239140
8239141
8239142
8239143
8239144
8239145
8239146
8239147
8239148
8239149
8239150
8239151
8239152
8239153
8239154
8239155
8239156
8239157
8239158
8239159
8239160
8239161
8239162
8239163
8239164
8239165
8239166
8239167
8239168
8239169
8239170
8239171
8239172
8239173
8239174
8239175
8239176
8239177
8239178
8239179
8239180
8239181
8239182
8239183
8239184
8239185
8239186
8239187
8239188
8239189
8239190
8239191
8239192
8239193
8239194
8239195
8239196
8239197
8239198
8239199
8239200
8239201
8239202
8239203
8239204
8239205
8239206
8239207
8239208
8239209
8239210
8239211
8239212
8239213
8239214
8239215
8239216
8239217
8239218
8239219
8239220
8239221
8239222
8239223
8239224
8239225
8239226
8239227
8239228
8239229
8239230
8239231
8239232
8239233
8239234
8239235
8239236
8239237
8239238
8239239
8239240
8239241
8239242
8239243
8239244
8239245
8239246
8239247
8239248
8239249
8239250
8239251
8239252
8239253
8239254
8239255
8239256
8239257
8239258
8239259
8239260
8239261
8239262
8239263
8239264
8239265
8239266
8239267
8239268
8239269
8239270
8239271
8239272
8239273
8239274
8239275
8239276
8239277
8239278
8239279
8239280
8239281
8239282
8239283
8239284
8239285
8239286
8239287
8239288
8239289
8239290
8239291
8239292
8239293
8239294
8239295
8239296
8239297
8239298
8239299
8239300
8239301
8239302
8239303
8239304
8239305
8239306
8239307
8239308
8239309
8239310
8239311
8239312
8239313
8239314
8239315
8239316
8239317
8239318
8239319
8239320
8239321
8239322
8239323
8239324
8239325
8239326
8239327
8239328
8239329
8239330
8239331
8239332
8239333
8239334
8239335
8239336
8239337
8239338
8239339
8239340
8239341
8239342
8239343
8239344
8239345
8239346
8239347
8239348
8239349
8239350
8239351
8239352
8239353
8239354
8239355
8239356
8239357
8239358
8239359
8239360
8239361
8239362
8239363
8239364
8239365
8239366
8239367
8239368
8239369
8239370
8239371
8239372
8239373
8239374
8239375
8239376
8239377
8239378
8239379
8239380
8239381
8239382
8239383
8239384
8239385
8239386
8239387
8239388
8239389
8239390
8239391
8239392
8239393
8239394
8239395
8239396
8239397
8239398
8239399
8239400
8239401
8239402
8239403
8239404
8239405
8239406
8239407
8239408
8239409
8239410
8239411
8239412
8239413
8239414
8239415
8239416
8239417
8239418
8239419
8239420
8239421
8239422
8239423
8239424
8239425
8239426
8239427
8239428
8239429
8239430
8239431
8239432
8239433
8239434
8239435
8239436
8239437
8239438
8239439
8239440
8239441
8239442
8239443
8239444
8239445
8239446
8239447
8239448
8239449
8239450
8239451
8239452
8239453
8239454
8239455
8239456
8239457
8239458
8239459
8239460
8239461
8239462
8239463
8239464
8239465
8239466
8239467
8239468
8239469
8239470
8239471
8239472
8239473
8239474
8239475
8239476
8239477
8239478
8239479
8239480
8239481
8239482
8239483
8239484
8239485
8239486
8239487
8239488
8239489
8239490
8239491
8239492
8239493
8239494
8239495
8239496
8239497
8239498
8239499
8239500
8239501
8239502
8239503
8239504
8239505
8239506
8239507
8239508
8239509
8239510
8239511
8239512
8239513
8239514
8239515
8239516
8239517
8239518
8239519
8239520
8239521
8239522
8239523
8239524
8239525
8239526
8239527
8239528
8239529
8239530
8239531
8239532
8239533
8239534
8239535
8239536
8239537
8239538
8239539
8239540
8239541
8239542
8239543
8239544
8239545
8239546
8239547
8239548
8239549
8239550
8239551
8239552
8239553
8239554
8239555
8239556
8239557
8239558
8239559
8239560
8239561
8239562
8239563
8239564
8239565
8239566
8239567
8239568
8239569
8239570
8239571
8239572
8239573
8239574
8239575
8239576
8239577
8239578
8239579
8239580
8239581
8239582
8239583
8239584
8239585
8239586
8239587
8239588
8239589
8239590
8239591
8239592
8239593
8239594
8239595
8239596
8239597
8239598
8239599
8239600
8239601
8239602
8239603
8239604
8239605
8239606
8239607
8239608
8239609
8239610
8239611
8239612
8239613
8239614
8239615
8239616
8239617
8239618
8239619
8239620
8239621
8239622
8239623
8239624
8239625
8239626
8239627
8239628
8239629
8239630
8239631
8239632
8239633
8239634
8239635
8239636
8239637
8239638
8239639
8239640
8239641
8239642
8239643
8239644
8239645
8239646
8239647
8239648
8239649
8239650
8239651
8239652
8239653
8239654
8239655
8239656
8239657
8239658
8239659
8239660
8239661
8239662
8239663
8239664
8239665
8239666
8239667
8239668
8239669
8239670
8239671
8239672
8239673
8239674
8239675
8239676
8239677
8239678
8239679
8239680
8239681
8239682
8239683
8239684
8239685
8239686
8239687
8239688
8239689
8239690
8239691
8239692
8239693
8239694
8239695
8239696
8239697
8239698
8239699
8239700
8239701
8239702
8239703
8239704
8239705
8239706
8239707
8239708
8239709
8239710
8239711
8239712
8239713
8239714
8239715
8239716
8239717
8239718
8239719
8239720
8239721
8239722
8239723
8239724
8239725
8239726
8239727
8239728
8239729
8239730
8239731
8239732
8239733
8239734
8239735
8239736
8239737
8239738
8239739
8239740
8239741
8239742
8239743
8239744
8239745
8239746
8239747
8239748
8239749
8239750
8239751
8239752
8239753
8239754
8239755
8239756
8239757
8239758
8239759
8239760
8239761
8239762
8239763
8239764
8239765
8239766
8239767
8239768
8239769
8239770
8239771
8239772
8239773
8239774
8239775
8239776
8239777
8239778
8239779
8239780
8239781
8239782
8239783
8239784
8239785
8239786
8239787
8239788
8239789
8239790
8239791
8239792
8239793
8239794
8239795
8239796
8239797
8239798
8239799
8239800
8239801
8239802
8239803
8239804
8239805
8239806
8239807
8239808
8239809
8239810
8239811
8239812
8239813
8239814
8239815
8239816
8239817
8239818
8239819
8239820
8239821
8239822
8239823
8239824
8239825
8239826
8239827
8239828
8239829
8239830
8239831
8239832
8239833
8239834
8239835
8239836
8239837
8239838
8239839
8239840
8239841
8239842
8239843
8239844
8239845
8239846
8239847
8239848
8239849
8239850
8239851
8239852
8239853
8239854
8239855
8239856
8239857
8239858
8239859
8239860
8239861
8239862
8239863
8239864
8239865
8239866
8239867
8239868
8239869
8239870
8239871
8239872
8239873
8239874
8239875
8239876
8239877
8239878
8239879
8239880
8239881
8239882
8239883
8239884
8239885
8239886
8239887
8239888
8239889
8239890
8239891
8239892
8239893
8239894
8239895
8239896
8239897
8239898
8239899
8239900
8239901
8239902
8239903
8239904
8239905
8239906
8239907
8239908
8239909
8239910
8239911
8239912
8239913
8239914
8239915
8239916
8239917
8239918
8239919
8239920
8239921
8239922
8239923
8239924
8239925
8239926
8239927
8239928
8239929
8239930
8239931
8239932
8239933
8239934
8239935
8239936
8239937
8239938
8239939
8239940
8239941
8239942
8239943
8239944
8239945
8239946
8239947
8239948
8239949
8239950
8239951
8239952
8239953
8239954
8239955
8239956
8239957
8239958
8239959
8239960
8239961
8239962
8239963
8239964
8239965
8239966
8239967
8239968
8239969
8239970
8239971
8239972
8239973
8239974
8239975
8239976
8239977
8239978
8239979
8239980
8239981
8239982
8239983
8239984
8239985
8239986
8239987
8239988
8239989
8239990
8239991
8239992
8239993
8239994
8239995
8239996
8239997
8239998
8239999
8240000
