8790001
8790002
8790003
8790004
8790005
8790006
8790007
8790008
8790009
8790010
8790011
8790012
8790013
8790014
8790015
8790016
8790017
8790018
8790019
8790020
8790021
8790022
8790023
8790024
8790025
8790026
8790027
8790028
8790029
8790030
8790031
8790032
8790033
8790034
8790035
8790036
8790037
8790038
8790039
8790040
8790041
8790042
8790043
8790044
8790045
8790046
8790047
8790048
8790049
8790050
8790051
8790052
8790053
8790054
8790055
8790056
8790057
8790058
8790059
8790060
8790061
8790062
8790063
8790064
8790065
8790066
8790067
8790068
8790069
8790070
8790071
8790072
8790073
8790074
8790075
8790076
8790077
8790078
8790079
8790080
8790081
8790082
8790083
8790084
8790085
8790086
8790087
8790088
8790089
8790090
8790091
8790092
8790093
8790094
8790095
8790096
8790097
8790098
8790099
8790100
8790101
8790102
8790103
8790104
8790105
8790106
8790107
8790108
8790109
8790110
8790111
8790112
8790113
8790114
8790115
8790116
8790117
8790118
8790119
8790120
8790121
8790122
8790123
8790124
8790125
8790126
8790127
8790128
8790129
8790130
8790131
8790132
8790133
8790134
8790135
8790136
8790137
8790138
8790139
8790140
8790141
8790142
8790143
8790144
8790145
8790146
8790147
8790148
8790149
8790150
8790151
8790152
8790153
8790154
8790155
8790156
8790157
8790158
8790159
8790160
8790161
8790162
8790163
8790164
8790165
8790166
8790167
8790168
8790169
8790170
8790171
8790172
8790173
8790174
8790175
8790176
8790177
8790178
8790179
8790180
8790181
8790182
8790183
8790184
8790185
8790186
8790187
8790188
8790189
8790190
8790191
8790192
8790193
8790194
8790195
8790196
8790197
8790198
8790199
8790200
8790201
8790202
8790203
8790204
8790205
8790206
8790207
8790208
8790209
8790210
8790211
8790212
8790213
8790214
8790215
8790216
8790217
8790218
8790219
8790220
8790221
8790222
8790223
8790224
8790225
8790226
8790227
8790228
8790229
8790230
8790231
8790232
8790233
8790234
8790235
8790236
8790237
8790238
8790239
8790240
8790241
8790242
8790243
8790244
8790245
8790246
8790247
8790248
8790249
8790250
8790251
8790252
8790253
8790254
8790255
8790256
8790257
8790258
8790259
8790260
8790261
8790262
8790263
8790264
8790265
8790266
8790267
8790268
8790269
8790270
8790271
8790272
8790273
8790274
8790275
8790276
8790277
8790278
8790279
8790280
8790281
8790282
8790283
8790284
8790285
8790286
8790287
8790288
8790289
8790290
8790291
8790292
8790293
8790294
8790295
8790296
8790297
8790298
8790299
8790300
8790301
8790302
8790303
8790304
8790305
8790306
8790307
8790308
8790309
8790310
8790311
8790312
8790313
8790314
8790315
8790316
8790317
8790318
8790319
8790320
8790321
8790322
8790323
8790324
8790325
8790326
8790327
8790328
8790329
8790330
8790331
8790332
8790333
8790334
8790335
8790336
8790337
8790338
8790339
8790340
8790341
8790342
8790343
8790344
8790345
8790346
8790347
8790348
8790349
8790350
8790351
8790352
8790353
8790354
8790355
8790356
8790357
8790358
8790359
8790360
8790361
8790362
8790363
8790364
8790365
8790366
8790367
8790368
8790369
8790370
8790371
8790372
8790373
8790374
8790375
8790376
8790377
8790378
8790379
8790380
8790381
8790382
8790383
8790384
8790385
8790386
8790387
8790388
8790389
8790390
8790391
8790392
8790393
8790394
8790395
8790396
8790397
8790398
8790399
8790400
8790401
8790402
8790403
8790404
8790405
8790406
8790407
8790408
8790409
8790410
8790411
8790412
8790413
8790414
8790415
8790416
8790417
8790418
8790419
8790420
8790421
8790422
8790423
8790424
8790425
8790426
8790427
8790428
8790429
8790430
8790431
8790432
8790433
8790434
8790435
8790436
8790437
8790438
8790439
8790440
8790441
8790442
8790443
8790444
8790445
8790446
8790447
8790448
8790449
8790450
8790451
8790452
8790453
8790454
8790455
8790456
8790457
8790458
8790459
8790460
8790461
8790462
8790463
8790464
8790465
8790466
8790467
8790468
8790469
8790470
8790471
8790472
8790473
8790474
8790475
8790476
8790477
8790478
8790479
8790480
8790481
8790482
8790483
8790484
8790485
8790486
8790487
8790488
8790489
8790490
8790491
8790492
8790493
8790494
8790495
8790496
8790497
8790498
8790499
8790500
8790501
8790502
8790503
8790504
8790505
8790506
8790507
8790508
8790509
8790510
8790511
8790512
8790513
8790514
8790515
8790516
8790517
8790518
8790519
8790520
8790521
8790522
8790523
8790524
8790525
8790526
8790527
8790528
8790529
8790530
8790531
8790532
8790533
8790534
8790535
8790536
8790537
8790538
8790539
8790540
8790541
8790542
8790543
8790544
8790545
8790546
8790547
8790548
8790549
8790550
8790551
8790552
8790553
8790554
8790555
8790556
8790557
8790558
8790559
8790560
8790561
8790562
8790563
8790564
8790565
8790566
8790567
8790568
8790569
8790570
8790571
8790572
8790573
8790574
8790575
8790576
8790577
8790578
8790579
8790580
8790581
8790582
8790583
8790584
8790585
8790586
8790587
8790588
8790589
8790590
8790591
8790592
8790593
8790594
8790595
8790596
8790597
8790598
8790599
8790600
8790601
8790602
8790603
8790604
8790605
8790606
8790607
8790608
8790609
8790610
8790611
8790612
8790613
8790614
8790615
8790616
8790617
8790618
8790619
8790620
8790621
8790622
8790623
8790624
8790625
8790626
8790627
8790628
8790629
8790630
8790631
8790632
8790633
8790634
8790635
8790636
8790637
8790638
8790639
8790640
8790641
8790642
8790643
8790644
8790645
8790646
8790647
8790648
8790649
8790650
8790651
8790652
8790653
8790654
8790655
8790656
8790657
8790658
8790659
8790660
8790661
8790662
8790663
8790664
8790665
8790666
8790667
8790668
8790669
8790670
8790671
8790672
8790673
8790674
8790675
8790676
8790677
8790678
8790679
8790680
8790681
8790682
8790683
8790684
8790685
8790686
8790687
8790688
8790689
8790690
8790691
8790692
8790693
8790694
8790695
8790696
8790697
8790698
8790699
8790700
8790701
8790702
8790703
8790704
8790705
8790706
8790707
8790708
8790709
8790710
8790711
8790712
8790713
8790714
8790715
8790716
8790717
8790718
8790719
8790720
8790721
8790722
8790723
8790724
8790725
8790726
8790727
8790728
8790729
8790730
8790731
8790732
8790733
8790734
8790735
8790736
8790737
8790738
8790739
8790740
8790741
8790742
8790743
8790744
8790745
8790746
8790747
8790748
8790749
8790750
8790751
8790752
8790753
8790754
8790755
8790756
8790757
8790758
8790759
8790760
8790761
8790762
8790763
8790764
8790765
8790766
8790767
8790768
8790769
8790770
8790771
8790772
8790773
8790774
8790775
8790776
8790777
8790778
8790779
8790780
8790781
8790782
8790783
8790784
8790785
8790786
8790787
8790788
8790789
8790790
8790791
8790792
8790793
8790794
8790795
8790796
8790797
8790798
8790799
8790800
8790801
8790802
8790803
8790804
8790805
8790806
8790807
8790808
8790809
8790810
8790811
8790812
8790813
8790814
8790815
8790816
8790817
8790818
8790819
8790820
8790821
8790822
8790823
8790824
8790825
8790826
8790827
8790828
8790829
8790830
8790831
8790832
8790833
8790834
8790835
8790836
8790837
8790838
8790839
8790840
8790841
8790842
8790843
8790844
8790845
8790846
8790847
8790848
8790849
8790850
8790851
8790852
8790853
8790854
8790855
8790856
8790857
8790858
8790859
8790860
8790861
8790862
8790863
8790864
8790865
8790866
8790867
8790868
8790869
8790870
8790871
8790872
8790873
8790874
8790875
8790876
8790877
8790878
8790879
8790880
8790881
8790882
8790883
8790884
8790885
8790886
8790887
8790888
8790889
8790890
8790891
8790892
8790893
8790894
8790895
8790896
8790897
8790898
8790899
8790900
8790901
8790902
8790903
8790904
8790905
8790906
8790907
8790908
8790909
8790910
8790911
8790912
8790913
8790914
8790915
8790916
8790917
8790918
8790919
8790920
8790921
8790922
8790923
8790924
8790925
8790926
8790927
8790928
8790929
8790930
8790931
8790932
8790933
8790934
8790935
8790936
8790937
8790938
8790939
8790940
8790941
8790942
8790943
8790944
8790945
8790946
8790947
8790948
8790949
8790950
8790951
8790952
8790953
8790954
8790955
8790956
8790957
8790958
8790959
8790960
8790961
8790962
8790963
8790964
8790965
8790966
8790967
8790968
8790969
8790970
8790971
8790972
8790973
8790974
8790975
8790976
8790977
8790978
8790979
8790980
8790981
8790982
8790983
8790984
8790985
8790986
8790987
8790988
8790989
8790990
8790991
8790992
8790993
8790994
8790995
8790996
8790997
8790998
8790999
8791000
8791001
8791002
8791003
8791004
8791005
8791006
8791007
8791008
8791009
8791010
8791011
8791012
8791013
8791014
8791015
8791016
8791017
8791018
8791019
8791020
8791021
8791022
8791023
8791024
8791025
8791026
8791027
8791028
8791029
8791030
8791031
8791032
8791033
8791034
8791035
8791036
8791037
8791038
8791039
8791040
8791041
8791042
8791043
8791044
8791045
8791046
8791047
8791048
8791049
8791050
8791051
8791052
8791053
8791054
8791055
8791056
8791057
8791058
8791059
8791060
8791061
8791062
8791063
8791064
8791065
8791066
8791067
8791068
8791069
8791070
8791071
8791072
8791073
8791074
8791075
8791076
8791077
8791078
8791079
8791080
8791081
8791082
8791083
8791084
8791085
8791086
8791087
8791088
8791089
8791090
8791091
8791092
8791093
8791094
8791095
8791096
8791097
8791098
8791099
8791100
8791101
8791102
8791103
8791104
8791105
8791106
8791107
8791108
8791109
8791110
8791111
8791112
8791113
8791114
8791115
8791116
8791117
8791118
8791119
8791120
8791121
8791122
8791123
8791124
8791125
8791126
8791127
8791128
8791129
8791130
8791131
8791132
8791133
8791134
8791135
8791136
8791137
8791138
8791139
8791140
8791141
8791142
8791143
8791144
8791145
8791146
8791147
8791148
8791149
8791150
8791151
8791152
8791153
8791154
8791155
8791156
8791157
8791158
8791159
8791160
8791161
8791162
8791163
8791164
8791165
8791166
8791167
8791168
8791169
8791170
8791171
8791172
8791173
8791174
8791175
8791176
8791177
8791178
8791179
8791180
8791181
8791182
8791183
8791184
8791185
8791186
8791187
8791188
8791189
8791190
8791191
8791192
8791193
8791194
8791195
8791196
8791197
8791198
8791199
8791200
8791201
8791202
8791203
8791204
8791205
8791206
8791207
8791208
8791209
8791210
8791211
8791212
8791213
8791214
8791215
8791216
8791217
8791218
8791219
8791220
8791221
8791222
8791223
8791224
8791225
8791226
8791227
8791228
8791229
8791230
8791231
8791232
8791233
8791234
8791235
8791236
8791237
8791238
8791239
8791240
8791241
8791242
8791243
8791244
8791245
8791246
8791247
8791248
8791249
8791250
8791251
8791252
8791253
8791254
8791255
8791256
8791257
8791258
8791259
8791260
8791261
8791262
8791263
8791264
8791265
8791266
8791267
8791268
8791269
8791270
8791271
8791272
8791273
8791274
8791275
8791276
8791277
8791278
8791279
8791280
8791281
8791282
8791283
8791284
8791285
8791286
8791287
8791288
8791289
8791290
8791291
8791292
8791293
8791294
8791295
8791296
8791297
8791298
8791299
8791300
8791301
8791302
8791303
8791304
8791305
8791306
8791307
8791308
8791309
8791310
8791311
8791312
8791313
8791314
8791315
8791316
8791317
8791318
8791319
8791320
8791321
8791322
8791323
8791324
8791325
8791326
8791327
8791328
8791329
8791330
8791331
8791332
8791333
8791334
8791335
8791336
8791337
8791338
8791339
8791340
8791341
8791342
8791343
8791344
8791345
8791346
8791347
8791348
8791349
8791350
8791351
8791352
8791353
8791354
8791355
8791356
8791357
8791358
8791359
8791360
8791361
8791362
8791363
8791364
8791365
8791366
8791367
8791368
8791369
8791370
8791371
8791372
8791373
8791374
8791375
8791376
8791377
8791378
8791379
8791380
8791381
8791382
8791383
8791384
8791385
8791386
8791387
8791388
8791389
8791390
8791391
8791392
8791393
8791394
8791395
8791396
8791397
8791398
8791399
8791400
8791401
8791402
8791403
8791404
8791405
8791406
8791407
8791408
8791409
8791410
8791411
8791412
8791413
8791414
8791415
8791416
8791417
8791418
8791419
8791420
8791421
8791422
8791423
8791424
8791425
8791426
8791427
8791428
8791429
8791430
8791431
8791432
8791433
8791434
8791435
8791436
8791437
8791438
8791439
8791440
8791441
8791442
8791443
8791444
8791445
8791446
8791447
8791448
8791449
8791450
8791451
8791452
8791453
8791454
8791455
8791456
8791457
8791458
8791459
8791460
8791461
8791462
8791463
8791464
8791465
8791466
8791467
8791468
8791469
8791470
8791471
8791472
8791473
8791474
8791475
8791476
8791477
8791478
8791479
8791480
8791481
8791482
8791483
8791484
8791485
8791486
8791487
8791488
8791489
8791490
8791491
8791492
8791493
8791494
8791495
8791496
8791497
8791498
8791499
8791500
8791501
8791502
8791503
8791504
8791505
8791506
8791507
8791508
8791509
8791510
8791511
8791512
8791513
8791514
8791515
8791516
8791517
8791518
8791519
8791520
8791521
8791522
8791523
8791524
8791525
8791526
8791527
8791528
8791529
8791530
8791531
8791532
8791533
8791534
8791535
8791536
8791537
8791538
8791539
8791540
8791541
8791542
8791543
8791544
8791545
8791546
8791547
8791548
8791549
8791550
8791551
8791552
8791553
8791554
8791555
8791556
8791557
8791558
8791559
8791560
8791561
8791562
8791563
8791564
8791565
8791566
8791567
8791568
8791569
8791570
8791571
8791572
8791573
8791574
8791575
8791576
8791577
8791578
8791579
8791580
8791581
8791582
8791583
8791584
8791585
8791586
8791587
8791588
8791589
8791590
8791591
8791592
8791593
8791594
8791595
8791596
8791597
8791598
8791599
8791600
8791601
8791602
8791603
8791604
8791605
8791606
8791607
8791608
8791609
8791610
8791611
8791612
8791613
8791614
8791615
8791616
8791617
8791618
8791619
8791620
8791621
8791622
8791623
8791624
8791625
8791626
8791627
8791628
8791629
8791630
8791631
8791632
8791633
8791634
8791635
8791636
8791637
8791638
8791639
8791640
8791641
8791642
8791643
8791644
8791645
8791646
8791647
8791648
8791649
8791650
8791651
8791652
8791653
8791654
8791655
8791656
8791657
8791658
8791659
8791660
8791661
8791662
8791663
8791664
8791665
8791666
8791667
8791668
8791669
8791670
8791671
8791672
8791673
8791674
8791675
8791676
8791677
8791678
8791679
8791680
8791681
8791682
8791683
8791684
8791685
8791686
8791687
8791688
8791689
8791690
8791691
8791692
8791693
8791694
8791695
8791696
8791697
8791698
8791699
8791700
8791701
8791702
8791703
8791704
8791705
8791706
8791707
8791708
8791709
8791710
8791711
8791712
8791713
8791714
8791715
8791716
8791717
8791718
8791719
8791720
8791721
8791722
8791723
8791724
8791725
8791726
8791727
8791728
8791729
8791730
8791731
8791732
8791733
8791734
8791735
8791736
8791737
8791738
8791739
8791740
8791741
8791742
8791743
8791744
8791745
8791746
8791747
8791748
8791749
8791750
8791751
8791752
8791753
8791754
8791755
8791756
8791757
8791758
8791759
8791760
8791761
8791762
8791763
8791764
8791765
8791766
8791767
8791768
8791769
8791770
8791771
8791772
8791773
8791774
8791775
8791776
8791777
8791778
8791779
8791780
8791781
8791782
8791783
8791784
8791785
8791786
8791787
8791788
8791789
8791790
8791791
8791792
8791793
8791794
8791795
8791796
8791797
8791798
8791799
8791800
8791801
8791802
8791803
8791804
8791805
8791806
8791807
8791808
8791809
8791810
8791811
8791812
8791813
8791814
8791815
8791816
8791817
8791818
8791819
8791820
8791821
8791822
8791823
8791824
8791825
8791826
8791827
8791828
8791829
8791830
8791831
8791832
8791833
8791834
8791835
8791836
8791837
8791838
8791839
8791840
8791841
8791842
8791843
8791844
8791845
8791846
8791847
8791848
8791849
8791850
8791851
8791852
8791853
8791854
8791855
8791856
8791857
8791858
8791859
8791860
8791861
8791862
8791863
8791864
8791865
8791866
8791867
8791868
8791869
8791870
8791871
8791872
8791873
8791874
8791875
8791876
8791877
8791878
8791879
8791880
8791881
8791882
8791883
8791884
8791885
8791886
8791887
8791888
8791889
8791890
8791891
8791892
8791893
8791894
8791895
8791896
8791897
8791898
8791899
8791900
8791901
8791902
8791903
8791904
8791905
8791906
8791907
8791908
8791909
8791910
8791911
8791912
8791913
8791914
8791915
8791916
8791917
8791918
8791919
8791920
8791921
8791922
8791923
8791924
8791925
8791926
8791927
8791928
8791929
8791930
8791931
8791932
8791933
8791934
8791935
8791936
8791937
8791938
8791939
8791940
8791941
8791942
8791943
8791944
8791945
8791946
8791947
8791948
8791949
8791950
8791951
8791952
8791953
8791954
8791955
8791956
8791957
8791958
8791959
8791960
8791961
8791962
8791963
8791964
8791965
8791966
8791967
8791968
8791969
8791970
8791971
8791972
8791973
8791974
8791975
8791976
8791977
8791978
8791979
8791980
8791981
8791982
8791983
8791984
8791985
8791986
8791987
8791988
8791989
8791990
8791991
8791992
8791993
8791994
8791995
8791996
8791997
8791998
8791999
8792000
8792001
8792002
8792003
8792004
8792005
8792006
8792007
8792008
8792009
8792010
8792011
8792012
8792013
8792014
8792015
8792016
8792017
8792018
8792019
8792020
8792021
8792022
8792023
8792024
8792025
8792026
8792027
8792028
8792029
8792030
8792031
8792032
8792033
8792034
8792035
8792036
8792037
8792038
8792039
8792040
8792041
8792042
8792043
8792044
8792045
8792046
8792047
8792048
8792049
8792050
8792051
8792052
8792053
8792054
8792055
8792056
8792057
8792058
8792059
8792060
8792061
8792062
8792063
8792064
8792065
8792066
8792067
8792068
8792069
8792070
8792071
8792072
8792073
8792074
8792075
8792076
8792077
8792078
8792079
8792080
8792081
8792082
8792083
8792084
8792085
8792086
8792087
8792088
8792089
8792090
8792091
8792092
8792093
8792094
8792095
8792096
8792097
8792098
8792099
8792100
8792101
8792102
8792103
8792104
8792105
8792106
8792107
8792108
8792109
8792110
8792111
8792112
8792113
8792114
8792115
8792116
8792117
8792118
8792119
8792120
8792121
8792122
8792123
8792124
8792125
8792126
8792127
8792128
8792129
8792130
8792131
8792132
8792133
8792134
8792135
8792136
8792137
8792138
8792139
8792140
8792141
8792142
8792143
8792144
8792145
8792146
8792147
8792148
8792149
8792150
8792151
8792152
8792153
8792154
8792155
8792156
8792157
8792158
8792159
8792160
8792161
8792162
8792163
8792164
8792165
8792166
8792167
8792168
8792169
8792170
8792171
8792172
8792173
8792174
8792175
8792176
8792177
8792178
8792179
8792180
8792181
8792182
8792183
8792184
8792185
8792186
8792187
8792188
8792189
8792190
8792191
8792192
8792193
8792194
8792195
8792196
8792197
8792198
8792199
8792200
8792201
8792202
8792203
8792204
8792205
8792206
8792207
8792208
8792209
8792210
8792211
8792212
8792213
8792214
8792215
8792216
8792217
8792218
8792219
8792220
8792221
8792222
8792223
8792224
8792225
8792226
8792227
8792228
8792229
8792230
8792231
8792232
8792233
8792234
8792235
8792236
8792237
8792238
8792239
8792240
8792241
8792242
8792243
8792244
8792245
8792246
8792247
8792248
8792249
8792250
8792251
8792252
8792253
8792254
8792255
8792256
8792257
8792258
8792259
8792260
8792261
8792262
8792263
8792264
8792265
8792266
8792267
8792268
8792269
8792270
8792271
8792272
8792273
8792274
8792275
8792276
8792277
8792278
8792279
8792280
8792281
8792282
8792283
8792284
8792285
8792286
8792287
8792288
8792289
8792290
8792291
8792292
8792293
8792294
8792295
8792296
8792297
8792298
8792299
8792300
8792301
8792302
8792303
8792304
8792305
8792306
8792307
8792308
8792309
8792310
8792311
8792312
8792313
8792314
8792315
8792316
8792317
8792318
8792319
8792320
8792321
8792322
8792323
8792324
8792325
8792326
8792327
8792328
8792329
8792330
8792331
8792332
8792333
8792334
8792335
8792336
8792337
8792338
8792339
8792340
8792341
8792342
8792343
8792344
8792345
8792346
8792347
8792348
8792349
8792350
8792351
8792352
8792353
8792354
8792355
8792356
8792357
8792358
8792359
8792360
8792361
8792362
8792363
8792364
8792365
8792366
8792367
8792368
8792369
8792370
8792371
8792372
8792373
8792374
8792375
8792376
8792377
8792378
8792379
8792380
8792381
8792382
8792383
8792384
8792385
8792386
8792387
8792388
8792389
8792390
8792391
8792392
8792393
8792394
8792395
8792396
8792397
8792398
8792399
8792400
8792401
8792402
8792403
8792404
8792405
8792406
8792407
8792408
8792409
8792410
8792411
8792412
8792413
8792414
8792415
8792416
8792417
8792418
8792419
8792420
8792421
8792422
8792423
8792424
8792425
8792426
8792427
8792428
8792429
8792430
8792431
8792432
8792433
8792434
8792435
8792436
8792437
8792438
8792439
8792440
8792441
8792442
8792443
8792444
8792445
8792446
8792447
8792448
8792449
8792450
8792451
8792452
8792453
8792454
8792455
8792456
8792457
8792458
8792459
8792460
8792461
8792462
8792463
8792464
8792465
8792466
8792467
8792468
8792469
8792470
8792471
8792472
8792473
8792474
8792475
8792476
8792477
8792478
8792479
8792480
8792481
8792482
8792483
8792484
8792485
8792486
8792487
8792488
8792489
8792490
8792491
8792492
8792493
8792494
8792495
8792496
8792497
8792498
8792499
8792500
8792501
8792502
8792503
8792504
8792505
8792506
8792507
8792508
8792509
8792510
8792511
8792512
8792513
8792514
8792515
8792516
8792517
8792518
8792519
8792520
8792521
8792522
8792523
8792524
8792525
8792526
8792527
8792528
8792529
8792530
8792531
8792532
8792533
8792534
8792535
8792536
8792537
8792538
8792539
8792540
8792541
8792542
8792543
8792544
8792545
8792546
8792547
8792548
8792549
8792550
8792551
8792552
8792553
8792554
8792555
8792556
8792557
8792558
8792559
8792560
8792561
8792562
8792563
8792564
8792565
8792566
8792567
8792568
8792569
8792570
8792571
8792572
8792573
8792574
8792575
8792576
8792577
8792578
8792579
8792580
8792581
8792582
8792583
8792584
8792585
8792586
8792587
8792588
8792589
8792590
8792591
8792592
8792593
8792594
8792595
8792596
8792597
8792598
8792599
8792600
8792601
8792602
8792603
8792604
8792605
8792606
8792607
8792608
8792609
8792610
8792611
8792612
8792613
8792614
8792615
8792616
8792617
8792618
8792619
8792620
8792621
8792622
8792623
8792624
8792625
8792626
8792627
8792628
8792629
8792630
8792631
8792632
8792633
8792634
8792635
8792636
8792637
8792638
8792639
8792640
8792641
8792642
8792643
8792644
8792645
8792646
8792647
8792648
8792649
8792650
8792651
8792652
8792653
8792654
8792655
8792656
8792657
8792658
8792659
8792660
8792661
8792662
8792663
8792664
8792665
8792666
8792667
8792668
8792669
8792670
8792671
8792672
8792673
8792674
8792675
8792676
8792677
8792678
8792679
8792680
8792681
8792682
8792683
8792684
8792685
8792686
8792687
8792688
8792689
8792690
8792691
8792692
8792693
8792694
8792695
8792696
8792697
8792698
8792699
8792700
8792701
8792702
8792703
8792704
8792705
8792706
8792707
8792708
8792709
8792710
8792711
8792712
8792713
8792714
8792715
8792716
8792717
8792718
8792719
8792720
8792721
8792722
8792723
8792724
8792725
8792726
8792727
8792728
8792729
8792730
8792731
8792732
8792733
8792734
8792735
8792736
8792737
8792738
8792739
8792740
8792741
8792742
8792743
8792744
8792745
8792746
8792747
8792748
8792749
8792750
8792751
8792752
8792753
8792754
8792755
8792756
8792757
8792758
8792759
8792760
8792761
8792762
8792763
8792764
8792765
8792766
8792767
8792768
8792769
8792770
8792771
8792772
8792773
8792774
8792775
8792776
8792777
8792778
8792779
8792780
8792781
8792782
8792783
8792784
8792785
8792786
8792787
8792788
8792789
8792790
8792791
8792792
8792793
8792794
8792795
8792796
8792797
8792798
8792799
8792800
8792801
8792802
8792803
8792804
8792805
8792806
8792807
8792808
8792809
8792810
8792811
8792812
8792813
8792814
8792815
8792816
8792817
8792818
8792819
8792820
8792821
8792822
8792823
8792824
8792825
8792826
8792827
8792828
8792829
8792830
8792831
8792832
8792833
8792834
8792835
8792836
8792837
8792838
8792839
8792840
8792841
8792842
8792843
8792844
8792845
8792846
8792847
8792848
8792849
8792850
8792851
8792852
8792853
8792854
8792855
8792856
8792857
8792858
8792859
8792860
8792861
8792862
8792863
8792864
8792865
8792866
8792867
8792868
8792869
8792870
8792871
8792872
8792873
8792874
8792875
8792876
8792877
8792878
8792879
8792880
8792881
8792882
8792883
8792884
8792885
8792886
8792887
8792888
8792889
8792890
8792891
8792892
8792893
8792894
8792895
8792896
8792897
8792898
8792899
8792900
8792901
8792902
8792903
8792904
8792905
8792906
8792907
8792908
8792909
8792910
8792911
8792912
8792913
8792914
8792915
8792916
8792917
8792918
8792919
8792920
8792921
8792922
8792923
8792924
8792925
8792926
8792927
8792928
8792929
8792930
8792931
8792932
8792933
8792934
8792935
8792936
8792937
8792938
8792939
8792940
8792941
8792942
8792943
8792944
8792945
8792946
8792947
8792948
8792949
8792950
8792951
8792952
8792953
8792954
8792955
8792956
8792957
8792958
8792959
8792960
8792961
8792962
8792963
8792964
8792965
8792966
8792967
8792968
8792969
8792970
8792971
8792972
8792973
8792974
8792975
8792976
8792977
8792978
8792979
8792980
8792981
8792982
8792983
8792984
8792985
8792986
8792987
8792988
8792989
8792990
8792991
8792992
8792993
8792994
8792995
8792996
8792997
8792998
8792999
8793000
8793001
8793002
8793003
8793004
8793005
8793006
8793007
8793008
8793009
8793010
8793011
8793012
8793013
8793014
8793015
8793016
8793017
8793018
8793019
8793020
8793021
8793022
8793023
8793024
8793025
8793026
8793027
8793028
8793029
8793030
8793031
8793032
8793033
8793034
8793035
8793036
8793037
8793038
8793039
8793040
8793041
8793042
8793043
8793044
8793045
8793046
8793047
8793048
8793049
8793050
8793051
8793052
8793053
8793054
8793055
8793056
8793057
8793058
8793059
8793060
8793061
8793062
8793063
8793064
8793065
8793066
8793067
8793068
8793069
8793070
8793071
8793072
8793073
8793074
8793075
8793076
8793077
8793078
8793079
8793080
8793081
8793082
8793083
8793084
8793085
8793086
8793087
8793088
8793089
8793090
8793091
8793092
8793093
8793094
8793095
8793096
8793097
8793098
8793099
8793100
8793101
8793102
8793103
8793104
8793105
8793106
8793107
8793108
8793109
8793110
8793111
8793112
8793113
8793114
8793115
8793116
8793117
8793118
8793119
8793120
8793121
8793122
8793123
8793124
8793125
8793126
8793127
8793128
8793129
8793130
8793131
8793132
8793133
8793134
8793135
8793136
8793137
8793138
8793139
8793140
8793141
8793142
8793143
8793144
8793145
8793146
8793147
8793148
8793149
8793150
8793151
8793152
8793153
8793154
8793155
8793156
8793157
8793158
8793159
8793160
8793161
8793162
8793163
8793164
8793165
8793166
8793167
8793168
8793169
8793170
8793171
8793172
8793173
8793174
8793175
8793176
8793177
8793178
8793179
8793180
8793181
8793182
8793183
8793184
8793185
8793186
8793187
8793188
8793189
8793190
8793191
8793192
8793193
8793194
8793195
8793196
8793197
8793198
8793199
8793200
8793201
8793202
8793203
8793204
8793205
8793206
8793207
8793208
8793209
8793210
8793211
8793212
8793213
8793214
8793215
8793216
8793217
8793218
8793219
8793220
8793221
8793222
8793223
8793224
8793225
8793226
8793227
8793228
8793229
8793230
8793231
8793232
8793233
8793234
8793235
8793236
8793237
8793238
8793239
8793240
8793241
8793242
8793243
8793244
8793245
8793246
8793247
8793248
8793249
8793250
8793251
8793252
8793253
8793254
8793255
8793256
8793257
8793258
8793259
8793260
8793261
8793262
8793263
8793264
8793265
8793266
8793267
8793268
8793269
8793270
8793271
8793272
8793273
8793274
8793275
8793276
8793277
8793278
8793279
8793280
8793281
8793282
8793283
8793284
8793285
8793286
8793287
8793288
8793289
8793290
8793291
8793292
8793293
8793294
8793295
8793296
8793297
8793298
8793299
8793300
8793301
8793302
8793303
8793304
8793305
8793306
8793307
8793308
8793309
8793310
8793311
8793312
8793313
8793314
8793315
8793316
8793317
8793318
8793319
8793320
8793321
8793322
8793323
8793324
8793325
8793326
8793327
8793328
8793329
8793330
8793331
8793332
8793333
8793334
8793335
8793336
8793337
8793338
8793339
8793340
8793341
8793342
8793343
8793344
8793345
8793346
8793347
8793348
8793349
8793350
8793351
8793352
8793353
8793354
8793355
8793356
8793357
8793358
8793359
8793360
8793361
8793362
8793363
8793364
8793365
8793366
8793367
8793368
8793369
8793370
8793371
8793372
8793373
8793374
8793375
8793376
8793377
8793378
8793379
8793380
8793381
8793382
8793383
8793384
8793385
8793386
8793387
8793388
8793389
8793390
8793391
8793392
8793393
8793394
8793395
8793396
8793397
8793398
8793399
8793400
8793401
8793402
8793403
8793404
8793405
8793406
8793407
8793408
8793409
8793410
8793411
8793412
8793413
8793414
8793415
8793416
8793417
8793418
8793419
8793420
8793421
8793422
8793423
8793424
8793425
8793426
8793427
8793428
8793429
8793430
8793431
8793432
8793433
8793434
8793435
8793436
8793437
8793438
8793439
8793440
8793441
8793442
8793443
8793444
8793445
8793446
8793447
8793448
8793449
8793450
8793451
8793452
8793453
8793454
8793455
8793456
8793457
8793458
8793459
8793460
8793461
8793462
8793463
8793464
8793465
8793466
8793467
8793468
8793469
8793470
8793471
8793472
8793473
8793474
8793475
8793476
8793477
8793478
8793479
8793480
8793481
8793482
8793483
8793484
8793485
8793486
8793487
8793488
8793489
8793490
8793491
8793492
8793493
8793494
8793495
8793496
8793497
8793498
8793499
8793500
8793501
8793502
8793503
8793504
8793505
8793506
8793507
8793508
8793509
8793510
8793511
8793512
8793513
8793514
8793515
8793516
8793517
8793518
8793519
8793520
8793521
8793522
8793523
8793524
8793525
8793526
8793527
8793528
8793529
8793530
8793531
8793532
8793533
8793534
8793535
8793536
8793537
8793538
8793539
8793540
8793541
8793542
8793543
8793544
8793545
8793546
8793547
8793548
8793549
8793550
8793551
8793552
8793553
8793554
8793555
8793556
8793557
8793558
8793559
8793560
8793561
8793562
8793563
8793564
8793565
8793566
8793567
8793568
8793569
8793570
8793571
8793572
8793573
8793574
8793575
8793576
8793577
8793578
8793579
8793580
8793581
8793582
8793583
8793584
8793585
8793586
8793587
8793588
8793589
8793590
8793591
8793592
8793593
8793594
8793595
8793596
8793597
8793598
8793599
8793600
8793601
8793602
8793603
8793604
8793605
8793606
8793607
8793608
8793609
8793610
8793611
8793612
8793613
8793614
8793615
8793616
8793617
8793618
8793619
8793620
8793621
8793622
8793623
8793624
8793625
8793626
8793627
8793628
8793629
8793630
8793631
8793632
8793633
8793634
8793635
8793636
8793637
8793638
8793639
8793640
8793641
8793642
8793643
8793644
8793645
8793646
8793647
8793648
8793649
8793650
8793651
8793652
8793653
8793654
8793655
8793656
8793657
8793658
8793659
8793660
8793661
8793662
8793663
8793664
8793665
8793666
8793667
8793668
8793669
8793670
8793671
8793672
8793673
8793674
8793675
8793676
8793677
8793678
8793679
8793680
8793681
8793682
8793683
8793684
8793685
8793686
8793687
8793688
8793689
8793690
8793691
8793692
8793693
8793694
8793695
8793696
8793697
8793698
8793699
8793700
8793701
8793702
8793703
8793704
8793705
8793706
8793707
8793708
8793709
8793710
8793711
8793712
8793713
8793714
8793715
8793716
8793717
8793718
8793719
8793720
8793721
8793722
8793723
8793724
8793725
8793726
8793727
8793728
8793729
8793730
8793731
8793732
8793733
8793734
8793735
8793736
8793737
8793738
8793739
8793740
8793741
8793742
8793743
8793744
8793745
8793746
8793747
8793748
8793749
8793750
8793751
8793752
8793753
8793754
8793755
8793756
8793757
8793758
8793759
8793760
8793761
8793762
8793763
8793764
8793765
8793766
8793767
8793768
8793769
8793770
8793771
8793772
8793773
8793774
8793775
8793776
8793777
8793778
8793779
8793780
8793781
8793782
8793783
8793784
8793785
8793786
8793787
8793788
8793789
8793790
8793791
8793792
8793793
8793794
8793795
8793796
8793797
8793798
8793799
8793800
8793801
8793802
8793803
8793804
8793805
8793806
8793807
8793808
8793809
8793810
8793811
8793812
8793813
8793814
8793815
8793816
8793817
8793818
8793819
8793820
8793821
8793822
8793823
8793824
8793825
8793826
8793827
8793828
8793829
8793830
8793831
8793832
8793833
8793834
8793835
8793836
8793837
8793838
8793839
8793840
8793841
8793842
8793843
8793844
8793845
8793846
8793847
8793848
8793849
8793850
8793851
8793852
8793853
8793854
8793855
8793856
8793857
8793858
8793859
8793860
8793861
8793862
8793863
8793864
8793865
8793866
8793867
8793868
8793869
8793870
8793871
8793872
8793873
8793874
8793875
8793876
8793877
8793878
8793879
8793880
8793881
8793882
8793883
8793884
8793885
8793886
8793887
8793888
8793889
8793890
8793891
8793892
8793893
8793894
8793895
8793896
8793897
8793898
8793899
8793900
8793901
8793902
8793903
8793904
8793905
8793906
8793907
8793908
8793909
8793910
8793911
8793912
8793913
8793914
8793915
8793916
8793917
8793918
8793919
8793920
8793921
8793922
8793923
8793924
8793925
8793926
8793927
8793928
8793929
8793930
8793931
8793932
8793933
8793934
8793935
8793936
8793937
8793938
8793939
8793940
8793941
8793942
8793943
8793944
8793945
8793946
8793947
8793948
8793949
8793950
8793951
8793952
8793953
8793954
8793955
8793956
8793957
8793958
8793959
8793960
8793961
8793962
8793963
8793964
8793965
8793966
8793967
8793968
8793969
8793970
8793971
8793972
8793973
8793974
8793975
8793976
8793977
8793978
8793979
8793980
8793981
8793982
8793983
8793984
8793985
8793986
8793987
8793988
8793989
8793990
8793991
8793992
8793993
8793994
8793995
8793996
8793997
8793998
8793999
8794000
8794001
8794002
8794003
8794004
8794005
8794006
8794007
8794008
8794009
8794010
8794011
8794012
8794013
8794014
8794015
8794016
8794017
8794018
8794019
8794020
8794021
8794022
8794023
8794024
8794025
8794026
8794027
8794028
8794029
8794030
8794031
8794032
8794033
8794034
8794035
8794036
8794037
8794038
8794039
8794040
8794041
8794042
8794043
8794044
8794045
8794046
8794047
8794048
8794049
8794050
8794051
8794052
8794053
8794054
8794055
8794056
8794057
8794058
8794059
8794060
8794061
8794062
8794063
8794064
8794065
8794066
8794067
8794068
8794069
8794070
8794071
8794072
8794073
8794074
8794075
8794076
8794077
8794078
8794079
8794080
8794081
8794082
8794083
8794084
8794085
8794086
8794087
8794088
8794089
8794090
8794091
8794092
8794093
8794094
8794095
8794096
8794097
8794098
8794099
8794100
8794101
8794102
8794103
8794104
8794105
8794106
8794107
8794108
8794109
8794110
8794111
8794112
8794113
8794114
8794115
8794116
8794117
8794118
8794119
8794120
8794121
8794122
8794123
8794124
8794125
8794126
8794127
8794128
8794129
8794130
8794131
8794132
8794133
8794134
8794135
8794136
8794137
8794138
8794139
8794140
8794141
8794142
8794143
8794144
8794145
8794146
8794147
8794148
8794149
8794150
8794151
8794152
8794153
8794154
8794155
8794156
8794157
8794158
8794159
8794160
8794161
8794162
8794163
8794164
8794165
8794166
8794167
8794168
8794169
8794170
8794171
8794172
8794173
8794174
8794175
8794176
8794177
8794178
8794179
8794180
8794181
8794182
8794183
8794184
8794185
8794186
8794187
8794188
8794189
8794190
8794191
8794192
8794193
8794194
8794195
8794196
8794197
8794198
8794199
8794200
8794201
8794202
8794203
8794204
8794205
8794206
8794207
8794208
8794209
8794210
8794211
8794212
8794213
8794214
8794215
8794216
8794217
8794218
8794219
8794220
8794221
8794222
8794223
8794224
8794225
8794226
8794227
8794228
8794229
8794230
8794231
8794232
8794233
8794234
8794235
8794236
8794237
8794238
8794239
8794240
8794241
8794242
8794243
8794244
8794245
8794246
8794247
8794248
8794249
8794250
8794251
8794252
8794253
8794254
8794255
8794256
8794257
8794258
8794259
8794260
8794261
8794262
8794263
8794264
8794265
8794266
8794267
8794268
8794269
8794270
8794271
8794272
8794273
8794274
8794275
8794276
8794277
8794278
8794279
8794280
8794281
8794282
8794283
8794284
8794285
8794286
8794287
8794288
8794289
8794290
8794291
8794292
8794293
8794294
8794295
8794296
8794297
8794298
8794299
8794300
8794301
8794302
8794303
8794304
8794305
8794306
8794307
8794308
8794309
8794310
8794311
8794312
8794313
8794314
8794315
8794316
8794317
8794318
8794319
8794320
8794321
8794322
8794323
8794324
8794325
8794326
8794327
8794328
8794329
8794330
8794331
8794332
8794333
8794334
8794335
8794336
8794337
8794338
8794339
8794340
8794341
8794342
8794343
8794344
8794345
8794346
8794347
8794348
8794349
8794350
8794351
8794352
8794353
8794354
8794355
8794356
8794357
8794358
8794359
8794360
8794361
8794362
8794363
8794364
8794365
8794366
8794367
8794368
8794369
8794370
8794371
8794372
8794373
8794374
8794375
8794376
8794377
8794378
8794379
8794380
8794381
8794382
8794383
8794384
8794385
8794386
8794387
8794388
8794389
8794390
8794391
8794392
8794393
8794394
8794395
8794396
8794397
8794398
8794399
8794400
8794401
8794402
8794403
8794404
8794405
8794406
8794407
8794408
8794409
8794410
8794411
8794412
8794413
8794414
8794415
8794416
8794417
8794418
8794419
8794420
8794421
8794422
8794423
8794424
8794425
8794426
8794427
8794428
8794429
8794430
8794431
8794432
8794433
8794434
8794435
8794436
8794437
8794438
8794439
8794440
8794441
8794442
8794443
8794444
8794445
8794446
8794447
8794448
8794449
8794450
8794451
8794452
8794453
8794454
8794455
8794456
8794457
8794458
8794459
8794460
8794461
8794462
8794463
8794464
8794465
8794466
8794467
8794468
8794469
8794470
8794471
8794472
8794473
8794474
8794475
8794476
8794477
8794478
8794479
8794480
8794481
8794482
8794483
8794484
8794485
8794486
8794487
8794488
8794489
8794490
8794491
8794492
8794493
8794494
8794495
8794496
8794497
8794498
8794499
8794500
8794501
8794502
8794503
8794504
8794505
8794506
8794507
8794508
8794509
8794510
8794511
8794512
8794513
8794514
8794515
8794516
8794517
8794518
8794519
8794520
8794521
8794522
8794523
8794524
8794525
8794526
8794527
8794528
8794529
8794530
8794531
8794532
8794533
8794534
8794535
8794536
8794537
8794538
8794539
8794540
8794541
8794542
8794543
8794544
8794545
8794546
8794547
8794548
8794549
8794550
8794551
8794552
8794553
8794554
8794555
8794556
8794557
8794558
8794559
8794560
8794561
8794562
8794563
8794564
8794565
8794566
8794567
8794568
8794569
8794570
8794571
8794572
8794573
8794574
8794575
8794576
8794577
8794578
8794579
8794580
8794581
8794582
8794583
8794584
8794585
8794586
8794587
8794588
8794589
8794590
8794591
8794592
8794593
8794594
8794595
8794596
8794597
8794598
8794599
8794600
8794601
8794602
8794603
8794604
8794605
8794606
8794607
8794608
8794609
8794610
8794611
8794612
8794613
8794614
8794615
8794616
8794617
8794618
8794619
8794620
8794621
8794622
8794623
8794624
8794625
8794626
8794627
8794628
8794629
8794630
8794631
8794632
8794633
8794634
8794635
8794636
8794637
8794638
8794639
8794640
8794641
8794642
8794643
8794644
8794645
8794646
8794647
8794648
8794649
8794650
8794651
8794652
8794653
8794654
8794655
8794656
8794657
8794658
8794659
8794660
8794661
8794662
8794663
8794664
8794665
8794666
8794667
8794668
8794669
8794670
8794671
8794672
8794673
8794674
8794675
8794676
8794677
8794678
8794679
8794680
8794681
8794682
8794683
8794684
8794685
8794686
8794687
8794688
8794689
8794690
8794691
8794692
8794693
8794694
8794695
8794696
8794697
8794698
8794699
8794700
8794701
8794702
8794703
8794704
8794705
8794706
8794707
8794708
8794709
8794710
8794711
8794712
8794713
8794714
8794715
8794716
8794717
8794718
8794719
8794720
8794721
8794722
8794723
8794724
8794725
8794726
8794727
8794728
8794729
8794730
8794731
8794732
8794733
8794734
8794735
8794736
8794737
8794738
8794739
8794740
8794741
8794742
8794743
8794744
8794745
8794746
8794747
8794748
8794749
8794750
8794751
8794752
8794753
8794754
8794755
8794756
8794757
8794758
8794759
8794760
8794761
8794762
8794763
8794764
8794765
8794766
8794767
8794768
8794769
8794770
8794771
8794772
8794773
8794774
8794775
8794776
8794777
8794778
8794779
8794780
8794781
8794782
8794783
8794784
8794785
8794786
8794787
8794788
8794789
8794790
8794791
8794792
8794793
8794794
8794795
8794796
8794797
8794798
8794799
8794800
8794801
8794802
8794803
8794804
8794805
8794806
8794807
8794808
8794809
8794810
8794811
8794812
8794813
8794814
8794815
8794816
8794817
8794818
8794819
8794820
8794821
8794822
8794823
8794824
8794825
8794826
8794827
8794828
8794829
8794830
8794831
8794832
8794833
8794834
8794835
8794836
8794837
8794838
8794839
8794840
8794841
8794842
8794843
8794844
8794845
8794846
8794847
8794848
8794849
8794850
8794851
8794852
8794853
8794854
8794855
8794856
8794857
8794858
8794859
8794860
8794861
8794862
8794863
8794864
8794865
8794866
8794867
8794868
8794869
8794870
8794871
8794872
8794873
8794874
8794875
8794876
8794877
8794878
8794879
8794880
8794881
8794882
8794883
8794884
8794885
8794886
8794887
8794888
8794889
8794890
8794891
8794892
8794893
8794894
8794895
8794896
8794897
8794898
8794899
8794900
8794901
8794902
8794903
8794904
8794905
8794906
8794907
8794908
8794909
8794910
8794911
8794912
8794913
8794914
8794915
8794916
8794917
8794918
8794919
8794920
8794921
8794922
8794923
8794924
8794925
8794926
8794927
8794928
8794929
8794930
8794931
8794932
8794933
8794934
8794935
8794936
8794937
8794938
8794939
8794940
8794941
8794942
8794943
8794944
8794945
8794946
8794947
8794948
8794949
8794950
8794951
8794952
8794953
8794954
8794955
8794956
8794957
8794958
8794959
8794960
8794961
8794962
8794963
8794964
8794965
8794966
8794967
8794968
8794969
8794970
8794971
8794972
8794973
8794974
8794975
8794976
8794977
8794978
8794979
8794980
8794981
8794982
8794983
8794984
8794985
8794986
8794987
8794988
8794989
8794990
8794991
8794992
8794993
8794994
8794995
8794996
8794997
8794998
8794999
8795000
8795001
8795002
8795003
8795004
8795005
8795006
8795007
8795008
8795009
8795010
8795011
8795012
8795013
8795014
8795015
8795016
8795017
8795018
8795019
8795020
8795021
8795022
8795023
8795024
8795025
8795026
8795027
8795028
8795029
8795030
8795031
8795032
8795033
8795034
8795035
8795036
8795037
8795038
8795039
8795040
8795041
8795042
8795043
8795044
8795045
8795046
8795047
8795048
8795049
8795050
8795051
8795052
8795053
8795054
8795055
8795056
8795057
8795058
8795059
8795060
8795061
8795062
8795063
8795064
8795065
8795066
8795067
8795068
8795069
8795070
8795071
8795072
8795073
8795074
8795075
8795076
8795077
8795078
8795079
8795080
8795081
8795082
8795083
8795084
8795085
8795086
8795087
8795088
8795089
8795090
8795091
8795092
8795093
8795094
8795095
8795096
8795097
8795098
8795099
8795100
8795101
8795102
8795103
8795104
8795105
8795106
8795107
8795108
8795109
8795110
8795111
8795112
8795113
8795114
8795115
8795116
8795117
8795118
8795119
8795120
8795121
8795122
8795123
8795124
8795125
8795126
8795127
8795128
8795129
8795130
8795131
8795132
8795133
8795134
8795135
8795136
8795137
8795138
8795139
8795140
8795141
8795142
8795143
8795144
8795145
8795146
8795147
8795148
8795149
8795150
8795151
8795152
8795153
8795154
8795155
8795156
8795157
8795158
8795159
8795160
8795161
8795162
8795163
8795164
8795165
8795166
8795167
8795168
8795169
8795170
8795171
8795172
8795173
8795174
8795175
8795176
8795177
8795178
8795179
8795180
8795181
8795182
8795183
8795184
8795185
8795186
8795187
8795188
8795189
8795190
8795191
8795192
8795193
8795194
8795195
8795196
8795197
8795198
8795199
8795200
8795201
8795202
8795203
8795204
8795205
8795206
8795207
8795208
8795209
8795210
8795211
8795212
8795213
8795214
8795215
8795216
8795217
8795218
8795219
8795220
8795221
8795222
8795223
8795224
8795225
8795226
8795227
8795228
8795229
8795230
8795231
8795232
8795233
8795234
8795235
8795236
8795237
8795238
8795239
8795240
8795241
8795242
8795243
8795244
8795245
8795246
8795247
8795248
8795249
8795250
8795251
8795252
8795253
8795254
8795255
8795256
8795257
8795258
8795259
8795260
8795261
8795262
8795263
8795264
8795265
8795266
8795267
8795268
8795269
8795270
8795271
8795272
8795273
8795274
8795275
8795276
8795277
8795278
8795279
8795280
8795281
8795282
8795283
8795284
8795285
8795286
8795287
8795288
8795289
8795290
8795291
8795292
8795293
8795294
8795295
8795296
8795297
8795298
8795299
8795300
8795301
8795302
8795303
8795304
8795305
8795306
8795307
8795308
8795309
8795310
8795311
8795312
8795313
8795314
8795315
8795316
8795317
8795318
8795319
8795320
8795321
8795322
8795323
8795324
8795325
8795326
8795327
8795328
8795329
8795330
8795331
8795332
8795333
8795334
8795335
8795336
8795337
8795338
8795339
8795340
8795341
8795342
8795343
8795344
8795345
8795346
8795347
8795348
8795349
8795350
8795351
8795352
8795353
8795354
8795355
8795356
8795357
8795358
8795359
8795360
8795361
8795362
8795363
8795364
8795365
8795366
8795367
8795368
8795369
8795370
8795371
8795372
8795373
8795374
8795375
8795376
8795377
8795378
8795379
8795380
8795381
8795382
8795383
8795384
8795385
8795386
8795387
8795388
8795389
8795390
8795391
8795392
8795393
8795394
8795395
8795396
8795397
8795398
8795399
8795400
8795401
8795402
8795403
8795404
8795405
8795406
8795407
8795408
8795409
8795410
8795411
8795412
8795413
8795414
8795415
8795416
8795417
8795418
8795419
8795420
8795421
8795422
8795423
8795424
8795425
8795426
8795427
8795428
8795429
8795430
8795431
8795432
8795433
8795434
8795435
8795436
8795437
8795438
8795439
8795440
8795441
8795442
8795443
8795444
8795445
8795446
8795447
8795448
8795449
8795450
8795451
8795452
8795453
8795454
8795455
8795456
8795457
8795458
8795459
8795460
8795461
8795462
8795463
8795464
8795465
8795466
8795467
8795468
8795469
8795470
8795471
8795472
8795473
8795474
8795475
8795476
8795477
8795478
8795479
8795480
8795481
8795482
8795483
8795484
8795485
8795486
8795487
8795488
8795489
8795490
8795491
8795492
8795493
8795494
8795495
8795496
8795497
8795498
8795499
8795500
8795501
8795502
8795503
8795504
8795505
8795506
8795507
8795508
8795509
8795510
8795511
8795512
8795513
8795514
8795515
8795516
8795517
8795518
8795519
8795520
8795521
8795522
8795523
8795524
8795525
8795526
8795527
8795528
8795529
8795530
8795531
8795532
8795533
8795534
8795535
8795536
8795537
8795538
8795539
8795540
8795541
8795542
8795543
8795544
8795545
8795546
8795547
8795548
8795549
8795550
8795551
8795552
8795553
8795554
8795555
8795556
8795557
8795558
8795559
8795560
8795561
8795562
8795563
8795564
8795565
8795566
8795567
8795568
8795569
8795570
8795571
8795572
8795573
8795574
8795575
8795576
8795577
8795578
8795579
8795580
8795581
8795582
8795583
8795584
8795585
8795586
8795587
8795588
8795589
8795590
8795591
8795592
8795593
8795594
8795595
8795596
8795597
8795598
8795599
8795600
8795601
8795602
8795603
8795604
8795605
8795606
8795607
8795608
8795609
8795610
8795611
8795612
8795613
8795614
8795615
8795616
8795617
8795618
8795619
8795620
8795621
8795622
8795623
8795624
8795625
8795626
8795627
8795628
8795629
8795630
8795631
8795632
8795633
8795634
8795635
8795636
8795637
8795638
8795639
8795640
8795641
8795642
8795643
8795644
8795645
8795646
8795647
8795648
8795649
8795650
8795651
8795652
8795653
8795654
8795655
8795656
8795657
8795658
8795659
8795660
8795661
8795662
8795663
8795664
8795665
8795666
8795667
8795668
8795669
8795670
8795671
8795672
8795673
8795674
8795675
8795676
8795677
8795678
8795679
8795680
8795681
8795682
8795683
8795684
8795685
8795686
8795687
8795688
8795689
8795690
8795691
8795692
8795693
8795694
8795695
8795696
8795697
8795698
8795699
8795700
8795701
8795702
8795703
8795704
8795705
8795706
8795707
8795708
8795709
8795710
8795711
8795712
8795713
8795714
8795715
8795716
8795717
8795718
8795719
8795720
8795721
8795722
8795723
8795724
8795725
8795726
8795727
8795728
8795729
8795730
8795731
8795732
8795733
8795734
8795735
8795736
8795737
8795738
8795739
8795740
8795741
8795742
8795743
8795744
8795745
8795746
8795747
8795748
8795749
8795750
8795751
8795752
8795753
8795754
8795755
8795756
8795757
8795758
8795759
8795760
8795761
8795762
8795763
8795764
8795765
8795766
8795767
8795768
8795769
8795770
8795771
8795772
8795773
8795774
8795775
8795776
8795777
8795778
8795779
8795780
8795781
8795782
8795783
8795784
8795785
8795786
8795787
8795788
8795789
8795790
8795791
8795792
8795793
8795794
8795795
8795796
8795797
8795798
8795799
8795800
8795801
8795802
8795803
8795804
8795805
8795806
8795807
8795808
8795809
8795810
8795811
8795812
8795813
8795814
8795815
8795816
8795817
8795818
8795819
8795820
8795821
8795822
8795823
8795824
8795825
8795826
8795827
8795828
8795829
8795830
8795831
8795832
8795833
8795834
8795835
8795836
8795837
8795838
8795839
8795840
8795841
8795842
8795843
8795844
8795845
8795846
8795847
8795848
8795849
8795850
8795851
8795852
8795853
8795854
8795855
8795856
8795857
8795858
8795859
8795860
8795861
8795862
8795863
8795864
8795865
8795866
8795867
8795868
8795869
8795870
8795871
8795872
8795873
8795874
8795875
8795876
8795877
8795878
8795879
8795880
8795881
8795882
8795883
8795884
8795885
8795886
8795887
8795888
8795889
8795890
8795891
8795892
8795893
8795894
8795895
8795896
8795897
8795898
8795899
8795900
8795901
8795902
8795903
8795904
8795905
8795906
8795907
8795908
8795909
8795910
8795911
8795912
8795913
8795914
8795915
8795916
8795917
8795918
8795919
8795920
8795921
8795922
8795923
8795924
8795925
8795926
8795927
8795928
8795929
8795930
8795931
8795932
8795933
8795934
8795935
8795936
8795937
8795938
8795939
8795940
8795941
8795942
8795943
8795944
8795945
8795946
8795947
8795948
8795949
8795950
8795951
8795952
8795953
8795954
8795955
8795956
8795957
8795958
8795959
8795960
8795961
8795962
8795963
8795964
8795965
8795966
8795967
8795968
8795969
8795970
8795971
8795972
8795973
8795974
8795975
8795976
8795977
8795978
8795979
8795980
8795981
8795982
8795983
8795984
8795985
8795986
8795987
8795988
8795989
8795990
8795991
8795992
8795993
8795994
8795995
8795996
8795997
8795998
8795999
8796000
8796001
8796002
8796003
8796004
8796005
8796006
8796007
8796008
8796009
8796010
8796011
8796012
8796013
8796014
8796015
8796016
8796017
8796018
8796019
8796020
8796021
8796022
8796023
8796024
8796025
8796026
8796027
8796028
8796029
8796030
8796031
8796032
8796033
8796034
8796035
8796036
8796037
8796038
8796039
8796040
8796041
8796042
8796043
8796044
8796045
8796046
8796047
8796048
8796049
8796050
8796051
8796052
8796053
8796054
8796055
8796056
8796057
8796058
8796059
8796060
8796061
8796062
8796063
8796064
8796065
8796066
8796067
8796068
8796069
8796070
8796071
8796072
8796073
8796074
8796075
8796076
8796077
8796078
8796079
8796080
8796081
8796082
8796083
8796084
8796085
8796086
8796087
8796088
8796089
8796090
8796091
8796092
8796093
8796094
8796095
8796096
8796097
8796098
8796099
8796100
8796101
8796102
8796103
8796104
8796105
8796106
8796107
8796108
8796109
8796110
8796111
8796112
8796113
8796114
8796115
8796116
8796117
8796118
8796119
8796120
8796121
8796122
8796123
8796124
8796125
8796126
8796127
8796128
8796129
8796130
8796131
8796132
8796133
8796134
8796135
8796136
8796137
8796138
8796139
8796140
8796141
8796142
8796143
8796144
8796145
8796146
8796147
8796148
8796149
8796150
8796151
8796152
8796153
8796154
8796155
8796156
8796157
8796158
8796159
8796160
8796161
8796162
8796163
8796164
8796165
8796166
8796167
8796168
8796169
8796170
8796171
8796172
8796173
8796174
8796175
8796176
8796177
8796178
8796179
8796180
8796181
8796182
8796183
8796184
8796185
8796186
8796187
8796188
8796189
8796190
8796191
8796192
8796193
8796194
8796195
8796196
8796197
8796198
8796199
8796200
8796201
8796202
8796203
8796204
8796205
8796206
8796207
8796208
8796209
8796210
8796211
8796212
8796213
8796214
8796215
8796216
8796217
8796218
8796219
8796220
8796221
8796222
8796223
8796224
8796225
8796226
8796227
8796228
8796229
8796230
8796231
8796232
8796233
8796234
8796235
8796236
8796237
8796238
8796239
8796240
8796241
8796242
8796243
8796244
8796245
8796246
8796247
8796248
8796249
8796250
8796251
8796252
8796253
8796254
8796255
8796256
8796257
8796258
8796259
8796260
8796261
8796262
8796263
8796264
8796265
8796266
8796267
8796268
8796269
8796270
8796271
8796272
8796273
8796274
8796275
8796276
8796277
8796278
8796279
8796280
8796281
8796282
8796283
8796284
8796285
8796286
8796287
8796288
8796289
8796290
8796291
8796292
8796293
8796294
8796295
8796296
8796297
8796298
8796299
8796300
8796301
8796302
8796303
8796304
8796305
8796306
8796307
8796308
8796309
8796310
8796311
8796312
8796313
8796314
8796315
8796316
8796317
8796318
8796319
8796320
8796321
8796322
8796323
8796324
8796325
8796326
8796327
8796328
8796329
8796330
8796331
8796332
8796333
8796334
8796335
8796336
8796337
8796338
8796339
8796340
8796341
8796342
8796343
8796344
8796345
8796346
8796347
8796348
8796349
8796350
8796351
8796352
8796353
8796354
8796355
8796356
8796357
8796358
8796359
8796360
8796361
8796362
8796363
8796364
8796365
8796366
8796367
8796368
8796369
8796370
8796371
8796372
8796373
8796374
8796375
8796376
8796377
8796378
8796379
8796380
8796381
8796382
8796383
8796384
8796385
8796386
8796387
8796388
8796389
8796390
8796391
8796392
8796393
8796394
8796395
8796396
8796397
8796398
8796399
8796400
8796401
8796402
8796403
8796404
8796405
8796406
8796407
8796408
8796409
8796410
8796411
8796412
8796413
8796414
8796415
8796416
8796417
8796418
8796419
8796420
8796421
8796422
8796423
8796424
8796425
8796426
8796427
8796428
8796429
8796430
8796431
8796432
8796433
8796434
8796435
8796436
8796437
8796438
8796439
8796440
8796441
8796442
8796443
8796444
8796445
8796446
8796447
8796448
8796449
8796450
8796451
8796452
8796453
8796454
8796455
8796456
8796457
8796458
8796459
8796460
8796461
8796462
8796463
8796464
8796465
8796466
8796467
8796468
8796469
8796470
8796471
8796472
8796473
8796474
8796475
8796476
8796477
8796478
8796479
8796480
8796481
8796482
8796483
8796484
8796485
8796486
8796487
8796488
8796489
8796490
8796491
8796492
8796493
8796494
8796495
8796496
8796497
8796498
8796499
8796500
8796501
8796502
8796503
8796504
8796505
8796506
8796507
8796508
8796509
8796510
8796511
8796512
8796513
8796514
8796515
8796516
8796517
8796518
8796519
8796520
8796521
8796522
8796523
8796524
8796525
8796526
8796527
8796528
8796529
8796530
8796531
8796532
8796533
8796534
8796535
8796536
8796537
8796538
8796539
8796540
8796541
8796542
8796543
8796544
8796545
8796546
8796547
8796548
8796549
8796550
8796551
8796552
8796553
8796554
8796555
8796556
8796557
8796558
8796559
8796560
8796561
8796562
8796563
8796564
8796565
8796566
8796567
8796568
8796569
8796570
8796571
8796572
8796573
8796574
8796575
8796576
8796577
8796578
8796579
8796580
8796581
8796582
8796583
8796584
8796585
8796586
8796587
8796588
8796589
8796590
8796591
8796592
8796593
8796594
8796595
8796596
8796597
8796598
8796599
8796600
8796601
8796602
8796603
8796604
8796605
8796606
8796607
8796608
8796609
8796610
8796611
8796612
8796613
8796614
8796615
8796616
8796617
8796618
8796619
8796620
8796621
8796622
8796623
8796624
8796625
8796626
8796627
8796628
8796629
8796630
8796631
8796632
8796633
8796634
8796635
8796636
8796637
8796638
8796639
8796640
8796641
8796642
8796643
8796644
8796645
8796646
8796647
8796648
8796649
8796650
8796651
8796652
8796653
8796654
8796655
8796656
8796657
8796658
8796659
8796660
8796661
8796662
8796663
8796664
8796665
8796666
8796667
8796668
8796669
8796670
8796671
8796672
8796673
8796674
8796675
8796676
8796677
8796678
8796679
8796680
8796681
8796682
8796683
8796684
8796685
8796686
8796687
8796688
8796689
8796690
8796691
8796692
8796693
8796694
8796695
8796696
8796697
8796698
8796699
8796700
8796701
8796702
8796703
8796704
8796705
8796706
8796707
8796708
8796709
8796710
8796711
8796712
8796713
8796714
8796715
8796716
8796717
8796718
8796719
8796720
8796721
8796722
8796723
8796724
8796725
8796726
8796727
8796728
8796729
8796730
8796731
8796732
8796733
8796734
8796735
8796736
8796737
8796738
8796739
8796740
8796741
8796742
8796743
8796744
8796745
8796746
8796747
8796748
8796749
8796750
8796751
8796752
8796753
8796754
8796755
8796756
8796757
8796758
8796759
8796760
8796761
8796762
8796763
8796764
8796765
8796766
8796767
8796768
8796769
8796770
8796771
8796772
8796773
8796774
8796775
8796776
8796777
8796778
8796779
8796780
8796781
8796782
8796783
8796784
8796785
8796786
8796787
8796788
8796789
8796790
8796791
8796792
8796793
8796794
8796795
8796796
8796797
8796798
8796799
8796800
8796801
8796802
8796803
8796804
8796805
8796806
8796807
8796808
8796809
8796810
8796811
8796812
8796813
8796814
8796815
8796816
8796817
8796818
8796819
8796820
8796821
8796822
8796823
8796824
8796825
8796826
8796827
8796828
8796829
8796830
8796831
8796832
8796833
8796834
8796835
8796836
8796837
8796838
8796839
8796840
8796841
8796842
8796843
8796844
8796845
8796846
8796847
8796848
8796849
8796850
8796851
8796852
8796853
8796854
8796855
8796856
8796857
8796858
8796859
8796860
8796861
8796862
8796863
8796864
8796865
8796866
8796867
8796868
8796869
8796870
8796871
8796872
8796873
8796874
8796875
8796876
8796877
8796878
8796879
8796880
8796881
8796882
8796883
8796884
8796885
8796886
8796887
8796888
8796889
8796890
8796891
8796892
8796893
8796894
8796895
8796896
8796897
8796898
8796899
8796900
8796901
8796902
8796903
8796904
8796905
8796906
8796907
8796908
8796909
8796910
8796911
8796912
8796913
8796914
8796915
8796916
8796917
8796918
8796919
8796920
8796921
8796922
8796923
8796924
8796925
8796926
8796927
8796928
8796929
8796930
8796931
8796932
8796933
8796934
8796935
8796936
8796937
8796938
8796939
8796940
8796941
8796942
8796943
8796944
8796945
8796946
8796947
8796948
8796949
8796950
8796951
8796952
8796953
8796954
8796955
8796956
8796957
8796958
8796959
8796960
8796961
8796962
8796963
8796964
8796965
8796966
8796967
8796968
8796969
8796970
8796971
8796972
8796973
8796974
8796975
8796976
8796977
8796978
8796979
8796980
8796981
8796982
8796983
8796984
8796985
8796986
8796987
8796988
8796989
8796990
8796991
8796992
8796993
8796994
8796995
8796996
8796997
8796998
8796999
8797000
8797001
8797002
8797003
8797004
8797005
8797006
8797007
8797008
8797009
8797010
8797011
8797012
8797013
8797014
8797015
8797016
8797017
8797018
8797019
8797020
8797021
8797022
8797023
8797024
8797025
8797026
8797027
8797028
8797029
8797030
8797031
8797032
8797033
8797034
8797035
8797036
8797037
8797038
8797039
8797040
8797041
8797042
8797043
8797044
8797045
8797046
8797047
8797048
8797049
8797050
8797051
8797052
8797053
8797054
8797055
8797056
8797057
8797058
8797059
8797060
8797061
8797062
8797063
8797064
8797065
8797066
8797067
8797068
8797069
8797070
8797071
8797072
8797073
8797074
8797075
8797076
8797077
8797078
8797079
8797080
8797081
8797082
8797083
8797084
8797085
8797086
8797087
8797088
8797089
8797090
8797091
8797092
8797093
8797094
8797095
8797096
8797097
8797098
8797099
8797100
8797101
8797102
8797103
8797104
8797105
8797106
8797107
8797108
8797109
8797110
8797111
8797112
8797113
8797114
8797115
8797116
8797117
8797118
8797119
8797120
8797121
8797122
8797123
8797124
8797125
8797126
8797127
8797128
8797129
8797130
8797131
8797132
8797133
8797134
8797135
8797136
8797137
8797138
8797139
8797140
8797141
8797142
8797143
8797144
8797145
8797146
8797147
8797148
8797149
8797150
8797151
8797152
8797153
8797154
8797155
8797156
8797157
8797158
8797159
8797160
8797161
8797162
8797163
8797164
8797165
8797166
8797167
8797168
8797169
8797170
8797171
8797172
8797173
8797174
8797175
8797176
8797177
8797178
8797179
8797180
8797181
8797182
8797183
8797184
8797185
8797186
8797187
8797188
8797189
8797190
8797191
8797192
8797193
8797194
8797195
8797196
8797197
8797198
8797199
8797200
8797201
8797202
8797203
8797204
8797205
8797206
8797207
8797208
8797209
8797210
8797211
8797212
8797213
8797214
8797215
8797216
8797217
8797218
8797219
8797220
8797221
8797222
8797223
8797224
8797225
8797226
8797227
8797228
8797229
8797230
8797231
8797232
8797233
8797234
8797235
8797236
8797237
8797238
8797239
8797240
8797241
8797242
8797243
8797244
8797245
8797246
8797247
8797248
8797249
8797250
8797251
8797252
8797253
8797254
8797255
8797256
8797257
8797258
8797259
8797260
8797261
8797262
8797263
8797264
8797265
8797266
8797267
8797268
8797269
8797270
8797271
8797272
8797273
8797274
8797275
8797276
8797277
8797278
8797279
8797280
8797281
8797282
8797283
8797284
8797285
8797286
8797287
8797288
8797289
8797290
8797291
8797292
8797293
8797294
8797295
8797296
8797297
8797298
8797299
8797300
8797301
8797302
8797303
8797304
8797305
8797306
8797307
8797308
8797309
8797310
8797311
8797312
8797313
8797314
8797315
8797316
8797317
8797318
8797319
8797320
8797321
8797322
8797323
8797324
8797325
8797326
8797327
8797328
8797329
8797330
8797331
8797332
8797333
8797334
8797335
8797336
8797337
8797338
8797339
8797340
8797341
8797342
8797343
8797344
8797345
8797346
8797347
8797348
8797349
8797350
8797351
8797352
8797353
8797354
8797355
8797356
8797357
8797358
8797359
8797360
8797361
8797362
8797363
8797364
8797365
8797366
8797367
8797368
8797369
8797370
8797371
8797372
8797373
8797374
8797375
8797376
8797377
8797378
8797379
8797380
8797381
8797382
8797383
8797384
8797385
8797386
8797387
8797388
8797389
8797390
8797391
8797392
8797393
8797394
8797395
8797396
8797397
8797398
8797399
8797400
8797401
8797402
8797403
8797404
8797405
8797406
8797407
8797408
8797409
8797410
8797411
8797412
8797413
8797414
8797415
8797416
8797417
8797418
8797419
8797420
8797421
8797422
8797423
8797424
8797425
8797426
8797427
8797428
8797429
8797430
8797431
8797432
8797433
8797434
8797435
8797436
8797437
8797438
8797439
8797440
8797441
8797442
8797443
8797444
8797445
8797446
8797447
8797448
8797449
8797450
8797451
8797452
8797453
8797454
8797455
8797456
8797457
8797458
8797459
8797460
8797461
8797462
8797463
8797464
8797465
8797466
8797467
8797468
8797469
8797470
8797471
8797472
8797473
8797474
8797475
8797476
8797477
8797478
8797479
8797480
8797481
8797482
8797483
8797484
8797485
8797486
8797487
8797488
8797489
8797490
8797491
8797492
8797493
8797494
8797495
8797496
8797497
8797498
8797499
8797500
8797501
8797502
8797503
8797504
8797505
8797506
8797507
8797508
8797509
8797510
8797511
8797512
8797513
8797514
8797515
8797516
8797517
8797518
8797519
8797520
8797521
8797522
8797523
8797524
8797525
8797526
8797527
8797528
8797529
8797530
8797531
8797532
8797533
8797534
8797535
8797536
8797537
8797538
8797539
8797540
8797541
8797542
8797543
8797544
8797545
8797546
8797547
8797548
8797549
8797550
8797551
8797552
8797553
8797554
8797555
8797556
8797557
8797558
8797559
8797560
8797561
8797562
8797563
8797564
8797565
8797566
8797567
8797568
8797569
8797570
8797571
8797572
8797573
8797574
8797575
8797576
8797577
8797578
8797579
8797580
8797581
8797582
8797583
8797584
8797585
8797586
8797587
8797588
8797589
8797590
8797591
8797592
8797593
8797594
8797595
8797596
8797597
8797598
8797599
8797600
8797601
8797602
8797603
8797604
8797605
8797606
8797607
8797608
8797609
8797610
8797611
8797612
8797613
8797614
8797615
8797616
8797617
8797618
8797619
8797620
8797621
8797622
8797623
8797624
8797625
8797626
8797627
8797628
8797629
8797630
8797631
8797632
8797633
8797634
8797635
8797636
8797637
8797638
8797639
8797640
8797641
8797642
8797643
8797644
8797645
8797646
8797647
8797648
8797649
8797650
8797651
8797652
8797653
8797654
8797655
8797656
8797657
8797658
8797659
8797660
8797661
8797662
8797663
8797664
8797665
8797666
8797667
8797668
8797669
8797670
8797671
8797672
8797673
8797674
8797675
8797676
8797677
8797678
8797679
8797680
8797681
8797682
8797683
8797684
8797685
8797686
8797687
8797688
8797689
8797690
8797691
8797692
8797693
8797694
8797695
8797696
8797697
8797698
8797699
8797700
8797701
8797702
8797703
8797704
8797705
8797706
8797707
8797708
8797709
8797710
8797711
8797712
8797713
8797714
8797715
8797716
8797717
8797718
8797719
8797720
8797721
8797722
8797723
8797724
8797725
8797726
8797727
8797728
8797729
8797730
8797731
8797732
8797733
8797734
8797735
8797736
8797737
8797738
8797739
8797740
8797741
8797742
8797743
8797744
8797745
8797746
8797747
8797748
8797749
8797750
8797751
8797752
8797753
8797754
8797755
8797756
8797757
8797758
8797759
8797760
8797761
8797762
8797763
8797764
8797765
8797766
8797767
8797768
8797769
8797770
8797771
8797772
8797773
8797774
8797775
8797776
8797777
8797778
8797779
8797780
8797781
8797782
8797783
8797784
8797785
8797786
8797787
8797788
8797789
8797790
8797791
8797792
8797793
8797794
8797795
8797796
8797797
8797798
8797799
8797800
8797801
8797802
8797803
8797804
8797805
8797806
8797807
8797808
8797809
8797810
8797811
8797812
8797813
8797814
8797815
8797816
8797817
8797818
8797819
8797820
8797821
8797822
8797823
8797824
8797825
8797826
8797827
8797828
8797829
8797830
8797831
8797832
8797833
8797834
8797835
8797836
8797837
8797838
8797839
8797840
8797841
8797842
8797843
8797844
8797845
8797846
8797847
8797848
8797849
8797850
8797851
8797852
8797853
8797854
8797855
8797856
8797857
8797858
8797859
8797860
8797861
8797862
8797863
8797864
8797865
8797866
8797867
8797868
8797869
8797870
8797871
8797872
8797873
8797874
8797875
8797876
8797877
8797878
8797879
8797880
8797881
8797882
8797883
8797884
8797885
8797886
8797887
8797888
8797889
8797890
8797891
8797892
8797893
8797894
8797895
8797896
8797897
8797898
8797899
8797900
8797901
8797902
8797903
8797904
8797905
8797906
8797907
8797908
8797909
8797910
8797911
8797912
8797913
8797914
8797915
8797916
8797917
8797918
8797919
8797920
8797921
8797922
8797923
8797924
8797925
8797926
8797927
8797928
8797929
8797930
8797931
8797932
8797933
8797934
8797935
8797936
8797937
8797938
8797939
8797940
8797941
8797942
8797943
8797944
8797945
8797946
8797947
8797948
8797949
8797950
8797951
8797952
8797953
8797954
8797955
8797956
8797957
8797958
8797959
8797960
8797961
8797962
8797963
8797964
8797965
8797966
8797967
8797968
8797969
8797970
8797971
8797972
8797973
8797974
8797975
8797976
8797977
8797978
8797979
8797980
8797981
8797982
8797983
8797984
8797985
8797986
8797987
8797988
8797989
8797990
8797991
8797992
8797993
8797994
8797995
8797996
8797997
8797998
8797999
8798000
8798001
8798002
8798003
8798004
8798005
8798006
8798007
8798008
8798009
8798010
8798011
8798012
8798013
8798014
8798015
8798016
8798017
8798018
8798019
8798020
8798021
8798022
8798023
8798024
8798025
8798026
8798027
8798028
8798029
8798030
8798031
8798032
8798033
8798034
8798035
8798036
8798037
8798038
8798039
8798040
8798041
8798042
8798043
8798044
8798045
8798046
8798047
8798048
8798049
8798050
8798051
8798052
8798053
8798054
8798055
8798056
8798057
8798058
8798059
8798060
8798061
8798062
8798063
8798064
8798065
8798066
8798067
8798068
8798069
8798070
8798071
8798072
8798073
8798074
8798075
8798076
8798077
8798078
8798079
8798080
8798081
8798082
8798083
8798084
8798085
8798086
8798087
8798088
8798089
8798090
8798091
8798092
8798093
8798094
8798095
8798096
8798097
8798098
8798099
8798100
8798101
8798102
8798103
8798104
8798105
8798106
8798107
8798108
8798109
8798110
8798111
8798112
8798113
8798114
8798115
8798116
8798117
8798118
8798119
8798120
8798121
8798122
8798123
8798124
8798125
8798126
8798127
8798128
8798129
8798130
8798131
8798132
8798133
8798134
8798135
8798136
8798137
8798138
8798139
8798140
8798141
8798142
8798143
8798144
8798145
8798146
8798147
8798148
8798149
8798150
8798151
8798152
8798153
8798154
8798155
8798156
8798157
8798158
8798159
8798160
8798161
8798162
8798163
8798164
8798165
8798166
8798167
8798168
8798169
8798170
8798171
8798172
8798173
8798174
8798175
8798176
8798177
8798178
8798179
8798180
8798181
8798182
8798183
8798184
8798185
8798186
8798187
8798188
8798189
8798190
8798191
8798192
8798193
8798194
8798195
8798196
8798197
8798198
8798199
8798200
8798201
8798202
8798203
8798204
8798205
8798206
8798207
8798208
8798209
8798210
8798211
8798212
8798213
8798214
8798215
8798216
8798217
8798218
8798219
8798220
8798221
8798222
8798223
8798224
8798225
8798226
8798227
8798228
8798229
8798230
8798231
8798232
8798233
8798234
8798235
8798236
8798237
8798238
8798239
8798240
8798241
8798242
8798243
8798244
8798245
8798246
8798247
8798248
8798249
8798250
8798251
8798252
8798253
8798254
8798255
8798256
8798257
8798258
8798259
8798260
8798261
8798262
8798263
8798264
8798265
8798266
8798267
8798268
8798269
8798270
8798271
8798272
8798273
8798274
8798275
8798276
8798277
8798278
8798279
8798280
8798281
8798282
8798283
8798284
8798285
8798286
8798287
8798288
8798289
8798290
8798291
8798292
8798293
8798294
8798295
8798296
8798297
8798298
8798299
8798300
8798301
8798302
8798303
8798304
8798305
8798306
8798307
8798308
8798309
8798310
8798311
8798312
8798313
8798314
8798315
8798316
8798317
8798318
8798319
8798320
8798321
8798322
8798323
8798324
8798325
8798326
8798327
8798328
8798329
8798330
8798331
8798332
8798333
8798334
8798335
8798336
8798337
8798338
8798339
8798340
8798341
8798342
8798343
8798344
8798345
8798346
8798347
8798348
8798349
8798350
8798351
8798352
8798353
8798354
8798355
8798356
8798357
8798358
8798359
8798360
8798361
8798362
8798363
8798364
8798365
8798366
8798367
8798368
8798369
8798370
8798371
8798372
8798373
8798374
8798375
8798376
8798377
8798378
8798379
8798380
8798381
8798382
8798383
8798384
8798385
8798386
8798387
8798388
8798389
8798390
8798391
8798392
8798393
8798394
8798395
8798396
8798397
8798398
8798399
8798400
8798401
8798402
8798403
8798404
8798405
8798406
8798407
8798408
8798409
8798410
8798411
8798412
8798413
8798414
8798415
8798416
8798417
8798418
8798419
8798420
8798421
8798422
8798423
8798424
8798425
8798426
8798427
8798428
8798429
8798430
8798431
8798432
8798433
8798434
8798435
8798436
8798437
8798438
8798439
8798440
8798441
8798442
8798443
8798444
8798445
8798446
8798447
8798448
8798449
8798450
8798451
8798452
8798453
8798454
8798455
8798456
8798457
8798458
8798459
8798460
8798461
8798462
8798463
8798464
8798465
8798466
8798467
8798468
8798469
8798470
8798471
8798472
8798473
8798474
8798475
8798476
8798477
8798478
8798479
8798480
8798481
8798482
8798483
8798484
8798485
8798486
8798487
8798488
8798489
8798490
8798491
8798492
8798493
8798494
8798495
8798496
8798497
8798498
8798499
8798500
8798501
8798502
8798503
8798504
8798505
8798506
8798507
8798508
8798509
8798510
8798511
8798512
8798513
8798514
8798515
8798516
8798517
8798518
8798519
8798520
8798521
8798522
8798523
8798524
8798525
8798526
8798527
8798528
8798529
8798530
8798531
8798532
8798533
8798534
8798535
8798536
8798537
8798538
8798539
8798540
8798541
8798542
8798543
8798544
8798545
8798546
8798547
8798548
8798549
8798550
8798551
8798552
8798553
8798554
8798555
8798556
8798557
8798558
8798559
8798560
8798561
8798562
8798563
8798564
8798565
8798566
8798567
8798568
8798569
8798570
8798571
8798572
8798573
8798574
8798575
8798576
8798577
8798578
8798579
8798580
8798581
8798582
8798583
8798584
8798585
8798586
8798587
8798588
8798589
8798590
8798591
8798592
8798593
8798594
8798595
8798596
8798597
8798598
8798599
8798600
8798601
8798602
8798603
8798604
8798605
8798606
8798607
8798608
8798609
8798610
8798611
8798612
8798613
8798614
8798615
8798616
8798617
8798618
8798619
8798620
8798621
8798622
8798623
8798624
8798625
8798626
8798627
8798628
8798629
8798630
8798631
8798632
8798633
8798634
8798635
8798636
8798637
8798638
8798639
8798640
8798641
8798642
8798643
8798644
8798645
8798646
8798647
8798648
8798649
8798650
8798651
8798652
8798653
8798654
8798655
8798656
8798657
8798658
8798659
8798660
8798661
8798662
8798663
8798664
8798665
8798666
8798667
8798668
8798669
8798670
8798671
8798672
8798673
8798674
8798675
8798676
8798677
8798678
8798679
8798680
8798681
8798682
8798683
8798684
8798685
8798686
8798687
8798688
8798689
8798690
8798691
8798692
8798693
8798694
8798695
8798696
8798697
8798698
8798699
8798700
8798701
8798702
8798703
8798704
8798705
8798706
8798707
8798708
8798709
8798710
8798711
8798712
8798713
8798714
8798715
8798716
8798717
8798718
8798719
8798720
8798721
8798722
8798723
8798724
8798725
8798726
8798727
8798728
8798729
8798730
8798731
8798732
8798733
8798734
8798735
8798736
8798737
8798738
8798739
8798740
8798741
8798742
8798743
8798744
8798745
8798746
8798747
8798748
8798749
8798750
8798751
8798752
8798753
8798754
8798755
8798756
8798757
8798758
8798759
8798760
8798761
8798762
8798763
8798764
8798765
8798766
8798767
8798768
8798769
8798770
8798771
8798772
8798773
8798774
8798775
8798776
8798777
8798778
8798779
8798780
8798781
8798782
8798783
8798784
8798785
8798786
8798787
8798788
8798789
8798790
8798791
8798792
8798793
8798794
8798795
8798796
8798797
8798798
8798799
8798800
8798801
8798802
8798803
8798804
8798805
8798806
8798807
8798808
8798809
8798810
8798811
8798812
8798813
8798814
8798815
8798816
8798817
8798818
8798819
8798820
8798821
8798822
8798823
8798824
8798825
8798826
8798827
8798828
8798829
8798830
8798831
8798832
8798833
8798834
8798835
8798836
8798837
8798838
8798839
8798840
8798841
8798842
8798843
8798844
8798845
8798846
8798847
8798848
8798849
8798850
8798851
8798852
8798853
8798854
8798855
8798856
8798857
8798858
8798859
8798860
8798861
8798862
8798863
8798864
8798865
8798866
8798867
8798868
8798869
8798870
8798871
8798872
8798873
8798874
8798875
8798876
8798877
8798878
8798879
8798880
8798881
8798882
8798883
8798884
8798885
8798886
8798887
8798888
8798889
8798890
8798891
8798892
8798893
8798894
8798895
8798896
8798897
8798898
8798899
8798900
8798901
8798902
8798903
8798904
8798905
8798906
8798907
8798908
8798909
8798910
8798911
8798912
8798913
8798914
8798915
8798916
8798917
8798918
8798919
8798920
8798921
8798922
8798923
8798924
8798925
8798926
8798927
8798928
8798929
8798930
8798931
8798932
8798933
8798934
8798935
8798936
8798937
8798938
8798939
8798940
8798941
8798942
8798943
8798944
8798945
8798946
8798947
8798948
8798949
8798950
8798951
8798952
8798953
8798954
8798955
8798956
8798957
8798958
8798959
8798960
8798961
8798962
8798963
8798964
8798965
8798966
8798967
8798968
8798969
8798970
8798971
8798972
8798973
8798974
8798975
8798976
8798977
8798978
8798979
8798980
8798981
8798982
8798983
8798984
8798985
8798986
8798987
8798988
8798989
8798990
8798991
8798992
8798993
8798994
8798995
8798996
8798997
8798998
8798999
8799000
8799001
8799002
8799003
8799004
8799005
8799006
8799007
8799008
8799009
8799010
8799011
8799012
8799013
8799014
8799015
8799016
8799017
8799018
8799019
8799020
8799021
8799022
8799023
8799024
8799025
8799026
8799027
8799028
8799029
8799030
8799031
8799032
8799033
8799034
8799035
8799036
8799037
8799038
8799039
8799040
8799041
8799042
8799043
8799044
8799045
8799046
8799047
8799048
8799049
8799050
8799051
8799052
8799053
8799054
8799055
8799056
8799057
8799058
8799059
8799060
8799061
8799062
8799063
8799064
8799065
8799066
8799067
8799068
8799069
8799070
8799071
8799072
8799073
8799074
8799075
8799076
8799077
8799078
8799079
8799080
8799081
8799082
8799083
8799084
8799085
8799086
8799087
8799088
8799089
8799090
8799091
8799092
8799093
8799094
8799095
8799096
8799097
8799098
8799099
8799100
8799101
8799102
8799103
8799104
8799105
8799106
8799107
8799108
8799109
8799110
8799111
8799112
8799113
8799114
8799115
8799116
8799117
8799118
8799119
8799120
8799121
8799122
8799123
8799124
8799125
8799126
8799127
8799128
8799129
8799130
8799131
8799132
8799133
8799134
8799135
8799136
8799137
8799138
8799139
8799140
8799141
8799142
8799143
8799144
8799145
8799146
8799147
8799148
8799149
8799150
8799151
8799152
8799153
8799154
8799155
8799156
8799157
8799158
8799159
8799160
8799161
8799162
8799163
8799164
8799165
8799166
8799167
8799168
8799169
8799170
8799171
8799172
8799173
8799174
8799175
8799176
8799177
8799178
8799179
8799180
8799181
8799182
8799183
8799184
8799185
8799186
8799187
8799188
8799189
8799190
8799191
8799192
8799193
8799194
8799195
8799196
8799197
8799198
8799199
8799200
8799201
8799202
8799203
8799204
8799205
8799206
8799207
8799208
8799209
8799210
8799211
8799212
8799213
8799214
8799215
8799216
8799217
8799218
8799219
8799220
8799221
8799222
8799223
8799224
8799225
8799226
8799227
8799228
8799229
8799230
8799231
8799232
8799233
8799234
8799235
8799236
8799237
8799238
8799239
8799240
8799241
8799242
8799243
8799244
8799245
8799246
8799247
8799248
8799249
8799250
8799251
8799252
8799253
8799254
8799255
8799256
8799257
8799258
8799259
8799260
8799261
8799262
8799263
8799264
8799265
8799266
8799267
8799268
8799269
8799270
8799271
8799272
8799273
8799274
8799275
8799276
8799277
8799278
8799279
8799280
8799281
8799282
8799283
8799284
8799285
8799286
8799287
8799288
8799289
8799290
8799291
8799292
8799293
8799294
8799295
8799296
8799297
8799298
8799299
8799300
8799301
8799302
8799303
8799304
8799305
8799306
8799307
8799308
8799309
8799310
8799311
8799312
8799313
8799314
8799315
8799316
8799317
8799318
8799319
8799320
8799321
8799322
8799323
8799324
8799325
8799326
8799327
8799328
8799329
8799330
8799331
8799332
8799333
8799334
8799335
8799336
8799337
8799338
8799339
8799340
8799341
8799342
8799343
8799344
8799345
8799346
8799347
8799348
8799349
8799350
8799351
8799352
8799353
8799354
8799355
8799356
8799357
8799358
8799359
8799360
8799361
8799362
8799363
8799364
8799365
8799366
8799367
8799368
8799369
8799370
8799371
8799372
8799373
8799374
8799375
8799376
8799377
8799378
8799379
8799380
8799381
8799382
8799383
8799384
8799385
8799386
8799387
8799388
8799389
8799390
8799391
8799392
8799393
8799394
8799395
8799396
8799397
8799398
8799399
8799400
8799401
8799402
8799403
8799404
8799405
8799406
8799407
8799408
8799409
8799410
8799411
8799412
8799413
8799414
8799415
8799416
8799417
8799418
8799419
8799420
8799421
8799422
8799423
8799424
8799425
8799426
8799427
8799428
8799429
8799430
8799431
8799432
8799433
8799434
8799435
8799436
8799437
8799438
8799439
8799440
8799441
8799442
8799443
8799444
8799445
8799446
8799447
8799448
8799449
8799450
8799451
8799452
8799453
8799454
8799455
8799456
8799457
8799458
8799459
8799460
8799461
8799462
8799463
8799464
8799465
8799466
8799467
8799468
8799469
8799470
8799471
8799472
8799473
8799474
8799475
8799476
8799477
8799478
8799479
8799480
8799481
8799482
8799483
8799484
8799485
8799486
8799487
8799488
8799489
8799490
8799491
8799492
8799493
8799494
8799495
8799496
8799497
8799498
8799499
8799500
8799501
8799502
8799503
8799504
8799505
8799506
8799507
8799508
8799509
8799510
8799511
8799512
8799513
8799514
8799515
8799516
8799517
8799518
8799519
8799520
8799521
8799522
8799523
8799524
8799525
8799526
8799527
8799528
8799529
8799530
8799531
8799532
8799533
8799534
8799535
8799536
8799537
8799538
8799539
8799540
8799541
8799542
8799543
8799544
8799545
8799546
8799547
8799548
8799549
8799550
8799551
8799552
8799553
8799554
8799555
8799556
8799557
8799558
8799559
8799560
8799561
8799562
8799563
8799564
8799565
8799566
8799567
8799568
8799569
8799570
8799571
8799572
8799573
8799574
8799575
8799576
8799577
8799578
8799579
8799580
8799581
8799582
8799583
8799584
8799585
8799586
8799587
8799588
8799589
8799590
8799591
8799592
8799593
8799594
8799595
8799596
8799597
8799598
8799599
8799600
8799601
8799602
8799603
8799604
8799605
8799606
8799607
8799608
8799609
8799610
8799611
8799612
8799613
8799614
8799615
8799616
8799617
8799618
8799619
8799620
8799621
8799622
8799623
8799624
8799625
8799626
8799627
8799628
8799629
8799630
8799631
8799632
8799633
8799634
8799635
8799636
8799637
8799638
8799639
8799640
8799641
8799642
8799643
8799644
8799645
8799646
8799647
8799648
8799649
8799650
8799651
8799652
8799653
8799654
8799655
8799656
8799657
8799658
8799659
8799660
8799661
8799662
8799663
8799664
8799665
8799666
8799667
8799668
8799669
8799670
8799671
8799672
8799673
8799674
8799675
8799676
8799677
8799678
8799679
8799680
8799681
8799682
8799683
8799684
8799685
8799686
8799687
8799688
8799689
8799690
8799691
8799692
8799693
8799694
8799695
8799696
8799697
8799698
8799699
8799700
8799701
8799702
8799703
8799704
8799705
8799706
8799707
8799708
8799709
8799710
8799711
8799712
8799713
8799714
8799715
8799716
8799717
8799718
8799719
8799720
8799721
8799722
8799723
8799724
8799725
8799726
8799727
8799728
8799729
8799730
8799731
8799732
8799733
8799734
8799735
8799736
8799737
8799738
8799739
8799740
8799741
8799742
8799743
8799744
8799745
8799746
8799747
8799748
8799749
8799750
8799751
8799752
8799753
8799754
8799755
8799756
8799757
8799758
8799759
8799760
8799761
8799762
8799763
8799764
8799765
8799766
8799767
8799768
8799769
8799770
8799771
8799772
8799773
8799774
8799775
8799776
8799777
8799778
8799779
8799780
8799781
8799782
8799783
8799784
8799785
8799786
8799787
8799788
8799789
8799790
8799791
8799792
8799793
8799794
8799795
8799796
8799797
8799798
8799799
8799800
8799801
8799802
8799803
8799804
8799805
8799806
8799807
8799808
8799809
8799810
8799811
8799812
8799813
8799814
8799815
8799816
8799817
8799818
8799819
8799820
8799821
8799822
8799823
8799824
8799825
8799826
8799827
8799828
8799829
8799830
8799831
8799832
8799833
8799834
8799835
8799836
8799837
8799838
8799839
8799840
8799841
8799842
8799843
8799844
8799845
8799846
8799847
8799848
8799849
8799850
8799851
8799852
8799853
8799854
8799855
8799856
8799857
8799858
8799859
8799860
8799861
8799862
8799863
8799864
8799865
8799866
8799867
8799868
8799869
8799870
8799871
8799872
8799873
8799874
8799875
8799876
8799877
8799878
8799879
8799880
8799881
8799882
8799883
8799884
8799885
8799886
8799887
8799888
8799889
8799890
8799891
8799892
8799893
8799894
8799895
8799896
8799897
8799898
8799899
8799900
8799901
8799902
8799903
8799904
8799905
8799906
8799907
8799908
8799909
8799910
8799911
8799912
8799913
8799914
8799915
8799916
8799917
8799918
8799919
8799920
8799921
8799922
8799923
8799924
8799925
8799926
8799927
8799928
8799929
8799930
8799931
8799932
8799933
8799934
8799935
8799936
8799937
8799938
8799939
8799940
8799941
8799942
8799943
8799944
8799945
8799946
8799947
8799948
8799949
8799950
8799951
8799952
8799953
8799954
8799955
8799956
8799957
8799958
8799959
8799960
8799961
8799962
8799963
8799964
8799965
8799966
8799967
8799968
8799969
8799970
8799971
8799972
8799973
8799974
8799975
8799976
8799977
8799978
8799979
8799980
8799981
8799982
8799983
8799984
8799985
8799986
8799987
8799988
8799989
8799990
8799991
8799992
8799993
8799994
8799995
8799996
8799997
8799998
8799999
8800000
