8870001
8870002
8870003
8870004
8870005
8870006
8870007
8870008
8870009
8870010
8870011
8870012
8870013
8870014
8870015
8870016
8870017
8870018
8870019
8870020
8870021
8870022
8870023
8870024
8870025
8870026
8870027
8870028
8870029
8870030
8870031
8870032
8870033
8870034
8870035
8870036
8870037
8870038
8870039
8870040
8870041
8870042
8870043
8870044
8870045
8870046
8870047
8870048
8870049
8870050
8870051
8870052
8870053
8870054
8870055
8870056
8870057
8870058
8870059
8870060
8870061
8870062
8870063
8870064
8870065
8870066
8870067
8870068
8870069
8870070
8870071
8870072
8870073
8870074
8870075
8870076
8870077
8870078
8870079
8870080
8870081
8870082
8870083
8870084
8870085
8870086
8870087
8870088
8870089
8870090
8870091
8870092
8870093
8870094
8870095
8870096
8870097
8870098
8870099
8870100
8870101
8870102
8870103
8870104
8870105
8870106
8870107
8870108
8870109
8870110
8870111
8870112
8870113
8870114
8870115
8870116
8870117
8870118
8870119
8870120
8870121
8870122
8870123
8870124
8870125
8870126
8870127
8870128
8870129
8870130
8870131
8870132
8870133
8870134
8870135
8870136
8870137
8870138
8870139
8870140
8870141
8870142
8870143
8870144
8870145
8870146
8870147
8870148
8870149
8870150
8870151
8870152
8870153
8870154
8870155
8870156
8870157
8870158
8870159
8870160
8870161
8870162
8870163
8870164
8870165
8870166
8870167
8870168
8870169
8870170
8870171
8870172
8870173
8870174
8870175
8870176
8870177
8870178
8870179
8870180
8870181
8870182
8870183
8870184
8870185
8870186
8870187
8870188
8870189
8870190
8870191
8870192
8870193
8870194
8870195
8870196
8870197
8870198
8870199
8870200
8870201
8870202
8870203
8870204
8870205
8870206
8870207
8870208
8870209
8870210
8870211
8870212
8870213
8870214
8870215
8870216
8870217
8870218
8870219
8870220
8870221
8870222
8870223
8870224
8870225
8870226
8870227
8870228
8870229
8870230
8870231
8870232
8870233
8870234
8870235
8870236
8870237
8870238
8870239
8870240
8870241
8870242
8870243
8870244
8870245
8870246
8870247
8870248
8870249
8870250
8870251
8870252
8870253
8870254
8870255
8870256
8870257
8870258
8870259
8870260
8870261
8870262
8870263
8870264
8870265
8870266
8870267
8870268
8870269
8870270
8870271
8870272
8870273
8870274
8870275
8870276
8870277
8870278
8870279
8870280
8870281
8870282
8870283
8870284
8870285
8870286
8870287
8870288
8870289
8870290
8870291
8870292
8870293
8870294
8870295
8870296
8870297
8870298
8870299
8870300
8870301
8870302
8870303
8870304
8870305
8870306
8870307
8870308
8870309
8870310
8870311
8870312
8870313
8870314
8870315
8870316
8870317
8870318
8870319
8870320
8870321
8870322
8870323
8870324
8870325
8870326
8870327
8870328
8870329
8870330
8870331
8870332
8870333
8870334
8870335
8870336
8870337
8870338
8870339
8870340
8870341
8870342
8870343
8870344
8870345
8870346
8870347
8870348
8870349
8870350
8870351
8870352
8870353
8870354
8870355
8870356
8870357
8870358
8870359
8870360
8870361
8870362
8870363
8870364
8870365
8870366
8870367
8870368
8870369
8870370
8870371
8870372
8870373
8870374
8870375
8870376
8870377
8870378
8870379
8870380
8870381
8870382
8870383
8870384
8870385
8870386
8870387
8870388
8870389
8870390
8870391
8870392
8870393
8870394
8870395
8870396
8870397
8870398
8870399
8870400
8870401
8870402
8870403
8870404
8870405
8870406
8870407
8870408
8870409
8870410
8870411
8870412
8870413
8870414
8870415
8870416
8870417
8870418
8870419
8870420
8870421
8870422
8870423
8870424
8870425
8870426
8870427
8870428
8870429
8870430
8870431
8870432
8870433
8870434
8870435
8870436
8870437
8870438
8870439
8870440
8870441
8870442
8870443
8870444
8870445
8870446
8870447
8870448
8870449
8870450
8870451
8870452
8870453
8870454
8870455
8870456
8870457
8870458
8870459
8870460
8870461
8870462
8870463
8870464
8870465
8870466
8870467
8870468
8870469
8870470
8870471
8870472
8870473
8870474
8870475
8870476
8870477
8870478
8870479
8870480
8870481
8870482
8870483
8870484
8870485
8870486
8870487
8870488
8870489
8870490
8870491
8870492
8870493
8870494
8870495
8870496
8870497
8870498
8870499
8870500
8870501
8870502
8870503
8870504
8870505
8870506
8870507
8870508
8870509
8870510
8870511
8870512
8870513
8870514
8870515
8870516
8870517
8870518
8870519
8870520
8870521
8870522
8870523
8870524
8870525
8870526
8870527
8870528
8870529
8870530
8870531
8870532
8870533
8870534
8870535
8870536
8870537
8870538
8870539
8870540
8870541
8870542
8870543
8870544
8870545
8870546
8870547
8870548
8870549
8870550
8870551
8870552
8870553
8870554
8870555
8870556
8870557
8870558
8870559
8870560
8870561
8870562
8870563
8870564
8870565
8870566
8870567
8870568
8870569
8870570
8870571
8870572
8870573
8870574
8870575
8870576
8870577
8870578
8870579
8870580
8870581
8870582
8870583
8870584
8870585
8870586
8870587
8870588
8870589
8870590
8870591
8870592
8870593
8870594
8870595
8870596
8870597
8870598
8870599
8870600
8870601
8870602
8870603
8870604
8870605
8870606
8870607
8870608
8870609
8870610
8870611
8870612
8870613
8870614
8870615
8870616
8870617
8870618
8870619
8870620
8870621
8870622
8870623
8870624
8870625
8870626
8870627
8870628
8870629
8870630
8870631
8870632
8870633
8870634
8870635
8870636
8870637
8870638
8870639
8870640
8870641
8870642
8870643
8870644
8870645
8870646
8870647
8870648
8870649
8870650
8870651
8870652
8870653
8870654
8870655
8870656
8870657
8870658
8870659
8870660
8870661
8870662
8870663
8870664
8870665
8870666
8870667
8870668
8870669
8870670
8870671
8870672
8870673
8870674
8870675
8870676
8870677
8870678
8870679
8870680
8870681
8870682
8870683
8870684
8870685
8870686
8870687
8870688
8870689
8870690
8870691
8870692
8870693
8870694
8870695
8870696
8870697
8870698
8870699
8870700
8870701
8870702
8870703
8870704
8870705
8870706
8870707
8870708
8870709
8870710
8870711
8870712
8870713
8870714
8870715
8870716
8870717
8870718
8870719
8870720
8870721
8870722
8870723
8870724
8870725
8870726
8870727
8870728
8870729
8870730
8870731
8870732
8870733
8870734
8870735
8870736
8870737
8870738
8870739
8870740
8870741
8870742
8870743
8870744
8870745
8870746
8870747
8870748
8870749
8870750
8870751
8870752
8870753
8870754
8870755
8870756
8870757
8870758
8870759
8870760
8870761
8870762
8870763
8870764
8870765
8870766
8870767
8870768
8870769
8870770
8870771
8870772
8870773
8870774
8870775
8870776
8870777
8870778
8870779
8870780
8870781
8870782
8870783
8870784
8870785
8870786
8870787
8870788
8870789
8870790
8870791
8870792
8870793
8870794
8870795
8870796
8870797
8870798
8870799
8870800
8870801
8870802
8870803
8870804
8870805
8870806
8870807
8870808
8870809
8870810
8870811
8870812
8870813
8870814
8870815
8870816
8870817
8870818
8870819
8870820
8870821
8870822
8870823
8870824
8870825
8870826
8870827
8870828
8870829
8870830
8870831
8870832
8870833
8870834
8870835
8870836
8870837
8870838
8870839
8870840
8870841
8870842
8870843
8870844
8870845
8870846
8870847
8870848
8870849
8870850
8870851
8870852
8870853
8870854
8870855
8870856
8870857
8870858
8870859
8870860
8870861
8870862
8870863
8870864
8870865
8870866
8870867
8870868
8870869
8870870
8870871
8870872
8870873
8870874
8870875
8870876
8870877
8870878
8870879
8870880
8870881
8870882
8870883
8870884
8870885
8870886
8870887
8870888
8870889
8870890
8870891
8870892
8870893
8870894
8870895
8870896
8870897
8870898
8870899
8870900
8870901
8870902
8870903
8870904
8870905
8870906
8870907
8870908
8870909
8870910
8870911
8870912
8870913
8870914
8870915
8870916
8870917
8870918
8870919
8870920
8870921
8870922
8870923
8870924
8870925
8870926
8870927
8870928
8870929
8870930
8870931
8870932
8870933
8870934
8870935
8870936
8870937
8870938
8870939
8870940
8870941
8870942
8870943
8870944
8870945
8870946
8870947
8870948
8870949
8870950
8870951
8870952
8870953
8870954
8870955
8870956
8870957
8870958
8870959
8870960
8870961
8870962
8870963
8870964
8870965
8870966
8870967
8870968
8870969
8870970
8870971
8870972
8870973
8870974
8870975
8870976
8870977
8870978
8870979
8870980
8870981
8870982
8870983
8870984
8870985
8870986
8870987
8870988
8870989
8870990
8870991
8870992
8870993
8870994
8870995
8870996
8870997
8870998
8870999
8871000
8871001
8871002
8871003
8871004
8871005
8871006
8871007
8871008
8871009
8871010
8871011
8871012
8871013
8871014
8871015
8871016
8871017
8871018
8871019
8871020
8871021
8871022
8871023
8871024
8871025
8871026
8871027
8871028
8871029
8871030
8871031
8871032
8871033
8871034
8871035
8871036
8871037
8871038
8871039
8871040
8871041
8871042
8871043
8871044
8871045
8871046
8871047
8871048
8871049
8871050
8871051
8871052
8871053
8871054
8871055
8871056
8871057
8871058
8871059
8871060
8871061
8871062
8871063
8871064
8871065
8871066
8871067
8871068
8871069
8871070
8871071
8871072
8871073
8871074
8871075
8871076
8871077
8871078
8871079
8871080
8871081
8871082
8871083
8871084
8871085
8871086
8871087
8871088
8871089
8871090
8871091
8871092
8871093
8871094
8871095
8871096
8871097
8871098
8871099
8871100
8871101
8871102
8871103
8871104
8871105
8871106
8871107
8871108
8871109
8871110
8871111
8871112
8871113
8871114
8871115
8871116
8871117
8871118
8871119
8871120
8871121
8871122
8871123
8871124
8871125
8871126
8871127
8871128
8871129
8871130
8871131
8871132
8871133
8871134
8871135
8871136
8871137
8871138
8871139
8871140
8871141
8871142
8871143
8871144
8871145
8871146
8871147
8871148
8871149
8871150
8871151
8871152
8871153
8871154
8871155
8871156
8871157
8871158
8871159
8871160
8871161
8871162
8871163
8871164
8871165
8871166
8871167
8871168
8871169
8871170
8871171
8871172
8871173
8871174
8871175
8871176
8871177
8871178
8871179
8871180
8871181
8871182
8871183
8871184
8871185
8871186
8871187
8871188
8871189
8871190
8871191
8871192
8871193
8871194
8871195
8871196
8871197
8871198
8871199
8871200
8871201
8871202
8871203
8871204
8871205
8871206
8871207
8871208
8871209
8871210
8871211
8871212
8871213
8871214
8871215
8871216
8871217
8871218
8871219
8871220
8871221
8871222
8871223
8871224
8871225
8871226
8871227
8871228
8871229
8871230
8871231
8871232
8871233
8871234
8871235
8871236
8871237
8871238
8871239
8871240
8871241
8871242
8871243
8871244
8871245
8871246
8871247
8871248
8871249
8871250
8871251
8871252
8871253
8871254
8871255
8871256
8871257
8871258
8871259
8871260
8871261
8871262
8871263
8871264
8871265
8871266
8871267
8871268
8871269
8871270
8871271
8871272
8871273
8871274
8871275
8871276
8871277
8871278
8871279
8871280
8871281
8871282
8871283
8871284
8871285
8871286
8871287
8871288
8871289
8871290
8871291
8871292
8871293
8871294
8871295
8871296
8871297
8871298
8871299
8871300
8871301
8871302
8871303
8871304
8871305
8871306
8871307
8871308
8871309
8871310
8871311
8871312
8871313
8871314
8871315
8871316
8871317
8871318
8871319
8871320
8871321
8871322
8871323
8871324
8871325
8871326
8871327
8871328
8871329
8871330
8871331
8871332
8871333
8871334
8871335
8871336
8871337
8871338
8871339
8871340
8871341
8871342
8871343
8871344
8871345
8871346
8871347
8871348
8871349
8871350
8871351
8871352
8871353
8871354
8871355
8871356
8871357
8871358
8871359
8871360
8871361
8871362
8871363
8871364
8871365
8871366
8871367
8871368
8871369
8871370
8871371
8871372
8871373
8871374
8871375
8871376
8871377
8871378
8871379
8871380
8871381
8871382
8871383
8871384
8871385
8871386
8871387
8871388
8871389
8871390
8871391
8871392
8871393
8871394
8871395
8871396
8871397
8871398
8871399
8871400
8871401
8871402
8871403
8871404
8871405
8871406
8871407
8871408
8871409
8871410
8871411
8871412
8871413
8871414
8871415
8871416
8871417
8871418
8871419
8871420
8871421
8871422
8871423
8871424
8871425
8871426
8871427
8871428
8871429
8871430
8871431
8871432
8871433
8871434
8871435
8871436
8871437
8871438
8871439
8871440
8871441
8871442
8871443
8871444
8871445
8871446
8871447
8871448
8871449
8871450
8871451
8871452
8871453
8871454
8871455
8871456
8871457
8871458
8871459
8871460
8871461
8871462
8871463
8871464
8871465
8871466
8871467
8871468
8871469
8871470
8871471
8871472
8871473
8871474
8871475
8871476
8871477
8871478
8871479
8871480
8871481
8871482
8871483
8871484
8871485
8871486
8871487
8871488
8871489
8871490
8871491
8871492
8871493
8871494
8871495
8871496
8871497
8871498
8871499
8871500
8871501
8871502
8871503
8871504
8871505
8871506
8871507
8871508
8871509
8871510
8871511
8871512
8871513
8871514
8871515
8871516
8871517
8871518
8871519
8871520
8871521
8871522
8871523
8871524
8871525
8871526
8871527
8871528
8871529
8871530
8871531
8871532
8871533
8871534
8871535
8871536
8871537
8871538
8871539
8871540
8871541
8871542
8871543
8871544
8871545
8871546
8871547
8871548
8871549
8871550
8871551
8871552
8871553
8871554
8871555
8871556
8871557
8871558
8871559
8871560
8871561
8871562
8871563
8871564
8871565
8871566
8871567
8871568
8871569
8871570
8871571
8871572
8871573
8871574
8871575
8871576
8871577
8871578
8871579
8871580
8871581
8871582
8871583
8871584
8871585
8871586
8871587
8871588
8871589
8871590
8871591
8871592
8871593
8871594
8871595
8871596
8871597
8871598
8871599
8871600
8871601
8871602
8871603
8871604
8871605
8871606
8871607
8871608
8871609
8871610
8871611
8871612
8871613
8871614
8871615
8871616
8871617
8871618
8871619
8871620
8871621
8871622
8871623
8871624
8871625
8871626
8871627
8871628
8871629
8871630
8871631
8871632
8871633
8871634
8871635
8871636
8871637
8871638
8871639
8871640
8871641
8871642
8871643
8871644
8871645
8871646
8871647
8871648
8871649
8871650
8871651
8871652
8871653
8871654
8871655
8871656
8871657
8871658
8871659
8871660
8871661
8871662
8871663
8871664
8871665
8871666
8871667
8871668
8871669
8871670
8871671
8871672
8871673
8871674
8871675
8871676
8871677
8871678
8871679
8871680
8871681
8871682
8871683
8871684
8871685
8871686
8871687
8871688
8871689
8871690
8871691
8871692
8871693
8871694
8871695
8871696
8871697
8871698
8871699
8871700
8871701
8871702
8871703
8871704
8871705
8871706
8871707
8871708
8871709
8871710
8871711
8871712
8871713
8871714
8871715
8871716
8871717
8871718
8871719
8871720
8871721
8871722
8871723
8871724
8871725
8871726
8871727
8871728
8871729
8871730
8871731
8871732
8871733
8871734
8871735
8871736
8871737
8871738
8871739
8871740
8871741
8871742
8871743
8871744
8871745
8871746
8871747
8871748
8871749
8871750
8871751
8871752
8871753
8871754
8871755
8871756
8871757
8871758
8871759
8871760
8871761
8871762
8871763
8871764
8871765
8871766
8871767
8871768
8871769
8871770
8871771
8871772
8871773
8871774
8871775
8871776
8871777
8871778
8871779
8871780
8871781
8871782
8871783
8871784
8871785
8871786
8871787
8871788
8871789
8871790
8871791
8871792
8871793
8871794
8871795
8871796
8871797
8871798
8871799
8871800
8871801
8871802
8871803
8871804
8871805
8871806
8871807
8871808
8871809
8871810
8871811
8871812
8871813
8871814
8871815
8871816
8871817
8871818
8871819
8871820
8871821
8871822
8871823
8871824
8871825
8871826
8871827
8871828
8871829
8871830
8871831
8871832
8871833
8871834
8871835
8871836
8871837
8871838
8871839
8871840
8871841
8871842
8871843
8871844
8871845
8871846
8871847
8871848
8871849
8871850
8871851
8871852
8871853
8871854
8871855
8871856
8871857
8871858
8871859
8871860
8871861
8871862
8871863
8871864
8871865
8871866
8871867
8871868
8871869
8871870
8871871
8871872
8871873
8871874
8871875
8871876
8871877
8871878
8871879
8871880
8871881
8871882
8871883
8871884
8871885
8871886
8871887
8871888
8871889
8871890
8871891
8871892
8871893
8871894
8871895
8871896
8871897
8871898
8871899
8871900
8871901
8871902
8871903
8871904
8871905
8871906
8871907
8871908
8871909
8871910
8871911
8871912
8871913
8871914
8871915
8871916
8871917
8871918
8871919
8871920
8871921
8871922
8871923
8871924
8871925
8871926
8871927
8871928
8871929
8871930
8871931
8871932
8871933
8871934
8871935
8871936
8871937
8871938
8871939
8871940
8871941
8871942
8871943
8871944
8871945
8871946
8871947
8871948
8871949
8871950
8871951
8871952
8871953
8871954
8871955
8871956
8871957
8871958
8871959
8871960
8871961
8871962
8871963
8871964
8871965
8871966
8871967
8871968
8871969
8871970
8871971
8871972
8871973
8871974
8871975
8871976
8871977
8871978
8871979
8871980
8871981
8871982
8871983
8871984
8871985
8871986
8871987
8871988
8871989
8871990
8871991
8871992
8871993
8871994
8871995
8871996
8871997
8871998
8871999
8872000
8872001
8872002
8872003
8872004
8872005
8872006
8872007
8872008
8872009
8872010
8872011
8872012
8872013
8872014
8872015
8872016
8872017
8872018
8872019
8872020
8872021
8872022
8872023
8872024
8872025
8872026
8872027
8872028
8872029
8872030
8872031
8872032
8872033
8872034
8872035
8872036
8872037
8872038
8872039
8872040
8872041
8872042
8872043
8872044
8872045
8872046
8872047
8872048
8872049
8872050
8872051
8872052
8872053
8872054
8872055
8872056
8872057
8872058
8872059
8872060
8872061
8872062
8872063
8872064
8872065
8872066
8872067
8872068
8872069
8872070
8872071
8872072
8872073
8872074
8872075
8872076
8872077
8872078
8872079
8872080
8872081
8872082
8872083
8872084
8872085
8872086
8872087
8872088
8872089
8872090
8872091
8872092
8872093
8872094
8872095
8872096
8872097
8872098
8872099
8872100
8872101
8872102
8872103
8872104
8872105
8872106
8872107
8872108
8872109
8872110
8872111
8872112
8872113
8872114
8872115
8872116
8872117
8872118
8872119
8872120
8872121
8872122
8872123
8872124
8872125
8872126
8872127
8872128
8872129
8872130
8872131
8872132
8872133
8872134
8872135
8872136
8872137
8872138
8872139
8872140
8872141
8872142
8872143
8872144
8872145
8872146
8872147
8872148
8872149
8872150
8872151
8872152
8872153
8872154
8872155
8872156
8872157
8872158
8872159
8872160
8872161
8872162
8872163
8872164
8872165
8872166
8872167
8872168
8872169
8872170
8872171
8872172
8872173
8872174
8872175
8872176
8872177
8872178
8872179
8872180
8872181
8872182
8872183
8872184
8872185
8872186
8872187
8872188
8872189
8872190
8872191
8872192
8872193
8872194
8872195
8872196
8872197
8872198
8872199
8872200
8872201
8872202
8872203
8872204
8872205
8872206
8872207
8872208
8872209
8872210
8872211
8872212
8872213
8872214
8872215
8872216
8872217
8872218
8872219
8872220
8872221
8872222
8872223
8872224
8872225
8872226
8872227
8872228
8872229
8872230
8872231
8872232
8872233
8872234
8872235
8872236
8872237
8872238
8872239
8872240
8872241
8872242
8872243
8872244
8872245
8872246
8872247
8872248
8872249
8872250
8872251
8872252
8872253
8872254
8872255
8872256
8872257
8872258
8872259
8872260
8872261
8872262
8872263
8872264
8872265
8872266
8872267
8872268
8872269
8872270
8872271
8872272
8872273
8872274
8872275
8872276
8872277
8872278
8872279
8872280
8872281
8872282
8872283
8872284
8872285
8872286
8872287
8872288
8872289
8872290
8872291
8872292
8872293
8872294
8872295
8872296
8872297
8872298
8872299
8872300
8872301
8872302
8872303
8872304
8872305
8872306
8872307
8872308
8872309
8872310
8872311
8872312
8872313
8872314
8872315
8872316
8872317
8872318
8872319
8872320
8872321
8872322
8872323
8872324
8872325
8872326
8872327
8872328
8872329
8872330
8872331
8872332
8872333
8872334
8872335
8872336
8872337
8872338
8872339
8872340
8872341
8872342
8872343
8872344
8872345
8872346
8872347
8872348
8872349
8872350
8872351
8872352
8872353
8872354
8872355
8872356
8872357
8872358
8872359
8872360
8872361
8872362
8872363
8872364
8872365
8872366
8872367
8872368
8872369
8872370
8872371
8872372
8872373
8872374
8872375
8872376
8872377
8872378
8872379
8872380
8872381
8872382
8872383
8872384
8872385
8872386
8872387
8872388
8872389
8872390
8872391
8872392
8872393
8872394
8872395
8872396
8872397
8872398
8872399
8872400
8872401
8872402
8872403
8872404
8872405
8872406
8872407
8872408
8872409
8872410
8872411
8872412
8872413
8872414
8872415
8872416
8872417
8872418
8872419
8872420
8872421
8872422
8872423
8872424
8872425
8872426
8872427
8872428
8872429
8872430
8872431
8872432
8872433
8872434
8872435
8872436
8872437
8872438
8872439
8872440
8872441
8872442
8872443
8872444
8872445
8872446
8872447
8872448
8872449
8872450
8872451
8872452
8872453
8872454
8872455
8872456
8872457
8872458
8872459
8872460
8872461
8872462
8872463
8872464
8872465
8872466
8872467
8872468
8872469
8872470
8872471
8872472
8872473
8872474
8872475
8872476
8872477
8872478
8872479
8872480
8872481
8872482
8872483
8872484
8872485
8872486
8872487
8872488
8872489
8872490
8872491
8872492
8872493
8872494
8872495
8872496
8872497
8872498
8872499
8872500
8872501
8872502
8872503
8872504
8872505
8872506
8872507
8872508
8872509
8872510
8872511
8872512
8872513
8872514
8872515
8872516
8872517
8872518
8872519
8872520
8872521
8872522
8872523
8872524
8872525
8872526
8872527
8872528
8872529
8872530
8872531
8872532
8872533
8872534
8872535
8872536
8872537
8872538
8872539
8872540
8872541
8872542
8872543
8872544
8872545
8872546
8872547
8872548
8872549
8872550
8872551
8872552
8872553
8872554
8872555
8872556
8872557
8872558
8872559
8872560
8872561
8872562
8872563
8872564
8872565
8872566
8872567
8872568
8872569
8872570
8872571
8872572
8872573
8872574
8872575
8872576
8872577
8872578
8872579
8872580
8872581
8872582
8872583
8872584
8872585
8872586
8872587
8872588
8872589
8872590
8872591
8872592
8872593
8872594
8872595
8872596
8872597
8872598
8872599
8872600
8872601
8872602
8872603
8872604
8872605
8872606
8872607
8872608
8872609
8872610
8872611
8872612
8872613
8872614
8872615
8872616
8872617
8872618
8872619
8872620
8872621
8872622
8872623
8872624
8872625
8872626
8872627
8872628
8872629
8872630
8872631
8872632
8872633
8872634
8872635
8872636
8872637
8872638
8872639
8872640
8872641
8872642
8872643
8872644
8872645
8872646
8872647
8872648
8872649
8872650
8872651
8872652
8872653
8872654
8872655
8872656
8872657
8872658
8872659
8872660
8872661
8872662
8872663
8872664
8872665
8872666
8872667
8872668
8872669
8872670
8872671
8872672
8872673
8872674
8872675
8872676
8872677
8872678
8872679
8872680
8872681
8872682
8872683
8872684
8872685
8872686
8872687
8872688
8872689
8872690
8872691
8872692
8872693
8872694
8872695
8872696
8872697
8872698
8872699
8872700
8872701
8872702
8872703
8872704
8872705
8872706
8872707
8872708
8872709
8872710
8872711
8872712
8872713
8872714
8872715
8872716
8872717
8872718
8872719
8872720
8872721
8872722
8872723
8872724
8872725
8872726
8872727
8872728
8872729
8872730
8872731
8872732
8872733
8872734
8872735
8872736
8872737
8872738
8872739
8872740
8872741
8872742
8872743
8872744
8872745
8872746
8872747
8872748
8872749
8872750
8872751
8872752
8872753
8872754
8872755
8872756
8872757
8872758
8872759
8872760
8872761
8872762
8872763
8872764
8872765
8872766
8872767
8872768
8872769
8872770
8872771
8872772
8872773
8872774
8872775
8872776
8872777
8872778
8872779
8872780
8872781
8872782
8872783
8872784
8872785
8872786
8872787
8872788
8872789
8872790
8872791
8872792
8872793
8872794
8872795
8872796
8872797
8872798
8872799
8872800
8872801
8872802
8872803
8872804
8872805
8872806
8872807
8872808
8872809
8872810
8872811
8872812
8872813
8872814
8872815
8872816
8872817
8872818
8872819
8872820
8872821
8872822
8872823
8872824
8872825
8872826
8872827
8872828
8872829
8872830
8872831
8872832
8872833
8872834
8872835
8872836
8872837
8872838
8872839
8872840
8872841
8872842
8872843
8872844
8872845
8872846
8872847
8872848
8872849
8872850
8872851
8872852
8872853
8872854
8872855
8872856
8872857
8872858
8872859
8872860
8872861
8872862
8872863
8872864
8872865
8872866
8872867
8872868
8872869
8872870
8872871
8872872
8872873
8872874
8872875
8872876
8872877
8872878
8872879
8872880
8872881
8872882
8872883
8872884
8872885
8872886
8872887
8872888
8872889
8872890
8872891
8872892
8872893
8872894
8872895
8872896
8872897
8872898
8872899
8872900
8872901
8872902
8872903
8872904
8872905
8872906
8872907
8872908
8872909
8872910
8872911
8872912
8872913
8872914
8872915
8872916
8872917
8872918
8872919
8872920
8872921
8872922
8872923
8872924
8872925
8872926
8872927
8872928
8872929
8872930
8872931
8872932
8872933
8872934
8872935
8872936
8872937
8872938
8872939
8872940
8872941
8872942
8872943
8872944
8872945
8872946
8872947
8872948
8872949
8872950
8872951
8872952
8872953
8872954
8872955
8872956
8872957
8872958
8872959
8872960
8872961
8872962
8872963
8872964
8872965
8872966
8872967
8872968
8872969
8872970
8872971
8872972
8872973
8872974
8872975
8872976
8872977
8872978
8872979
8872980
8872981
8872982
8872983
8872984
8872985
8872986
8872987
8872988
8872989
8872990
8872991
8872992
8872993
8872994
8872995
8872996
8872997
8872998
8872999
8873000
8873001
8873002
8873003
8873004
8873005
8873006
8873007
8873008
8873009
8873010
8873011
8873012
8873013
8873014
8873015
8873016
8873017
8873018
8873019
8873020
8873021
8873022
8873023
8873024
8873025
8873026
8873027
8873028
8873029
8873030
8873031
8873032
8873033
8873034
8873035
8873036
8873037
8873038
8873039
8873040
8873041
8873042
8873043
8873044
8873045
8873046
8873047
8873048
8873049
8873050
8873051
8873052
8873053
8873054
8873055
8873056
8873057
8873058
8873059
8873060
8873061
8873062
8873063
8873064
8873065
8873066
8873067
8873068
8873069
8873070
8873071
8873072
8873073
8873074
8873075
8873076
8873077
8873078
8873079
8873080
8873081
8873082
8873083
8873084
8873085
8873086
8873087
8873088
8873089
8873090
8873091
8873092
8873093
8873094
8873095
8873096
8873097
8873098
8873099
8873100
8873101
8873102
8873103
8873104
8873105
8873106
8873107
8873108
8873109
8873110
8873111
8873112
8873113
8873114
8873115
8873116
8873117
8873118
8873119
8873120
8873121
8873122
8873123
8873124
8873125
8873126
8873127
8873128
8873129
8873130
8873131
8873132
8873133
8873134
8873135
8873136
8873137
8873138
8873139
8873140
8873141
8873142
8873143
8873144
8873145
8873146
8873147
8873148
8873149
8873150
8873151
8873152
8873153
8873154
8873155
8873156
8873157
8873158
8873159
8873160
8873161
8873162
8873163
8873164
8873165
8873166
8873167
8873168
8873169
8873170
8873171
8873172
8873173
8873174
8873175
8873176
8873177
8873178
8873179
8873180
8873181
8873182
8873183
8873184
8873185
8873186
8873187
8873188
8873189
8873190
8873191
8873192
8873193
8873194
8873195
8873196
8873197
8873198
8873199
8873200
8873201
8873202
8873203
8873204
8873205
8873206
8873207
8873208
8873209
8873210
8873211
8873212
8873213
8873214
8873215
8873216
8873217
8873218
8873219
8873220
8873221
8873222
8873223
8873224
8873225
8873226
8873227
8873228
8873229
8873230
8873231
8873232
8873233
8873234
8873235
8873236
8873237
8873238
8873239
8873240
8873241
8873242
8873243
8873244
8873245
8873246
8873247
8873248
8873249
8873250
8873251
8873252
8873253
8873254
8873255
8873256
8873257
8873258
8873259
8873260
8873261
8873262
8873263
8873264
8873265
8873266
8873267
8873268
8873269
8873270
8873271
8873272
8873273
8873274
8873275
8873276
8873277
8873278
8873279
8873280
8873281
8873282
8873283
8873284
8873285
8873286
8873287
8873288
8873289
8873290
8873291
8873292
8873293
8873294
8873295
8873296
8873297
8873298
8873299
8873300
8873301
8873302
8873303
8873304
8873305
8873306
8873307
8873308
8873309
8873310
8873311
8873312
8873313
8873314
8873315
8873316
8873317
8873318
8873319
8873320
8873321
8873322
8873323
8873324
8873325
8873326
8873327
8873328
8873329
8873330
8873331
8873332
8873333
8873334
8873335
8873336
8873337
8873338
8873339
8873340
8873341
8873342
8873343
8873344
8873345
8873346
8873347
8873348
8873349
8873350
8873351
8873352
8873353
8873354
8873355
8873356
8873357
8873358
8873359
8873360
8873361
8873362
8873363
8873364
8873365
8873366
8873367
8873368
8873369
8873370
8873371
8873372
8873373
8873374
8873375
8873376
8873377
8873378
8873379
8873380
8873381
8873382
8873383
8873384
8873385
8873386
8873387
8873388
8873389
8873390
8873391
8873392
8873393
8873394
8873395
8873396
8873397
8873398
8873399
8873400
8873401
8873402
8873403
8873404
8873405
8873406
8873407
8873408
8873409
8873410
8873411
8873412
8873413
8873414
8873415
8873416
8873417
8873418
8873419
8873420
8873421
8873422
8873423
8873424
8873425
8873426
8873427
8873428
8873429
8873430
8873431
8873432
8873433
8873434
8873435
8873436
8873437
8873438
8873439
8873440
8873441
8873442
8873443
8873444
8873445
8873446
8873447
8873448
8873449
8873450
8873451
8873452
8873453
8873454
8873455
8873456
8873457
8873458
8873459
8873460
8873461
8873462
8873463
8873464
8873465
8873466
8873467
8873468
8873469
8873470
8873471
8873472
8873473
8873474
8873475
8873476
8873477
8873478
8873479
8873480
8873481
8873482
8873483
8873484
8873485
8873486
8873487
8873488
8873489
8873490
8873491
8873492
8873493
8873494
8873495
8873496
8873497
8873498
8873499
8873500
8873501
8873502
8873503
8873504
8873505
8873506
8873507
8873508
8873509
8873510
8873511
8873512
8873513
8873514
8873515
8873516
8873517
8873518
8873519
8873520
8873521
8873522
8873523
8873524
8873525
8873526
8873527
8873528
8873529
8873530
8873531
8873532
8873533
8873534
8873535
8873536
8873537
8873538
8873539
8873540
8873541
8873542
8873543
8873544
8873545
8873546
8873547
8873548
8873549
8873550
8873551
8873552
8873553
8873554
8873555
8873556
8873557
8873558
8873559
8873560
8873561
8873562
8873563
8873564
8873565
8873566
8873567
8873568
8873569
8873570
8873571
8873572
8873573
8873574
8873575
8873576
8873577
8873578
8873579
8873580
8873581
8873582
8873583
8873584
8873585
8873586
8873587
8873588
8873589
8873590
8873591
8873592
8873593
8873594
8873595
8873596
8873597
8873598
8873599
8873600
8873601
8873602
8873603
8873604
8873605
8873606
8873607
8873608
8873609
8873610
8873611
8873612
8873613
8873614
8873615
8873616
8873617
8873618
8873619
8873620
8873621
8873622
8873623
8873624
8873625
8873626
8873627
8873628
8873629
8873630
8873631
8873632
8873633
8873634
8873635
8873636
8873637
8873638
8873639
8873640
8873641
8873642
8873643
8873644
8873645
8873646
8873647
8873648
8873649
8873650
8873651
8873652
8873653
8873654
8873655
8873656
8873657
8873658
8873659
8873660
8873661
8873662
8873663
8873664
8873665
8873666
8873667
8873668
8873669
8873670
8873671
8873672
8873673
8873674
8873675
8873676
8873677
8873678
8873679
8873680
8873681
8873682
8873683
8873684
8873685
8873686
8873687
8873688
8873689
8873690
8873691
8873692
8873693
8873694
8873695
8873696
8873697
8873698
8873699
8873700
8873701
8873702
8873703
8873704
8873705
8873706
8873707
8873708
8873709
8873710
8873711
8873712
8873713
8873714
8873715
8873716
8873717
8873718
8873719
8873720
8873721
8873722
8873723
8873724
8873725
8873726
8873727
8873728
8873729
8873730
8873731
8873732
8873733
8873734
8873735
8873736
8873737
8873738
8873739
8873740
8873741
8873742
8873743
8873744
8873745
8873746
8873747
8873748
8873749
8873750
8873751
8873752
8873753
8873754
8873755
8873756
8873757
8873758
8873759
8873760
8873761
8873762
8873763
8873764
8873765
8873766
8873767
8873768
8873769
8873770
8873771
8873772
8873773
8873774
8873775
8873776
8873777
8873778
8873779
8873780
8873781
8873782
8873783
8873784
8873785
8873786
8873787
8873788
8873789
8873790
8873791
8873792
8873793
8873794
8873795
8873796
8873797
8873798
8873799
8873800
8873801
8873802
8873803
8873804
8873805
8873806
8873807
8873808
8873809
8873810
8873811
8873812
8873813
8873814
8873815
8873816
8873817
8873818
8873819
8873820
8873821
8873822
8873823
8873824
8873825
8873826
8873827
8873828
8873829
8873830
8873831
8873832
8873833
8873834
8873835
8873836
8873837
8873838
8873839
8873840
8873841
8873842
8873843
8873844
8873845
8873846
8873847
8873848
8873849
8873850
8873851
8873852
8873853
8873854
8873855
8873856
8873857
8873858
8873859
8873860
8873861
8873862
8873863
8873864
8873865
8873866
8873867
8873868
8873869
8873870
8873871
8873872
8873873
8873874
8873875
8873876
8873877
8873878
8873879
8873880
8873881
8873882
8873883
8873884
8873885
8873886
8873887
8873888
8873889
8873890
8873891
8873892
8873893
8873894
8873895
8873896
8873897
8873898
8873899
8873900
8873901
8873902
8873903
8873904
8873905
8873906
8873907
8873908
8873909
8873910
8873911
8873912
8873913
8873914
8873915
8873916
8873917
8873918
8873919
8873920
8873921
8873922
8873923
8873924
8873925
8873926
8873927
8873928
8873929
8873930
8873931
8873932
8873933
8873934
8873935
8873936
8873937
8873938
8873939
8873940
8873941
8873942
8873943
8873944
8873945
8873946
8873947
8873948
8873949
8873950
8873951
8873952
8873953
8873954
8873955
8873956
8873957
8873958
8873959
8873960
8873961
8873962
8873963
8873964
8873965
8873966
8873967
8873968
8873969
8873970
8873971
8873972
8873973
8873974
8873975
8873976
8873977
8873978
8873979
8873980
8873981
8873982
8873983
8873984
8873985
8873986
8873987
8873988
8873989
8873990
8873991
8873992
8873993
8873994
8873995
8873996
8873997
8873998
8873999
8874000
8874001
8874002
8874003
8874004
8874005
8874006
8874007
8874008
8874009
8874010
8874011
8874012
8874013
8874014
8874015
8874016
8874017
8874018
8874019
8874020
8874021
8874022
8874023
8874024
8874025
8874026
8874027
8874028
8874029
8874030
8874031
8874032
8874033
8874034
8874035
8874036
8874037
8874038
8874039
8874040
8874041
8874042
8874043
8874044
8874045
8874046
8874047
8874048
8874049
8874050
8874051
8874052
8874053
8874054
8874055
8874056
8874057
8874058
8874059
8874060
8874061
8874062
8874063
8874064
8874065
8874066
8874067
8874068
8874069
8874070
8874071
8874072
8874073
8874074
8874075
8874076
8874077
8874078
8874079
8874080
8874081
8874082
8874083
8874084
8874085
8874086
8874087
8874088
8874089
8874090
8874091
8874092
8874093
8874094
8874095
8874096
8874097
8874098
8874099
8874100
8874101
8874102
8874103
8874104
8874105
8874106
8874107
8874108
8874109
8874110
8874111
8874112
8874113
8874114
8874115
8874116
8874117
8874118
8874119
8874120
8874121
8874122
8874123
8874124
8874125
8874126
8874127
8874128
8874129
8874130
8874131
8874132
8874133
8874134
8874135
8874136
8874137
8874138
8874139
8874140
8874141
8874142
8874143
8874144
8874145
8874146
8874147
8874148
8874149
8874150
8874151
8874152
8874153
8874154
8874155
8874156
8874157
8874158
8874159
8874160
8874161
8874162
8874163
8874164
8874165
8874166
8874167
8874168
8874169
8874170
8874171
8874172
8874173
8874174
8874175
8874176
8874177
8874178
8874179
8874180
8874181
8874182
8874183
8874184
8874185
8874186
8874187
8874188
8874189
8874190
8874191
8874192
8874193
8874194
8874195
8874196
8874197
8874198
8874199
8874200
8874201
8874202
8874203
8874204
8874205
8874206
8874207
8874208
8874209
8874210
8874211
8874212
8874213
8874214
8874215
8874216
8874217
8874218
8874219
8874220
8874221
8874222
8874223
8874224
8874225
8874226
8874227
8874228
8874229
8874230
8874231
8874232
8874233
8874234
8874235
8874236
8874237
8874238
8874239
8874240
8874241
8874242
8874243
8874244
8874245
8874246
8874247
8874248
8874249
8874250
8874251
8874252
8874253
8874254
8874255
8874256
8874257
8874258
8874259
8874260
8874261
8874262
8874263
8874264
8874265
8874266
8874267
8874268
8874269
8874270
8874271
8874272
8874273
8874274
8874275
8874276
8874277
8874278
8874279
8874280
8874281
8874282
8874283
8874284
8874285
8874286
8874287
8874288
8874289
8874290
8874291
8874292
8874293
8874294
8874295
8874296
8874297
8874298
8874299
8874300
8874301
8874302
8874303
8874304
8874305
8874306
8874307
8874308
8874309
8874310
8874311
8874312
8874313
8874314
8874315
8874316
8874317
8874318
8874319
8874320
8874321
8874322
8874323
8874324
8874325
8874326
8874327
8874328
8874329
8874330
8874331
8874332
8874333
8874334
8874335
8874336
8874337
8874338
8874339
8874340
8874341
8874342
8874343
8874344
8874345
8874346
8874347
8874348
8874349
8874350
8874351
8874352
8874353
8874354
8874355
8874356
8874357
8874358
8874359
8874360
8874361
8874362
8874363
8874364
8874365
8874366
8874367
8874368
8874369
8874370
8874371
8874372
8874373
8874374
8874375
8874376
8874377
8874378
8874379
8874380
8874381
8874382
8874383
8874384
8874385
8874386
8874387
8874388
8874389
8874390
8874391
8874392
8874393
8874394
8874395
8874396
8874397
8874398
8874399
8874400
8874401
8874402
8874403
8874404
8874405
8874406
8874407
8874408
8874409
8874410
8874411
8874412
8874413
8874414
8874415
8874416
8874417
8874418
8874419
8874420
8874421
8874422
8874423
8874424
8874425
8874426
8874427
8874428
8874429
8874430
8874431
8874432
8874433
8874434
8874435
8874436
8874437
8874438
8874439
8874440
8874441
8874442
8874443
8874444
8874445
8874446
8874447
8874448
8874449
8874450
8874451
8874452
8874453
8874454
8874455
8874456
8874457
8874458
8874459
8874460
8874461
8874462
8874463
8874464
8874465
8874466
8874467
8874468
8874469
8874470
8874471
8874472
8874473
8874474
8874475
8874476
8874477
8874478
8874479
8874480
8874481
8874482
8874483
8874484
8874485
8874486
8874487
8874488
8874489
8874490
8874491
8874492
8874493
8874494
8874495
8874496
8874497
8874498
8874499
8874500
8874501
8874502
8874503
8874504
8874505
8874506
8874507
8874508
8874509
8874510
8874511
8874512
8874513
8874514
8874515
8874516
8874517
8874518
8874519
8874520
8874521
8874522
8874523
8874524
8874525
8874526
8874527
8874528
8874529
8874530
8874531
8874532
8874533
8874534
8874535
8874536
8874537
8874538
8874539
8874540
8874541
8874542
8874543
8874544
8874545
8874546
8874547
8874548
8874549
8874550
8874551
8874552
8874553
8874554
8874555
8874556
8874557
8874558
8874559
8874560
8874561
8874562
8874563
8874564
8874565
8874566
8874567
8874568
8874569
8874570
8874571
8874572
8874573
8874574
8874575
8874576
8874577
8874578
8874579
8874580
8874581
8874582
8874583
8874584
8874585
8874586
8874587
8874588
8874589
8874590
8874591
8874592
8874593
8874594
8874595
8874596
8874597
8874598
8874599
8874600
8874601
8874602
8874603
8874604
8874605
8874606
8874607
8874608
8874609
8874610
8874611
8874612
8874613
8874614
8874615
8874616
8874617
8874618
8874619
8874620
8874621
8874622
8874623
8874624
8874625
8874626
8874627
8874628
8874629
8874630
8874631
8874632
8874633
8874634
8874635
8874636
8874637
8874638
8874639
8874640
8874641
8874642
8874643
8874644
8874645
8874646
8874647
8874648
8874649
8874650
8874651
8874652
8874653
8874654
8874655
8874656
8874657
8874658
8874659
8874660
8874661
8874662
8874663
8874664
8874665
8874666
8874667
8874668
8874669
8874670
8874671
8874672
8874673
8874674
8874675
8874676
8874677
8874678
8874679
8874680
8874681
8874682
8874683
8874684
8874685
8874686
8874687
8874688
8874689
8874690
8874691
8874692
8874693
8874694
8874695
8874696
8874697
8874698
8874699
8874700
8874701
8874702
8874703
8874704
8874705
8874706
8874707
8874708
8874709
8874710
8874711
8874712
8874713
8874714
8874715
8874716
8874717
8874718
8874719
8874720
8874721
8874722
8874723
8874724
8874725
8874726
8874727
8874728
8874729
8874730
8874731
8874732
8874733
8874734
8874735
8874736
8874737
8874738
8874739
8874740
8874741
8874742
8874743
8874744
8874745
8874746
8874747
8874748
8874749
8874750
8874751
8874752
8874753
8874754
8874755
8874756
8874757
8874758
8874759
8874760
8874761
8874762
8874763
8874764
8874765
8874766
8874767
8874768
8874769
8874770
8874771
8874772
8874773
8874774
8874775
8874776
8874777
8874778
8874779
8874780
8874781
8874782
8874783
8874784
8874785
8874786
8874787
8874788
8874789
8874790
8874791
8874792
8874793
8874794
8874795
8874796
8874797
8874798
8874799
8874800
8874801
8874802
8874803
8874804
8874805
8874806
8874807
8874808
8874809
8874810
8874811
8874812
8874813
8874814
8874815
8874816
8874817
8874818
8874819
8874820
8874821
8874822
8874823
8874824
8874825
8874826
8874827
8874828
8874829
8874830
8874831
8874832
8874833
8874834
8874835
8874836
8874837
8874838
8874839
8874840
8874841
8874842
8874843
8874844
8874845
8874846
8874847
8874848
8874849
8874850
8874851
8874852
8874853
8874854
8874855
8874856
8874857
8874858
8874859
8874860
8874861
8874862
8874863
8874864
8874865
8874866
8874867
8874868
8874869
8874870
8874871
8874872
8874873
8874874
8874875
8874876
8874877
8874878
8874879
8874880
8874881
8874882
8874883
8874884
8874885
8874886
8874887
8874888
8874889
8874890
8874891
8874892
8874893
8874894
8874895
8874896
8874897
8874898
8874899
8874900
8874901
8874902
8874903
8874904
8874905
8874906
8874907
8874908
8874909
8874910
8874911
8874912
8874913
8874914
8874915
8874916
8874917
8874918
8874919
8874920
8874921
8874922
8874923
8874924
8874925
8874926
8874927
8874928
8874929
8874930
8874931
8874932
8874933
8874934
8874935
8874936
8874937
8874938
8874939
8874940
8874941
8874942
8874943
8874944
8874945
8874946
8874947
8874948
8874949
8874950
8874951
8874952
8874953
8874954
8874955
8874956
8874957
8874958
8874959
8874960
8874961
8874962
8874963
8874964
8874965
8874966
8874967
8874968
8874969
8874970
8874971
8874972
8874973
8874974
8874975
8874976
8874977
8874978
8874979
8874980
8874981
8874982
8874983
8874984
8874985
8874986
8874987
8874988
8874989
8874990
8874991
8874992
8874993
8874994
8874995
8874996
8874997
8874998
8874999
8875000
8875001
8875002
8875003
8875004
8875005
8875006
8875007
8875008
8875009
8875010
8875011
8875012
8875013
8875014
8875015
8875016
8875017
8875018
8875019
8875020
8875021
8875022
8875023
8875024
8875025
8875026
8875027
8875028
8875029
8875030
8875031
8875032
8875033
8875034
8875035
8875036
8875037
8875038
8875039
8875040
8875041
8875042
8875043
8875044
8875045
8875046
8875047
8875048
8875049
8875050
8875051
8875052
8875053
8875054
8875055
8875056
8875057
8875058
8875059
8875060
8875061
8875062
8875063
8875064
8875065
8875066
8875067
8875068
8875069
8875070
8875071
8875072
8875073
8875074
8875075
8875076
8875077
8875078
8875079
8875080
8875081
8875082
8875083
8875084
8875085
8875086
8875087
8875088
8875089
8875090
8875091
8875092
8875093
8875094
8875095
8875096
8875097
8875098
8875099
8875100
8875101
8875102
8875103
8875104
8875105
8875106
8875107
8875108
8875109
8875110
8875111
8875112
8875113
8875114
8875115
8875116
8875117
8875118
8875119
8875120
8875121
8875122
8875123
8875124
8875125
8875126
8875127
8875128
8875129
8875130
8875131
8875132
8875133
8875134
8875135
8875136
8875137
8875138
8875139
8875140
8875141
8875142
8875143
8875144
8875145
8875146
8875147
8875148
8875149
8875150
8875151
8875152
8875153
8875154
8875155
8875156
8875157
8875158
8875159
8875160
8875161
8875162
8875163
8875164
8875165
8875166
8875167
8875168
8875169
8875170
8875171
8875172
8875173
8875174
8875175
8875176
8875177
8875178
8875179
8875180
8875181
8875182
8875183
8875184
8875185
8875186
8875187
8875188
8875189
8875190
8875191
8875192
8875193
8875194
8875195
8875196
8875197
8875198
8875199
8875200
8875201
8875202
8875203
8875204
8875205
8875206
8875207
8875208
8875209
8875210
8875211
8875212
8875213
8875214
8875215
8875216
8875217
8875218
8875219
8875220
8875221
8875222
8875223
8875224
8875225
8875226
8875227
8875228
8875229
8875230
8875231
8875232
8875233
8875234
8875235
8875236
8875237
8875238
8875239
8875240
8875241
8875242
8875243
8875244
8875245
8875246
8875247
8875248
8875249
8875250
8875251
8875252
8875253
8875254
8875255
8875256
8875257
8875258
8875259
8875260
8875261
8875262
8875263
8875264
8875265
8875266
8875267
8875268
8875269
8875270
8875271
8875272
8875273
8875274
8875275
8875276
8875277
8875278
8875279
8875280
8875281
8875282
8875283
8875284
8875285
8875286
8875287
8875288
8875289
8875290
8875291
8875292
8875293
8875294
8875295
8875296
8875297
8875298
8875299
8875300
8875301
8875302
8875303
8875304
8875305
8875306
8875307
8875308
8875309
8875310
8875311
8875312
8875313
8875314
8875315
8875316
8875317
8875318
8875319
8875320
8875321
8875322
8875323
8875324
8875325
8875326
8875327
8875328
8875329
8875330
8875331
8875332
8875333
8875334
8875335
8875336
8875337
8875338
8875339
8875340
8875341
8875342
8875343
8875344
8875345
8875346
8875347
8875348
8875349
8875350
8875351
8875352
8875353
8875354
8875355
8875356
8875357
8875358
8875359
8875360
8875361
8875362
8875363
8875364
8875365
8875366
8875367
8875368
8875369
8875370
8875371
8875372
8875373
8875374
8875375
8875376
8875377
8875378
8875379
8875380
8875381
8875382
8875383
8875384
8875385
8875386
8875387
8875388
8875389
8875390
8875391
8875392
8875393
8875394
8875395
8875396
8875397
8875398
8875399
8875400
8875401
8875402
8875403
8875404
8875405
8875406
8875407
8875408
8875409
8875410
8875411
8875412
8875413
8875414
8875415
8875416
8875417
8875418
8875419
8875420
8875421
8875422
8875423
8875424
8875425
8875426
8875427
8875428
8875429
8875430
8875431
8875432
8875433
8875434
8875435
8875436
8875437
8875438
8875439
8875440
8875441
8875442
8875443
8875444
8875445
8875446
8875447
8875448
8875449
8875450
8875451
8875452
8875453
8875454
8875455
8875456
8875457
8875458
8875459
8875460
8875461
8875462
8875463
8875464
8875465
8875466
8875467
8875468
8875469
8875470
8875471
8875472
8875473
8875474
8875475
8875476
8875477
8875478
8875479
8875480
8875481
8875482
8875483
8875484
8875485
8875486
8875487
8875488
8875489
8875490
8875491
8875492
8875493
8875494
8875495
8875496
8875497
8875498
8875499
8875500
8875501
8875502
8875503
8875504
8875505
8875506
8875507
8875508
8875509
8875510
8875511
8875512
8875513
8875514
8875515
8875516
8875517
8875518
8875519
8875520
8875521
8875522
8875523
8875524
8875525
8875526
8875527
8875528
8875529
8875530
8875531
8875532
8875533
8875534
8875535
8875536
8875537
8875538
8875539
8875540
8875541
8875542
8875543
8875544
8875545
8875546
8875547
8875548
8875549
8875550
8875551
8875552
8875553
8875554
8875555
8875556
8875557
8875558
8875559
8875560
8875561
8875562
8875563
8875564
8875565
8875566
8875567
8875568
8875569
8875570
8875571
8875572
8875573
8875574
8875575
8875576
8875577
8875578
8875579
8875580
8875581
8875582
8875583
8875584
8875585
8875586
8875587
8875588
8875589
8875590
8875591
8875592
8875593
8875594
8875595
8875596
8875597
8875598
8875599
8875600
8875601
8875602
8875603
8875604
8875605
8875606
8875607
8875608
8875609
8875610
8875611
8875612
8875613
8875614
8875615
8875616
8875617
8875618
8875619
8875620
8875621
8875622
8875623
8875624
8875625
8875626
8875627
8875628
8875629
8875630
8875631
8875632
8875633
8875634
8875635
8875636
8875637
8875638
8875639
8875640
8875641
8875642
8875643
8875644
8875645
8875646
8875647
8875648
8875649
8875650
8875651
8875652
8875653
8875654
8875655
8875656
8875657
8875658
8875659
8875660
8875661
8875662
8875663
8875664
8875665
8875666
8875667
8875668
8875669
8875670
8875671
8875672
8875673
8875674
8875675
8875676
8875677
8875678
8875679
8875680
8875681
8875682
8875683
8875684
8875685
8875686
8875687
8875688
8875689
8875690
8875691
8875692
8875693
8875694
8875695
8875696
8875697
8875698
8875699
8875700
8875701
8875702
8875703
8875704
8875705
8875706
8875707
8875708
8875709
8875710
8875711
8875712
8875713
8875714
8875715
8875716
8875717
8875718
8875719
8875720
8875721
8875722
8875723
8875724
8875725
8875726
8875727
8875728
8875729
8875730
8875731
8875732
8875733
8875734
8875735
8875736
8875737
8875738
8875739
8875740
8875741
8875742
8875743
8875744
8875745
8875746
8875747
8875748
8875749
8875750
8875751
8875752
8875753
8875754
8875755
8875756
8875757
8875758
8875759
8875760
8875761
8875762
8875763
8875764
8875765
8875766
8875767
8875768
8875769
8875770
8875771
8875772
8875773
8875774
8875775
8875776
8875777
8875778
8875779
8875780
8875781
8875782
8875783
8875784
8875785
8875786
8875787
8875788
8875789
8875790
8875791
8875792
8875793
8875794
8875795
8875796
8875797
8875798
8875799
8875800
8875801
8875802
8875803
8875804
8875805
8875806
8875807
8875808
8875809
8875810
8875811
8875812
8875813
8875814
8875815
8875816
8875817
8875818
8875819
8875820
8875821
8875822
8875823
8875824
8875825
8875826
8875827
8875828
8875829
8875830
8875831
8875832
8875833
8875834
8875835
8875836
8875837
8875838
8875839
8875840
8875841
8875842
8875843
8875844
8875845
8875846
8875847
8875848
8875849
8875850
8875851
8875852
8875853
8875854
8875855
8875856
8875857
8875858
8875859
8875860
8875861
8875862
8875863
8875864
8875865
8875866
8875867
8875868
8875869
8875870
8875871
8875872
8875873
8875874
8875875
8875876
8875877
8875878
8875879
8875880
8875881
8875882
8875883
8875884
8875885
8875886
8875887
8875888
8875889
8875890
8875891
8875892
8875893
8875894
8875895
8875896
8875897
8875898
8875899
8875900
8875901
8875902
8875903
8875904
8875905
8875906
8875907
8875908
8875909
8875910
8875911
8875912
8875913
8875914
8875915
8875916
8875917
8875918
8875919
8875920
8875921
8875922
8875923
8875924
8875925
8875926
8875927
8875928
8875929
8875930
8875931
8875932
8875933
8875934
8875935
8875936
8875937
8875938
8875939
8875940
8875941
8875942
8875943
8875944
8875945
8875946
8875947
8875948
8875949
8875950
8875951
8875952
8875953
8875954
8875955
8875956
8875957
8875958
8875959
8875960
8875961
8875962
8875963
8875964
8875965
8875966
8875967
8875968
8875969
8875970
8875971
8875972
8875973
8875974
8875975
8875976
8875977
8875978
8875979
8875980
8875981
8875982
8875983
8875984
8875985
8875986
8875987
8875988
8875989
8875990
8875991
8875992
8875993
8875994
8875995
8875996
8875997
8875998
8875999
8876000
8876001
8876002
8876003
8876004
8876005
8876006
8876007
8876008
8876009
8876010
8876011
8876012
8876013
8876014
8876015
8876016
8876017
8876018
8876019
8876020
8876021
8876022
8876023
8876024
8876025
8876026
8876027
8876028
8876029
8876030
8876031
8876032
8876033
8876034
8876035
8876036
8876037
8876038
8876039
8876040
8876041
8876042
8876043
8876044
8876045
8876046
8876047
8876048
8876049
8876050
8876051
8876052
8876053
8876054
8876055
8876056
8876057
8876058
8876059
8876060
8876061
8876062
8876063
8876064
8876065
8876066
8876067
8876068
8876069
8876070
8876071
8876072
8876073
8876074
8876075
8876076
8876077
8876078
8876079
8876080
8876081
8876082
8876083
8876084
8876085
8876086
8876087
8876088
8876089
8876090
8876091
8876092
8876093
8876094
8876095
8876096
8876097
8876098
8876099
8876100
8876101
8876102
8876103
8876104
8876105
8876106
8876107
8876108
8876109
8876110
8876111
8876112
8876113
8876114
8876115
8876116
8876117
8876118
8876119
8876120
8876121
8876122
8876123
8876124
8876125
8876126
8876127
8876128
8876129
8876130
8876131
8876132
8876133
8876134
8876135
8876136
8876137
8876138
8876139
8876140
8876141
8876142
8876143
8876144
8876145
8876146
8876147
8876148
8876149
8876150
8876151
8876152
8876153
8876154
8876155
8876156
8876157
8876158
8876159
8876160
8876161
8876162
8876163
8876164
8876165
8876166
8876167
8876168
8876169
8876170
8876171
8876172
8876173
8876174
8876175
8876176
8876177
8876178
8876179
8876180
8876181
8876182
8876183
8876184
8876185
8876186
8876187
8876188
8876189
8876190
8876191
8876192
8876193
8876194
8876195
8876196
8876197
8876198
8876199
8876200
8876201
8876202
8876203
8876204
8876205
8876206
8876207
8876208
8876209
8876210
8876211
8876212
8876213
8876214
8876215
8876216
8876217
8876218
8876219
8876220
8876221
8876222
8876223
8876224
8876225
8876226
8876227
8876228
8876229
8876230
8876231
8876232
8876233
8876234
8876235
8876236
8876237
8876238
8876239
8876240
8876241
8876242
8876243
8876244
8876245
8876246
8876247
8876248
8876249
8876250
8876251
8876252
8876253
8876254
8876255
8876256
8876257
8876258
8876259
8876260
8876261
8876262
8876263
8876264
8876265
8876266
8876267
8876268
8876269
8876270
8876271
8876272
8876273
8876274
8876275
8876276
8876277
8876278
8876279
8876280
8876281
8876282
8876283
8876284
8876285
8876286
8876287
8876288
8876289
8876290
8876291
8876292
8876293
8876294
8876295
8876296
8876297
8876298
8876299
8876300
8876301
8876302
8876303
8876304
8876305
8876306
8876307
8876308
8876309
8876310
8876311
8876312
8876313
8876314
8876315
8876316
8876317
8876318
8876319
8876320
8876321
8876322
8876323
8876324
8876325
8876326
8876327
8876328
8876329
8876330
8876331
8876332
8876333
8876334
8876335
8876336
8876337
8876338
8876339
8876340
8876341
8876342
8876343
8876344
8876345
8876346
8876347
8876348
8876349
8876350
8876351
8876352
8876353
8876354
8876355
8876356
8876357
8876358
8876359
8876360
8876361
8876362
8876363
8876364
8876365
8876366
8876367
8876368
8876369
8876370
8876371
8876372
8876373
8876374
8876375
8876376
8876377
8876378
8876379
8876380
8876381
8876382
8876383
8876384
8876385
8876386
8876387
8876388
8876389
8876390
8876391
8876392
8876393
8876394
8876395
8876396
8876397
8876398
8876399
8876400
8876401
8876402
8876403
8876404
8876405
8876406
8876407
8876408
8876409
8876410
8876411
8876412
8876413
8876414
8876415
8876416
8876417
8876418
8876419
8876420
8876421
8876422
8876423
8876424
8876425
8876426
8876427
8876428
8876429
8876430
8876431
8876432
8876433
8876434
8876435
8876436
8876437
8876438
8876439
8876440
8876441
8876442
8876443
8876444
8876445
8876446
8876447
8876448
8876449
8876450
8876451
8876452
8876453
8876454
8876455
8876456
8876457
8876458
8876459
8876460
8876461
8876462
8876463
8876464
8876465
8876466
8876467
8876468
8876469
8876470
8876471
8876472
8876473
8876474
8876475
8876476
8876477
8876478
8876479
8876480
8876481
8876482
8876483
8876484
8876485
8876486
8876487
8876488
8876489
8876490
8876491
8876492
8876493
8876494
8876495
8876496
8876497
8876498
8876499
8876500
8876501
8876502
8876503
8876504
8876505
8876506
8876507
8876508
8876509
8876510
8876511
8876512
8876513
8876514
8876515
8876516
8876517
8876518
8876519
8876520
8876521
8876522
8876523
8876524
8876525
8876526
8876527
8876528
8876529
8876530
8876531
8876532
8876533
8876534
8876535
8876536
8876537
8876538
8876539
8876540
8876541
8876542
8876543
8876544
8876545
8876546
8876547
8876548
8876549
8876550
8876551
8876552
8876553
8876554
8876555
8876556
8876557
8876558
8876559
8876560
8876561
8876562
8876563
8876564
8876565
8876566
8876567
8876568
8876569
8876570
8876571
8876572
8876573
8876574
8876575
8876576
8876577
8876578
8876579
8876580
8876581
8876582
8876583
8876584
8876585
8876586
8876587
8876588
8876589
8876590
8876591
8876592
8876593
8876594
8876595
8876596
8876597
8876598
8876599
8876600
8876601
8876602
8876603
8876604
8876605
8876606
8876607
8876608
8876609
8876610
8876611
8876612
8876613
8876614
8876615
8876616
8876617
8876618
8876619
8876620
8876621
8876622
8876623
8876624
8876625
8876626
8876627
8876628
8876629
8876630
8876631
8876632
8876633
8876634
8876635
8876636
8876637
8876638
8876639
8876640
8876641
8876642
8876643
8876644
8876645
8876646
8876647
8876648
8876649
8876650
8876651
8876652
8876653
8876654
8876655
8876656
8876657
8876658
8876659
8876660
8876661
8876662
8876663
8876664
8876665
8876666
8876667
8876668
8876669
8876670
8876671
8876672
8876673
8876674
8876675
8876676
8876677
8876678
8876679
8876680
8876681
8876682
8876683
8876684
8876685
8876686
8876687
8876688
8876689
8876690
8876691
8876692
8876693
8876694
8876695
8876696
8876697
8876698
8876699
8876700
8876701
8876702
8876703
8876704
8876705
8876706
8876707
8876708
8876709
8876710
8876711
8876712
8876713
8876714
8876715
8876716
8876717
8876718
8876719
8876720
8876721
8876722
8876723
8876724
8876725
8876726
8876727
8876728
8876729
8876730
8876731
8876732
8876733
8876734
8876735
8876736
8876737
8876738
8876739
8876740
8876741
8876742
8876743
8876744
8876745
8876746
8876747
8876748
8876749
8876750
8876751
8876752
8876753
8876754
8876755
8876756
8876757
8876758
8876759
8876760
8876761
8876762
8876763
8876764
8876765
8876766
8876767
8876768
8876769
8876770
8876771
8876772
8876773
8876774
8876775
8876776
8876777
8876778
8876779
8876780
8876781
8876782
8876783
8876784
8876785
8876786
8876787
8876788
8876789
8876790
8876791
8876792
8876793
8876794
8876795
8876796
8876797
8876798
8876799
8876800
8876801
8876802
8876803
8876804
8876805
8876806
8876807
8876808
8876809
8876810
8876811
8876812
8876813
8876814
8876815
8876816
8876817
8876818
8876819
8876820
8876821
8876822
8876823
8876824
8876825
8876826
8876827
8876828
8876829
8876830
8876831
8876832
8876833
8876834
8876835
8876836
8876837
8876838
8876839
8876840
8876841
8876842
8876843
8876844
8876845
8876846
8876847
8876848
8876849
8876850
8876851
8876852
8876853
8876854
8876855
8876856
8876857
8876858
8876859
8876860
8876861
8876862
8876863
8876864
8876865
8876866
8876867
8876868
8876869
8876870
8876871
8876872
8876873
8876874
8876875
8876876
8876877
8876878
8876879
8876880
8876881
8876882
8876883
8876884
8876885
8876886
8876887
8876888
8876889
8876890
8876891
8876892
8876893
8876894
8876895
8876896
8876897
8876898
8876899
8876900
8876901
8876902
8876903
8876904
8876905
8876906
8876907
8876908
8876909
8876910
8876911
8876912
8876913
8876914
8876915
8876916
8876917
8876918
8876919
8876920
8876921
8876922
8876923
8876924
8876925
8876926
8876927
8876928
8876929
8876930
8876931
8876932
8876933
8876934
8876935
8876936
8876937
8876938
8876939
8876940
8876941
8876942
8876943
8876944
8876945
8876946
8876947
8876948
8876949
8876950
8876951
8876952
8876953
8876954
8876955
8876956
8876957
8876958
8876959
8876960
8876961
8876962
8876963
8876964
8876965
8876966
8876967
8876968
8876969
8876970
8876971
8876972
8876973
8876974
8876975
8876976
8876977
8876978
8876979
8876980
8876981
8876982
8876983
8876984
8876985
8876986
8876987
8876988
8876989
8876990
8876991
8876992
8876993
8876994
8876995
8876996
8876997
8876998
8876999
8877000
8877001
8877002
8877003
8877004
8877005
8877006
8877007
8877008
8877009
8877010
8877011
8877012
8877013
8877014
8877015
8877016
8877017
8877018
8877019
8877020
8877021
8877022
8877023
8877024
8877025
8877026
8877027
8877028
8877029
8877030
8877031
8877032
8877033
8877034
8877035
8877036
8877037
8877038
8877039
8877040
8877041
8877042
8877043
8877044
8877045
8877046
8877047
8877048
8877049
8877050
8877051
8877052
8877053
8877054
8877055
8877056
8877057
8877058
8877059
8877060
8877061
8877062
8877063
8877064
8877065
8877066
8877067
8877068
8877069
8877070
8877071
8877072
8877073
8877074
8877075
8877076
8877077
8877078
8877079
8877080
8877081
8877082
8877083
8877084
8877085
8877086
8877087
8877088
8877089
8877090
8877091
8877092
8877093
8877094
8877095
8877096
8877097
8877098
8877099
8877100
8877101
8877102
8877103
8877104
8877105
8877106
8877107
8877108
8877109
8877110
8877111
8877112
8877113
8877114
8877115
8877116
8877117
8877118
8877119
8877120
8877121
8877122
8877123
8877124
8877125
8877126
8877127
8877128
8877129
8877130
8877131
8877132
8877133
8877134
8877135
8877136
8877137
8877138
8877139
8877140
8877141
8877142
8877143
8877144
8877145
8877146
8877147
8877148
8877149
8877150
8877151
8877152
8877153
8877154
8877155
8877156
8877157
8877158
8877159
8877160
8877161
8877162
8877163
8877164
8877165
8877166
8877167
8877168
8877169
8877170
8877171
8877172
8877173
8877174
8877175
8877176
8877177
8877178
8877179
8877180
8877181
8877182
8877183
8877184
8877185
8877186
8877187
8877188
8877189
8877190
8877191
8877192
8877193
8877194
8877195
8877196
8877197
8877198
8877199
8877200
8877201
8877202
8877203
8877204
8877205
8877206
8877207
8877208
8877209
8877210
8877211
8877212
8877213
8877214
8877215
8877216
8877217
8877218
8877219
8877220
8877221
8877222
8877223
8877224
8877225
8877226
8877227
8877228
8877229
8877230
8877231
8877232
8877233
8877234
8877235
8877236
8877237
8877238
8877239
8877240
8877241
8877242
8877243
8877244
8877245
8877246
8877247
8877248
8877249
8877250
8877251
8877252
8877253
8877254
8877255
8877256
8877257
8877258
8877259
8877260
8877261
8877262
8877263
8877264
8877265
8877266
8877267
8877268
8877269
8877270
8877271
8877272
8877273
8877274
8877275
8877276
8877277
8877278
8877279
8877280
8877281
8877282
8877283
8877284
8877285
8877286
8877287
8877288
8877289
8877290
8877291
8877292
8877293
8877294
8877295
8877296
8877297
8877298
8877299
8877300
8877301
8877302
8877303
8877304
8877305
8877306
8877307
8877308
8877309
8877310
8877311
8877312
8877313
8877314
8877315
8877316
8877317
8877318
8877319
8877320
8877321
8877322
8877323
8877324
8877325
8877326
8877327
8877328
8877329
8877330
8877331
8877332
8877333
8877334
8877335
8877336
8877337
8877338
8877339
8877340
8877341
8877342
8877343
8877344
8877345
8877346
8877347
8877348
8877349
8877350
8877351
8877352
8877353
8877354
8877355
8877356
8877357
8877358
8877359
8877360
8877361
8877362
8877363
8877364
8877365
8877366
8877367
8877368
8877369
8877370
8877371
8877372
8877373
8877374
8877375
8877376
8877377
8877378
8877379
8877380
8877381
8877382
8877383
8877384
8877385
8877386
8877387
8877388
8877389
8877390
8877391
8877392
8877393
8877394
8877395
8877396
8877397
8877398
8877399
8877400
8877401
8877402
8877403
8877404
8877405
8877406
8877407
8877408
8877409
8877410
8877411
8877412
8877413
8877414
8877415
8877416
8877417
8877418
8877419
8877420
8877421
8877422
8877423
8877424
8877425
8877426
8877427
8877428
8877429
8877430
8877431
8877432
8877433
8877434
8877435
8877436
8877437
8877438
8877439
8877440
8877441
8877442
8877443
8877444
8877445
8877446
8877447
8877448
8877449
8877450
8877451
8877452
8877453
8877454
8877455
8877456
8877457
8877458
8877459
8877460
8877461
8877462
8877463
8877464
8877465
8877466
8877467
8877468
8877469
8877470
8877471
8877472
8877473
8877474
8877475
8877476
8877477
8877478
8877479
8877480
8877481
8877482
8877483
8877484
8877485
8877486
8877487
8877488
8877489
8877490
8877491
8877492
8877493
8877494
8877495
8877496
8877497
8877498
8877499
8877500
8877501
8877502
8877503
8877504
8877505
8877506
8877507
8877508
8877509
8877510
8877511
8877512
8877513
8877514
8877515
8877516
8877517
8877518
8877519
8877520
8877521
8877522
8877523
8877524
8877525
8877526
8877527
8877528
8877529
8877530
8877531
8877532
8877533
8877534
8877535
8877536
8877537
8877538
8877539
8877540
8877541
8877542
8877543
8877544
8877545
8877546
8877547
8877548
8877549
8877550
8877551
8877552
8877553
8877554
8877555
8877556
8877557
8877558
8877559
8877560
8877561
8877562
8877563
8877564
8877565
8877566
8877567
8877568
8877569
8877570
8877571
8877572
8877573
8877574
8877575
8877576
8877577
8877578
8877579
8877580
8877581
8877582
8877583
8877584
8877585
8877586
8877587
8877588
8877589
8877590
8877591
8877592
8877593
8877594
8877595
8877596
8877597
8877598
8877599
8877600
8877601
8877602
8877603
8877604
8877605
8877606
8877607
8877608
8877609
8877610
8877611
8877612
8877613
8877614
8877615
8877616
8877617
8877618
8877619
8877620
8877621
8877622
8877623
8877624
8877625
8877626
8877627
8877628
8877629
8877630
8877631
8877632
8877633
8877634
8877635
8877636
8877637
8877638
8877639
8877640
8877641
8877642
8877643
8877644
8877645
8877646
8877647
8877648
8877649
8877650
8877651
8877652
8877653
8877654
8877655
8877656
8877657
8877658
8877659
8877660
8877661
8877662
8877663
8877664
8877665
8877666
8877667
8877668
8877669
8877670
8877671
8877672
8877673
8877674
8877675
8877676
8877677
8877678
8877679
8877680
8877681
8877682
8877683
8877684
8877685
8877686
8877687
8877688
8877689
8877690
8877691
8877692
8877693
8877694
8877695
8877696
8877697
8877698
8877699
8877700
8877701
8877702
8877703
8877704
8877705
8877706
8877707
8877708
8877709
8877710
8877711
8877712
8877713
8877714
8877715
8877716
8877717
8877718
8877719
8877720
8877721
8877722
8877723
8877724
8877725
8877726
8877727
8877728
8877729
8877730
8877731
8877732
8877733
8877734
8877735
8877736
8877737
8877738
8877739
8877740
8877741
8877742
8877743
8877744
8877745
8877746
8877747
8877748
8877749
8877750
8877751
8877752
8877753
8877754
8877755
8877756
8877757
8877758
8877759
8877760
8877761
8877762
8877763
8877764
8877765
8877766
8877767
8877768
8877769
8877770
8877771
8877772
8877773
8877774
8877775
8877776
8877777
8877778
8877779
8877780
8877781
8877782
8877783
8877784
8877785
8877786
8877787
8877788
8877789
8877790
8877791
8877792
8877793
8877794
8877795
8877796
8877797
8877798
8877799
8877800
8877801
8877802
8877803
8877804
8877805
8877806
8877807
8877808
8877809
8877810
8877811
8877812
8877813
8877814
8877815
8877816
8877817
8877818
8877819
8877820
8877821
8877822
8877823
8877824
8877825
8877826
8877827
8877828
8877829
8877830
8877831
8877832
8877833
8877834
8877835
8877836
8877837
8877838
8877839
8877840
8877841
8877842
8877843
8877844
8877845
8877846
8877847
8877848
8877849
8877850
8877851
8877852
8877853
8877854
8877855
8877856
8877857
8877858
8877859
8877860
8877861
8877862
8877863
8877864
8877865
8877866
8877867
8877868
8877869
8877870
8877871
8877872
8877873
8877874
8877875
8877876
8877877
8877878
8877879
8877880
8877881
8877882
8877883
8877884
8877885
8877886
8877887
8877888
8877889
8877890
8877891
8877892
8877893
8877894
8877895
8877896
8877897
8877898
8877899
8877900
8877901
8877902
8877903
8877904
8877905
8877906
8877907
8877908
8877909
8877910
8877911
8877912
8877913
8877914
8877915
8877916
8877917
8877918
8877919
8877920
8877921
8877922
8877923
8877924
8877925
8877926
8877927
8877928
8877929
8877930
8877931
8877932
8877933
8877934
8877935
8877936
8877937
8877938
8877939
8877940
8877941
8877942
8877943
8877944
8877945
8877946
8877947
8877948
8877949
8877950
8877951
8877952
8877953
8877954
8877955
8877956
8877957
8877958
8877959
8877960
8877961
8877962
8877963
8877964
8877965
8877966
8877967
8877968
8877969
8877970
8877971
8877972
8877973
8877974
8877975
8877976
8877977
8877978
8877979
8877980
8877981
8877982
8877983
8877984
8877985
8877986
8877987
8877988
8877989
8877990
8877991
8877992
8877993
8877994
8877995
8877996
8877997
8877998
8877999
8878000
8878001
8878002
8878003
8878004
8878005
8878006
8878007
8878008
8878009
8878010
8878011
8878012
8878013
8878014
8878015
8878016
8878017
8878018
8878019
8878020
8878021
8878022
8878023
8878024
8878025
8878026
8878027
8878028
8878029
8878030
8878031
8878032
8878033
8878034
8878035
8878036
8878037
8878038
8878039
8878040
8878041
8878042
8878043
8878044
8878045
8878046
8878047
8878048
8878049
8878050
8878051
8878052
8878053
8878054
8878055
8878056
8878057
8878058
8878059
8878060
8878061
8878062
8878063
8878064
8878065
8878066
8878067
8878068
8878069
8878070
8878071
8878072
8878073
8878074
8878075
8878076
8878077
8878078
8878079
8878080
8878081
8878082
8878083
8878084
8878085
8878086
8878087
8878088
8878089
8878090
8878091
8878092
8878093
8878094
8878095
8878096
8878097
8878098
8878099
8878100
8878101
8878102
8878103
8878104
8878105
8878106
8878107
8878108
8878109
8878110
8878111
8878112
8878113
8878114
8878115
8878116
8878117
8878118
8878119
8878120
8878121
8878122
8878123
8878124
8878125
8878126
8878127
8878128
8878129
8878130
8878131
8878132
8878133
8878134
8878135
8878136
8878137
8878138
8878139
8878140
8878141
8878142
8878143
8878144
8878145
8878146
8878147
8878148
8878149
8878150
8878151
8878152
8878153
8878154
8878155
8878156
8878157
8878158
8878159
8878160
8878161
8878162
8878163
8878164
8878165
8878166
8878167
8878168
8878169
8878170
8878171
8878172
8878173
8878174
8878175
8878176
8878177
8878178
8878179
8878180
8878181
8878182
8878183
8878184
8878185
8878186
8878187
8878188
8878189
8878190
8878191
8878192
8878193
8878194
8878195
8878196
8878197
8878198
8878199
8878200
8878201
8878202
8878203
8878204
8878205
8878206
8878207
8878208
8878209
8878210
8878211
8878212
8878213
8878214
8878215
8878216
8878217
8878218
8878219
8878220
8878221
8878222
8878223
8878224
8878225
8878226
8878227
8878228
8878229
8878230
8878231
8878232
8878233
8878234
8878235
8878236
8878237
8878238
8878239
8878240
8878241
8878242
8878243
8878244
8878245
8878246
8878247
8878248
8878249
8878250
8878251
8878252
8878253
8878254
8878255
8878256
8878257
8878258
8878259
8878260
8878261
8878262
8878263
8878264
8878265
8878266
8878267
8878268
8878269
8878270
8878271
8878272
8878273
8878274
8878275
8878276
8878277
8878278
8878279
8878280
8878281
8878282
8878283
8878284
8878285
8878286
8878287
8878288
8878289
8878290
8878291
8878292
8878293
8878294
8878295
8878296
8878297
8878298
8878299
8878300
8878301
8878302
8878303
8878304
8878305
8878306
8878307
8878308
8878309
8878310
8878311
8878312
8878313
8878314
8878315
8878316
8878317
8878318
8878319
8878320
8878321
8878322
8878323
8878324
8878325
8878326
8878327
8878328
8878329
8878330
8878331
8878332
8878333
8878334
8878335
8878336
8878337
8878338
8878339
8878340
8878341
8878342
8878343
8878344
8878345
8878346
8878347
8878348
8878349
8878350
8878351
8878352
8878353
8878354
8878355
8878356
8878357
8878358
8878359
8878360
8878361
8878362
8878363
8878364
8878365
8878366
8878367
8878368
8878369
8878370
8878371
8878372
8878373
8878374
8878375
8878376
8878377
8878378
8878379
8878380
8878381
8878382
8878383
8878384
8878385
8878386
8878387
8878388
8878389
8878390
8878391
8878392
8878393
8878394
8878395
8878396
8878397
8878398
8878399
8878400
8878401
8878402
8878403
8878404
8878405
8878406
8878407
8878408
8878409
8878410
8878411
8878412
8878413
8878414
8878415
8878416
8878417
8878418
8878419
8878420
8878421
8878422
8878423
8878424
8878425
8878426
8878427
8878428
8878429
8878430
8878431
8878432
8878433
8878434
8878435
8878436
8878437
8878438
8878439
8878440
8878441
8878442
8878443
8878444
8878445
8878446
8878447
8878448
8878449
8878450
8878451
8878452
8878453
8878454
8878455
8878456
8878457
8878458
8878459
8878460
8878461
8878462
8878463
8878464
8878465
8878466
8878467
8878468
8878469
8878470
8878471
8878472
8878473
8878474
8878475
8878476
8878477
8878478
8878479
8878480
8878481
8878482
8878483
8878484
8878485
8878486
8878487
8878488
8878489
8878490
8878491
8878492
8878493
8878494
8878495
8878496
8878497
8878498
8878499
8878500
8878501
8878502
8878503
8878504
8878505
8878506
8878507
8878508
8878509
8878510
8878511
8878512
8878513
8878514
8878515
8878516
8878517
8878518
8878519
8878520
8878521
8878522
8878523
8878524
8878525
8878526
8878527
8878528
8878529
8878530
8878531
8878532
8878533
8878534
8878535
8878536
8878537
8878538
8878539
8878540
8878541
8878542
8878543
8878544
8878545
8878546
8878547
8878548
8878549
8878550
8878551
8878552
8878553
8878554
8878555
8878556
8878557
8878558
8878559
8878560
8878561
8878562
8878563
8878564
8878565
8878566
8878567
8878568
8878569
8878570
8878571
8878572
8878573
8878574
8878575
8878576
8878577
8878578
8878579
8878580
8878581
8878582
8878583
8878584
8878585
8878586
8878587
8878588
8878589
8878590
8878591
8878592
8878593
8878594
8878595
8878596
8878597
8878598
8878599
8878600
8878601
8878602
8878603
8878604
8878605
8878606
8878607
8878608
8878609
8878610
8878611
8878612
8878613
8878614
8878615
8878616
8878617
8878618
8878619
8878620
8878621
8878622
8878623
8878624
8878625
8878626
8878627
8878628
8878629
8878630
8878631
8878632
8878633
8878634
8878635
8878636
8878637
8878638
8878639
8878640
8878641
8878642
8878643
8878644
8878645
8878646
8878647
8878648
8878649
8878650
8878651
8878652
8878653
8878654
8878655
8878656
8878657
8878658
8878659
8878660
8878661
8878662
8878663
8878664
8878665
8878666
8878667
8878668
8878669
8878670
8878671
8878672
8878673
8878674
8878675
8878676
8878677
8878678
8878679
8878680
8878681
8878682
8878683
8878684
8878685
8878686
8878687
8878688
8878689
8878690
8878691
8878692
8878693
8878694
8878695
8878696
8878697
8878698
8878699
8878700
8878701
8878702
8878703
8878704
8878705
8878706
8878707
8878708
8878709
8878710
8878711
8878712
8878713
8878714
8878715
8878716
8878717
8878718
8878719
8878720
8878721
8878722
8878723
8878724
8878725
8878726
8878727
8878728
8878729
8878730
8878731
8878732
8878733
8878734
8878735
8878736
8878737
8878738
8878739
8878740
8878741
8878742
8878743
8878744
8878745
8878746
8878747
8878748
8878749
8878750
8878751
8878752
8878753
8878754
8878755
8878756
8878757
8878758
8878759
8878760
8878761
8878762
8878763
8878764
8878765
8878766
8878767
8878768
8878769
8878770
8878771
8878772
8878773
8878774
8878775
8878776
8878777
8878778
8878779
8878780
8878781
8878782
8878783
8878784
8878785
8878786
8878787
8878788
8878789
8878790
8878791
8878792
8878793
8878794
8878795
8878796
8878797
8878798
8878799
8878800
8878801
8878802
8878803
8878804
8878805
8878806
8878807
8878808
8878809
8878810
8878811
8878812
8878813
8878814
8878815
8878816
8878817
8878818
8878819
8878820
8878821
8878822
8878823
8878824
8878825
8878826
8878827
8878828
8878829
8878830
8878831
8878832
8878833
8878834
8878835
8878836
8878837
8878838
8878839
8878840
8878841
8878842
8878843
8878844
8878845
8878846
8878847
8878848
8878849
8878850
8878851
8878852
8878853
8878854
8878855
8878856
8878857
8878858
8878859
8878860
8878861
8878862
8878863
8878864
8878865
8878866
8878867
8878868
8878869
8878870
8878871
8878872
8878873
8878874
8878875
8878876
8878877
8878878
8878879
8878880
8878881
8878882
8878883
8878884
8878885
8878886
8878887
8878888
8878889
8878890
8878891
8878892
8878893
8878894
8878895
8878896
8878897
8878898
8878899
8878900
8878901
8878902
8878903
8878904
8878905
8878906
8878907
8878908
8878909
8878910
8878911
8878912
8878913
8878914
8878915
8878916
8878917
8878918
8878919
8878920
8878921
8878922
8878923
8878924
8878925
8878926
8878927
8878928
8878929
8878930
8878931
8878932
8878933
8878934
8878935
8878936
8878937
8878938
8878939
8878940
8878941
8878942
8878943
8878944
8878945
8878946
8878947
8878948
8878949
8878950
8878951
8878952
8878953
8878954
8878955
8878956
8878957
8878958
8878959
8878960
8878961
8878962
8878963
8878964
8878965
8878966
8878967
8878968
8878969
8878970
8878971
8878972
8878973
8878974
8878975
8878976
8878977
8878978
8878979
8878980
8878981
8878982
8878983
8878984
8878985
8878986
8878987
8878988
8878989
8878990
8878991
8878992
8878993
8878994
8878995
8878996
8878997
8878998
8878999
8879000
8879001
8879002
8879003
8879004
8879005
8879006
8879007
8879008
8879009
8879010
8879011
8879012
8879013
8879014
8879015
8879016
8879017
8879018
8879019
8879020
8879021
8879022
8879023
8879024
8879025
8879026
8879027
8879028
8879029
8879030
8879031
8879032
8879033
8879034
8879035
8879036
8879037
8879038
8879039
8879040
8879041
8879042
8879043
8879044
8879045
8879046
8879047
8879048
8879049
8879050
8879051
8879052
8879053
8879054
8879055
8879056
8879057
8879058
8879059
8879060
8879061
8879062
8879063
8879064
8879065
8879066
8879067
8879068
8879069
8879070
8879071
8879072
8879073
8879074
8879075
8879076
8879077
8879078
8879079
8879080
8879081
8879082
8879083
8879084
8879085
8879086
8879087
8879088
8879089
8879090
8879091
8879092
8879093
8879094
8879095
8879096
8879097
8879098
8879099
8879100
8879101
8879102
8879103
8879104
8879105
8879106
8879107
8879108
8879109
8879110
8879111
8879112
8879113
8879114
8879115
8879116
8879117
8879118
8879119
8879120
8879121
8879122
8879123
8879124
8879125
8879126
8879127
8879128
8879129
8879130
8879131
8879132
8879133
8879134
8879135
8879136
8879137
8879138
8879139
8879140
8879141
8879142
8879143
8879144
8879145
8879146
8879147
8879148
8879149
8879150
8879151
8879152
8879153
8879154
8879155
8879156
8879157
8879158
8879159
8879160
8879161
8879162
8879163
8879164
8879165
8879166
8879167
8879168
8879169
8879170
8879171
8879172
8879173
8879174
8879175
8879176
8879177
8879178
8879179
8879180
8879181
8879182
8879183
8879184
8879185
8879186
8879187
8879188
8879189
8879190
8879191
8879192
8879193
8879194
8879195
8879196
8879197
8879198
8879199
8879200
8879201
8879202
8879203
8879204
8879205
8879206
8879207
8879208
8879209
8879210
8879211
8879212
8879213
8879214
8879215
8879216
8879217
8879218
8879219
8879220
8879221
8879222
8879223
8879224
8879225
8879226
8879227
8879228
8879229
8879230
8879231
8879232
8879233
8879234
8879235
8879236
8879237
8879238
8879239
8879240
8879241
8879242
8879243
8879244
8879245
8879246
8879247
8879248
8879249
8879250
8879251
8879252
8879253
8879254
8879255
8879256
8879257
8879258
8879259
8879260
8879261
8879262
8879263
8879264
8879265
8879266
8879267
8879268
8879269
8879270
8879271
8879272
8879273
8879274
8879275
8879276
8879277
8879278
8879279
8879280
8879281
8879282
8879283
8879284
8879285
8879286
8879287
8879288
8879289
8879290
8879291
8879292
8879293
8879294
8879295
8879296
8879297
8879298
8879299
8879300
8879301
8879302
8879303
8879304
8879305
8879306
8879307
8879308
8879309
8879310
8879311
8879312
8879313
8879314
8879315
8879316
8879317
8879318
8879319
8879320
8879321
8879322
8879323
8879324
8879325
8879326
8879327
8879328
8879329
8879330
8879331
8879332
8879333
8879334
8879335
8879336
8879337
8879338
8879339
8879340
8879341
8879342
8879343
8879344
8879345
8879346
8879347
8879348
8879349
8879350
8879351
8879352
8879353
8879354
8879355
8879356
8879357
8879358
8879359
8879360
8879361
8879362
8879363
8879364
8879365
8879366
8879367
8879368
8879369
8879370
8879371
8879372
8879373
8879374
8879375
8879376
8879377
8879378
8879379
8879380
8879381
8879382
8879383
8879384
8879385
8879386
8879387
8879388
8879389
8879390
8879391
8879392
8879393
8879394
8879395
8879396
8879397
8879398
8879399
8879400
8879401
8879402
8879403
8879404
8879405
8879406
8879407
8879408
8879409
8879410
8879411
8879412
8879413
8879414
8879415
8879416
8879417
8879418
8879419
8879420
8879421
8879422
8879423
8879424
8879425
8879426
8879427
8879428
8879429
8879430
8879431
8879432
8879433
8879434
8879435
8879436
8879437
8879438
8879439
8879440
8879441
8879442
8879443
8879444
8879445
8879446
8879447
8879448
8879449
8879450
8879451
8879452
8879453
8879454
8879455
8879456
8879457
8879458
8879459
8879460
8879461
8879462
8879463
8879464
8879465
8879466
8879467
8879468
8879469
8879470
8879471
8879472
8879473
8879474
8879475
8879476
8879477
8879478
8879479
8879480
8879481
8879482
8879483
8879484
8879485
8879486
8879487
8879488
8879489
8879490
8879491
8879492
8879493
8879494
8879495
8879496
8879497
8879498
8879499
8879500
8879501
8879502
8879503
8879504
8879505
8879506
8879507
8879508
8879509
8879510
8879511
8879512
8879513
8879514
8879515
8879516
8879517
8879518
8879519
8879520
8879521
8879522
8879523
8879524
8879525
8879526
8879527
8879528
8879529
8879530
8879531
8879532
8879533
8879534
8879535
8879536
8879537
8879538
8879539
8879540
8879541
8879542
8879543
8879544
8879545
8879546
8879547
8879548
8879549
8879550
8879551
8879552
8879553
8879554
8879555
8879556
8879557
8879558
8879559
8879560
8879561
8879562
8879563
8879564
8879565
8879566
8879567
8879568
8879569
8879570
8879571
8879572
8879573
8879574
8879575
8879576
8879577
8879578
8879579
8879580
8879581
8879582
8879583
8879584
8879585
8879586
8879587
8879588
8879589
8879590
8879591
8879592
8879593
8879594
8879595
8879596
8879597
8879598
8879599
8879600
8879601
8879602
8879603
8879604
8879605
8879606
8879607
8879608
8879609
8879610
8879611
8879612
8879613
8879614
8879615
8879616
8879617
8879618
8879619
8879620
8879621
8879622
8879623
8879624
8879625
8879626
8879627
8879628
8879629
8879630
8879631
8879632
8879633
8879634
8879635
8879636
8879637
8879638
8879639
8879640
8879641
8879642
8879643
8879644
8879645
8879646
8879647
8879648
8879649
8879650
8879651
8879652
8879653
8879654
8879655
8879656
8879657
8879658
8879659
8879660
8879661
8879662
8879663
8879664
8879665
8879666
8879667
8879668
8879669
8879670
8879671
8879672
8879673
8879674
8879675
8879676
8879677
8879678
8879679
8879680
8879681
8879682
8879683
8879684
8879685
8879686
8879687
8879688
8879689
8879690
8879691
8879692
8879693
8879694
8879695
8879696
8879697
8879698
8879699
8879700
8879701
8879702
8879703
8879704
8879705
8879706
8879707
8879708
8879709
8879710
8879711
8879712
8879713
8879714
8879715
8879716
8879717
8879718
8879719
8879720
8879721
8879722
8879723
8879724
8879725
8879726
8879727
8879728
8879729
8879730
8879731
8879732
8879733
8879734
8879735
8879736
8879737
8879738
8879739
8879740
8879741
8879742
8879743
8879744
8879745
8879746
8879747
8879748
8879749
8879750
8879751
8879752
8879753
8879754
8879755
8879756
8879757
8879758
8879759
8879760
8879761
8879762
8879763
8879764
8879765
8879766
8879767
8879768
8879769
8879770
8879771
8879772
8879773
8879774
8879775
8879776
8879777
8879778
8879779
8879780
8879781
8879782
8879783
8879784
8879785
8879786
8879787
8879788
8879789
8879790
8879791
8879792
8879793
8879794
8879795
8879796
8879797
8879798
8879799
8879800
8879801
8879802
8879803
8879804
8879805
8879806
8879807
8879808
8879809
8879810
8879811
8879812
8879813
8879814
8879815
8879816
8879817
8879818
8879819
8879820
8879821
8879822
8879823
8879824
8879825
8879826
8879827
8879828
8879829
8879830
8879831
8879832
8879833
8879834
8879835
8879836
8879837
8879838
8879839
8879840
8879841
8879842
8879843
8879844
8879845
8879846
8879847
8879848
8879849
8879850
8879851
8879852
8879853
8879854
8879855
8879856
8879857
8879858
8879859
8879860
8879861
8879862
8879863
8879864
8879865
8879866
8879867
8879868
8879869
8879870
8879871
8879872
8879873
8879874
8879875
8879876
8879877
8879878
8879879
8879880
8879881
8879882
8879883
8879884
8879885
8879886
8879887
8879888
8879889
8879890
8879891
8879892
8879893
8879894
8879895
8879896
8879897
8879898
8879899
8879900
8879901
8879902
8879903
8879904
8879905
8879906
8879907
8879908
8879909
8879910
8879911
8879912
8879913
8879914
8879915
8879916
8879917
8879918
8879919
8879920
8879921
8879922
8879923
8879924
8879925
8879926
8879927
8879928
8879929
8879930
8879931
8879932
8879933
8879934
8879935
8879936
8879937
8879938
8879939
8879940
8879941
8879942
8879943
8879944
8879945
8879946
8879947
8879948
8879949
8879950
8879951
8879952
8879953
8879954
8879955
8879956
8879957
8879958
8879959
8879960
8879961
8879962
8879963
8879964
8879965
8879966
8879967
8879968
8879969
8879970
8879971
8879972
8879973
8879974
8879975
8879976
8879977
8879978
8879979
8879980
8879981
8879982
8879983
8879984
8879985
8879986
8879987
8879988
8879989
8879990
8879991
8879992
8879993
8879994
8879995
8879996
8879997
8879998
8879999
8880000
