9110001
9110002
9110003
9110004
9110005
9110006
9110007
9110008
9110009
9110010
9110011
9110012
9110013
9110014
9110015
9110016
9110017
9110018
9110019
9110020
9110021
9110022
9110023
9110024
9110025
9110026
9110027
9110028
9110029
9110030
9110031
9110032
9110033
9110034
9110035
9110036
9110037
9110038
9110039
9110040
9110041
9110042
9110043
9110044
9110045
9110046
9110047
9110048
9110049
9110050
9110051
9110052
9110053
9110054
9110055
9110056
9110057
9110058
9110059
9110060
9110061
9110062
9110063
9110064
9110065
9110066
9110067
9110068
9110069
9110070
9110071
9110072
9110073
9110074
9110075
9110076
9110077
9110078
9110079
9110080
9110081
9110082
9110083
9110084
9110085
9110086
9110087
9110088
9110089
9110090
9110091
9110092
9110093
9110094
9110095
9110096
9110097
9110098
9110099
9110100
9110101
9110102
9110103
9110104
9110105
9110106
9110107
9110108
9110109
9110110
9110111
9110112
9110113
9110114
9110115
9110116
9110117
9110118
9110119
9110120
9110121
9110122
9110123
9110124
9110125
9110126
9110127
9110128
9110129
9110130
9110131
9110132
9110133
9110134
9110135
9110136
9110137
9110138
9110139
9110140
9110141
9110142
9110143
9110144
9110145
9110146
9110147
9110148
9110149
9110150
9110151
9110152
9110153
9110154
9110155
9110156
9110157
9110158
9110159
9110160
9110161
9110162
9110163
9110164
9110165
9110166
9110167
9110168
9110169
9110170
9110171
9110172
9110173
9110174
9110175
9110176
9110177
9110178
9110179
9110180
9110181
9110182
9110183
9110184
9110185
9110186
9110187
9110188
9110189
9110190
9110191
9110192
9110193
9110194
9110195
9110196
9110197
9110198
9110199
9110200
9110201
9110202
9110203
9110204
9110205
9110206
9110207
9110208
9110209
9110210
9110211
9110212
9110213
9110214
9110215
9110216
9110217
9110218
9110219
9110220
9110221
9110222
9110223
9110224
9110225
9110226
9110227
9110228
9110229
9110230
9110231
9110232
9110233
9110234
9110235
9110236
9110237
9110238
9110239
9110240
9110241
9110242
9110243
9110244
9110245
9110246
9110247
9110248
9110249
9110250
9110251
9110252
9110253
9110254
9110255
9110256
9110257
9110258
9110259
9110260
9110261
9110262
9110263
9110264
9110265
9110266
9110267
9110268
9110269
9110270
9110271
9110272
9110273
9110274
9110275
9110276
9110277
9110278
9110279
9110280
9110281
9110282
9110283
9110284
9110285
9110286
9110287
9110288
9110289
9110290
9110291
9110292
9110293
9110294
9110295
9110296
9110297
9110298
9110299
9110300
9110301
9110302
9110303
9110304
9110305
9110306
9110307
9110308
9110309
9110310
9110311
9110312
9110313
9110314
9110315
9110316
9110317
9110318
9110319
9110320
9110321
9110322
9110323
9110324
9110325
9110326
9110327
9110328
9110329
9110330
9110331
9110332
9110333
9110334
9110335
9110336
9110337
9110338
9110339
9110340
9110341
9110342
9110343
9110344
9110345
9110346
9110347
9110348
9110349
9110350
9110351
9110352
9110353
9110354
9110355
9110356
9110357
9110358
9110359
9110360
9110361
9110362
9110363
9110364
9110365
9110366
9110367
9110368
9110369
9110370
9110371
9110372
9110373
9110374
9110375
9110376
9110377
9110378
9110379
9110380
9110381
9110382
9110383
9110384
9110385
9110386
9110387
9110388
9110389
9110390
9110391
9110392
9110393
9110394
9110395
9110396
9110397
9110398
9110399
9110400
9110401
9110402
9110403
9110404
9110405
9110406
9110407
9110408
9110409
9110410
9110411
9110412
9110413
9110414
9110415
9110416
9110417
9110418
9110419
9110420
9110421
9110422
9110423
9110424
9110425
9110426
9110427
9110428
9110429
9110430
9110431
9110432
9110433
9110434
9110435
9110436
9110437
9110438
9110439
9110440
9110441
9110442
9110443
9110444
9110445
9110446
9110447
9110448
9110449
9110450
9110451
9110452
9110453
9110454
9110455
9110456
9110457
9110458
9110459
9110460
9110461
9110462
9110463
9110464
9110465
9110466
9110467
9110468
9110469
9110470
9110471
9110472
9110473
9110474
9110475
9110476
9110477
9110478
9110479
9110480
9110481
9110482
9110483
9110484
9110485
9110486
9110487
9110488
9110489
9110490
9110491
9110492
9110493
9110494
9110495
9110496
9110497
9110498
9110499
9110500
9110501
9110502
9110503
9110504
9110505
9110506
9110507
9110508
9110509
9110510
9110511
9110512
9110513
9110514
9110515
9110516
9110517
9110518
9110519
9110520
9110521
9110522
9110523
9110524
9110525
9110526
9110527
9110528
9110529
9110530
9110531
9110532
9110533
9110534
9110535
9110536
9110537
9110538
9110539
9110540
9110541
9110542
9110543
9110544
9110545
9110546
9110547
9110548
9110549
9110550
9110551
9110552
9110553
9110554
9110555
9110556
9110557
9110558
9110559
9110560
9110561
9110562
9110563
9110564
9110565
9110566
9110567
9110568
9110569
9110570
9110571
9110572
9110573
9110574
9110575
9110576
9110577
9110578
9110579
9110580
9110581
9110582
9110583
9110584
9110585
9110586
9110587
9110588
9110589
9110590
9110591
9110592
9110593
9110594
9110595
9110596
9110597
9110598
9110599
9110600
9110601
9110602
9110603
9110604
9110605
9110606
9110607
9110608
9110609
9110610
9110611
9110612
9110613
9110614
9110615
9110616
9110617
9110618
9110619
9110620
9110621
9110622
9110623
9110624
9110625
9110626
9110627
9110628
9110629
9110630
9110631
9110632
9110633
9110634
9110635
9110636
9110637
9110638
9110639
9110640
9110641
9110642
9110643
9110644
9110645
9110646
9110647
9110648
9110649
9110650
9110651
9110652
9110653
9110654
9110655
9110656
9110657
9110658
9110659
9110660
9110661
9110662
9110663
9110664
9110665
9110666
9110667
9110668
9110669
9110670
9110671
9110672
9110673
9110674
9110675
9110676
9110677
9110678
9110679
9110680
9110681
9110682
9110683
9110684
9110685
9110686
9110687
9110688
9110689
9110690
9110691
9110692
9110693
9110694
9110695
9110696
9110697
9110698
9110699
9110700
9110701
9110702
9110703
9110704
9110705
9110706
9110707
9110708
9110709
9110710
9110711
9110712
9110713
9110714
9110715
9110716
9110717
9110718
9110719
9110720
9110721
9110722
9110723
9110724
9110725
9110726
9110727
9110728
9110729
9110730
9110731
9110732
9110733
9110734
9110735
9110736
9110737
9110738
9110739
9110740
9110741
9110742
9110743
9110744
9110745
9110746
9110747
9110748
9110749
9110750
9110751
9110752
9110753
9110754
9110755
9110756
9110757
9110758
9110759
9110760
9110761
9110762
9110763
9110764
9110765
9110766
9110767
9110768
9110769
9110770
9110771
9110772
9110773
9110774
9110775
9110776
9110777
9110778
9110779
9110780
9110781
9110782
9110783
9110784
9110785
9110786
9110787
9110788
9110789
9110790
9110791
9110792
9110793
9110794
9110795
9110796
9110797
9110798
9110799
9110800
9110801
9110802
9110803
9110804
9110805
9110806
9110807
9110808
9110809
9110810
9110811
9110812
9110813
9110814
9110815
9110816
9110817
9110818
9110819
9110820
9110821
9110822
9110823
9110824
9110825
9110826
9110827
9110828
9110829
9110830
9110831
9110832
9110833
9110834
9110835
9110836
9110837
9110838
9110839
9110840
9110841
9110842
9110843
9110844
9110845
9110846
9110847
9110848
9110849
9110850
9110851
9110852
9110853
9110854
9110855
9110856
9110857
9110858
9110859
9110860
9110861
9110862
9110863
9110864
9110865
9110866
9110867
9110868
9110869
9110870
9110871
9110872
9110873
9110874
9110875
9110876
9110877
9110878
9110879
9110880
9110881
9110882
9110883
9110884
9110885
9110886
9110887
9110888
9110889
9110890
9110891
9110892
9110893
9110894
9110895
9110896
9110897
9110898
9110899
9110900
9110901
9110902
9110903
9110904
9110905
9110906
9110907
9110908
9110909
9110910
9110911
9110912
9110913
9110914
9110915
9110916
9110917
9110918
9110919
9110920
9110921
9110922
9110923
9110924
9110925
9110926
9110927
9110928
9110929
9110930
9110931
9110932
9110933
9110934
9110935
9110936
9110937
9110938
9110939
9110940
9110941
9110942
9110943
9110944
9110945
9110946
9110947
9110948
9110949
9110950
9110951
9110952
9110953
9110954
9110955
9110956
9110957
9110958
9110959
9110960
9110961
9110962
9110963
9110964
9110965
9110966
9110967
9110968
9110969
9110970
9110971
9110972
9110973
9110974
9110975
9110976
9110977
9110978
9110979
9110980
9110981
9110982
9110983
9110984
9110985
9110986
9110987
9110988
9110989
9110990
9110991
9110992
9110993
9110994
9110995
9110996
9110997
9110998
9110999
9111000
9111001
9111002
9111003
9111004
9111005
9111006
9111007
9111008
9111009
9111010
9111011
9111012
9111013
9111014
9111015
9111016
9111017
9111018
9111019
9111020
9111021
9111022
9111023
9111024
9111025
9111026
9111027
9111028
9111029
9111030
9111031
9111032
9111033
9111034
9111035
9111036
9111037
9111038
9111039
9111040
9111041
9111042
9111043
9111044
9111045
9111046
9111047
9111048
9111049
9111050
9111051
9111052
9111053
9111054
9111055
9111056
9111057
9111058
9111059
9111060
9111061
9111062
9111063
9111064
9111065
9111066
9111067
9111068
9111069
9111070
9111071
9111072
9111073
9111074
9111075
9111076
9111077
9111078
9111079
9111080
9111081
9111082
9111083
9111084
9111085
9111086
9111087
9111088
9111089
9111090
9111091
9111092
9111093
9111094
9111095
9111096
9111097
9111098
9111099
9111100
9111101
9111102
9111103
9111104
9111105
9111106
9111107
9111108
9111109
9111110
9111111
9111112
9111113
9111114
9111115
9111116
9111117
9111118
9111119
9111120
9111121
9111122
9111123
9111124
9111125
9111126
9111127
9111128
9111129
9111130
9111131
9111132
9111133
9111134
9111135
9111136
9111137
9111138
9111139
9111140
9111141
9111142
9111143
9111144
9111145
9111146
9111147
9111148
9111149
9111150
9111151
9111152
9111153
9111154
9111155
9111156
9111157
9111158
9111159
9111160
9111161
9111162
9111163
9111164
9111165
9111166
9111167
9111168
9111169
9111170
9111171
9111172
9111173
9111174
9111175
9111176
9111177
9111178
9111179
9111180
9111181
9111182
9111183
9111184
9111185
9111186
9111187
9111188
9111189
9111190
9111191
9111192
9111193
9111194
9111195
9111196
9111197
9111198
9111199
9111200
9111201
9111202
9111203
9111204
9111205
9111206
9111207
9111208
9111209
9111210
9111211
9111212
9111213
9111214
9111215
9111216
9111217
9111218
9111219
9111220
9111221
9111222
9111223
9111224
9111225
9111226
9111227
9111228
9111229
9111230
9111231
9111232
9111233
9111234
9111235
9111236
9111237
9111238
9111239
9111240
9111241
9111242
9111243
9111244
9111245
9111246
9111247
9111248
9111249
9111250
9111251
9111252
9111253
9111254
9111255
9111256
9111257
9111258
9111259
9111260
9111261
9111262
9111263
9111264
9111265
9111266
9111267
9111268
9111269
9111270
9111271
9111272
9111273
9111274
9111275
9111276
9111277
9111278
9111279
9111280
9111281
9111282
9111283
9111284
9111285
9111286
9111287
9111288
9111289
9111290
9111291
9111292
9111293
9111294
9111295
9111296
9111297
9111298
9111299
9111300
9111301
9111302
9111303
9111304
9111305
9111306
9111307
9111308
9111309
9111310
9111311
9111312
9111313
9111314
9111315
9111316
9111317
9111318
9111319
9111320
9111321
9111322
9111323
9111324
9111325
9111326
9111327
9111328
9111329
9111330
9111331
9111332
9111333
9111334
9111335
9111336
9111337
9111338
9111339
9111340
9111341
9111342
9111343
9111344
9111345
9111346
9111347
9111348
9111349
9111350
9111351
9111352
9111353
9111354
9111355
9111356
9111357
9111358
9111359
9111360
9111361
9111362
9111363
9111364
9111365
9111366
9111367
9111368
9111369
9111370
9111371
9111372
9111373
9111374
9111375
9111376
9111377
9111378
9111379
9111380
9111381
9111382
9111383
9111384
9111385
9111386
9111387
9111388
9111389
9111390
9111391
9111392
9111393
9111394
9111395
9111396
9111397
9111398
9111399
9111400
9111401
9111402
9111403
9111404
9111405
9111406
9111407
9111408
9111409
9111410
9111411
9111412
9111413
9111414
9111415
9111416
9111417
9111418
9111419
9111420
9111421
9111422
9111423
9111424
9111425
9111426
9111427
9111428
9111429
9111430
9111431
9111432
9111433
9111434
9111435
9111436
9111437
9111438
9111439
9111440
9111441
9111442
9111443
9111444
9111445
9111446
9111447
9111448
9111449
9111450
9111451
9111452
9111453
9111454
9111455
9111456
9111457
9111458
9111459
9111460
9111461
9111462
9111463
9111464
9111465
9111466
9111467
9111468
9111469
9111470
9111471
9111472
9111473
9111474
9111475
9111476
9111477
9111478
9111479
9111480
9111481
9111482
9111483
9111484
9111485
9111486
9111487
9111488
9111489
9111490
9111491
9111492
9111493
9111494
9111495
9111496
9111497
9111498
9111499
9111500
9111501
9111502
9111503
9111504
9111505
9111506
9111507
9111508
9111509
9111510
9111511
9111512
9111513
9111514
9111515
9111516
9111517
9111518
9111519
9111520
9111521
9111522
9111523
9111524
9111525
9111526
9111527
9111528
9111529
9111530
9111531
9111532
9111533
9111534
9111535
9111536
9111537
9111538
9111539
9111540
9111541
9111542
9111543
9111544
9111545
9111546
9111547
9111548
9111549
9111550
9111551
9111552
9111553
9111554
9111555
9111556
9111557
9111558
9111559
9111560
9111561
9111562
9111563
9111564
9111565
9111566
9111567
9111568
9111569
9111570
9111571
9111572
9111573
9111574
9111575
9111576
9111577
9111578
9111579
9111580
9111581
9111582
9111583
9111584
9111585
9111586
9111587
9111588
9111589
9111590
9111591
9111592
9111593
9111594
9111595
9111596
9111597
9111598
9111599
9111600
9111601
9111602
9111603
9111604
9111605
9111606
9111607
9111608
9111609
9111610
9111611
9111612
9111613
9111614
9111615
9111616
9111617
9111618
9111619
9111620
9111621
9111622
9111623
9111624
9111625
9111626
9111627
9111628
9111629
9111630
9111631
9111632
9111633
9111634
9111635
9111636
9111637
9111638
9111639
9111640
9111641
9111642
9111643
9111644
9111645
9111646
9111647
9111648
9111649
9111650
9111651
9111652
9111653
9111654
9111655
9111656
9111657
9111658
9111659
9111660
9111661
9111662
9111663
9111664
9111665
9111666
9111667
9111668
9111669
9111670
9111671
9111672
9111673
9111674
9111675
9111676
9111677
9111678
9111679
9111680
9111681
9111682
9111683
9111684
9111685
9111686
9111687
9111688
9111689
9111690
9111691
9111692
9111693
9111694
9111695
9111696
9111697
9111698
9111699
9111700
9111701
9111702
9111703
9111704
9111705
9111706
9111707
9111708
9111709
9111710
9111711
9111712
9111713
9111714
9111715
9111716
9111717
9111718
9111719
9111720
9111721
9111722
9111723
9111724
9111725
9111726
9111727
9111728
9111729
9111730
9111731
9111732
9111733
9111734
9111735
9111736
9111737
9111738
9111739
9111740
9111741
9111742
9111743
9111744
9111745
9111746
9111747
9111748
9111749
9111750
9111751
9111752
9111753
9111754
9111755
9111756
9111757
9111758
9111759
9111760
9111761
9111762
9111763
9111764
9111765
9111766
9111767
9111768
9111769
9111770
9111771
9111772
9111773
9111774
9111775
9111776
9111777
9111778
9111779
9111780
9111781
9111782
9111783
9111784
9111785
9111786
9111787
9111788
9111789
9111790
9111791
9111792
9111793
9111794
9111795
9111796
9111797
9111798
9111799
9111800
9111801
9111802
9111803
9111804
9111805
9111806
9111807
9111808
9111809
9111810
9111811
9111812
9111813
9111814
9111815
9111816
9111817
9111818
9111819
9111820
9111821
9111822
9111823
9111824
9111825
9111826
9111827
9111828
9111829
9111830
9111831
9111832
9111833
9111834
9111835
9111836
9111837
9111838
9111839
9111840
9111841
9111842
9111843
9111844
9111845
9111846
9111847
9111848
9111849
9111850
9111851
9111852
9111853
9111854
9111855
9111856
9111857
9111858
9111859
9111860
9111861
9111862
9111863
9111864
9111865
9111866
9111867
9111868
9111869
9111870
9111871
9111872
9111873
9111874
9111875
9111876
9111877
9111878
9111879
9111880
9111881
9111882
9111883
9111884
9111885
9111886
9111887
9111888
9111889
9111890
9111891
9111892
9111893
9111894
9111895
9111896
9111897
9111898
9111899
9111900
9111901
9111902
9111903
9111904
9111905
9111906
9111907
9111908
9111909
9111910
9111911
9111912
9111913
9111914
9111915
9111916
9111917
9111918
9111919
9111920
9111921
9111922
9111923
9111924
9111925
9111926
9111927
9111928
9111929
9111930
9111931
9111932
9111933
9111934
9111935
9111936
9111937
9111938
9111939
9111940
9111941
9111942
9111943
9111944
9111945
9111946
9111947
9111948
9111949
9111950
9111951
9111952
9111953
9111954
9111955
9111956
9111957
9111958
9111959
9111960
9111961
9111962
9111963
9111964
9111965
9111966
9111967
9111968
9111969
9111970
9111971
9111972
9111973
9111974
9111975
9111976
9111977
9111978
9111979
9111980
9111981
9111982
9111983
9111984
9111985
9111986
9111987
9111988
9111989
9111990
9111991
9111992
9111993
9111994
9111995
9111996
9111997
9111998
9111999
9112000
9112001
9112002
9112003
9112004
9112005
9112006
9112007
9112008
9112009
9112010
9112011
9112012
9112013
9112014
9112015
9112016
9112017
9112018
9112019
9112020
9112021
9112022
9112023
9112024
9112025
9112026
9112027
9112028
9112029
9112030
9112031
9112032
9112033
9112034
9112035
9112036
9112037
9112038
9112039
9112040
9112041
9112042
9112043
9112044
9112045
9112046
9112047
9112048
9112049
9112050
9112051
9112052
9112053
9112054
9112055
9112056
9112057
9112058
9112059
9112060
9112061
9112062
9112063
9112064
9112065
9112066
9112067
9112068
9112069
9112070
9112071
9112072
9112073
9112074
9112075
9112076
9112077
9112078
9112079
9112080
9112081
9112082
9112083
9112084
9112085
9112086
9112087
9112088
9112089
9112090
9112091
9112092
9112093
9112094
9112095
9112096
9112097
9112098
9112099
9112100
9112101
9112102
9112103
9112104
9112105
9112106
9112107
9112108
9112109
9112110
9112111
9112112
9112113
9112114
9112115
9112116
9112117
9112118
9112119
9112120
9112121
9112122
9112123
9112124
9112125
9112126
9112127
9112128
9112129
9112130
9112131
9112132
9112133
9112134
9112135
9112136
9112137
9112138
9112139
9112140
9112141
9112142
9112143
9112144
9112145
9112146
9112147
9112148
9112149
9112150
9112151
9112152
9112153
9112154
9112155
9112156
9112157
9112158
9112159
9112160
9112161
9112162
9112163
9112164
9112165
9112166
9112167
9112168
9112169
9112170
9112171
9112172
9112173
9112174
9112175
9112176
9112177
9112178
9112179
9112180
9112181
9112182
9112183
9112184
9112185
9112186
9112187
9112188
9112189
9112190
9112191
9112192
9112193
9112194
9112195
9112196
9112197
9112198
9112199
9112200
9112201
9112202
9112203
9112204
9112205
9112206
9112207
9112208
9112209
9112210
9112211
9112212
9112213
9112214
9112215
9112216
9112217
9112218
9112219
9112220
9112221
9112222
9112223
9112224
9112225
9112226
9112227
9112228
9112229
9112230
9112231
9112232
9112233
9112234
9112235
9112236
9112237
9112238
9112239
9112240
9112241
9112242
9112243
9112244
9112245
9112246
9112247
9112248
9112249
9112250
9112251
9112252
9112253
9112254
9112255
9112256
9112257
9112258
9112259
9112260
9112261
9112262
9112263
9112264
9112265
9112266
9112267
9112268
9112269
9112270
9112271
9112272
9112273
9112274
9112275
9112276
9112277
9112278
9112279
9112280
9112281
9112282
9112283
9112284
9112285
9112286
9112287
9112288
9112289
9112290
9112291
9112292
9112293
9112294
9112295
9112296
9112297
9112298
9112299
9112300
9112301
9112302
9112303
9112304
9112305
9112306
9112307
9112308
9112309
9112310
9112311
9112312
9112313
9112314
9112315
9112316
9112317
9112318
9112319
9112320
9112321
9112322
9112323
9112324
9112325
9112326
9112327
9112328
9112329
9112330
9112331
9112332
9112333
9112334
9112335
9112336
9112337
9112338
9112339
9112340
9112341
9112342
9112343
9112344
9112345
9112346
9112347
9112348
9112349
9112350
9112351
9112352
9112353
9112354
9112355
9112356
9112357
9112358
9112359
9112360
9112361
9112362
9112363
9112364
9112365
9112366
9112367
9112368
9112369
9112370
9112371
9112372
9112373
9112374
9112375
9112376
9112377
9112378
9112379
9112380
9112381
9112382
9112383
9112384
9112385
9112386
9112387
9112388
9112389
9112390
9112391
9112392
9112393
9112394
9112395
9112396
9112397
9112398
9112399
9112400
9112401
9112402
9112403
9112404
9112405
9112406
9112407
9112408
9112409
9112410
9112411
9112412
9112413
9112414
9112415
9112416
9112417
9112418
9112419
9112420
9112421
9112422
9112423
9112424
9112425
9112426
9112427
9112428
9112429
9112430
9112431
9112432
9112433
9112434
9112435
9112436
9112437
9112438
9112439
9112440
9112441
9112442
9112443
9112444
9112445
9112446
9112447
9112448
9112449
9112450
9112451
9112452
9112453
9112454
9112455
9112456
9112457
9112458
9112459
9112460
9112461
9112462
9112463
9112464
9112465
9112466
9112467
9112468
9112469
9112470
9112471
9112472
9112473
9112474
9112475
9112476
9112477
9112478
9112479
9112480
9112481
9112482
9112483
9112484
9112485
9112486
9112487
9112488
9112489
9112490
9112491
9112492
9112493
9112494
9112495
9112496
9112497
9112498
9112499
9112500
9112501
9112502
9112503
9112504
9112505
9112506
9112507
9112508
9112509
9112510
9112511
9112512
9112513
9112514
9112515
9112516
9112517
9112518
9112519
9112520
9112521
9112522
9112523
9112524
9112525
9112526
9112527
9112528
9112529
9112530
9112531
9112532
9112533
9112534
9112535
9112536
9112537
9112538
9112539
9112540
9112541
9112542
9112543
9112544
9112545
9112546
9112547
9112548
9112549
9112550
9112551
9112552
9112553
9112554
9112555
9112556
9112557
9112558
9112559
9112560
9112561
9112562
9112563
9112564
9112565
9112566
9112567
9112568
9112569
9112570
9112571
9112572
9112573
9112574
9112575
9112576
9112577
9112578
9112579
9112580
9112581
9112582
9112583
9112584
9112585
9112586
9112587
9112588
9112589
9112590
9112591
9112592
9112593
9112594
9112595
9112596
9112597
9112598
9112599
9112600
9112601
9112602
9112603
9112604
9112605
9112606
9112607
9112608
9112609
9112610
9112611
9112612
9112613
9112614
9112615
9112616
9112617
9112618
9112619
9112620
9112621
9112622
9112623
9112624
9112625
9112626
9112627
9112628
9112629
9112630
9112631
9112632
9112633
9112634
9112635
9112636
9112637
9112638
9112639
9112640
9112641
9112642
9112643
9112644
9112645
9112646
9112647
9112648
9112649
9112650
9112651
9112652
9112653
9112654
9112655
9112656
9112657
9112658
9112659
9112660
9112661
9112662
9112663
9112664
9112665
9112666
9112667
9112668
9112669
9112670
9112671
9112672
9112673
9112674
9112675
9112676
9112677
9112678
9112679
9112680
9112681
9112682
9112683
9112684
9112685
9112686
9112687
9112688
9112689
9112690
9112691
9112692
9112693
9112694
9112695
9112696
9112697
9112698
9112699
9112700
9112701
9112702
9112703
9112704
9112705
9112706
9112707
9112708
9112709
9112710
9112711
9112712
9112713
9112714
9112715
9112716
9112717
9112718
9112719
9112720
9112721
9112722
9112723
9112724
9112725
9112726
9112727
9112728
9112729
9112730
9112731
9112732
9112733
9112734
9112735
9112736
9112737
9112738
9112739
9112740
9112741
9112742
9112743
9112744
9112745
9112746
9112747
9112748
9112749
9112750
9112751
9112752
9112753
9112754
9112755
9112756
9112757
9112758
9112759
9112760
9112761
9112762
9112763
9112764
9112765
9112766
9112767
9112768
9112769
9112770
9112771
9112772
9112773
9112774
9112775
9112776
9112777
9112778
9112779
9112780
9112781
9112782
9112783
9112784
9112785
9112786
9112787
9112788
9112789
9112790
9112791
9112792
9112793
9112794
9112795
9112796
9112797
9112798
9112799
9112800
9112801
9112802
9112803
9112804
9112805
9112806
9112807
9112808
9112809
9112810
9112811
9112812
9112813
9112814
9112815
9112816
9112817
9112818
9112819
9112820
9112821
9112822
9112823
9112824
9112825
9112826
9112827
9112828
9112829
9112830
9112831
9112832
9112833
9112834
9112835
9112836
9112837
9112838
9112839
9112840
9112841
9112842
9112843
9112844
9112845
9112846
9112847
9112848
9112849
9112850
9112851
9112852
9112853
9112854
9112855
9112856
9112857
9112858
9112859
9112860
9112861
9112862
9112863
9112864
9112865
9112866
9112867
9112868
9112869
9112870
9112871
9112872
9112873
9112874
9112875
9112876
9112877
9112878
9112879
9112880
9112881
9112882
9112883
9112884
9112885
9112886
9112887
9112888
9112889
9112890
9112891
9112892
9112893
9112894
9112895
9112896
9112897
9112898
9112899
9112900
9112901
9112902
9112903
9112904
9112905
9112906
9112907
9112908
9112909
9112910
9112911
9112912
9112913
9112914
9112915
9112916
9112917
9112918
9112919
9112920
9112921
9112922
9112923
9112924
9112925
9112926
9112927
9112928
9112929
9112930
9112931
9112932
9112933
9112934
9112935
9112936
9112937
9112938
9112939
9112940
9112941
9112942
9112943
9112944
9112945
9112946
9112947
9112948
9112949
9112950
9112951
9112952
9112953
9112954
9112955
9112956
9112957
9112958
9112959
9112960
9112961
9112962
9112963
9112964
9112965
9112966
9112967
9112968
9112969
9112970
9112971
9112972
9112973
9112974
9112975
9112976
9112977
9112978
9112979
9112980
9112981
9112982
9112983
9112984
9112985
9112986
9112987
9112988
9112989
9112990
9112991
9112992
9112993
9112994
9112995
9112996
9112997
9112998
9112999
9113000
9113001
9113002
9113003
9113004
9113005
9113006
9113007
9113008
9113009
9113010
9113011
9113012
9113013
9113014
9113015
9113016
9113017
9113018
9113019
9113020
9113021
9113022
9113023
9113024
9113025
9113026
9113027
9113028
9113029
9113030
9113031
9113032
9113033
9113034
9113035
9113036
9113037
9113038
9113039
9113040
9113041
9113042
9113043
9113044
9113045
9113046
9113047
9113048
9113049
9113050
9113051
9113052
9113053
9113054
9113055
9113056
9113057
9113058
9113059
9113060
9113061
9113062
9113063
9113064
9113065
9113066
9113067
9113068
9113069
9113070
9113071
9113072
9113073
9113074
9113075
9113076
9113077
9113078
9113079
9113080
9113081
9113082
9113083
9113084
9113085
9113086
9113087
9113088
9113089
9113090
9113091
9113092
9113093
9113094
9113095
9113096
9113097
9113098
9113099
9113100
9113101
9113102
9113103
9113104
9113105
9113106
9113107
9113108
9113109
9113110
9113111
9113112
9113113
9113114
9113115
9113116
9113117
9113118
9113119
9113120
9113121
9113122
9113123
9113124
9113125
9113126
9113127
9113128
9113129
9113130
9113131
9113132
9113133
9113134
9113135
9113136
9113137
9113138
9113139
9113140
9113141
9113142
9113143
9113144
9113145
9113146
9113147
9113148
9113149
9113150
9113151
9113152
9113153
9113154
9113155
9113156
9113157
9113158
9113159
9113160
9113161
9113162
9113163
9113164
9113165
9113166
9113167
9113168
9113169
9113170
9113171
9113172
9113173
9113174
9113175
9113176
9113177
9113178
9113179
9113180
9113181
9113182
9113183
9113184
9113185
9113186
9113187
9113188
9113189
9113190
9113191
9113192
9113193
9113194
9113195
9113196
9113197
9113198
9113199
9113200
9113201
9113202
9113203
9113204
9113205
9113206
9113207
9113208
9113209
9113210
9113211
9113212
9113213
9113214
9113215
9113216
9113217
9113218
9113219
9113220
9113221
9113222
9113223
9113224
9113225
9113226
9113227
9113228
9113229
9113230
9113231
9113232
9113233
9113234
9113235
9113236
9113237
9113238
9113239
9113240
9113241
9113242
9113243
9113244
9113245
9113246
9113247
9113248
9113249
9113250
9113251
9113252
9113253
9113254
9113255
9113256
9113257
9113258
9113259
9113260
9113261
9113262
9113263
9113264
9113265
9113266
9113267
9113268
9113269
9113270
9113271
9113272
9113273
9113274
9113275
9113276
9113277
9113278
9113279
9113280
9113281
9113282
9113283
9113284
9113285
9113286
9113287
9113288
9113289
9113290
9113291
9113292
9113293
9113294
9113295
9113296
9113297
9113298
9113299
9113300
9113301
9113302
9113303
9113304
9113305
9113306
9113307
9113308
9113309
9113310
9113311
9113312
9113313
9113314
9113315
9113316
9113317
9113318
9113319
9113320
9113321
9113322
9113323
9113324
9113325
9113326
9113327
9113328
9113329
9113330
9113331
9113332
9113333
9113334
9113335
9113336
9113337
9113338
9113339
9113340
9113341
9113342
9113343
9113344
9113345
9113346
9113347
9113348
9113349
9113350
9113351
9113352
9113353
9113354
9113355
9113356
9113357
9113358
9113359
9113360
9113361
9113362
9113363
9113364
9113365
9113366
9113367
9113368
9113369
9113370
9113371
9113372
9113373
9113374
9113375
9113376
9113377
9113378
9113379
9113380
9113381
9113382
9113383
9113384
9113385
9113386
9113387
9113388
9113389
9113390
9113391
9113392
9113393
9113394
9113395
9113396
9113397
9113398
9113399
9113400
9113401
9113402
9113403
9113404
9113405
9113406
9113407
9113408
9113409
9113410
9113411
9113412
9113413
9113414
9113415
9113416
9113417
9113418
9113419
9113420
9113421
9113422
9113423
9113424
9113425
9113426
9113427
9113428
9113429
9113430
9113431
9113432
9113433
9113434
9113435
9113436
9113437
9113438
9113439
9113440
9113441
9113442
9113443
9113444
9113445
9113446
9113447
9113448
9113449
9113450
9113451
9113452
9113453
9113454
9113455
9113456
9113457
9113458
9113459
9113460
9113461
9113462
9113463
9113464
9113465
9113466
9113467
9113468
9113469
9113470
9113471
9113472
9113473
9113474
9113475
9113476
9113477
9113478
9113479
9113480
9113481
9113482
9113483
9113484
9113485
9113486
9113487
9113488
9113489
9113490
9113491
9113492
9113493
9113494
9113495
9113496
9113497
9113498
9113499
9113500
9113501
9113502
9113503
9113504
9113505
9113506
9113507
9113508
9113509
9113510
9113511
9113512
9113513
9113514
9113515
9113516
9113517
9113518
9113519
9113520
9113521
9113522
9113523
9113524
9113525
9113526
9113527
9113528
9113529
9113530
9113531
9113532
9113533
9113534
9113535
9113536
9113537
9113538
9113539
9113540
9113541
9113542
9113543
9113544
9113545
9113546
9113547
9113548
9113549
9113550
9113551
9113552
9113553
9113554
9113555
9113556
9113557
9113558
9113559
9113560
9113561
9113562
9113563
9113564
9113565
9113566
9113567
9113568
9113569
9113570
9113571
9113572
9113573
9113574
9113575
9113576
9113577
9113578
9113579
9113580
9113581
9113582
9113583
9113584
9113585
9113586
9113587
9113588
9113589
9113590
9113591
9113592
9113593
9113594
9113595
9113596
9113597
9113598
9113599
9113600
9113601
9113602
9113603
9113604
9113605
9113606
9113607
9113608
9113609
9113610
9113611
9113612
9113613
9113614
9113615
9113616
9113617
9113618
9113619
9113620
9113621
9113622
9113623
9113624
9113625
9113626
9113627
9113628
9113629
9113630
9113631
9113632
9113633
9113634
9113635
9113636
9113637
9113638
9113639
9113640
9113641
9113642
9113643
9113644
9113645
9113646
9113647
9113648
9113649
9113650
9113651
9113652
9113653
9113654
9113655
9113656
9113657
9113658
9113659
9113660
9113661
9113662
9113663
9113664
9113665
9113666
9113667
9113668
9113669
9113670
9113671
9113672
9113673
9113674
9113675
9113676
9113677
9113678
9113679
9113680
9113681
9113682
9113683
9113684
9113685
9113686
9113687
9113688
9113689
9113690
9113691
9113692
9113693
9113694
9113695
9113696
9113697
9113698
9113699
9113700
9113701
9113702
9113703
9113704
9113705
9113706
9113707
9113708
9113709
9113710
9113711
9113712
9113713
9113714
9113715
9113716
9113717
9113718
9113719
9113720
9113721
9113722
9113723
9113724
9113725
9113726
9113727
9113728
9113729
9113730
9113731
9113732
9113733
9113734
9113735
9113736
9113737
9113738
9113739
9113740
9113741
9113742
9113743
9113744
9113745
9113746
9113747
9113748
9113749
9113750
9113751
9113752
9113753
9113754
9113755
9113756
9113757
9113758
9113759
9113760
9113761
9113762
9113763
9113764
9113765
9113766
9113767
9113768
9113769
9113770
9113771
9113772
9113773
9113774
9113775
9113776
9113777
9113778
9113779
9113780
9113781
9113782
9113783
9113784
9113785
9113786
9113787
9113788
9113789
9113790
9113791
9113792
9113793
9113794
9113795
9113796
9113797
9113798
9113799
9113800
9113801
9113802
9113803
9113804
9113805
9113806
9113807
9113808
9113809
9113810
9113811
9113812
9113813
9113814
9113815
9113816
9113817
9113818
9113819
9113820
9113821
9113822
9113823
9113824
9113825
9113826
9113827
9113828
9113829
9113830
9113831
9113832
9113833
9113834
9113835
9113836
9113837
9113838
9113839
9113840
9113841
9113842
9113843
9113844
9113845
9113846
9113847
9113848
9113849
9113850
9113851
9113852
9113853
9113854
9113855
9113856
9113857
9113858
9113859
9113860
9113861
9113862
9113863
9113864
9113865
9113866
9113867
9113868
9113869
9113870
9113871
9113872
9113873
9113874
9113875
9113876
9113877
9113878
9113879
9113880
9113881
9113882
9113883
9113884
9113885
9113886
9113887
9113888
9113889
9113890
9113891
9113892
9113893
9113894
9113895
9113896
9113897
9113898
9113899
9113900
9113901
9113902
9113903
9113904
9113905
9113906
9113907
9113908
9113909
9113910
9113911
9113912
9113913
9113914
9113915
9113916
9113917
9113918
9113919
9113920
9113921
9113922
9113923
9113924
9113925
9113926
9113927
9113928
9113929
9113930
9113931
9113932
9113933
9113934
9113935
9113936
9113937
9113938
9113939
9113940
9113941
9113942
9113943
9113944
9113945
9113946
9113947
9113948
9113949
9113950
9113951
9113952
9113953
9113954
9113955
9113956
9113957
9113958
9113959
9113960
9113961
9113962
9113963
9113964
9113965
9113966
9113967
9113968
9113969
9113970
9113971
9113972
9113973
9113974
9113975
9113976
9113977
9113978
9113979
9113980
9113981
9113982
9113983
9113984
9113985
9113986
9113987
9113988
9113989
9113990
9113991
9113992
9113993
9113994
9113995
9113996
9113997
9113998
9113999
9114000
9114001
9114002
9114003
9114004
9114005
9114006
9114007
9114008
9114009
9114010
9114011
9114012
9114013
9114014
9114015
9114016
9114017
9114018
9114019
9114020
9114021
9114022
9114023
9114024
9114025
9114026
9114027
9114028
9114029
9114030
9114031
9114032
9114033
9114034
9114035
9114036
9114037
9114038
9114039
9114040
9114041
9114042
9114043
9114044
9114045
9114046
9114047
9114048
9114049
9114050
9114051
9114052
9114053
9114054
9114055
9114056
9114057
9114058
9114059
9114060
9114061
9114062
9114063
9114064
9114065
9114066
9114067
9114068
9114069
9114070
9114071
9114072
9114073
9114074
9114075
9114076
9114077
9114078
9114079
9114080
9114081
9114082
9114083
9114084
9114085
9114086
9114087
9114088
9114089
9114090
9114091
9114092
9114093
9114094
9114095
9114096
9114097
9114098
9114099
9114100
9114101
9114102
9114103
9114104
9114105
9114106
9114107
9114108
9114109
9114110
9114111
9114112
9114113
9114114
9114115
9114116
9114117
9114118
9114119
9114120
9114121
9114122
9114123
9114124
9114125
9114126
9114127
9114128
9114129
9114130
9114131
9114132
9114133
9114134
9114135
9114136
9114137
9114138
9114139
9114140
9114141
9114142
9114143
9114144
9114145
9114146
9114147
9114148
9114149
9114150
9114151
9114152
9114153
9114154
9114155
9114156
9114157
9114158
9114159
9114160
9114161
9114162
9114163
9114164
9114165
9114166
9114167
9114168
9114169
9114170
9114171
9114172
9114173
9114174
9114175
9114176
9114177
9114178
9114179
9114180
9114181
9114182
9114183
9114184
9114185
9114186
9114187
9114188
9114189
9114190
9114191
9114192
9114193
9114194
9114195
9114196
9114197
9114198
9114199
9114200
9114201
9114202
9114203
9114204
9114205
9114206
9114207
9114208
9114209
9114210
9114211
9114212
9114213
9114214
9114215
9114216
9114217
9114218
9114219
9114220
9114221
9114222
9114223
9114224
9114225
9114226
9114227
9114228
9114229
9114230
9114231
9114232
9114233
9114234
9114235
9114236
9114237
9114238
9114239
9114240
9114241
9114242
9114243
9114244
9114245
9114246
9114247
9114248
9114249
9114250
9114251
9114252
9114253
9114254
9114255
9114256
9114257
9114258
9114259
9114260
9114261
9114262
9114263
9114264
9114265
9114266
9114267
9114268
9114269
9114270
9114271
9114272
9114273
9114274
9114275
9114276
9114277
9114278
9114279
9114280
9114281
9114282
9114283
9114284
9114285
9114286
9114287
9114288
9114289
9114290
9114291
9114292
9114293
9114294
9114295
9114296
9114297
9114298
9114299
9114300
9114301
9114302
9114303
9114304
9114305
9114306
9114307
9114308
9114309
9114310
9114311
9114312
9114313
9114314
9114315
9114316
9114317
9114318
9114319
9114320
9114321
9114322
9114323
9114324
9114325
9114326
9114327
9114328
9114329
9114330
9114331
9114332
9114333
9114334
9114335
9114336
9114337
9114338
9114339
9114340
9114341
9114342
9114343
9114344
9114345
9114346
9114347
9114348
9114349
9114350
9114351
9114352
9114353
9114354
9114355
9114356
9114357
9114358
9114359
9114360
9114361
9114362
9114363
9114364
9114365
9114366
9114367
9114368
9114369
9114370
9114371
9114372
9114373
9114374
9114375
9114376
9114377
9114378
9114379
9114380
9114381
9114382
9114383
9114384
9114385
9114386
9114387
9114388
9114389
9114390
9114391
9114392
9114393
9114394
9114395
9114396
9114397
9114398
9114399
9114400
9114401
9114402
9114403
9114404
9114405
9114406
9114407
9114408
9114409
9114410
9114411
9114412
9114413
9114414
9114415
9114416
9114417
9114418
9114419
9114420
9114421
9114422
9114423
9114424
9114425
9114426
9114427
9114428
9114429
9114430
9114431
9114432
9114433
9114434
9114435
9114436
9114437
9114438
9114439
9114440
9114441
9114442
9114443
9114444
9114445
9114446
9114447
9114448
9114449
9114450
9114451
9114452
9114453
9114454
9114455
9114456
9114457
9114458
9114459
9114460
9114461
9114462
9114463
9114464
9114465
9114466
9114467
9114468
9114469
9114470
9114471
9114472
9114473
9114474
9114475
9114476
9114477
9114478
9114479
9114480
9114481
9114482
9114483
9114484
9114485
9114486
9114487
9114488
9114489
9114490
9114491
9114492
9114493
9114494
9114495
9114496
9114497
9114498
9114499
9114500
9114501
9114502
9114503
9114504
9114505
9114506
9114507
9114508
9114509
9114510
9114511
9114512
9114513
9114514
9114515
9114516
9114517
9114518
9114519
9114520
9114521
9114522
9114523
9114524
9114525
9114526
9114527
9114528
9114529
9114530
9114531
9114532
9114533
9114534
9114535
9114536
9114537
9114538
9114539
9114540
9114541
9114542
9114543
9114544
9114545
9114546
9114547
9114548
9114549
9114550
9114551
9114552
9114553
9114554
9114555
9114556
9114557
9114558
9114559
9114560
9114561
9114562
9114563
9114564
9114565
9114566
9114567
9114568
9114569
9114570
9114571
9114572
9114573
9114574
9114575
9114576
9114577
9114578
9114579
9114580
9114581
9114582
9114583
9114584
9114585
9114586
9114587
9114588
9114589
9114590
9114591
9114592
9114593
9114594
9114595
9114596
9114597
9114598
9114599
9114600
9114601
9114602
9114603
9114604
9114605
9114606
9114607
9114608
9114609
9114610
9114611
9114612
9114613
9114614
9114615
9114616
9114617
9114618
9114619
9114620
9114621
9114622
9114623
9114624
9114625
9114626
9114627
9114628
9114629
9114630
9114631
9114632
9114633
9114634
9114635
9114636
9114637
9114638
9114639
9114640
9114641
9114642
9114643
9114644
9114645
9114646
9114647
9114648
9114649
9114650
9114651
9114652
9114653
9114654
9114655
9114656
9114657
9114658
9114659
9114660
9114661
9114662
9114663
9114664
9114665
9114666
9114667
9114668
9114669
9114670
9114671
9114672
9114673
9114674
9114675
9114676
9114677
9114678
9114679
9114680
9114681
9114682
9114683
9114684
9114685
9114686
9114687
9114688
9114689
9114690
9114691
9114692
9114693
9114694
9114695
9114696
9114697
9114698
9114699
9114700
9114701
9114702
9114703
9114704
9114705
9114706
9114707
9114708
9114709
9114710
9114711
9114712
9114713
9114714
9114715
9114716
9114717
9114718
9114719
9114720
9114721
9114722
9114723
9114724
9114725
9114726
9114727
9114728
9114729
9114730
9114731
9114732
9114733
9114734
9114735
9114736
9114737
9114738
9114739
9114740
9114741
9114742
9114743
9114744
9114745
9114746
9114747
9114748
9114749
9114750
9114751
9114752
9114753
9114754
9114755
9114756
9114757
9114758
9114759
9114760
9114761
9114762
9114763
9114764
9114765
9114766
9114767
9114768
9114769
9114770
9114771
9114772
9114773
9114774
9114775
9114776
9114777
9114778
9114779
9114780
9114781
9114782
9114783
9114784
9114785
9114786
9114787
9114788
9114789
9114790
9114791
9114792
9114793
9114794
9114795
9114796
9114797
9114798
9114799
9114800
9114801
9114802
9114803
9114804
9114805
9114806
9114807
9114808
9114809
9114810
9114811
9114812
9114813
9114814
9114815
9114816
9114817
9114818
9114819
9114820
9114821
9114822
9114823
9114824
9114825
9114826
9114827
9114828
9114829
9114830
9114831
9114832
9114833
9114834
9114835
9114836
9114837
9114838
9114839
9114840
9114841
9114842
9114843
9114844
9114845
9114846
9114847
9114848
9114849
9114850
9114851
9114852
9114853
9114854
9114855
9114856
9114857
9114858
9114859
9114860
9114861
9114862
9114863
9114864
9114865
9114866
9114867
9114868
9114869
9114870
9114871
9114872
9114873
9114874
9114875
9114876
9114877
9114878
9114879
9114880
9114881
9114882
9114883
9114884
9114885
9114886
9114887
9114888
9114889
9114890
9114891
9114892
9114893
9114894
9114895
9114896
9114897
9114898
9114899
9114900
9114901
9114902
9114903
9114904
9114905
9114906
9114907
9114908
9114909
9114910
9114911
9114912
9114913
9114914
9114915
9114916
9114917
9114918
9114919
9114920
9114921
9114922
9114923
9114924
9114925
9114926
9114927
9114928
9114929
9114930
9114931
9114932
9114933
9114934
9114935
9114936
9114937
9114938
9114939
9114940
9114941
9114942
9114943
9114944
9114945
9114946
9114947
9114948
9114949
9114950
9114951
9114952
9114953
9114954
9114955
9114956
9114957
9114958
9114959
9114960
9114961
9114962
9114963
9114964
9114965
9114966
9114967
9114968
9114969
9114970
9114971
9114972
9114973
9114974
9114975
9114976
9114977
9114978
9114979
9114980
9114981
9114982
9114983
9114984
9114985
9114986
9114987
9114988
9114989
9114990
9114991
9114992
9114993
9114994
9114995
9114996
9114997
9114998
9114999
9115000
9115001
9115002
9115003
9115004
9115005
9115006
9115007
9115008
9115009
9115010
9115011
9115012
9115013
9115014
9115015
9115016
9115017
9115018
9115019
9115020
9115021
9115022
9115023
9115024
9115025
9115026
9115027
9115028
9115029
9115030
9115031
9115032
9115033
9115034
9115035
9115036
9115037
9115038
9115039
9115040
9115041
9115042
9115043
9115044
9115045
9115046
9115047
9115048
9115049
9115050
9115051
9115052
9115053
9115054
9115055
9115056
9115057
9115058
9115059
9115060
9115061
9115062
9115063
9115064
9115065
9115066
9115067
9115068
9115069
9115070
9115071
9115072
9115073
9115074
9115075
9115076
9115077
9115078
9115079
9115080
9115081
9115082
9115083
9115084
9115085
9115086
9115087
9115088
9115089
9115090
9115091
9115092
9115093
9115094
9115095
9115096
9115097
9115098
9115099
9115100
9115101
9115102
9115103
9115104
9115105
9115106
9115107
9115108
9115109
9115110
9115111
9115112
9115113
9115114
9115115
9115116
9115117
9115118
9115119
9115120
9115121
9115122
9115123
9115124
9115125
9115126
9115127
9115128
9115129
9115130
9115131
9115132
9115133
9115134
9115135
9115136
9115137
9115138
9115139
9115140
9115141
9115142
9115143
9115144
9115145
9115146
9115147
9115148
9115149
9115150
9115151
9115152
9115153
9115154
9115155
9115156
9115157
9115158
9115159
9115160
9115161
9115162
9115163
9115164
9115165
9115166
9115167
9115168
9115169
9115170
9115171
9115172
9115173
9115174
9115175
9115176
9115177
9115178
9115179
9115180
9115181
9115182
9115183
9115184
9115185
9115186
9115187
9115188
9115189
9115190
9115191
9115192
9115193
9115194
9115195
9115196
9115197
9115198
9115199
9115200
9115201
9115202
9115203
9115204
9115205
9115206
9115207
9115208
9115209
9115210
9115211
9115212
9115213
9115214
9115215
9115216
9115217
9115218
9115219
9115220
9115221
9115222
9115223
9115224
9115225
9115226
9115227
9115228
9115229
9115230
9115231
9115232
9115233
9115234
9115235
9115236
9115237
9115238
9115239
9115240
9115241
9115242
9115243
9115244
9115245
9115246
9115247
9115248
9115249
9115250
9115251
9115252
9115253
9115254
9115255
9115256
9115257
9115258
9115259
9115260
9115261
9115262
9115263
9115264
9115265
9115266
9115267
9115268
9115269
9115270
9115271
9115272
9115273
9115274
9115275
9115276
9115277
9115278
9115279
9115280
9115281
9115282
9115283
9115284
9115285
9115286
9115287
9115288
9115289
9115290
9115291
9115292
9115293
9115294
9115295
9115296
9115297
9115298
9115299
9115300
9115301
9115302
9115303
9115304
9115305
9115306
9115307
9115308
9115309
9115310
9115311
9115312
9115313
9115314
9115315
9115316
9115317
9115318
9115319
9115320
9115321
9115322
9115323
9115324
9115325
9115326
9115327
9115328
9115329
9115330
9115331
9115332
9115333
9115334
9115335
9115336
9115337
9115338
9115339
9115340
9115341
9115342
9115343
9115344
9115345
9115346
9115347
9115348
9115349
9115350
9115351
9115352
9115353
9115354
9115355
9115356
9115357
9115358
9115359
9115360
9115361
9115362
9115363
9115364
9115365
9115366
9115367
9115368
9115369
9115370
9115371
9115372
9115373
9115374
9115375
9115376
9115377
9115378
9115379
9115380
9115381
9115382
9115383
9115384
9115385
9115386
9115387
9115388
9115389
9115390
9115391
9115392
9115393
9115394
9115395
9115396
9115397
9115398
9115399
9115400
9115401
9115402
9115403
9115404
9115405
9115406
9115407
9115408
9115409
9115410
9115411
9115412
9115413
9115414
9115415
9115416
9115417
9115418
9115419
9115420
9115421
9115422
9115423
9115424
9115425
9115426
9115427
9115428
9115429
9115430
9115431
9115432
9115433
9115434
9115435
9115436
9115437
9115438
9115439
9115440
9115441
9115442
9115443
9115444
9115445
9115446
9115447
9115448
9115449
9115450
9115451
9115452
9115453
9115454
9115455
9115456
9115457
9115458
9115459
9115460
9115461
9115462
9115463
9115464
9115465
9115466
9115467
9115468
9115469
9115470
9115471
9115472
9115473
9115474
9115475
9115476
9115477
9115478
9115479
9115480
9115481
9115482
9115483
9115484
9115485
9115486
9115487
9115488
9115489
9115490
9115491
9115492
9115493
9115494
9115495
9115496
9115497
9115498
9115499
9115500
9115501
9115502
9115503
9115504
9115505
9115506
9115507
9115508
9115509
9115510
9115511
9115512
9115513
9115514
9115515
9115516
9115517
9115518
9115519
9115520
9115521
9115522
9115523
9115524
9115525
9115526
9115527
9115528
9115529
9115530
9115531
9115532
9115533
9115534
9115535
9115536
9115537
9115538
9115539
9115540
9115541
9115542
9115543
9115544
9115545
9115546
9115547
9115548
9115549
9115550
9115551
9115552
9115553
9115554
9115555
9115556
9115557
9115558
9115559
9115560
9115561
9115562
9115563
9115564
9115565
9115566
9115567
9115568
9115569
9115570
9115571
9115572
9115573
9115574
9115575
9115576
9115577
9115578
9115579
9115580
9115581
9115582
9115583
9115584
9115585
9115586
9115587
9115588
9115589
9115590
9115591
9115592
9115593
9115594
9115595
9115596
9115597
9115598
9115599
9115600
9115601
9115602
9115603
9115604
9115605
9115606
9115607
9115608
9115609
9115610
9115611
9115612
9115613
9115614
9115615
9115616
9115617
9115618
9115619
9115620
9115621
9115622
9115623
9115624
9115625
9115626
9115627
9115628
9115629
9115630
9115631
9115632
9115633
9115634
9115635
9115636
9115637
9115638
9115639
9115640
9115641
9115642
9115643
9115644
9115645
9115646
9115647
9115648
9115649
9115650
9115651
9115652
9115653
9115654
9115655
9115656
9115657
9115658
9115659
9115660
9115661
9115662
9115663
9115664
9115665
9115666
9115667
9115668
9115669
9115670
9115671
9115672
9115673
9115674
9115675
9115676
9115677
9115678
9115679
9115680
9115681
9115682
9115683
9115684
9115685
9115686
9115687
9115688
9115689
9115690
9115691
9115692
9115693
9115694
9115695
9115696
9115697
9115698
9115699
9115700
9115701
9115702
9115703
9115704
9115705
9115706
9115707
9115708
9115709
9115710
9115711
9115712
9115713
9115714
9115715
9115716
9115717
9115718
9115719
9115720
9115721
9115722
9115723
9115724
9115725
9115726
9115727
9115728
9115729
9115730
9115731
9115732
9115733
9115734
9115735
9115736
9115737
9115738
9115739
9115740
9115741
9115742
9115743
9115744
9115745
9115746
9115747
9115748
9115749
9115750
9115751
9115752
9115753
9115754
9115755
9115756
9115757
9115758
9115759
9115760
9115761
9115762
9115763
9115764
9115765
9115766
9115767
9115768
9115769
9115770
9115771
9115772
9115773
9115774
9115775
9115776
9115777
9115778
9115779
9115780
9115781
9115782
9115783
9115784
9115785
9115786
9115787
9115788
9115789
9115790
9115791
9115792
9115793
9115794
9115795
9115796
9115797
9115798
9115799
9115800
9115801
9115802
9115803
9115804
9115805
9115806
9115807
9115808
9115809
9115810
9115811
9115812
9115813
9115814
9115815
9115816
9115817
9115818
9115819
9115820
9115821
9115822
9115823
9115824
9115825
9115826
9115827
9115828
9115829
9115830
9115831
9115832
9115833
9115834
9115835
9115836
9115837
9115838
9115839
9115840
9115841
9115842
9115843
9115844
9115845
9115846
9115847
9115848
9115849
9115850
9115851
9115852
9115853
9115854
9115855
9115856
9115857
9115858
9115859
9115860
9115861
9115862
9115863
9115864
9115865
9115866
9115867
9115868
9115869
9115870
9115871
9115872
9115873
9115874
9115875
9115876
9115877
9115878
9115879
9115880
9115881
9115882
9115883
9115884
9115885
9115886
9115887
9115888
9115889
9115890
9115891
9115892
9115893
9115894
9115895
9115896
9115897
9115898
9115899
9115900
9115901
9115902
9115903
9115904
9115905
9115906
9115907
9115908
9115909
9115910
9115911
9115912
9115913
9115914
9115915
9115916
9115917
9115918
9115919
9115920
9115921
9115922
9115923
9115924
9115925
9115926
9115927
9115928
9115929
9115930
9115931
9115932
9115933
9115934
9115935
9115936
9115937
9115938
9115939
9115940
9115941
9115942
9115943
9115944
9115945
9115946
9115947
9115948
9115949
9115950
9115951
9115952
9115953
9115954
9115955
9115956
9115957
9115958
9115959
9115960
9115961
9115962
9115963
9115964
9115965
9115966
9115967
9115968
9115969
9115970
9115971
9115972
9115973
9115974
9115975
9115976
9115977
9115978
9115979
9115980
9115981
9115982
9115983
9115984
9115985
9115986
9115987
9115988
9115989
9115990
9115991
9115992
9115993
9115994
9115995
9115996
9115997
9115998
9115999
9116000
9116001
9116002
9116003
9116004
9116005
9116006
9116007
9116008
9116009
9116010
9116011
9116012
9116013
9116014
9116015
9116016
9116017
9116018
9116019
9116020
9116021
9116022
9116023
9116024
9116025
9116026
9116027
9116028
9116029
9116030
9116031
9116032
9116033
9116034
9116035
9116036
9116037
9116038
9116039
9116040
9116041
9116042
9116043
9116044
9116045
9116046
9116047
9116048
9116049
9116050
9116051
9116052
9116053
9116054
9116055
9116056
9116057
9116058
9116059
9116060
9116061
9116062
9116063
9116064
9116065
9116066
9116067
9116068
9116069
9116070
9116071
9116072
9116073
9116074
9116075
9116076
9116077
9116078
9116079
9116080
9116081
9116082
9116083
9116084
9116085
9116086
9116087
9116088
9116089
9116090
9116091
9116092
9116093
9116094
9116095
9116096
9116097
9116098
9116099
9116100
9116101
9116102
9116103
9116104
9116105
9116106
9116107
9116108
9116109
9116110
9116111
9116112
9116113
9116114
9116115
9116116
9116117
9116118
9116119
9116120
9116121
9116122
9116123
9116124
9116125
9116126
9116127
9116128
9116129
9116130
9116131
9116132
9116133
9116134
9116135
9116136
9116137
9116138
9116139
9116140
9116141
9116142
9116143
9116144
9116145
9116146
9116147
9116148
9116149
9116150
9116151
9116152
9116153
9116154
9116155
9116156
9116157
9116158
9116159
9116160
9116161
9116162
9116163
9116164
9116165
9116166
9116167
9116168
9116169
9116170
9116171
9116172
9116173
9116174
9116175
9116176
9116177
9116178
9116179
9116180
9116181
9116182
9116183
9116184
9116185
9116186
9116187
9116188
9116189
9116190
9116191
9116192
9116193
9116194
9116195
9116196
9116197
9116198
9116199
9116200
9116201
9116202
9116203
9116204
9116205
9116206
9116207
9116208
9116209
9116210
9116211
9116212
9116213
9116214
9116215
9116216
9116217
9116218
9116219
9116220
9116221
9116222
9116223
9116224
9116225
9116226
9116227
9116228
9116229
9116230
9116231
9116232
9116233
9116234
9116235
9116236
9116237
9116238
9116239
9116240
9116241
9116242
9116243
9116244
9116245
9116246
9116247
9116248
9116249
9116250
9116251
9116252
9116253
9116254
9116255
9116256
9116257
9116258
9116259
9116260
9116261
9116262
9116263
9116264
9116265
9116266
9116267
9116268
9116269
9116270
9116271
9116272
9116273
9116274
9116275
9116276
9116277
9116278
9116279
9116280
9116281
9116282
9116283
9116284
9116285
9116286
9116287
9116288
9116289
9116290
9116291
9116292
9116293
9116294
9116295
9116296
9116297
9116298
9116299
9116300
9116301
9116302
9116303
9116304
9116305
9116306
9116307
9116308
9116309
9116310
9116311
9116312
9116313
9116314
9116315
9116316
9116317
9116318
9116319
9116320
9116321
9116322
9116323
9116324
9116325
9116326
9116327
9116328
9116329
9116330
9116331
9116332
9116333
9116334
9116335
9116336
9116337
9116338
9116339
9116340
9116341
9116342
9116343
9116344
9116345
9116346
9116347
9116348
9116349
9116350
9116351
9116352
9116353
9116354
9116355
9116356
9116357
9116358
9116359
9116360
9116361
9116362
9116363
9116364
9116365
9116366
9116367
9116368
9116369
9116370
9116371
9116372
9116373
9116374
9116375
9116376
9116377
9116378
9116379
9116380
9116381
9116382
9116383
9116384
9116385
9116386
9116387
9116388
9116389
9116390
9116391
9116392
9116393
9116394
9116395
9116396
9116397
9116398
9116399
9116400
9116401
9116402
9116403
9116404
9116405
9116406
9116407
9116408
9116409
9116410
9116411
9116412
9116413
9116414
9116415
9116416
9116417
9116418
9116419
9116420
9116421
9116422
9116423
9116424
9116425
9116426
9116427
9116428
9116429
9116430
9116431
9116432
9116433
9116434
9116435
9116436
9116437
9116438
9116439
9116440
9116441
9116442
9116443
9116444
9116445
9116446
9116447
9116448
9116449
9116450
9116451
9116452
9116453
9116454
9116455
9116456
9116457
9116458
9116459
9116460
9116461
9116462
9116463
9116464
9116465
9116466
9116467
9116468
9116469
9116470
9116471
9116472
9116473
9116474
9116475
9116476
9116477
9116478
9116479
9116480
9116481
9116482
9116483
9116484
9116485
9116486
9116487
9116488
9116489
9116490
9116491
9116492
9116493
9116494
9116495
9116496
9116497
9116498
9116499
9116500
9116501
9116502
9116503
9116504
9116505
9116506
9116507
9116508
9116509
9116510
9116511
9116512
9116513
9116514
9116515
9116516
9116517
9116518
9116519
9116520
9116521
9116522
9116523
9116524
9116525
9116526
9116527
9116528
9116529
9116530
9116531
9116532
9116533
9116534
9116535
9116536
9116537
9116538
9116539
9116540
9116541
9116542
9116543
9116544
9116545
9116546
9116547
9116548
9116549
9116550
9116551
9116552
9116553
9116554
9116555
9116556
9116557
9116558
9116559
9116560
9116561
9116562
9116563
9116564
9116565
9116566
9116567
9116568
9116569
9116570
9116571
9116572
9116573
9116574
9116575
9116576
9116577
9116578
9116579
9116580
9116581
9116582
9116583
9116584
9116585
9116586
9116587
9116588
9116589
9116590
9116591
9116592
9116593
9116594
9116595
9116596
9116597
9116598
9116599
9116600
9116601
9116602
9116603
9116604
9116605
9116606
9116607
9116608
9116609
9116610
9116611
9116612
9116613
9116614
9116615
9116616
9116617
9116618
9116619
9116620
9116621
9116622
9116623
9116624
9116625
9116626
9116627
9116628
9116629
9116630
9116631
9116632
9116633
9116634
9116635
9116636
9116637
9116638
9116639
9116640
9116641
9116642
9116643
9116644
9116645
9116646
9116647
9116648
9116649
9116650
9116651
9116652
9116653
9116654
9116655
9116656
9116657
9116658
9116659
9116660
9116661
9116662
9116663
9116664
9116665
9116666
9116667
9116668
9116669
9116670
9116671
9116672
9116673
9116674
9116675
9116676
9116677
9116678
9116679
9116680
9116681
9116682
9116683
9116684
9116685
9116686
9116687
9116688
9116689
9116690
9116691
9116692
9116693
9116694
9116695
9116696
9116697
9116698
9116699
9116700
9116701
9116702
9116703
9116704
9116705
9116706
9116707
9116708
9116709
9116710
9116711
9116712
9116713
9116714
9116715
9116716
9116717
9116718
9116719
9116720
9116721
9116722
9116723
9116724
9116725
9116726
9116727
9116728
9116729
9116730
9116731
9116732
9116733
9116734
9116735
9116736
9116737
9116738
9116739
9116740
9116741
9116742
9116743
9116744
9116745
9116746
9116747
9116748
9116749
9116750
9116751
9116752
9116753
9116754
9116755
9116756
9116757
9116758
9116759
9116760
9116761
9116762
9116763
9116764
9116765
9116766
9116767
9116768
9116769
9116770
9116771
9116772
9116773
9116774
9116775
9116776
9116777
9116778
9116779
9116780
9116781
9116782
9116783
9116784
9116785
9116786
9116787
9116788
9116789
9116790
9116791
9116792
9116793
9116794
9116795
9116796
9116797
9116798
9116799
9116800
9116801
9116802
9116803
9116804
9116805
9116806
9116807
9116808
9116809
9116810
9116811
9116812
9116813
9116814
9116815
9116816
9116817
9116818
9116819
9116820
9116821
9116822
9116823
9116824
9116825
9116826
9116827
9116828
9116829
9116830
9116831
9116832
9116833
9116834
9116835
9116836
9116837
9116838
9116839
9116840
9116841
9116842
9116843
9116844
9116845
9116846
9116847
9116848
9116849
9116850
9116851
9116852
9116853
9116854
9116855
9116856
9116857
9116858
9116859
9116860
9116861
9116862
9116863
9116864
9116865
9116866
9116867
9116868
9116869
9116870
9116871
9116872
9116873
9116874
9116875
9116876
9116877
9116878
9116879
9116880
9116881
9116882
9116883
9116884
9116885
9116886
9116887
9116888
9116889
9116890
9116891
9116892
9116893
9116894
9116895
9116896
9116897
9116898
9116899
9116900
9116901
9116902
9116903
9116904
9116905
9116906
9116907
9116908
9116909
9116910
9116911
9116912
9116913
9116914
9116915
9116916
9116917
9116918
9116919
9116920
9116921
9116922
9116923
9116924
9116925
9116926
9116927
9116928
9116929
9116930
9116931
9116932
9116933
9116934
9116935
9116936
9116937
9116938
9116939
9116940
9116941
9116942
9116943
9116944
9116945
9116946
9116947
9116948
9116949
9116950
9116951
9116952
9116953
9116954
9116955
9116956
9116957
9116958
9116959
9116960
9116961
9116962
9116963
9116964
9116965
9116966
9116967
9116968
9116969
9116970
9116971
9116972
9116973
9116974
9116975
9116976
9116977
9116978
9116979
9116980
9116981
9116982
9116983
9116984
9116985
9116986
9116987
9116988
9116989
9116990
9116991
9116992
9116993
9116994
9116995
9116996
9116997
9116998
9116999
9117000
9117001
9117002
9117003
9117004
9117005
9117006
9117007
9117008
9117009
9117010
9117011
9117012
9117013
9117014
9117015
9117016
9117017
9117018
9117019
9117020
9117021
9117022
9117023
9117024
9117025
9117026
9117027
9117028
9117029
9117030
9117031
9117032
9117033
9117034
9117035
9117036
9117037
9117038
9117039
9117040
9117041
9117042
9117043
9117044
9117045
9117046
9117047
9117048
9117049
9117050
9117051
9117052
9117053
9117054
9117055
9117056
9117057
9117058
9117059
9117060
9117061
9117062
9117063
9117064
9117065
9117066
9117067
9117068
9117069
9117070
9117071
9117072
9117073
9117074
9117075
9117076
9117077
9117078
9117079
9117080
9117081
9117082
9117083
9117084
9117085
9117086
9117087
9117088
9117089
9117090
9117091
9117092
9117093
9117094
9117095
9117096
9117097
9117098
9117099
9117100
9117101
9117102
9117103
9117104
9117105
9117106
9117107
9117108
9117109
9117110
9117111
9117112
9117113
9117114
9117115
9117116
9117117
9117118
9117119
9117120
9117121
9117122
9117123
9117124
9117125
9117126
9117127
9117128
9117129
9117130
9117131
9117132
9117133
9117134
9117135
9117136
9117137
9117138
9117139
9117140
9117141
9117142
9117143
9117144
9117145
9117146
9117147
9117148
9117149
9117150
9117151
9117152
9117153
9117154
9117155
9117156
9117157
9117158
9117159
9117160
9117161
9117162
9117163
9117164
9117165
9117166
9117167
9117168
9117169
9117170
9117171
9117172
9117173
9117174
9117175
9117176
9117177
9117178
9117179
9117180
9117181
9117182
9117183
9117184
9117185
9117186
9117187
9117188
9117189
9117190
9117191
9117192
9117193
9117194
9117195
9117196
9117197
9117198
9117199
9117200
9117201
9117202
9117203
9117204
9117205
9117206
9117207
9117208
9117209
9117210
9117211
9117212
9117213
9117214
9117215
9117216
9117217
9117218
9117219
9117220
9117221
9117222
9117223
9117224
9117225
9117226
9117227
9117228
9117229
9117230
9117231
9117232
9117233
9117234
9117235
9117236
9117237
9117238
9117239
9117240
9117241
9117242
9117243
9117244
9117245
9117246
9117247
9117248
9117249
9117250
9117251
9117252
9117253
9117254
9117255
9117256
9117257
9117258
9117259
9117260
9117261
9117262
9117263
9117264
9117265
9117266
9117267
9117268
9117269
9117270
9117271
9117272
9117273
9117274
9117275
9117276
9117277
9117278
9117279
9117280
9117281
9117282
9117283
9117284
9117285
9117286
9117287
9117288
9117289
9117290
9117291
9117292
9117293
9117294
9117295
9117296
9117297
9117298
9117299
9117300
9117301
9117302
9117303
9117304
9117305
9117306
9117307
9117308
9117309
9117310
9117311
9117312
9117313
9117314
9117315
9117316
9117317
9117318
9117319
9117320
9117321
9117322
9117323
9117324
9117325
9117326
9117327
9117328
9117329
9117330
9117331
9117332
9117333
9117334
9117335
9117336
9117337
9117338
9117339
9117340
9117341
9117342
9117343
9117344
9117345
9117346
9117347
9117348
9117349
9117350
9117351
9117352
9117353
9117354
9117355
9117356
9117357
9117358
9117359
9117360
9117361
9117362
9117363
9117364
9117365
9117366
9117367
9117368
9117369
9117370
9117371
9117372
9117373
9117374
9117375
9117376
9117377
9117378
9117379
9117380
9117381
9117382
9117383
9117384
9117385
9117386
9117387
9117388
9117389
9117390
9117391
9117392
9117393
9117394
9117395
9117396
9117397
9117398
9117399
9117400
9117401
9117402
9117403
9117404
9117405
9117406
9117407
9117408
9117409
9117410
9117411
9117412
9117413
9117414
9117415
9117416
9117417
9117418
9117419
9117420
9117421
9117422
9117423
9117424
9117425
9117426
9117427
9117428
9117429
9117430
9117431
9117432
9117433
9117434
9117435
9117436
9117437
9117438
9117439
9117440
9117441
9117442
9117443
9117444
9117445
9117446
9117447
9117448
9117449
9117450
9117451
9117452
9117453
9117454
9117455
9117456
9117457
9117458
9117459
9117460
9117461
9117462
9117463
9117464
9117465
9117466
9117467
9117468
9117469
9117470
9117471
9117472
9117473
9117474
9117475
9117476
9117477
9117478
9117479
9117480
9117481
9117482
9117483
9117484
9117485
9117486
9117487
9117488
9117489
9117490
9117491
9117492
9117493
9117494
9117495
9117496
9117497
9117498
9117499
9117500
9117501
9117502
9117503
9117504
9117505
9117506
9117507
9117508
9117509
9117510
9117511
9117512
9117513
9117514
9117515
9117516
9117517
9117518
9117519
9117520
9117521
9117522
9117523
9117524
9117525
9117526
9117527
9117528
9117529
9117530
9117531
9117532
9117533
9117534
9117535
9117536
9117537
9117538
9117539
9117540
9117541
9117542
9117543
9117544
9117545
9117546
9117547
9117548
9117549
9117550
9117551
9117552
9117553
9117554
9117555
9117556
9117557
9117558
9117559
9117560
9117561
9117562
9117563
9117564
9117565
9117566
9117567
9117568
9117569
9117570
9117571
9117572
9117573
9117574
9117575
9117576
9117577
9117578
9117579
9117580
9117581
9117582
9117583
9117584
9117585
9117586
9117587
9117588
9117589
9117590
9117591
9117592
9117593
9117594
9117595
9117596
9117597
9117598
9117599
9117600
9117601
9117602
9117603
9117604
9117605
9117606
9117607
9117608
9117609
9117610
9117611
9117612
9117613
9117614
9117615
9117616
9117617
9117618
9117619
9117620
9117621
9117622
9117623
9117624
9117625
9117626
9117627
9117628
9117629
9117630
9117631
9117632
9117633
9117634
9117635
9117636
9117637
9117638
9117639
9117640
9117641
9117642
9117643
9117644
9117645
9117646
9117647
9117648
9117649
9117650
9117651
9117652
9117653
9117654
9117655
9117656
9117657
9117658
9117659
9117660
9117661
9117662
9117663
9117664
9117665
9117666
9117667
9117668
9117669
9117670
9117671
9117672
9117673
9117674
9117675
9117676
9117677
9117678
9117679
9117680
9117681
9117682
9117683
9117684
9117685
9117686
9117687
9117688
9117689
9117690
9117691
9117692
9117693
9117694
9117695
9117696
9117697
9117698
9117699
9117700
9117701
9117702
9117703
9117704
9117705
9117706
9117707
9117708
9117709
9117710
9117711
9117712
9117713
9117714
9117715
9117716
9117717
9117718
9117719
9117720
9117721
9117722
9117723
9117724
9117725
9117726
9117727
9117728
9117729
9117730
9117731
9117732
9117733
9117734
9117735
9117736
9117737
9117738
9117739
9117740
9117741
9117742
9117743
9117744
9117745
9117746
9117747
9117748
9117749
9117750
9117751
9117752
9117753
9117754
9117755
9117756
9117757
9117758
9117759
9117760
9117761
9117762
9117763
9117764
9117765
9117766
9117767
9117768
9117769
9117770
9117771
9117772
9117773
9117774
9117775
9117776
9117777
9117778
9117779
9117780
9117781
9117782
9117783
9117784
9117785
9117786
9117787
9117788
9117789
9117790
9117791
9117792
9117793
9117794
9117795
9117796
9117797
9117798
9117799
9117800
9117801
9117802
9117803
9117804
9117805
9117806
9117807
9117808
9117809
9117810
9117811
9117812
9117813
9117814
9117815
9117816
9117817
9117818
9117819
9117820
9117821
9117822
9117823
9117824
9117825
9117826
9117827
9117828
9117829
9117830
9117831
9117832
9117833
9117834
9117835
9117836
9117837
9117838
9117839
9117840
9117841
9117842
9117843
9117844
9117845
9117846
9117847
9117848
9117849
9117850
9117851
9117852
9117853
9117854
9117855
9117856
9117857
9117858
9117859
9117860
9117861
9117862
9117863
9117864
9117865
9117866
9117867
9117868
9117869
9117870
9117871
9117872
9117873
9117874
9117875
9117876
9117877
9117878
9117879
9117880
9117881
9117882
9117883
9117884
9117885
9117886
9117887
9117888
9117889
9117890
9117891
9117892
9117893
9117894
9117895
9117896
9117897
9117898
9117899
9117900
9117901
9117902
9117903
9117904
9117905
9117906
9117907
9117908
9117909
9117910
9117911
9117912
9117913
9117914
9117915
9117916
9117917
9117918
9117919
9117920
9117921
9117922
9117923
9117924
9117925
9117926
9117927
9117928
9117929
9117930
9117931
9117932
9117933
9117934
9117935
9117936
9117937
9117938
9117939
9117940
9117941
9117942
9117943
9117944
9117945
9117946
9117947
9117948
9117949
9117950
9117951
9117952
9117953
9117954
9117955
9117956
9117957
9117958
9117959
9117960
9117961
9117962
9117963
9117964
9117965
9117966
9117967
9117968
9117969
9117970
9117971
9117972
9117973
9117974
9117975
9117976
9117977
9117978
9117979
9117980
9117981
9117982
9117983
9117984
9117985
9117986
9117987
9117988
9117989
9117990
9117991
9117992
9117993
9117994
9117995
9117996
9117997
9117998
9117999
9118000
9118001
9118002
9118003
9118004
9118005
9118006
9118007
9118008
9118009
9118010
9118011
9118012
9118013
9118014
9118015
9118016
9118017
9118018
9118019
9118020
9118021
9118022
9118023
9118024
9118025
9118026
9118027
9118028
9118029
9118030
9118031
9118032
9118033
9118034
9118035
9118036
9118037
9118038
9118039
9118040
9118041
9118042
9118043
9118044
9118045
9118046
9118047
9118048
9118049
9118050
9118051
9118052
9118053
9118054
9118055
9118056
9118057
9118058
9118059
9118060
9118061
9118062
9118063
9118064
9118065
9118066
9118067
9118068
9118069
9118070
9118071
9118072
9118073
9118074
9118075
9118076
9118077
9118078
9118079
9118080
9118081
9118082
9118083
9118084
9118085
9118086
9118087
9118088
9118089
9118090
9118091
9118092
9118093
9118094
9118095
9118096
9118097
9118098
9118099
9118100
9118101
9118102
9118103
9118104
9118105
9118106
9118107
9118108
9118109
9118110
9118111
9118112
9118113
9118114
9118115
9118116
9118117
9118118
9118119
9118120
9118121
9118122
9118123
9118124
9118125
9118126
9118127
9118128
9118129
9118130
9118131
9118132
9118133
9118134
9118135
9118136
9118137
9118138
9118139
9118140
9118141
9118142
9118143
9118144
9118145
9118146
9118147
9118148
9118149
9118150
9118151
9118152
9118153
9118154
9118155
9118156
9118157
9118158
9118159
9118160
9118161
9118162
9118163
9118164
9118165
9118166
9118167
9118168
9118169
9118170
9118171
9118172
9118173
9118174
9118175
9118176
9118177
9118178
9118179
9118180
9118181
9118182
9118183
9118184
9118185
9118186
9118187
9118188
9118189
9118190
9118191
9118192
9118193
9118194
9118195
9118196
9118197
9118198
9118199
9118200
9118201
9118202
9118203
9118204
9118205
9118206
9118207
9118208
9118209
9118210
9118211
9118212
9118213
9118214
9118215
9118216
9118217
9118218
9118219
9118220
9118221
9118222
9118223
9118224
9118225
9118226
9118227
9118228
9118229
9118230
9118231
9118232
9118233
9118234
9118235
9118236
9118237
9118238
9118239
9118240
9118241
9118242
9118243
9118244
9118245
9118246
9118247
9118248
9118249
9118250
9118251
9118252
9118253
9118254
9118255
9118256
9118257
9118258
9118259
9118260
9118261
9118262
9118263
9118264
9118265
9118266
9118267
9118268
9118269
9118270
9118271
9118272
9118273
9118274
9118275
9118276
9118277
9118278
9118279
9118280
9118281
9118282
9118283
9118284
9118285
9118286
9118287
9118288
9118289
9118290
9118291
9118292
9118293
9118294
9118295
9118296
9118297
9118298
9118299
9118300
9118301
9118302
9118303
9118304
9118305
9118306
9118307
9118308
9118309
9118310
9118311
9118312
9118313
9118314
9118315
9118316
9118317
9118318
9118319
9118320
9118321
9118322
9118323
9118324
9118325
9118326
9118327
9118328
9118329
9118330
9118331
9118332
9118333
9118334
9118335
9118336
9118337
9118338
9118339
9118340
9118341
9118342
9118343
9118344
9118345
9118346
9118347
9118348
9118349
9118350
9118351
9118352
9118353
9118354
9118355
9118356
9118357
9118358
9118359
9118360
9118361
9118362
9118363
9118364
9118365
9118366
9118367
9118368
9118369
9118370
9118371
9118372
9118373
9118374
9118375
9118376
9118377
9118378
9118379
9118380
9118381
9118382
9118383
9118384
9118385
9118386
9118387
9118388
9118389
9118390
9118391
9118392
9118393
9118394
9118395
9118396
9118397
9118398
9118399
9118400
9118401
9118402
9118403
9118404
9118405
9118406
9118407
9118408
9118409
9118410
9118411
9118412
9118413
9118414
9118415
9118416
9118417
9118418
9118419
9118420
9118421
9118422
9118423
9118424
9118425
9118426
9118427
9118428
9118429
9118430
9118431
9118432
9118433
9118434
9118435
9118436
9118437
9118438
9118439
9118440
9118441
9118442
9118443
9118444
9118445
9118446
9118447
9118448
9118449
9118450
9118451
9118452
9118453
9118454
9118455
9118456
9118457
9118458
9118459
9118460
9118461
9118462
9118463
9118464
9118465
9118466
9118467
9118468
9118469
9118470
9118471
9118472
9118473
9118474
9118475
9118476
9118477
9118478
9118479
9118480
9118481
9118482
9118483
9118484
9118485
9118486
9118487
9118488
9118489
9118490
9118491
9118492
9118493
9118494
9118495
9118496
9118497
9118498
9118499
9118500
9118501
9118502
9118503
9118504
9118505
9118506
9118507
9118508
9118509
9118510
9118511
9118512
9118513
9118514
9118515
9118516
9118517
9118518
9118519
9118520
9118521
9118522
9118523
9118524
9118525
9118526
9118527
9118528
9118529
9118530
9118531
9118532
9118533
9118534
9118535
9118536
9118537
9118538
9118539
9118540
9118541
9118542
9118543
9118544
9118545
9118546
9118547
9118548
9118549
9118550
9118551
9118552
9118553
9118554
9118555
9118556
9118557
9118558
9118559
9118560
9118561
9118562
9118563
9118564
9118565
9118566
9118567
9118568
9118569
9118570
9118571
9118572
9118573
9118574
9118575
9118576
9118577
9118578
9118579
9118580
9118581
9118582
9118583
9118584
9118585
9118586
9118587
9118588
9118589
9118590
9118591
9118592
9118593
9118594
9118595
9118596
9118597
9118598
9118599
9118600
9118601
9118602
9118603
9118604
9118605
9118606
9118607
9118608
9118609
9118610
9118611
9118612
9118613
9118614
9118615
9118616
9118617
9118618
9118619
9118620
9118621
9118622
9118623
9118624
9118625
9118626
9118627
9118628
9118629
9118630
9118631
9118632
9118633
9118634
9118635
9118636
9118637
9118638
9118639
9118640
9118641
9118642
9118643
9118644
9118645
9118646
9118647
9118648
9118649
9118650
9118651
9118652
9118653
9118654
9118655
9118656
9118657
9118658
9118659
9118660
9118661
9118662
9118663
9118664
9118665
9118666
9118667
9118668
9118669
9118670
9118671
9118672
9118673
9118674
9118675
9118676
9118677
9118678
9118679
9118680
9118681
9118682
9118683
9118684
9118685
9118686
9118687
9118688
9118689
9118690
9118691
9118692
9118693
9118694
9118695
9118696
9118697
9118698
9118699
9118700
9118701
9118702
9118703
9118704
9118705
9118706
9118707
9118708
9118709
9118710
9118711
9118712
9118713
9118714
9118715
9118716
9118717
9118718
9118719
9118720
9118721
9118722
9118723
9118724
9118725
9118726
9118727
9118728
9118729
9118730
9118731
9118732
9118733
9118734
9118735
9118736
9118737
9118738
9118739
9118740
9118741
9118742
9118743
9118744
9118745
9118746
9118747
9118748
9118749
9118750
9118751
9118752
9118753
9118754
9118755
9118756
9118757
9118758
9118759
9118760
9118761
9118762
9118763
9118764
9118765
9118766
9118767
9118768
9118769
9118770
9118771
9118772
9118773
9118774
9118775
9118776
9118777
9118778
9118779
9118780
9118781
9118782
9118783
9118784
9118785
9118786
9118787
9118788
9118789
9118790
9118791
9118792
9118793
9118794
9118795
9118796
9118797
9118798
9118799
9118800
9118801
9118802
9118803
9118804
9118805
9118806
9118807
9118808
9118809
9118810
9118811
9118812
9118813
9118814
9118815
9118816
9118817
9118818
9118819
9118820
9118821
9118822
9118823
9118824
9118825
9118826
9118827
9118828
9118829
9118830
9118831
9118832
9118833
9118834
9118835
9118836
9118837
9118838
9118839
9118840
9118841
9118842
9118843
9118844
9118845
9118846
9118847
9118848
9118849
9118850
9118851
9118852
9118853
9118854
9118855
9118856
9118857
9118858
9118859
9118860
9118861
9118862
9118863
9118864
9118865
9118866
9118867
9118868
9118869
9118870
9118871
9118872
9118873
9118874
9118875
9118876
9118877
9118878
9118879
9118880
9118881
9118882
9118883
9118884
9118885
9118886
9118887
9118888
9118889
9118890
9118891
9118892
9118893
9118894
9118895
9118896
9118897
9118898
9118899
9118900
9118901
9118902
9118903
9118904
9118905
9118906
9118907
9118908
9118909
9118910
9118911
9118912
9118913
9118914
9118915
9118916
9118917
9118918
9118919
9118920
9118921
9118922
9118923
9118924
9118925
9118926
9118927
9118928
9118929
9118930
9118931
9118932
9118933
9118934
9118935
9118936
9118937
9118938
9118939
9118940
9118941
9118942
9118943
9118944
9118945
9118946
9118947
9118948
9118949
9118950
9118951
9118952
9118953
9118954
9118955
9118956
9118957
9118958
9118959
9118960
9118961
9118962
9118963
9118964
9118965
9118966
9118967
9118968
9118969
9118970
9118971
9118972
9118973
9118974
9118975
9118976
9118977
9118978
9118979
9118980
9118981
9118982
9118983
9118984
9118985
9118986
9118987
9118988
9118989
9118990
9118991
9118992
9118993
9118994
9118995
9118996
9118997
9118998
9118999
9119000
9119001
9119002
9119003
9119004
9119005
9119006
9119007
9119008
9119009
9119010
9119011
9119012
9119013
9119014
9119015
9119016
9119017
9119018
9119019
9119020
9119021
9119022
9119023
9119024
9119025
9119026
9119027
9119028
9119029
9119030
9119031
9119032
9119033
9119034
9119035
9119036
9119037
9119038
9119039
9119040
9119041
9119042
9119043
9119044
9119045
9119046
9119047
9119048
9119049
9119050
9119051
9119052
9119053
9119054
9119055
9119056
9119057
9119058
9119059
9119060
9119061
9119062
9119063
9119064
9119065
9119066
9119067
9119068
9119069
9119070
9119071
9119072
9119073
9119074
9119075
9119076
9119077
9119078
9119079
9119080
9119081
9119082
9119083
9119084
9119085
9119086
9119087
9119088
9119089
9119090
9119091
9119092
9119093
9119094
9119095
9119096
9119097
9119098
9119099
9119100
9119101
9119102
9119103
9119104
9119105
9119106
9119107
9119108
9119109
9119110
9119111
9119112
9119113
9119114
9119115
9119116
9119117
9119118
9119119
9119120
9119121
9119122
9119123
9119124
9119125
9119126
9119127
9119128
9119129
9119130
9119131
9119132
9119133
9119134
9119135
9119136
9119137
9119138
9119139
9119140
9119141
9119142
9119143
9119144
9119145
9119146
9119147
9119148
9119149
9119150
9119151
9119152
9119153
9119154
9119155
9119156
9119157
9119158
9119159
9119160
9119161
9119162
9119163
9119164
9119165
9119166
9119167
9119168
9119169
9119170
9119171
9119172
9119173
9119174
9119175
9119176
9119177
9119178
9119179
9119180
9119181
9119182
9119183
9119184
9119185
9119186
9119187
9119188
9119189
9119190
9119191
9119192
9119193
9119194
9119195
9119196
9119197
9119198
9119199
9119200
9119201
9119202
9119203
9119204
9119205
9119206
9119207
9119208
9119209
9119210
9119211
9119212
9119213
9119214
9119215
9119216
9119217
9119218
9119219
9119220
9119221
9119222
9119223
9119224
9119225
9119226
9119227
9119228
9119229
9119230
9119231
9119232
9119233
9119234
9119235
9119236
9119237
9119238
9119239
9119240
9119241
9119242
9119243
9119244
9119245
9119246
9119247
9119248
9119249
9119250
9119251
9119252
9119253
9119254
9119255
9119256
9119257
9119258
9119259
9119260
9119261
9119262
9119263
9119264
9119265
9119266
9119267
9119268
9119269
9119270
9119271
9119272
9119273
9119274
9119275
9119276
9119277
9119278
9119279
9119280
9119281
9119282
9119283
9119284
9119285
9119286
9119287
9119288
9119289
9119290
9119291
9119292
9119293
9119294
9119295
9119296
9119297
9119298
9119299
9119300
9119301
9119302
9119303
9119304
9119305
9119306
9119307
9119308
9119309
9119310
9119311
9119312
9119313
9119314
9119315
9119316
9119317
9119318
9119319
9119320
9119321
9119322
9119323
9119324
9119325
9119326
9119327
9119328
9119329
9119330
9119331
9119332
9119333
9119334
9119335
9119336
9119337
9119338
9119339
9119340
9119341
9119342
9119343
9119344
9119345
9119346
9119347
9119348
9119349
9119350
9119351
9119352
9119353
9119354
9119355
9119356
9119357
9119358
9119359
9119360
9119361
9119362
9119363
9119364
9119365
9119366
9119367
9119368
9119369
9119370
9119371
9119372
9119373
9119374
9119375
9119376
9119377
9119378
9119379
9119380
9119381
9119382
9119383
9119384
9119385
9119386
9119387
9119388
9119389
9119390
9119391
9119392
9119393
9119394
9119395
9119396
9119397
9119398
9119399
9119400
9119401
9119402
9119403
9119404
9119405
9119406
9119407
9119408
9119409
9119410
9119411
9119412
9119413
9119414
9119415
9119416
9119417
9119418
9119419
9119420
9119421
9119422
9119423
9119424
9119425
9119426
9119427
9119428
9119429
9119430
9119431
9119432
9119433
9119434
9119435
9119436
9119437
9119438
9119439
9119440
9119441
9119442
9119443
9119444
9119445
9119446
9119447
9119448
9119449
9119450
9119451
9119452
9119453
9119454
9119455
9119456
9119457
9119458
9119459
9119460
9119461
9119462
9119463
9119464
9119465
9119466
9119467
9119468
9119469
9119470
9119471
9119472
9119473
9119474
9119475
9119476
9119477
9119478
9119479
9119480
9119481
9119482
9119483
9119484
9119485
9119486
9119487
9119488
9119489
9119490
9119491
9119492
9119493
9119494
9119495
9119496
9119497
9119498
9119499
9119500
9119501
9119502
9119503
9119504
9119505
9119506
9119507
9119508
9119509
9119510
9119511
9119512
9119513
9119514
9119515
9119516
9119517
9119518
9119519
9119520
9119521
9119522
9119523
9119524
9119525
9119526
9119527
9119528
9119529
9119530
9119531
9119532
9119533
9119534
9119535
9119536
9119537
9119538
9119539
9119540
9119541
9119542
9119543
9119544
9119545
9119546
9119547
9119548
9119549
9119550
9119551
9119552
9119553
9119554
9119555
9119556
9119557
9119558
9119559
9119560
9119561
9119562
9119563
9119564
9119565
9119566
9119567
9119568
9119569
9119570
9119571
9119572
9119573
9119574
9119575
9119576
9119577
9119578
9119579
9119580
9119581
9119582
9119583
9119584
9119585
9119586
9119587
9119588
9119589
9119590
9119591
9119592
9119593
9119594
9119595
9119596
9119597
9119598
9119599
9119600
9119601
9119602
9119603
9119604
9119605
9119606
9119607
9119608
9119609
9119610
9119611
9119612
9119613
9119614
9119615
9119616
9119617
9119618
9119619
9119620
9119621
9119622
9119623
9119624
9119625
9119626
9119627
9119628
9119629
9119630
9119631
9119632
9119633
9119634
9119635
9119636
9119637
9119638
9119639
9119640
9119641
9119642
9119643
9119644
9119645
9119646
9119647
9119648
9119649
9119650
9119651
9119652
9119653
9119654
9119655
9119656
9119657
9119658
9119659
9119660
9119661
9119662
9119663
9119664
9119665
9119666
9119667
9119668
9119669
9119670
9119671
9119672
9119673
9119674
9119675
9119676
9119677
9119678
9119679
9119680
9119681
9119682
9119683
9119684
9119685
9119686
9119687
9119688
9119689
9119690
9119691
9119692
9119693
9119694
9119695
9119696
9119697
9119698
9119699
9119700
9119701
9119702
9119703
9119704
9119705
9119706
9119707
9119708
9119709
9119710
9119711
9119712
9119713
9119714
9119715
9119716
9119717
9119718
9119719
9119720
9119721
9119722
9119723
9119724
9119725
9119726
9119727
9119728
9119729
9119730
9119731
9119732
9119733
9119734
9119735
9119736
9119737
9119738
9119739
9119740
9119741
9119742
9119743
9119744
9119745
9119746
9119747
9119748
9119749
9119750
9119751
9119752
9119753
9119754
9119755
9119756
9119757
9119758
9119759
9119760
9119761
9119762
9119763
9119764
9119765
9119766
9119767
9119768
9119769
9119770
9119771
9119772
9119773
9119774
9119775
9119776
9119777
9119778
9119779
9119780
9119781
9119782
9119783
9119784
9119785
9119786
9119787
9119788
9119789
9119790
9119791
9119792
9119793
9119794
9119795
9119796
9119797
9119798
9119799
9119800
9119801
9119802
9119803
9119804
9119805
9119806
9119807
9119808
9119809
9119810
9119811
9119812
9119813
9119814
9119815
9119816
9119817
9119818
9119819
9119820
9119821
9119822
9119823
9119824
9119825
9119826
9119827
9119828
9119829
9119830
9119831
9119832
9119833
9119834
9119835
9119836
9119837
9119838
9119839
9119840
9119841
9119842
9119843
9119844
9119845
9119846
9119847
9119848
9119849
9119850
9119851
9119852
9119853
9119854
9119855
9119856
9119857
9119858
9119859
9119860
9119861
9119862
9119863
9119864
9119865
9119866
9119867
9119868
9119869
9119870
9119871
9119872
9119873
9119874
9119875
9119876
9119877
9119878
9119879
9119880
9119881
9119882
9119883
9119884
9119885
9119886
9119887
9119888
9119889
9119890
9119891
9119892
9119893
9119894
9119895
9119896
9119897
9119898
9119899
9119900
9119901
9119902
9119903
9119904
9119905
9119906
9119907
9119908
9119909
9119910
9119911
9119912
9119913
9119914
9119915
9119916
9119917
9119918
9119919
9119920
9119921
9119922
9119923
9119924
9119925
9119926
9119927
9119928
9119929
9119930
9119931
9119932
9119933
9119934
9119935
9119936
9119937
9119938
9119939
9119940
9119941
9119942
9119943
9119944
9119945
9119946
9119947
9119948
9119949
9119950
9119951
9119952
9119953
9119954
9119955
9119956
9119957
9119958
9119959
9119960
9119961
9119962
9119963
9119964
9119965
9119966
9119967
9119968
9119969
9119970
9119971
9119972
9119973
9119974
9119975
9119976
9119977
9119978
9119979
9119980
9119981
9119982
9119983
9119984
9119985
9119986
9119987
9119988
9119989
9119990
9119991
9119992
9119993
9119994
9119995
9119996
9119997
9119998
9119999
9120000
