9130001
9130002
9130003
9130004
9130005
9130006
9130007
9130008
9130009
9130010
9130011
9130012
9130013
9130014
9130015
9130016
9130017
9130018
9130019
9130020
9130021
9130022
9130023
9130024
9130025
9130026
9130027
9130028
9130029
9130030
9130031
9130032
9130033
9130034
9130035
9130036
9130037
9130038
9130039
9130040
9130041
9130042
9130043
9130044
9130045
9130046
9130047
9130048
9130049
9130050
9130051
9130052
9130053
9130054
9130055
9130056
9130057
9130058
9130059
9130060
9130061
9130062
9130063
9130064
9130065
9130066
9130067
9130068
9130069
9130070
9130071
9130072
9130073
9130074
9130075
9130076
9130077
9130078
9130079
9130080
9130081
9130082
9130083
9130084
9130085
9130086
9130087
9130088
9130089
9130090
9130091
9130092
9130093
9130094
9130095
9130096
9130097
9130098
9130099
9130100
9130101
9130102
9130103
9130104
9130105
9130106
9130107
9130108
9130109
9130110
9130111
9130112
9130113
9130114
9130115
9130116
9130117
9130118
9130119
9130120
9130121
9130122
9130123
9130124
9130125
9130126
9130127
9130128
9130129
9130130
9130131
9130132
9130133
9130134
9130135
9130136
9130137
9130138
9130139
9130140
9130141
9130142
9130143
9130144
9130145
9130146
9130147
9130148
9130149
9130150
9130151
9130152
9130153
9130154
9130155
9130156
9130157
9130158
9130159
9130160
9130161
9130162
9130163
9130164
9130165
9130166
9130167
9130168
9130169
9130170
9130171
9130172
9130173
9130174
9130175
9130176
9130177
9130178
9130179
9130180
9130181
9130182
9130183
9130184
9130185
9130186
9130187
9130188
9130189
9130190
9130191
9130192
9130193
9130194
9130195
9130196
9130197
9130198
9130199
9130200
9130201
9130202
9130203
9130204
9130205
9130206
9130207
9130208
9130209
9130210
9130211
9130212
9130213
9130214
9130215
9130216
9130217
9130218
9130219
9130220
9130221
9130222
9130223
9130224
9130225
9130226
9130227
9130228
9130229
9130230
9130231
9130232
9130233
9130234
9130235
9130236
9130237
9130238
9130239
9130240
9130241
9130242
9130243
9130244
9130245
9130246
9130247
9130248
9130249
9130250
9130251
9130252
9130253
9130254
9130255
9130256
9130257
9130258
9130259
9130260
9130261
9130262
9130263
9130264
9130265
9130266
9130267
9130268
9130269
9130270
9130271
9130272
9130273
9130274
9130275
9130276
9130277
9130278
9130279
9130280
9130281
9130282
9130283
9130284
9130285
9130286
9130287
9130288
9130289
9130290
9130291
9130292
9130293
9130294
9130295
9130296
9130297
9130298
9130299
9130300
9130301
9130302
9130303
9130304
9130305
9130306
9130307
9130308
9130309
9130310
9130311
9130312
9130313
9130314
9130315
9130316
9130317
9130318
9130319
9130320
9130321
9130322
9130323
9130324
9130325
9130326
9130327
9130328
9130329
9130330
9130331
9130332
9130333
9130334
9130335
9130336
9130337
9130338
9130339
9130340
9130341
9130342
9130343
9130344
9130345
9130346
9130347
9130348
9130349
9130350
9130351
9130352
9130353
9130354
9130355
9130356
9130357
9130358
9130359
9130360
9130361
9130362
9130363
9130364
9130365
9130366
9130367
9130368
9130369
9130370
9130371
9130372
9130373
9130374
9130375
9130376
9130377
9130378
9130379
9130380
9130381
9130382
9130383
9130384
9130385
9130386
9130387
9130388
9130389
9130390
9130391
9130392
9130393
9130394
9130395
9130396
9130397
9130398
9130399
9130400
9130401
9130402
9130403
9130404
9130405
9130406
9130407
9130408
9130409
9130410
9130411
9130412
9130413
9130414
9130415
9130416
9130417
9130418
9130419
9130420
9130421
9130422
9130423
9130424
9130425
9130426
9130427
9130428
9130429
9130430
9130431
9130432
9130433
9130434
9130435
9130436
9130437
9130438
9130439
9130440
9130441
9130442
9130443
9130444
9130445
9130446
9130447
9130448
9130449
9130450
9130451
9130452
9130453
9130454
9130455
9130456
9130457
9130458
9130459
9130460
9130461
9130462
9130463
9130464
9130465
9130466
9130467
9130468
9130469
9130470
9130471
9130472
9130473
9130474
9130475
9130476
9130477
9130478
9130479
9130480
9130481
9130482
9130483
9130484
9130485
9130486
9130487
9130488
9130489
9130490
9130491
9130492
9130493
9130494
9130495
9130496
9130497
9130498
9130499
9130500
9130501
9130502
9130503
9130504
9130505
9130506
9130507
9130508
9130509
9130510
9130511
9130512
9130513
9130514
9130515
9130516
9130517
9130518
9130519
9130520
9130521
9130522
9130523
9130524
9130525
9130526
9130527
9130528
9130529
9130530
9130531
9130532
9130533
9130534
9130535
9130536
9130537
9130538
9130539
9130540
9130541
9130542
9130543
9130544
9130545
9130546
9130547
9130548
9130549
9130550
9130551
9130552
9130553
9130554
9130555
9130556
9130557
9130558
9130559
9130560
9130561
9130562
9130563
9130564
9130565
9130566
9130567
9130568
9130569
9130570
9130571
9130572
9130573
9130574
9130575
9130576
9130577
9130578
9130579
9130580
9130581
9130582
9130583
9130584
9130585
9130586
9130587
9130588
9130589
9130590
9130591
9130592
9130593
9130594
9130595
9130596
9130597
9130598
9130599
9130600
9130601
9130602
9130603
9130604
9130605
9130606
9130607
9130608
9130609
9130610
9130611
9130612
9130613
9130614
9130615
9130616
9130617
9130618
9130619
9130620
9130621
9130622
9130623
9130624
9130625
9130626
9130627
9130628
9130629
9130630
9130631
9130632
9130633
9130634
9130635
9130636
9130637
9130638
9130639
9130640
9130641
9130642
9130643
9130644
9130645
9130646
9130647
9130648
9130649
9130650
9130651
9130652
9130653
9130654
9130655
9130656
9130657
9130658
9130659
9130660
9130661
9130662
9130663
9130664
9130665
9130666
9130667
9130668
9130669
9130670
9130671
9130672
9130673
9130674
9130675
9130676
9130677
9130678
9130679
9130680
9130681
9130682
9130683
9130684
9130685
9130686
9130687
9130688
9130689
9130690
9130691
9130692
9130693
9130694
9130695
9130696
9130697
9130698
9130699
9130700
9130701
9130702
9130703
9130704
9130705
9130706
9130707
9130708
9130709
9130710
9130711
9130712
9130713
9130714
9130715
9130716
9130717
9130718
9130719
9130720
9130721
9130722
9130723
9130724
9130725
9130726
9130727
9130728
9130729
9130730
9130731
9130732
9130733
9130734
9130735
9130736
9130737
9130738
9130739
9130740
9130741
9130742
9130743
9130744
9130745
9130746
9130747
9130748
9130749
9130750
9130751
9130752
9130753
9130754
9130755
9130756
9130757
9130758
9130759
9130760
9130761
9130762
9130763
9130764
9130765
9130766
9130767
9130768
9130769
9130770
9130771
9130772
9130773
9130774
9130775
9130776
9130777
9130778
9130779
9130780
9130781
9130782
9130783
9130784
9130785
9130786
9130787
9130788
9130789
9130790
9130791
9130792
9130793
9130794
9130795
9130796
9130797
9130798
9130799
9130800
9130801
9130802
9130803
9130804
9130805
9130806
9130807
9130808
9130809
9130810
9130811
9130812
9130813
9130814
9130815
9130816
9130817
9130818
9130819
9130820
9130821
9130822
9130823
9130824
9130825
9130826
9130827
9130828
9130829
9130830
9130831
9130832
9130833
9130834
9130835
9130836
9130837
9130838
9130839
9130840
9130841
9130842
9130843
9130844
9130845
9130846
9130847
9130848
9130849
9130850
9130851
9130852
9130853
9130854
9130855
9130856
9130857
9130858
9130859
9130860
9130861
9130862
9130863
9130864
9130865
9130866
9130867
9130868
9130869
9130870
9130871
9130872
9130873
9130874
9130875
9130876
9130877
9130878
9130879
9130880
9130881
9130882
9130883
9130884
9130885
9130886
9130887
9130888
9130889
9130890
9130891
9130892
9130893
9130894
9130895
9130896
9130897
9130898
9130899
9130900
9130901
9130902
9130903
9130904
9130905
9130906
9130907
9130908
9130909
9130910
9130911
9130912
9130913
9130914
9130915
9130916
9130917
9130918
9130919
9130920
9130921
9130922
9130923
9130924
9130925
9130926
9130927
9130928
9130929
9130930
9130931
9130932
9130933
9130934
9130935
9130936
9130937
9130938
9130939
9130940
9130941
9130942
9130943
9130944
9130945
9130946
9130947
9130948
9130949
9130950
9130951
9130952
9130953
9130954
9130955
9130956
9130957
9130958
9130959
9130960
9130961
9130962
9130963
9130964
9130965
9130966
9130967
9130968
9130969
9130970
9130971
9130972
9130973
9130974
9130975
9130976
9130977
9130978
9130979
9130980
9130981
9130982
9130983
9130984
9130985
9130986
9130987
9130988
9130989
9130990
9130991
9130992
9130993
9130994
9130995
9130996
9130997
9130998
9130999
9131000
9131001
9131002
9131003
9131004
9131005
9131006
9131007
9131008
9131009
9131010
9131011
9131012
9131013
9131014
9131015
9131016
9131017
9131018
9131019
9131020
9131021
9131022
9131023
9131024
9131025
9131026
9131027
9131028
9131029
9131030
9131031
9131032
9131033
9131034
9131035
9131036
9131037
9131038
9131039
9131040
9131041
9131042
9131043
9131044
9131045
9131046
9131047
9131048
9131049
9131050
9131051
9131052
9131053
9131054
9131055
9131056
9131057
9131058
9131059
9131060
9131061
9131062
9131063
9131064
9131065
9131066
9131067
9131068
9131069
9131070
9131071
9131072
9131073
9131074
9131075
9131076
9131077
9131078
9131079
9131080
9131081
9131082
9131083
9131084
9131085
9131086
9131087
9131088
9131089
9131090
9131091
9131092
9131093
9131094
9131095
9131096
9131097
9131098
9131099
9131100
9131101
9131102
9131103
9131104
9131105
9131106
9131107
9131108
9131109
9131110
9131111
9131112
9131113
9131114
9131115
9131116
9131117
9131118
9131119
9131120
9131121
9131122
9131123
9131124
9131125
9131126
9131127
9131128
9131129
9131130
9131131
9131132
9131133
9131134
9131135
9131136
9131137
9131138
9131139
9131140
9131141
9131142
9131143
9131144
9131145
9131146
9131147
9131148
9131149
9131150
9131151
9131152
9131153
9131154
9131155
9131156
9131157
9131158
9131159
9131160
9131161
9131162
9131163
9131164
9131165
9131166
9131167
9131168
9131169
9131170
9131171
9131172
9131173
9131174
9131175
9131176
9131177
9131178
9131179
9131180
9131181
9131182
9131183
9131184
9131185
9131186
9131187
9131188
9131189
9131190
9131191
9131192
9131193
9131194
9131195
9131196
9131197
9131198
9131199
9131200
9131201
9131202
9131203
9131204
9131205
9131206
9131207
9131208
9131209
9131210
9131211
9131212
9131213
9131214
9131215
9131216
9131217
9131218
9131219
9131220
9131221
9131222
9131223
9131224
9131225
9131226
9131227
9131228
9131229
9131230
9131231
9131232
9131233
9131234
9131235
9131236
9131237
9131238
9131239
9131240
9131241
9131242
9131243
9131244
9131245
9131246
9131247
9131248
9131249
9131250
9131251
9131252
9131253
9131254
9131255
9131256
9131257
9131258
9131259
9131260
9131261
9131262
9131263
9131264
9131265
9131266
9131267
9131268
9131269
9131270
9131271
9131272
9131273
9131274
9131275
9131276
9131277
9131278
9131279
9131280
9131281
9131282
9131283
9131284
9131285
9131286
9131287
9131288
9131289
9131290
9131291
9131292
9131293
9131294
9131295
9131296
9131297
9131298
9131299
9131300
9131301
9131302
9131303
9131304
9131305
9131306
9131307
9131308
9131309
9131310
9131311
9131312
9131313
9131314
9131315
9131316
9131317
9131318
9131319
9131320
9131321
9131322
9131323
9131324
9131325
9131326
9131327
9131328
9131329
9131330
9131331
9131332
9131333
9131334
9131335
9131336
9131337
9131338
9131339
9131340
9131341
9131342
9131343
9131344
9131345
9131346
9131347
9131348
9131349
9131350
9131351
9131352
9131353
9131354
9131355
9131356
9131357
9131358
9131359
9131360
9131361
9131362
9131363
9131364
9131365
9131366
9131367
9131368
9131369
9131370
9131371
9131372
9131373
9131374
9131375
9131376
9131377
9131378
9131379
9131380
9131381
9131382
9131383
9131384
9131385
9131386
9131387
9131388
9131389
9131390
9131391
9131392
9131393
9131394
9131395
9131396
9131397
9131398
9131399
9131400
9131401
9131402
9131403
9131404
9131405
9131406
9131407
9131408
9131409
9131410
9131411
9131412
9131413
9131414
9131415
9131416
9131417
9131418
9131419
9131420
9131421
9131422
9131423
9131424
9131425
9131426
9131427
9131428
9131429
9131430
9131431
9131432
9131433
9131434
9131435
9131436
9131437
9131438
9131439
9131440
9131441
9131442
9131443
9131444
9131445
9131446
9131447
9131448
9131449
9131450
9131451
9131452
9131453
9131454
9131455
9131456
9131457
9131458
9131459
9131460
9131461
9131462
9131463
9131464
9131465
9131466
9131467
9131468
9131469
9131470
9131471
9131472
9131473
9131474
9131475
9131476
9131477
9131478
9131479
9131480
9131481
9131482
9131483
9131484
9131485
9131486
9131487
9131488
9131489
9131490
9131491
9131492
9131493
9131494
9131495
9131496
9131497
9131498
9131499
9131500
9131501
9131502
9131503
9131504
9131505
9131506
9131507
9131508
9131509
9131510
9131511
9131512
9131513
9131514
9131515
9131516
9131517
9131518
9131519
9131520
9131521
9131522
9131523
9131524
9131525
9131526
9131527
9131528
9131529
9131530
9131531
9131532
9131533
9131534
9131535
9131536
9131537
9131538
9131539
9131540
9131541
9131542
9131543
9131544
9131545
9131546
9131547
9131548
9131549
9131550
9131551
9131552
9131553
9131554
9131555
9131556
9131557
9131558
9131559
9131560
9131561
9131562
9131563
9131564
9131565
9131566
9131567
9131568
9131569
9131570
9131571
9131572
9131573
9131574
9131575
9131576
9131577
9131578
9131579
9131580
9131581
9131582
9131583
9131584
9131585
9131586
9131587
9131588
9131589
9131590
9131591
9131592
9131593
9131594
9131595
9131596
9131597
9131598
9131599
9131600
9131601
9131602
9131603
9131604
9131605
9131606
9131607
9131608
9131609
9131610
9131611
9131612
9131613
9131614
9131615
9131616
9131617
9131618
9131619
9131620
9131621
9131622
9131623
9131624
9131625
9131626
9131627
9131628
9131629
9131630
9131631
9131632
9131633
9131634
9131635
9131636
9131637
9131638
9131639
9131640
9131641
9131642
9131643
9131644
9131645
9131646
9131647
9131648
9131649
9131650
9131651
9131652
9131653
9131654
9131655
9131656
9131657
9131658
9131659
9131660
9131661
9131662
9131663
9131664
9131665
9131666
9131667
9131668
9131669
9131670
9131671
9131672
9131673
9131674
9131675
9131676
9131677
9131678
9131679
9131680
9131681
9131682
9131683
9131684
9131685
9131686
9131687
9131688
9131689
9131690
9131691
9131692
9131693
9131694
9131695
9131696
9131697
9131698
9131699
9131700
9131701
9131702
9131703
9131704
9131705
9131706
9131707
9131708
9131709
9131710
9131711
9131712
9131713
9131714
9131715
9131716
9131717
9131718
9131719
9131720
9131721
9131722
9131723
9131724
9131725
9131726
9131727
9131728
9131729
9131730
9131731
9131732
9131733
9131734
9131735
9131736
9131737
9131738
9131739
9131740
9131741
9131742
9131743
9131744
9131745
9131746
9131747
9131748
9131749
9131750
9131751
9131752
9131753
9131754
9131755
9131756
9131757
9131758
9131759
9131760
9131761
9131762
9131763
9131764
9131765
9131766
9131767
9131768
9131769
9131770
9131771
9131772
9131773
9131774
9131775
9131776
9131777
9131778
9131779
9131780
9131781
9131782
9131783
9131784
9131785
9131786
9131787
9131788
9131789
9131790
9131791
9131792
9131793
9131794
9131795
9131796
9131797
9131798
9131799
9131800
9131801
9131802
9131803
9131804
9131805
9131806
9131807
9131808
9131809
9131810
9131811
9131812
9131813
9131814
9131815
9131816
9131817
9131818
9131819
9131820
9131821
9131822
9131823
9131824
9131825
9131826
9131827
9131828
9131829
9131830
9131831
9131832
9131833
9131834
9131835
9131836
9131837
9131838
9131839
9131840
9131841
9131842
9131843
9131844
9131845
9131846
9131847
9131848
9131849
9131850
9131851
9131852
9131853
9131854
9131855
9131856
9131857
9131858
9131859
9131860
9131861
9131862
9131863
9131864
9131865
9131866
9131867
9131868
9131869
9131870
9131871
9131872
9131873
9131874
9131875
9131876
9131877
9131878
9131879
9131880
9131881
9131882
9131883
9131884
9131885
9131886
9131887
9131888
9131889
9131890
9131891
9131892
9131893
9131894
9131895
9131896
9131897
9131898
9131899
9131900
9131901
9131902
9131903
9131904
9131905
9131906
9131907
9131908
9131909
9131910
9131911
9131912
9131913
9131914
9131915
9131916
9131917
9131918
9131919
9131920
9131921
9131922
9131923
9131924
9131925
9131926
9131927
9131928
9131929
9131930
9131931
9131932
9131933
9131934
9131935
9131936
9131937
9131938
9131939
9131940
9131941
9131942
9131943
9131944
9131945
9131946
9131947
9131948
9131949
9131950
9131951
9131952
9131953
9131954
9131955
9131956
9131957
9131958
9131959
9131960
9131961
9131962
9131963
9131964
9131965
9131966
9131967
9131968
9131969
9131970
9131971
9131972
9131973
9131974
9131975
9131976
9131977
9131978
9131979
9131980
9131981
9131982
9131983
9131984
9131985
9131986
9131987
9131988
9131989
9131990
9131991
9131992
9131993
9131994
9131995
9131996
9131997
9131998
9131999
9132000
9132001
9132002
9132003
9132004
9132005
9132006
9132007
9132008
9132009
9132010
9132011
9132012
9132013
9132014
9132015
9132016
9132017
9132018
9132019
9132020
9132021
9132022
9132023
9132024
9132025
9132026
9132027
9132028
9132029
9132030
9132031
9132032
9132033
9132034
9132035
9132036
9132037
9132038
9132039
9132040
9132041
9132042
9132043
9132044
9132045
9132046
9132047
9132048
9132049
9132050
9132051
9132052
9132053
9132054
9132055
9132056
9132057
9132058
9132059
9132060
9132061
9132062
9132063
9132064
9132065
9132066
9132067
9132068
9132069
9132070
9132071
9132072
9132073
9132074
9132075
9132076
9132077
9132078
9132079
9132080
9132081
9132082
9132083
9132084
9132085
9132086
9132087
9132088
9132089
9132090
9132091
9132092
9132093
9132094
9132095
9132096
9132097
9132098
9132099
9132100
9132101
9132102
9132103
9132104
9132105
9132106
9132107
9132108
9132109
9132110
9132111
9132112
9132113
9132114
9132115
9132116
9132117
9132118
9132119
9132120
9132121
9132122
9132123
9132124
9132125
9132126
9132127
9132128
9132129
9132130
9132131
9132132
9132133
9132134
9132135
9132136
9132137
9132138
9132139
9132140
9132141
9132142
9132143
9132144
9132145
9132146
9132147
9132148
9132149
9132150
9132151
9132152
9132153
9132154
9132155
9132156
9132157
9132158
9132159
9132160
9132161
9132162
9132163
9132164
9132165
9132166
9132167
9132168
9132169
9132170
9132171
9132172
9132173
9132174
9132175
9132176
9132177
9132178
9132179
9132180
9132181
9132182
9132183
9132184
9132185
9132186
9132187
9132188
9132189
9132190
9132191
9132192
9132193
9132194
9132195
9132196
9132197
9132198
9132199
9132200
9132201
9132202
9132203
9132204
9132205
9132206
9132207
9132208
9132209
9132210
9132211
9132212
9132213
9132214
9132215
9132216
9132217
9132218
9132219
9132220
9132221
9132222
9132223
9132224
9132225
9132226
9132227
9132228
9132229
9132230
9132231
9132232
9132233
9132234
9132235
9132236
9132237
9132238
9132239
9132240
9132241
9132242
9132243
9132244
9132245
9132246
9132247
9132248
9132249
9132250
9132251
9132252
9132253
9132254
9132255
9132256
9132257
9132258
9132259
9132260
9132261
9132262
9132263
9132264
9132265
9132266
9132267
9132268
9132269
9132270
9132271
9132272
9132273
9132274
9132275
9132276
9132277
9132278
9132279
9132280
9132281
9132282
9132283
9132284
9132285
9132286
9132287
9132288
9132289
9132290
9132291
9132292
9132293
9132294
9132295
9132296
9132297
9132298
9132299
9132300
9132301
9132302
9132303
9132304
9132305
9132306
9132307
9132308
9132309
9132310
9132311
9132312
9132313
9132314
9132315
9132316
9132317
9132318
9132319
9132320
9132321
9132322
9132323
9132324
9132325
9132326
9132327
9132328
9132329
9132330
9132331
9132332
9132333
9132334
9132335
9132336
9132337
9132338
9132339
9132340
9132341
9132342
9132343
9132344
9132345
9132346
9132347
9132348
9132349
9132350
9132351
9132352
9132353
9132354
9132355
9132356
9132357
9132358
9132359
9132360
9132361
9132362
9132363
9132364
9132365
9132366
9132367
9132368
9132369
9132370
9132371
9132372
9132373
9132374
9132375
9132376
9132377
9132378
9132379
9132380
9132381
9132382
9132383
9132384
9132385
9132386
9132387
9132388
9132389
9132390
9132391
9132392
9132393
9132394
9132395
9132396
9132397
9132398
9132399
9132400
9132401
9132402
9132403
9132404
9132405
9132406
9132407
9132408
9132409
9132410
9132411
9132412
9132413
9132414
9132415
9132416
9132417
9132418
9132419
9132420
9132421
9132422
9132423
9132424
9132425
9132426
9132427
9132428
9132429
9132430
9132431
9132432
9132433
9132434
9132435
9132436
9132437
9132438
9132439
9132440
9132441
9132442
9132443
9132444
9132445
9132446
9132447
9132448
9132449
9132450
9132451
9132452
9132453
9132454
9132455
9132456
9132457
9132458
9132459
9132460
9132461
9132462
9132463
9132464
9132465
9132466
9132467
9132468
9132469
9132470
9132471
9132472
9132473
9132474
9132475
9132476
9132477
9132478
9132479
9132480
9132481
9132482
9132483
9132484
9132485
9132486
9132487
9132488
9132489
9132490
9132491
9132492
9132493
9132494
9132495
9132496
9132497
9132498
9132499
9132500
9132501
9132502
9132503
9132504
9132505
9132506
9132507
9132508
9132509
9132510
9132511
9132512
9132513
9132514
9132515
9132516
9132517
9132518
9132519
9132520
9132521
9132522
9132523
9132524
9132525
9132526
9132527
9132528
9132529
9132530
9132531
9132532
9132533
9132534
9132535
9132536
9132537
9132538
9132539
9132540
9132541
9132542
9132543
9132544
9132545
9132546
9132547
9132548
9132549
9132550
9132551
9132552
9132553
9132554
9132555
9132556
9132557
9132558
9132559
9132560
9132561
9132562
9132563
9132564
9132565
9132566
9132567
9132568
9132569
9132570
9132571
9132572
9132573
9132574
9132575
9132576
9132577
9132578
9132579
9132580
9132581
9132582
9132583
9132584
9132585
9132586
9132587
9132588
9132589
9132590
9132591
9132592
9132593
9132594
9132595
9132596
9132597
9132598
9132599
9132600
9132601
9132602
9132603
9132604
9132605
9132606
9132607
9132608
9132609
9132610
9132611
9132612
9132613
9132614
9132615
9132616
9132617
9132618
9132619
9132620
9132621
9132622
9132623
9132624
9132625
9132626
9132627
9132628
9132629
9132630
9132631
9132632
9132633
9132634
9132635
9132636
9132637
9132638
9132639
9132640
9132641
9132642
9132643
9132644
9132645
9132646
9132647
9132648
9132649
9132650
9132651
9132652
9132653
9132654
9132655
9132656
9132657
9132658
9132659
9132660
9132661
9132662
9132663
9132664
9132665
9132666
9132667
9132668
9132669
9132670
9132671
9132672
9132673
9132674
9132675
9132676
9132677
9132678
9132679
9132680
9132681
9132682
9132683
9132684
9132685
9132686
9132687
9132688
9132689
9132690
9132691
9132692
9132693
9132694
9132695
9132696
9132697
9132698
9132699
9132700
9132701
9132702
9132703
9132704
9132705
9132706
9132707
9132708
9132709
9132710
9132711
9132712
9132713
9132714
9132715
9132716
9132717
9132718
9132719
9132720
9132721
9132722
9132723
9132724
9132725
9132726
9132727
9132728
9132729
9132730
9132731
9132732
9132733
9132734
9132735
9132736
9132737
9132738
9132739
9132740
9132741
9132742
9132743
9132744
9132745
9132746
9132747
9132748
9132749
9132750
9132751
9132752
9132753
9132754
9132755
9132756
9132757
9132758
9132759
9132760
9132761
9132762
9132763
9132764
9132765
9132766
9132767
9132768
9132769
9132770
9132771
9132772
9132773
9132774
9132775
9132776
9132777
9132778
9132779
9132780
9132781
9132782
9132783
9132784
9132785
9132786
9132787
9132788
9132789
9132790
9132791
9132792
9132793
9132794
9132795
9132796
9132797
9132798
9132799
9132800
9132801
9132802
9132803
9132804
9132805
9132806
9132807
9132808
9132809
9132810
9132811
9132812
9132813
9132814
9132815
9132816
9132817
9132818
9132819
9132820
9132821
9132822
9132823
9132824
9132825
9132826
9132827
9132828
9132829
9132830
9132831
9132832
9132833
9132834
9132835
9132836
9132837
9132838
9132839
9132840
9132841
9132842
9132843
9132844
9132845
9132846
9132847
9132848
9132849
9132850
9132851
9132852
9132853
9132854
9132855
9132856
9132857
9132858
9132859
9132860
9132861
9132862
9132863
9132864
9132865
9132866
9132867
9132868
9132869
9132870
9132871
9132872
9132873
9132874
9132875
9132876
9132877
9132878
9132879
9132880
9132881
9132882
9132883
9132884
9132885
9132886
9132887
9132888
9132889
9132890
9132891
9132892
9132893
9132894
9132895
9132896
9132897
9132898
9132899
9132900
9132901
9132902
9132903
9132904
9132905
9132906
9132907
9132908
9132909
9132910
9132911
9132912
9132913
9132914
9132915
9132916
9132917
9132918
9132919
9132920
9132921
9132922
9132923
9132924
9132925
9132926
9132927
9132928
9132929
9132930
9132931
9132932
9132933
9132934
9132935
9132936
9132937
9132938
9132939
9132940
9132941
9132942
9132943
9132944
9132945
9132946
9132947
9132948
9132949
9132950
9132951
9132952
9132953
9132954
9132955
9132956
9132957
9132958
9132959
9132960
9132961
9132962
9132963
9132964
9132965
9132966
9132967
9132968
9132969
9132970
9132971
9132972
9132973
9132974
9132975
9132976
9132977
9132978
9132979
9132980
9132981
9132982
9132983
9132984
9132985
9132986
9132987
9132988
9132989
9132990
9132991
9132992
9132993
9132994
9132995
9132996
9132997
9132998
9132999
9133000
9133001
9133002
9133003
9133004
9133005
9133006
9133007
9133008
9133009
9133010
9133011
9133012
9133013
9133014
9133015
9133016
9133017
9133018
9133019
9133020
9133021
9133022
9133023
9133024
9133025
9133026
9133027
9133028
9133029
9133030
9133031
9133032
9133033
9133034
9133035
9133036
9133037
9133038
9133039
9133040
9133041
9133042
9133043
9133044
9133045
9133046
9133047
9133048
9133049
9133050
9133051
9133052
9133053
9133054
9133055
9133056
9133057
9133058
9133059
9133060
9133061
9133062
9133063
9133064
9133065
9133066
9133067
9133068
9133069
9133070
9133071
9133072
9133073
9133074
9133075
9133076
9133077
9133078
9133079
9133080
9133081
9133082
9133083
9133084
9133085
9133086
9133087
9133088
9133089
9133090
9133091
9133092
9133093
9133094
9133095
9133096
9133097
9133098
9133099
9133100
9133101
9133102
9133103
9133104
9133105
9133106
9133107
9133108
9133109
9133110
9133111
9133112
9133113
9133114
9133115
9133116
9133117
9133118
9133119
9133120
9133121
9133122
9133123
9133124
9133125
9133126
9133127
9133128
9133129
9133130
9133131
9133132
9133133
9133134
9133135
9133136
9133137
9133138
9133139
9133140
9133141
9133142
9133143
9133144
9133145
9133146
9133147
9133148
9133149
9133150
9133151
9133152
9133153
9133154
9133155
9133156
9133157
9133158
9133159
9133160
9133161
9133162
9133163
9133164
9133165
9133166
9133167
9133168
9133169
9133170
9133171
9133172
9133173
9133174
9133175
9133176
9133177
9133178
9133179
9133180
9133181
9133182
9133183
9133184
9133185
9133186
9133187
9133188
9133189
9133190
9133191
9133192
9133193
9133194
9133195
9133196
9133197
9133198
9133199
9133200
9133201
9133202
9133203
9133204
9133205
9133206
9133207
9133208
9133209
9133210
9133211
9133212
9133213
9133214
9133215
9133216
9133217
9133218
9133219
9133220
9133221
9133222
9133223
9133224
9133225
9133226
9133227
9133228
9133229
9133230
9133231
9133232
9133233
9133234
9133235
9133236
9133237
9133238
9133239
9133240
9133241
9133242
9133243
9133244
9133245
9133246
9133247
9133248
9133249
9133250
9133251
9133252
9133253
9133254
9133255
9133256
9133257
9133258
9133259
9133260
9133261
9133262
9133263
9133264
9133265
9133266
9133267
9133268
9133269
9133270
9133271
9133272
9133273
9133274
9133275
9133276
9133277
9133278
9133279
9133280
9133281
9133282
9133283
9133284
9133285
9133286
9133287
9133288
9133289
9133290
9133291
9133292
9133293
9133294
9133295
9133296
9133297
9133298
9133299
9133300
9133301
9133302
9133303
9133304
9133305
9133306
9133307
9133308
9133309
9133310
9133311
9133312
9133313
9133314
9133315
9133316
9133317
9133318
9133319
9133320
9133321
9133322
9133323
9133324
9133325
9133326
9133327
9133328
9133329
9133330
9133331
9133332
9133333
9133334
9133335
9133336
9133337
9133338
9133339
9133340
9133341
9133342
9133343
9133344
9133345
9133346
9133347
9133348
9133349
9133350
9133351
9133352
9133353
9133354
9133355
9133356
9133357
9133358
9133359
9133360
9133361
9133362
9133363
9133364
9133365
9133366
9133367
9133368
9133369
9133370
9133371
9133372
9133373
9133374
9133375
9133376
9133377
9133378
9133379
9133380
9133381
9133382
9133383
9133384
9133385
9133386
9133387
9133388
9133389
9133390
9133391
9133392
9133393
9133394
9133395
9133396
9133397
9133398
9133399
9133400
9133401
9133402
9133403
9133404
9133405
9133406
9133407
9133408
9133409
9133410
9133411
9133412
9133413
9133414
9133415
9133416
9133417
9133418
9133419
9133420
9133421
9133422
9133423
9133424
9133425
9133426
9133427
9133428
9133429
9133430
9133431
9133432
9133433
9133434
9133435
9133436
9133437
9133438
9133439
9133440
9133441
9133442
9133443
9133444
9133445
9133446
9133447
9133448
9133449
9133450
9133451
9133452
9133453
9133454
9133455
9133456
9133457
9133458
9133459
9133460
9133461
9133462
9133463
9133464
9133465
9133466
9133467
9133468
9133469
9133470
9133471
9133472
9133473
9133474
9133475
9133476
9133477
9133478
9133479
9133480
9133481
9133482
9133483
9133484
9133485
9133486
9133487
9133488
9133489
9133490
9133491
9133492
9133493
9133494
9133495
9133496
9133497
9133498
9133499
9133500
9133501
9133502
9133503
9133504
9133505
9133506
9133507
9133508
9133509
9133510
9133511
9133512
9133513
9133514
9133515
9133516
9133517
9133518
9133519
9133520
9133521
9133522
9133523
9133524
9133525
9133526
9133527
9133528
9133529
9133530
9133531
9133532
9133533
9133534
9133535
9133536
9133537
9133538
9133539
9133540
9133541
9133542
9133543
9133544
9133545
9133546
9133547
9133548
9133549
9133550
9133551
9133552
9133553
9133554
9133555
9133556
9133557
9133558
9133559
9133560
9133561
9133562
9133563
9133564
9133565
9133566
9133567
9133568
9133569
9133570
9133571
9133572
9133573
9133574
9133575
9133576
9133577
9133578
9133579
9133580
9133581
9133582
9133583
9133584
9133585
9133586
9133587
9133588
9133589
9133590
9133591
9133592
9133593
9133594
9133595
9133596
9133597
9133598
9133599
9133600
9133601
9133602
9133603
9133604
9133605
9133606
9133607
9133608
9133609
9133610
9133611
9133612
9133613
9133614
9133615
9133616
9133617
9133618
9133619
9133620
9133621
9133622
9133623
9133624
9133625
9133626
9133627
9133628
9133629
9133630
9133631
9133632
9133633
9133634
9133635
9133636
9133637
9133638
9133639
9133640
9133641
9133642
9133643
9133644
9133645
9133646
9133647
9133648
9133649
9133650
9133651
9133652
9133653
9133654
9133655
9133656
9133657
9133658
9133659
9133660
9133661
9133662
9133663
9133664
9133665
9133666
9133667
9133668
9133669
9133670
9133671
9133672
9133673
9133674
9133675
9133676
9133677
9133678
9133679
9133680
9133681
9133682
9133683
9133684
9133685
9133686
9133687
9133688
9133689
9133690
9133691
9133692
9133693
9133694
9133695
9133696
9133697
9133698
9133699
9133700
9133701
9133702
9133703
9133704
9133705
9133706
9133707
9133708
9133709
9133710
9133711
9133712
9133713
9133714
9133715
9133716
9133717
9133718
9133719
9133720
9133721
9133722
9133723
9133724
9133725
9133726
9133727
9133728
9133729
9133730
9133731
9133732
9133733
9133734
9133735
9133736
9133737
9133738
9133739
9133740
9133741
9133742
9133743
9133744
9133745
9133746
9133747
9133748
9133749
9133750
9133751
9133752
9133753
9133754
9133755
9133756
9133757
9133758
9133759
9133760
9133761
9133762
9133763
9133764
9133765
9133766
9133767
9133768
9133769
9133770
9133771
9133772
9133773
9133774
9133775
9133776
9133777
9133778
9133779
9133780
9133781
9133782
9133783
9133784
9133785
9133786
9133787
9133788
9133789
9133790
9133791
9133792
9133793
9133794
9133795
9133796
9133797
9133798
9133799
9133800
9133801
9133802
9133803
9133804
9133805
9133806
9133807
9133808
9133809
9133810
9133811
9133812
9133813
9133814
9133815
9133816
9133817
9133818
9133819
9133820
9133821
9133822
9133823
9133824
9133825
9133826
9133827
9133828
9133829
9133830
9133831
9133832
9133833
9133834
9133835
9133836
9133837
9133838
9133839
9133840
9133841
9133842
9133843
9133844
9133845
9133846
9133847
9133848
9133849
9133850
9133851
9133852
9133853
9133854
9133855
9133856
9133857
9133858
9133859
9133860
9133861
9133862
9133863
9133864
9133865
9133866
9133867
9133868
9133869
9133870
9133871
9133872
9133873
9133874
9133875
9133876
9133877
9133878
9133879
9133880
9133881
9133882
9133883
9133884
9133885
9133886
9133887
9133888
9133889
9133890
9133891
9133892
9133893
9133894
9133895
9133896
9133897
9133898
9133899
9133900
9133901
9133902
9133903
9133904
9133905
9133906
9133907
9133908
9133909
9133910
9133911
9133912
9133913
9133914
9133915
9133916
9133917
9133918
9133919
9133920
9133921
9133922
9133923
9133924
9133925
9133926
9133927
9133928
9133929
9133930
9133931
9133932
9133933
9133934
9133935
9133936
9133937
9133938
9133939
9133940
9133941
9133942
9133943
9133944
9133945
9133946
9133947
9133948
9133949
9133950
9133951
9133952
9133953
9133954
9133955
9133956
9133957
9133958
9133959
9133960
9133961
9133962
9133963
9133964
9133965
9133966
9133967
9133968
9133969
9133970
9133971
9133972
9133973
9133974
9133975
9133976
9133977
9133978
9133979
9133980
9133981
9133982
9133983
9133984
9133985
9133986
9133987
9133988
9133989
9133990
9133991
9133992
9133993
9133994
9133995
9133996
9133997
9133998
9133999
9134000
9134001
9134002
9134003
9134004
9134005
9134006
9134007
9134008
9134009
9134010
9134011
9134012
9134013
9134014
9134015
9134016
9134017
9134018
9134019
9134020
9134021
9134022
9134023
9134024
9134025
9134026
9134027
9134028
9134029
9134030
9134031
9134032
9134033
9134034
9134035
9134036
9134037
9134038
9134039
9134040
9134041
9134042
9134043
9134044
9134045
9134046
9134047
9134048
9134049
9134050
9134051
9134052
9134053
9134054
9134055
9134056
9134057
9134058
9134059
9134060
9134061
9134062
9134063
9134064
9134065
9134066
9134067
9134068
9134069
9134070
9134071
9134072
9134073
9134074
9134075
9134076
9134077
9134078
9134079
9134080
9134081
9134082
9134083
9134084
9134085
9134086
9134087
9134088
9134089
9134090
9134091
9134092
9134093
9134094
9134095
9134096
9134097
9134098
9134099
9134100
9134101
9134102
9134103
9134104
9134105
9134106
9134107
9134108
9134109
9134110
9134111
9134112
9134113
9134114
9134115
9134116
9134117
9134118
9134119
9134120
9134121
9134122
9134123
9134124
9134125
9134126
9134127
9134128
9134129
9134130
9134131
9134132
9134133
9134134
9134135
9134136
9134137
9134138
9134139
9134140
9134141
9134142
9134143
9134144
9134145
9134146
9134147
9134148
9134149
9134150
9134151
9134152
9134153
9134154
9134155
9134156
9134157
9134158
9134159
9134160
9134161
9134162
9134163
9134164
9134165
9134166
9134167
9134168
9134169
9134170
9134171
9134172
9134173
9134174
9134175
9134176
9134177
9134178
9134179
9134180
9134181
9134182
9134183
9134184
9134185
9134186
9134187
9134188
9134189
9134190
9134191
9134192
9134193
9134194
9134195
9134196
9134197
9134198
9134199
9134200
9134201
9134202
9134203
9134204
9134205
9134206
9134207
9134208
9134209
9134210
9134211
9134212
9134213
9134214
9134215
9134216
9134217
9134218
9134219
9134220
9134221
9134222
9134223
9134224
9134225
9134226
9134227
9134228
9134229
9134230
9134231
9134232
9134233
9134234
9134235
9134236
9134237
9134238
9134239
9134240
9134241
9134242
9134243
9134244
9134245
9134246
9134247
9134248
9134249
9134250
9134251
9134252
9134253
9134254
9134255
9134256
9134257
9134258
9134259
9134260
9134261
9134262
9134263
9134264
9134265
9134266
9134267
9134268
9134269
9134270
9134271
9134272
9134273
9134274
9134275
9134276
9134277
9134278
9134279
9134280
9134281
9134282
9134283
9134284
9134285
9134286
9134287
9134288
9134289
9134290
9134291
9134292
9134293
9134294
9134295
9134296
9134297
9134298
9134299
9134300
9134301
9134302
9134303
9134304
9134305
9134306
9134307
9134308
9134309
9134310
9134311
9134312
9134313
9134314
9134315
9134316
9134317
9134318
9134319
9134320
9134321
9134322
9134323
9134324
9134325
9134326
9134327
9134328
9134329
9134330
9134331
9134332
9134333
9134334
9134335
9134336
9134337
9134338
9134339
9134340
9134341
9134342
9134343
9134344
9134345
9134346
9134347
9134348
9134349
9134350
9134351
9134352
9134353
9134354
9134355
9134356
9134357
9134358
9134359
9134360
9134361
9134362
9134363
9134364
9134365
9134366
9134367
9134368
9134369
9134370
9134371
9134372
9134373
9134374
9134375
9134376
9134377
9134378
9134379
9134380
9134381
9134382
9134383
9134384
9134385
9134386
9134387
9134388
9134389
9134390
9134391
9134392
9134393
9134394
9134395
9134396
9134397
9134398
9134399
9134400
9134401
9134402
9134403
9134404
9134405
9134406
9134407
9134408
9134409
9134410
9134411
9134412
9134413
9134414
9134415
9134416
9134417
9134418
9134419
9134420
9134421
9134422
9134423
9134424
9134425
9134426
9134427
9134428
9134429
9134430
9134431
9134432
9134433
9134434
9134435
9134436
9134437
9134438
9134439
9134440
9134441
9134442
9134443
9134444
9134445
9134446
9134447
9134448
9134449
9134450
9134451
9134452
9134453
9134454
9134455
9134456
9134457
9134458
9134459
9134460
9134461
9134462
9134463
9134464
9134465
9134466
9134467
9134468
9134469
9134470
9134471
9134472
9134473
9134474
9134475
9134476
9134477
9134478
9134479
9134480
9134481
9134482
9134483
9134484
9134485
9134486
9134487
9134488
9134489
9134490
9134491
9134492
9134493
9134494
9134495
9134496
9134497
9134498
9134499
9134500
9134501
9134502
9134503
9134504
9134505
9134506
9134507
9134508
9134509
9134510
9134511
9134512
9134513
9134514
9134515
9134516
9134517
9134518
9134519
9134520
9134521
9134522
9134523
9134524
9134525
9134526
9134527
9134528
9134529
9134530
9134531
9134532
9134533
9134534
9134535
9134536
9134537
9134538
9134539
9134540
9134541
9134542
9134543
9134544
9134545
9134546
9134547
9134548
9134549
9134550
9134551
9134552
9134553
9134554
9134555
9134556
9134557
9134558
9134559
9134560
9134561
9134562
9134563
9134564
9134565
9134566
9134567
9134568
9134569
9134570
9134571
9134572
9134573
9134574
9134575
9134576
9134577
9134578
9134579
9134580
9134581
9134582
9134583
9134584
9134585
9134586
9134587
9134588
9134589
9134590
9134591
9134592
9134593
9134594
9134595
9134596
9134597
9134598
9134599
9134600
9134601
9134602
9134603
9134604
9134605
9134606
9134607
9134608
9134609
9134610
9134611
9134612
9134613
9134614
9134615
9134616
9134617
9134618
9134619
9134620
9134621
9134622
9134623
9134624
9134625
9134626
9134627
9134628
9134629
9134630
9134631
9134632
9134633
9134634
9134635
9134636
9134637
9134638
9134639
9134640
9134641
9134642
9134643
9134644
9134645
9134646
9134647
9134648
9134649
9134650
9134651
9134652
9134653
9134654
9134655
9134656
9134657
9134658
9134659
9134660
9134661
9134662
9134663
9134664
9134665
9134666
9134667
9134668
9134669
9134670
9134671
9134672
9134673
9134674
9134675
9134676
9134677
9134678
9134679
9134680
9134681
9134682
9134683
9134684
9134685
9134686
9134687
9134688
9134689
9134690
9134691
9134692
9134693
9134694
9134695
9134696
9134697
9134698
9134699
9134700
9134701
9134702
9134703
9134704
9134705
9134706
9134707
9134708
9134709
9134710
9134711
9134712
9134713
9134714
9134715
9134716
9134717
9134718
9134719
9134720
9134721
9134722
9134723
9134724
9134725
9134726
9134727
9134728
9134729
9134730
9134731
9134732
9134733
9134734
9134735
9134736
9134737
9134738
9134739
9134740
9134741
9134742
9134743
9134744
9134745
9134746
9134747
9134748
9134749
9134750
9134751
9134752
9134753
9134754
9134755
9134756
9134757
9134758
9134759
9134760
9134761
9134762
9134763
9134764
9134765
9134766
9134767
9134768
9134769
9134770
9134771
9134772
9134773
9134774
9134775
9134776
9134777
9134778
9134779
9134780
9134781
9134782
9134783
9134784
9134785
9134786
9134787
9134788
9134789
9134790
9134791
9134792
9134793
9134794
9134795
9134796
9134797
9134798
9134799
9134800
9134801
9134802
9134803
9134804
9134805
9134806
9134807
9134808
9134809
9134810
9134811
9134812
9134813
9134814
9134815
9134816
9134817
9134818
9134819
9134820
9134821
9134822
9134823
9134824
9134825
9134826
9134827
9134828
9134829
9134830
9134831
9134832
9134833
9134834
9134835
9134836
9134837
9134838
9134839
9134840
9134841
9134842
9134843
9134844
9134845
9134846
9134847
9134848
9134849
9134850
9134851
9134852
9134853
9134854
9134855
9134856
9134857
9134858
9134859
9134860
9134861
9134862
9134863
9134864
9134865
9134866
9134867
9134868
9134869
9134870
9134871
9134872
9134873
9134874
9134875
9134876
9134877
9134878
9134879
9134880
9134881
9134882
9134883
9134884
9134885
9134886
9134887
9134888
9134889
9134890
9134891
9134892
9134893
9134894
9134895
9134896
9134897
9134898
9134899
9134900
9134901
9134902
9134903
9134904
9134905
9134906
9134907
9134908
9134909
9134910
9134911
9134912
9134913
9134914
9134915
9134916
9134917
9134918
9134919
9134920
9134921
9134922
9134923
9134924
9134925
9134926
9134927
9134928
9134929
9134930
9134931
9134932
9134933
9134934
9134935
9134936
9134937
9134938
9134939
9134940
9134941
9134942
9134943
9134944
9134945
9134946
9134947
9134948
9134949
9134950
9134951
9134952
9134953
9134954
9134955
9134956
9134957
9134958
9134959
9134960
9134961
9134962
9134963
9134964
9134965
9134966
9134967
9134968
9134969
9134970
9134971
9134972
9134973
9134974
9134975
9134976
9134977
9134978
9134979
9134980
9134981
9134982
9134983
9134984
9134985
9134986
9134987
9134988
9134989
9134990
9134991
9134992
9134993
9134994
9134995
9134996
9134997
9134998
9134999
9135000
9135001
9135002
9135003
9135004
9135005
9135006
9135007
9135008
9135009
9135010
9135011
9135012
9135013
9135014
9135015
9135016
9135017
9135018
9135019
9135020
9135021
9135022
9135023
9135024
9135025
9135026
9135027
9135028
9135029
9135030
9135031
9135032
9135033
9135034
9135035
9135036
9135037
9135038
9135039
9135040
9135041
9135042
9135043
9135044
9135045
9135046
9135047
9135048
9135049
9135050
9135051
9135052
9135053
9135054
9135055
9135056
9135057
9135058
9135059
9135060
9135061
9135062
9135063
9135064
9135065
9135066
9135067
9135068
9135069
9135070
9135071
9135072
9135073
9135074
9135075
9135076
9135077
9135078
9135079
9135080
9135081
9135082
9135083
9135084
9135085
9135086
9135087
9135088
9135089
9135090
9135091
9135092
9135093
9135094
9135095
9135096
9135097
9135098
9135099
9135100
9135101
9135102
9135103
9135104
9135105
9135106
9135107
9135108
9135109
9135110
9135111
9135112
9135113
9135114
9135115
9135116
9135117
9135118
9135119
9135120
9135121
9135122
9135123
9135124
9135125
9135126
9135127
9135128
9135129
9135130
9135131
9135132
9135133
9135134
9135135
9135136
9135137
9135138
9135139
9135140
9135141
9135142
9135143
9135144
9135145
9135146
9135147
9135148
9135149
9135150
9135151
9135152
9135153
9135154
9135155
9135156
9135157
9135158
9135159
9135160
9135161
9135162
9135163
9135164
9135165
9135166
9135167
9135168
9135169
9135170
9135171
9135172
9135173
9135174
9135175
9135176
9135177
9135178
9135179
9135180
9135181
9135182
9135183
9135184
9135185
9135186
9135187
9135188
9135189
9135190
9135191
9135192
9135193
9135194
9135195
9135196
9135197
9135198
9135199
9135200
9135201
9135202
9135203
9135204
9135205
9135206
9135207
9135208
9135209
9135210
9135211
9135212
9135213
9135214
9135215
9135216
9135217
9135218
9135219
9135220
9135221
9135222
9135223
9135224
9135225
9135226
9135227
9135228
9135229
9135230
9135231
9135232
9135233
9135234
9135235
9135236
9135237
9135238
9135239
9135240
9135241
9135242
9135243
9135244
9135245
9135246
9135247
9135248
9135249
9135250
9135251
9135252
9135253
9135254
9135255
9135256
9135257
9135258
9135259
9135260
9135261
9135262
9135263
9135264
9135265
9135266
9135267
9135268
9135269
9135270
9135271
9135272
9135273
9135274
9135275
9135276
9135277
9135278
9135279
9135280
9135281
9135282
9135283
9135284
9135285
9135286
9135287
9135288
9135289
9135290
9135291
9135292
9135293
9135294
9135295
9135296
9135297
9135298
9135299
9135300
9135301
9135302
9135303
9135304
9135305
9135306
9135307
9135308
9135309
9135310
9135311
9135312
9135313
9135314
9135315
9135316
9135317
9135318
9135319
9135320
9135321
9135322
9135323
9135324
9135325
9135326
9135327
9135328
9135329
9135330
9135331
9135332
9135333
9135334
9135335
9135336
9135337
9135338
9135339
9135340
9135341
9135342
9135343
9135344
9135345
9135346
9135347
9135348
9135349
9135350
9135351
9135352
9135353
9135354
9135355
9135356
9135357
9135358
9135359
9135360
9135361
9135362
9135363
9135364
9135365
9135366
9135367
9135368
9135369
9135370
9135371
9135372
9135373
9135374
9135375
9135376
9135377
9135378
9135379
9135380
9135381
9135382
9135383
9135384
9135385
9135386
9135387
9135388
9135389
9135390
9135391
9135392
9135393
9135394
9135395
9135396
9135397
9135398
9135399
9135400
9135401
9135402
9135403
9135404
9135405
9135406
9135407
9135408
9135409
9135410
9135411
9135412
9135413
9135414
9135415
9135416
9135417
9135418
9135419
9135420
9135421
9135422
9135423
9135424
9135425
9135426
9135427
9135428
9135429
9135430
9135431
9135432
9135433
9135434
9135435
9135436
9135437
9135438
9135439
9135440
9135441
9135442
9135443
9135444
9135445
9135446
9135447
9135448
9135449
9135450
9135451
9135452
9135453
9135454
9135455
9135456
9135457
9135458
9135459
9135460
9135461
9135462
9135463
9135464
9135465
9135466
9135467
9135468
9135469
9135470
9135471
9135472
9135473
9135474
9135475
9135476
9135477
9135478
9135479
9135480
9135481
9135482
9135483
9135484
9135485
9135486
9135487
9135488
9135489
9135490
9135491
9135492
9135493
9135494
9135495
9135496
9135497
9135498
9135499
9135500
9135501
9135502
9135503
9135504
9135505
9135506
9135507
9135508
9135509
9135510
9135511
9135512
9135513
9135514
9135515
9135516
9135517
9135518
9135519
9135520
9135521
9135522
9135523
9135524
9135525
9135526
9135527
9135528
9135529
9135530
9135531
9135532
9135533
9135534
9135535
9135536
9135537
9135538
9135539
9135540
9135541
9135542
9135543
9135544
9135545
9135546
9135547
9135548
9135549
9135550
9135551
9135552
9135553
9135554
9135555
9135556
9135557
9135558
9135559
9135560
9135561
9135562
9135563
9135564
9135565
9135566
9135567
9135568
9135569
9135570
9135571
9135572
9135573
9135574
9135575
9135576
9135577
9135578
9135579
9135580
9135581
9135582
9135583
9135584
9135585
9135586
9135587
9135588
9135589
9135590
9135591
9135592
9135593
9135594
9135595
9135596
9135597
9135598
9135599
9135600
9135601
9135602
9135603
9135604
9135605
9135606
9135607
9135608
9135609
9135610
9135611
9135612
9135613
9135614
9135615
9135616
9135617
9135618
9135619
9135620
9135621
9135622
9135623
9135624
9135625
9135626
9135627
9135628
9135629
9135630
9135631
9135632
9135633
9135634
9135635
9135636
9135637
9135638
9135639
9135640
9135641
9135642
9135643
9135644
9135645
9135646
9135647
9135648
9135649
9135650
9135651
9135652
9135653
9135654
9135655
9135656
9135657
9135658
9135659
9135660
9135661
9135662
9135663
9135664
9135665
9135666
9135667
9135668
9135669
9135670
9135671
9135672
9135673
9135674
9135675
9135676
9135677
9135678
9135679
9135680
9135681
9135682
9135683
9135684
9135685
9135686
9135687
9135688
9135689
9135690
9135691
9135692
9135693
9135694
9135695
9135696
9135697
9135698
9135699
9135700
9135701
9135702
9135703
9135704
9135705
9135706
9135707
9135708
9135709
9135710
9135711
9135712
9135713
9135714
9135715
9135716
9135717
9135718
9135719
9135720
9135721
9135722
9135723
9135724
9135725
9135726
9135727
9135728
9135729
9135730
9135731
9135732
9135733
9135734
9135735
9135736
9135737
9135738
9135739
9135740
9135741
9135742
9135743
9135744
9135745
9135746
9135747
9135748
9135749
9135750
9135751
9135752
9135753
9135754
9135755
9135756
9135757
9135758
9135759
9135760
9135761
9135762
9135763
9135764
9135765
9135766
9135767
9135768
9135769
9135770
9135771
9135772
9135773
9135774
9135775
9135776
9135777
9135778
9135779
9135780
9135781
9135782
9135783
9135784
9135785
9135786
9135787
9135788
9135789
9135790
9135791
9135792
9135793
9135794
9135795
9135796
9135797
9135798
9135799
9135800
9135801
9135802
9135803
9135804
9135805
9135806
9135807
9135808
9135809
9135810
9135811
9135812
9135813
9135814
9135815
9135816
9135817
9135818
9135819
9135820
9135821
9135822
9135823
9135824
9135825
9135826
9135827
9135828
9135829
9135830
9135831
9135832
9135833
9135834
9135835
9135836
9135837
9135838
9135839
9135840
9135841
9135842
9135843
9135844
9135845
9135846
9135847
9135848
9135849
9135850
9135851
9135852
9135853
9135854
9135855
9135856
9135857
9135858
9135859
9135860
9135861
9135862
9135863
9135864
9135865
9135866
9135867
9135868
9135869
9135870
9135871
9135872
9135873
9135874
9135875
9135876
9135877
9135878
9135879
9135880
9135881
9135882
9135883
9135884
9135885
9135886
9135887
9135888
9135889
9135890
9135891
9135892
9135893
9135894
9135895
9135896
9135897
9135898
9135899
9135900
9135901
9135902
9135903
9135904
9135905
9135906
9135907
9135908
9135909
9135910
9135911
9135912
9135913
9135914
9135915
9135916
9135917
9135918
9135919
9135920
9135921
9135922
9135923
9135924
9135925
9135926
9135927
9135928
9135929
9135930
9135931
9135932
9135933
9135934
9135935
9135936
9135937
9135938
9135939
9135940
9135941
9135942
9135943
9135944
9135945
9135946
9135947
9135948
9135949
9135950
9135951
9135952
9135953
9135954
9135955
9135956
9135957
9135958
9135959
9135960
9135961
9135962
9135963
9135964
9135965
9135966
9135967
9135968
9135969
9135970
9135971
9135972
9135973
9135974
9135975
9135976
9135977
9135978
9135979
9135980
9135981
9135982
9135983
9135984
9135985
9135986
9135987
9135988
9135989
9135990
9135991
9135992
9135993
9135994
9135995
9135996
9135997
9135998
9135999
9136000
9136001
9136002
9136003
9136004
9136005
9136006
9136007
9136008
9136009
9136010
9136011
9136012
9136013
9136014
9136015
9136016
9136017
9136018
9136019
9136020
9136021
9136022
9136023
9136024
9136025
9136026
9136027
9136028
9136029
9136030
9136031
9136032
9136033
9136034
9136035
9136036
9136037
9136038
9136039
9136040
9136041
9136042
9136043
9136044
9136045
9136046
9136047
9136048
9136049
9136050
9136051
9136052
9136053
9136054
9136055
9136056
9136057
9136058
9136059
9136060
9136061
9136062
9136063
9136064
9136065
9136066
9136067
9136068
9136069
9136070
9136071
9136072
9136073
9136074
9136075
9136076
9136077
9136078
9136079
9136080
9136081
9136082
9136083
9136084
9136085
9136086
9136087
9136088
9136089
9136090
9136091
9136092
9136093
9136094
9136095
9136096
9136097
9136098
9136099
9136100
9136101
9136102
9136103
9136104
9136105
9136106
9136107
9136108
9136109
9136110
9136111
9136112
9136113
9136114
9136115
9136116
9136117
9136118
9136119
9136120
9136121
9136122
9136123
9136124
9136125
9136126
9136127
9136128
9136129
9136130
9136131
9136132
9136133
9136134
9136135
9136136
9136137
9136138
9136139
9136140
9136141
9136142
9136143
9136144
9136145
9136146
9136147
9136148
9136149
9136150
9136151
9136152
9136153
9136154
9136155
9136156
9136157
9136158
9136159
9136160
9136161
9136162
9136163
9136164
9136165
9136166
9136167
9136168
9136169
9136170
9136171
9136172
9136173
9136174
9136175
9136176
9136177
9136178
9136179
9136180
9136181
9136182
9136183
9136184
9136185
9136186
9136187
9136188
9136189
9136190
9136191
9136192
9136193
9136194
9136195
9136196
9136197
9136198
9136199
9136200
9136201
9136202
9136203
9136204
9136205
9136206
9136207
9136208
9136209
9136210
9136211
9136212
9136213
9136214
9136215
9136216
9136217
9136218
9136219
9136220
9136221
9136222
9136223
9136224
9136225
9136226
9136227
9136228
9136229
9136230
9136231
9136232
9136233
9136234
9136235
9136236
9136237
9136238
9136239
9136240
9136241
9136242
9136243
9136244
9136245
9136246
9136247
9136248
9136249
9136250
9136251
9136252
9136253
9136254
9136255
9136256
9136257
9136258
9136259
9136260
9136261
9136262
9136263
9136264
9136265
9136266
9136267
9136268
9136269
9136270
9136271
9136272
9136273
9136274
9136275
9136276
9136277
9136278
9136279
9136280
9136281
9136282
9136283
9136284
9136285
9136286
9136287
9136288
9136289
9136290
9136291
9136292
9136293
9136294
9136295
9136296
9136297
9136298
9136299
9136300
9136301
9136302
9136303
9136304
9136305
9136306
9136307
9136308
9136309
9136310
9136311
9136312
9136313
9136314
9136315
9136316
9136317
9136318
9136319
9136320
9136321
9136322
9136323
9136324
9136325
9136326
9136327
9136328
9136329
9136330
9136331
9136332
9136333
9136334
9136335
9136336
9136337
9136338
9136339
9136340
9136341
9136342
9136343
9136344
9136345
9136346
9136347
9136348
9136349
9136350
9136351
9136352
9136353
9136354
9136355
9136356
9136357
9136358
9136359
9136360
9136361
9136362
9136363
9136364
9136365
9136366
9136367
9136368
9136369
9136370
9136371
9136372
9136373
9136374
9136375
9136376
9136377
9136378
9136379
9136380
9136381
9136382
9136383
9136384
9136385
9136386
9136387
9136388
9136389
9136390
9136391
9136392
9136393
9136394
9136395
9136396
9136397
9136398
9136399
9136400
9136401
9136402
9136403
9136404
9136405
9136406
9136407
9136408
9136409
9136410
9136411
9136412
9136413
9136414
9136415
9136416
9136417
9136418
9136419
9136420
9136421
9136422
9136423
9136424
9136425
9136426
9136427
9136428
9136429
9136430
9136431
9136432
9136433
9136434
9136435
9136436
9136437
9136438
9136439
9136440
9136441
9136442
9136443
9136444
9136445
9136446
9136447
9136448
9136449
9136450
9136451
9136452
9136453
9136454
9136455
9136456
9136457
9136458
9136459
9136460
9136461
9136462
9136463
9136464
9136465
9136466
9136467
9136468
9136469
9136470
9136471
9136472
9136473
9136474
9136475
9136476
9136477
9136478
9136479
9136480
9136481
9136482
9136483
9136484
9136485
9136486
9136487
9136488
9136489
9136490
9136491
9136492
9136493
9136494
9136495
9136496
9136497
9136498
9136499
9136500
9136501
9136502
9136503
9136504
9136505
9136506
9136507
9136508
9136509
9136510
9136511
9136512
9136513
9136514
9136515
9136516
9136517
9136518
9136519
9136520
9136521
9136522
9136523
9136524
9136525
9136526
9136527
9136528
9136529
9136530
9136531
9136532
9136533
9136534
9136535
9136536
9136537
9136538
9136539
9136540
9136541
9136542
9136543
9136544
9136545
9136546
9136547
9136548
9136549
9136550
9136551
9136552
9136553
9136554
9136555
9136556
9136557
9136558
9136559
9136560
9136561
9136562
9136563
9136564
9136565
9136566
9136567
9136568
9136569
9136570
9136571
9136572
9136573
9136574
9136575
9136576
9136577
9136578
9136579
9136580
9136581
9136582
9136583
9136584
9136585
9136586
9136587
9136588
9136589
9136590
9136591
9136592
9136593
9136594
9136595
9136596
9136597
9136598
9136599
9136600
9136601
9136602
9136603
9136604
9136605
9136606
9136607
9136608
9136609
9136610
9136611
9136612
9136613
9136614
9136615
9136616
9136617
9136618
9136619
9136620
9136621
9136622
9136623
9136624
9136625
9136626
9136627
9136628
9136629
9136630
9136631
9136632
9136633
9136634
9136635
9136636
9136637
9136638
9136639
9136640
9136641
9136642
9136643
9136644
9136645
9136646
9136647
9136648
9136649
9136650
9136651
9136652
9136653
9136654
9136655
9136656
9136657
9136658
9136659
9136660
9136661
9136662
9136663
9136664
9136665
9136666
9136667
9136668
9136669
9136670
9136671
9136672
9136673
9136674
9136675
9136676
9136677
9136678
9136679
9136680
9136681
9136682
9136683
9136684
9136685
9136686
9136687
9136688
9136689
9136690
9136691
9136692
9136693
9136694
9136695
9136696
9136697
9136698
9136699
9136700
9136701
9136702
9136703
9136704
9136705
9136706
9136707
9136708
9136709
9136710
9136711
9136712
9136713
9136714
9136715
9136716
9136717
9136718
9136719
9136720
9136721
9136722
9136723
9136724
9136725
9136726
9136727
9136728
9136729
9136730
9136731
9136732
9136733
9136734
9136735
9136736
9136737
9136738
9136739
9136740
9136741
9136742
9136743
9136744
9136745
9136746
9136747
9136748
9136749
9136750
9136751
9136752
9136753
9136754
9136755
9136756
9136757
9136758
9136759
9136760
9136761
9136762
9136763
9136764
9136765
9136766
9136767
9136768
9136769
9136770
9136771
9136772
9136773
9136774
9136775
9136776
9136777
9136778
9136779
9136780
9136781
9136782
9136783
9136784
9136785
9136786
9136787
9136788
9136789
9136790
9136791
9136792
9136793
9136794
9136795
9136796
9136797
9136798
9136799
9136800
9136801
9136802
9136803
9136804
9136805
9136806
9136807
9136808
9136809
9136810
9136811
9136812
9136813
9136814
9136815
9136816
9136817
9136818
9136819
9136820
9136821
9136822
9136823
9136824
9136825
9136826
9136827
9136828
9136829
9136830
9136831
9136832
9136833
9136834
9136835
9136836
9136837
9136838
9136839
9136840
9136841
9136842
9136843
9136844
9136845
9136846
9136847
9136848
9136849
9136850
9136851
9136852
9136853
9136854
9136855
9136856
9136857
9136858
9136859
9136860
9136861
9136862
9136863
9136864
9136865
9136866
9136867
9136868
9136869
9136870
9136871
9136872
9136873
9136874
9136875
9136876
9136877
9136878
9136879
9136880
9136881
9136882
9136883
9136884
9136885
9136886
9136887
9136888
9136889
9136890
9136891
9136892
9136893
9136894
9136895
9136896
9136897
9136898
9136899
9136900
9136901
9136902
9136903
9136904
9136905
9136906
9136907
9136908
9136909
9136910
9136911
9136912
9136913
9136914
9136915
9136916
9136917
9136918
9136919
9136920
9136921
9136922
9136923
9136924
9136925
9136926
9136927
9136928
9136929
9136930
9136931
9136932
9136933
9136934
9136935
9136936
9136937
9136938
9136939
9136940
9136941
9136942
9136943
9136944
9136945
9136946
9136947
9136948
9136949
9136950
9136951
9136952
9136953
9136954
9136955
9136956
9136957
9136958
9136959
9136960
9136961
9136962
9136963
9136964
9136965
9136966
9136967
9136968
9136969
9136970
9136971
9136972
9136973
9136974
9136975
9136976
9136977
9136978
9136979
9136980
9136981
9136982
9136983
9136984
9136985
9136986
9136987
9136988
9136989
9136990
9136991
9136992
9136993
9136994
9136995
9136996
9136997
9136998
9136999
9137000
9137001
9137002
9137003
9137004
9137005
9137006
9137007
9137008
9137009
9137010
9137011
9137012
9137013
9137014
9137015
9137016
9137017
9137018
9137019
9137020
9137021
9137022
9137023
9137024
9137025
9137026
9137027
9137028
9137029
9137030
9137031
9137032
9137033
9137034
9137035
9137036
9137037
9137038
9137039
9137040
9137041
9137042
9137043
9137044
9137045
9137046
9137047
9137048
9137049
9137050
9137051
9137052
9137053
9137054
9137055
9137056
9137057
9137058
9137059
9137060
9137061
9137062
9137063
9137064
9137065
9137066
9137067
9137068
9137069
9137070
9137071
9137072
9137073
9137074
9137075
9137076
9137077
9137078
9137079
9137080
9137081
9137082
9137083
9137084
9137085
9137086
9137087
9137088
9137089
9137090
9137091
9137092
9137093
9137094
9137095
9137096
9137097
9137098
9137099
9137100
9137101
9137102
9137103
9137104
9137105
9137106
9137107
9137108
9137109
9137110
9137111
9137112
9137113
9137114
9137115
9137116
9137117
9137118
9137119
9137120
9137121
9137122
9137123
9137124
9137125
9137126
9137127
9137128
9137129
9137130
9137131
9137132
9137133
9137134
9137135
9137136
9137137
9137138
9137139
9137140
9137141
9137142
9137143
9137144
9137145
9137146
9137147
9137148
9137149
9137150
9137151
9137152
9137153
9137154
9137155
9137156
9137157
9137158
9137159
9137160
9137161
9137162
9137163
9137164
9137165
9137166
9137167
9137168
9137169
9137170
9137171
9137172
9137173
9137174
9137175
9137176
9137177
9137178
9137179
9137180
9137181
9137182
9137183
9137184
9137185
9137186
9137187
9137188
9137189
9137190
9137191
9137192
9137193
9137194
9137195
9137196
9137197
9137198
9137199
9137200
9137201
9137202
9137203
9137204
9137205
9137206
9137207
9137208
9137209
9137210
9137211
9137212
9137213
9137214
9137215
9137216
9137217
9137218
9137219
9137220
9137221
9137222
9137223
9137224
9137225
9137226
9137227
9137228
9137229
9137230
9137231
9137232
9137233
9137234
9137235
9137236
9137237
9137238
9137239
9137240
9137241
9137242
9137243
9137244
9137245
9137246
9137247
9137248
9137249
9137250
9137251
9137252
9137253
9137254
9137255
9137256
9137257
9137258
9137259
9137260
9137261
9137262
9137263
9137264
9137265
9137266
9137267
9137268
9137269
9137270
9137271
9137272
9137273
9137274
9137275
9137276
9137277
9137278
9137279
9137280
9137281
9137282
9137283
9137284
9137285
9137286
9137287
9137288
9137289
9137290
9137291
9137292
9137293
9137294
9137295
9137296
9137297
9137298
9137299
9137300
9137301
9137302
9137303
9137304
9137305
9137306
9137307
9137308
9137309
9137310
9137311
9137312
9137313
9137314
9137315
9137316
9137317
9137318
9137319
9137320
9137321
9137322
9137323
9137324
9137325
9137326
9137327
9137328
9137329
9137330
9137331
9137332
9137333
9137334
9137335
9137336
9137337
9137338
9137339
9137340
9137341
9137342
9137343
9137344
9137345
9137346
9137347
9137348
9137349
9137350
9137351
9137352
9137353
9137354
9137355
9137356
9137357
9137358
9137359
9137360
9137361
9137362
9137363
9137364
9137365
9137366
9137367
9137368
9137369
9137370
9137371
9137372
9137373
9137374
9137375
9137376
9137377
9137378
9137379
9137380
9137381
9137382
9137383
9137384
9137385
9137386
9137387
9137388
9137389
9137390
9137391
9137392
9137393
9137394
9137395
9137396
9137397
9137398
9137399
9137400
9137401
9137402
9137403
9137404
9137405
9137406
9137407
9137408
9137409
9137410
9137411
9137412
9137413
9137414
9137415
9137416
9137417
9137418
9137419
9137420
9137421
9137422
9137423
9137424
9137425
9137426
9137427
9137428
9137429
9137430
9137431
9137432
9137433
9137434
9137435
9137436
9137437
9137438
9137439
9137440
9137441
9137442
9137443
9137444
9137445
9137446
9137447
9137448
9137449
9137450
9137451
9137452
9137453
9137454
9137455
9137456
9137457
9137458
9137459
9137460
9137461
9137462
9137463
9137464
9137465
9137466
9137467
9137468
9137469
9137470
9137471
9137472
9137473
9137474
9137475
9137476
9137477
9137478
9137479
9137480
9137481
9137482
9137483
9137484
9137485
9137486
9137487
9137488
9137489
9137490
9137491
9137492
9137493
9137494
9137495
9137496
9137497
9137498
9137499
9137500
9137501
9137502
9137503
9137504
9137505
9137506
9137507
9137508
9137509
9137510
9137511
9137512
9137513
9137514
9137515
9137516
9137517
9137518
9137519
9137520
9137521
9137522
9137523
9137524
9137525
9137526
9137527
9137528
9137529
9137530
9137531
9137532
9137533
9137534
9137535
9137536
9137537
9137538
9137539
9137540
9137541
9137542
9137543
9137544
9137545
9137546
9137547
9137548
9137549
9137550
9137551
9137552
9137553
9137554
9137555
9137556
9137557
9137558
9137559
9137560
9137561
9137562
9137563
9137564
9137565
9137566
9137567
9137568
9137569
9137570
9137571
9137572
9137573
9137574
9137575
9137576
9137577
9137578
9137579
9137580
9137581
9137582
9137583
9137584
9137585
9137586
9137587
9137588
9137589
9137590
9137591
9137592
9137593
9137594
9137595
9137596
9137597
9137598
9137599
9137600
9137601
9137602
9137603
9137604
9137605
9137606
9137607
9137608
9137609
9137610
9137611
9137612
9137613
9137614
9137615
9137616
9137617
9137618
9137619
9137620
9137621
9137622
9137623
9137624
9137625
9137626
9137627
9137628
9137629
9137630
9137631
9137632
9137633
9137634
9137635
9137636
9137637
9137638
9137639
9137640
9137641
9137642
9137643
9137644
9137645
9137646
9137647
9137648
9137649
9137650
9137651
9137652
9137653
9137654
9137655
9137656
9137657
9137658
9137659
9137660
9137661
9137662
9137663
9137664
9137665
9137666
9137667
9137668
9137669
9137670
9137671
9137672
9137673
9137674
9137675
9137676
9137677
9137678
9137679
9137680
9137681
9137682
9137683
9137684
9137685
9137686
9137687
9137688
9137689
9137690
9137691
9137692
9137693
9137694
9137695
9137696
9137697
9137698
9137699
9137700
9137701
9137702
9137703
9137704
9137705
9137706
9137707
9137708
9137709
9137710
9137711
9137712
9137713
9137714
9137715
9137716
9137717
9137718
9137719
9137720
9137721
9137722
9137723
9137724
9137725
9137726
9137727
9137728
9137729
9137730
9137731
9137732
9137733
9137734
9137735
9137736
9137737
9137738
9137739
9137740
9137741
9137742
9137743
9137744
9137745
9137746
9137747
9137748
9137749
9137750
9137751
9137752
9137753
9137754
9137755
9137756
9137757
9137758
9137759
9137760
9137761
9137762
9137763
9137764
9137765
9137766
9137767
9137768
9137769
9137770
9137771
9137772
9137773
9137774
9137775
9137776
9137777
9137778
9137779
9137780
9137781
9137782
9137783
9137784
9137785
9137786
9137787
9137788
9137789
9137790
9137791
9137792
9137793
9137794
9137795
9137796
9137797
9137798
9137799
9137800
9137801
9137802
9137803
9137804
9137805
9137806
9137807
9137808
9137809
9137810
9137811
9137812
9137813
9137814
9137815
9137816
9137817
9137818
9137819
9137820
9137821
9137822
9137823
9137824
9137825
9137826
9137827
9137828
9137829
9137830
9137831
9137832
9137833
9137834
9137835
9137836
9137837
9137838
9137839
9137840
9137841
9137842
9137843
9137844
9137845
9137846
9137847
9137848
9137849
9137850
9137851
9137852
9137853
9137854
9137855
9137856
9137857
9137858
9137859
9137860
9137861
9137862
9137863
9137864
9137865
9137866
9137867
9137868
9137869
9137870
9137871
9137872
9137873
9137874
9137875
9137876
9137877
9137878
9137879
9137880
9137881
9137882
9137883
9137884
9137885
9137886
9137887
9137888
9137889
9137890
9137891
9137892
9137893
9137894
9137895
9137896
9137897
9137898
9137899
9137900
9137901
9137902
9137903
9137904
9137905
9137906
9137907
9137908
9137909
9137910
9137911
9137912
9137913
9137914
9137915
9137916
9137917
9137918
9137919
9137920
9137921
9137922
9137923
9137924
9137925
9137926
9137927
9137928
9137929
9137930
9137931
9137932
9137933
9137934
9137935
9137936
9137937
9137938
9137939
9137940
9137941
9137942
9137943
9137944
9137945
9137946
9137947
9137948
9137949
9137950
9137951
9137952
9137953
9137954
9137955
9137956
9137957
9137958
9137959
9137960
9137961
9137962
9137963
9137964
9137965
9137966
9137967
9137968
9137969
9137970
9137971
9137972
9137973
9137974
9137975
9137976
9137977
9137978
9137979
9137980
9137981
9137982
9137983
9137984
9137985
9137986
9137987
9137988
9137989
9137990
9137991
9137992
9137993
9137994
9137995
9137996
9137997
9137998
9137999
9138000
9138001
9138002
9138003
9138004
9138005
9138006
9138007
9138008
9138009
9138010
9138011
9138012
9138013
9138014
9138015
9138016
9138017
9138018
9138019
9138020
9138021
9138022
9138023
9138024
9138025
9138026
9138027
9138028
9138029
9138030
9138031
9138032
9138033
9138034
9138035
9138036
9138037
9138038
9138039
9138040
9138041
9138042
9138043
9138044
9138045
9138046
9138047
9138048
9138049
9138050
9138051
9138052
9138053
9138054
9138055
9138056
9138057
9138058
9138059
9138060
9138061
9138062
9138063
9138064
9138065
9138066
9138067
9138068
9138069
9138070
9138071
9138072
9138073
9138074
9138075
9138076
9138077
9138078
9138079
9138080
9138081
9138082
9138083
9138084
9138085
9138086
9138087
9138088
9138089
9138090
9138091
9138092
9138093
9138094
9138095
9138096
9138097
9138098
9138099
9138100
9138101
9138102
9138103
9138104
9138105
9138106
9138107
9138108
9138109
9138110
9138111
9138112
9138113
9138114
9138115
9138116
9138117
9138118
9138119
9138120
9138121
9138122
9138123
9138124
9138125
9138126
9138127
9138128
9138129
9138130
9138131
9138132
9138133
9138134
9138135
9138136
9138137
9138138
9138139
9138140
9138141
9138142
9138143
9138144
9138145
9138146
9138147
9138148
9138149
9138150
9138151
9138152
9138153
9138154
9138155
9138156
9138157
9138158
9138159
9138160
9138161
9138162
9138163
9138164
9138165
9138166
9138167
9138168
9138169
9138170
9138171
9138172
9138173
9138174
9138175
9138176
9138177
9138178
9138179
9138180
9138181
9138182
9138183
9138184
9138185
9138186
9138187
9138188
9138189
9138190
9138191
9138192
9138193
9138194
9138195
9138196
9138197
9138198
9138199
9138200
9138201
9138202
9138203
9138204
9138205
9138206
9138207
9138208
9138209
9138210
9138211
9138212
9138213
9138214
9138215
9138216
9138217
9138218
9138219
9138220
9138221
9138222
9138223
9138224
9138225
9138226
9138227
9138228
9138229
9138230
9138231
9138232
9138233
9138234
9138235
9138236
9138237
9138238
9138239
9138240
9138241
9138242
9138243
9138244
9138245
9138246
9138247
9138248
9138249
9138250
9138251
9138252
9138253
9138254
9138255
9138256
9138257
9138258
9138259
9138260
9138261
9138262
9138263
9138264
9138265
9138266
9138267
9138268
9138269
9138270
9138271
9138272
9138273
9138274
9138275
9138276
9138277
9138278
9138279
9138280
9138281
9138282
9138283
9138284
9138285
9138286
9138287
9138288
9138289
9138290
9138291
9138292
9138293
9138294
9138295
9138296
9138297
9138298
9138299
9138300
9138301
9138302
9138303
9138304
9138305
9138306
9138307
9138308
9138309
9138310
9138311
9138312
9138313
9138314
9138315
9138316
9138317
9138318
9138319
9138320
9138321
9138322
9138323
9138324
9138325
9138326
9138327
9138328
9138329
9138330
9138331
9138332
9138333
9138334
9138335
9138336
9138337
9138338
9138339
9138340
9138341
9138342
9138343
9138344
9138345
9138346
9138347
9138348
9138349
9138350
9138351
9138352
9138353
9138354
9138355
9138356
9138357
9138358
9138359
9138360
9138361
9138362
9138363
9138364
9138365
9138366
9138367
9138368
9138369
9138370
9138371
9138372
9138373
9138374
9138375
9138376
9138377
9138378
9138379
9138380
9138381
9138382
9138383
9138384
9138385
9138386
9138387
9138388
9138389
9138390
9138391
9138392
9138393
9138394
9138395
9138396
9138397
9138398
9138399
9138400
9138401
9138402
9138403
9138404
9138405
9138406
9138407
9138408
9138409
9138410
9138411
9138412
9138413
9138414
9138415
9138416
9138417
9138418
9138419
9138420
9138421
9138422
9138423
9138424
9138425
9138426
9138427
9138428
9138429
9138430
9138431
9138432
9138433
9138434
9138435
9138436
9138437
9138438
9138439
9138440
9138441
9138442
9138443
9138444
9138445
9138446
9138447
9138448
9138449
9138450
9138451
9138452
9138453
9138454
9138455
9138456
9138457
9138458
9138459
9138460
9138461
9138462
9138463
9138464
9138465
9138466
9138467
9138468
9138469
9138470
9138471
9138472
9138473
9138474
9138475
9138476
9138477
9138478
9138479
9138480
9138481
9138482
9138483
9138484
9138485
9138486
9138487
9138488
9138489
9138490
9138491
9138492
9138493
9138494
9138495
9138496
9138497
9138498
9138499
9138500
9138501
9138502
9138503
9138504
9138505
9138506
9138507
9138508
9138509
9138510
9138511
9138512
9138513
9138514
9138515
9138516
9138517
9138518
9138519
9138520
9138521
9138522
9138523
9138524
9138525
9138526
9138527
9138528
9138529
9138530
9138531
9138532
9138533
9138534
9138535
9138536
9138537
9138538
9138539
9138540
9138541
9138542
9138543
9138544
9138545
9138546
9138547
9138548
9138549
9138550
9138551
9138552
9138553
9138554
9138555
9138556
9138557
9138558
9138559
9138560
9138561
9138562
9138563
9138564
9138565
9138566
9138567
9138568
9138569
9138570
9138571
9138572
9138573
9138574
9138575
9138576
9138577
9138578
9138579
9138580
9138581
9138582
9138583
9138584
9138585
9138586
9138587
9138588
9138589
9138590
9138591
9138592
9138593
9138594
9138595
9138596
9138597
9138598
9138599
9138600
9138601
9138602
9138603
9138604
9138605
9138606
9138607
9138608
9138609
9138610
9138611
9138612
9138613
9138614
9138615
9138616
9138617
9138618
9138619
9138620
9138621
9138622
9138623
9138624
9138625
9138626
9138627
9138628
9138629
9138630
9138631
9138632
9138633
9138634
9138635
9138636
9138637
9138638
9138639
9138640
9138641
9138642
9138643
9138644
9138645
9138646
9138647
9138648
9138649
9138650
9138651
9138652
9138653
9138654
9138655
9138656
9138657
9138658
9138659
9138660
9138661
9138662
9138663
9138664
9138665
9138666
9138667
9138668
9138669
9138670
9138671
9138672
9138673
9138674
9138675
9138676
9138677
9138678
9138679
9138680
9138681
9138682
9138683
9138684
9138685
9138686
9138687
9138688
9138689
9138690
9138691
9138692
9138693
9138694
9138695
9138696
9138697
9138698
9138699
9138700
9138701
9138702
9138703
9138704
9138705
9138706
9138707
9138708
9138709
9138710
9138711
9138712
9138713
9138714
9138715
9138716
9138717
9138718
9138719
9138720
9138721
9138722
9138723
9138724
9138725
9138726
9138727
9138728
9138729
9138730
9138731
9138732
9138733
9138734
9138735
9138736
9138737
9138738
9138739
9138740
9138741
9138742
9138743
9138744
9138745
9138746
9138747
9138748
9138749
9138750
9138751
9138752
9138753
9138754
9138755
9138756
9138757
9138758
9138759
9138760
9138761
9138762
9138763
9138764
9138765
9138766
9138767
9138768
9138769
9138770
9138771
9138772
9138773
9138774
9138775
9138776
9138777
9138778
9138779
9138780
9138781
9138782
9138783
9138784
9138785
9138786
9138787
9138788
9138789
9138790
9138791
9138792
9138793
9138794
9138795
9138796
9138797
9138798
9138799
9138800
9138801
9138802
9138803
9138804
9138805
9138806
9138807
9138808
9138809
9138810
9138811
9138812
9138813
9138814
9138815
9138816
9138817
9138818
9138819
9138820
9138821
9138822
9138823
9138824
9138825
9138826
9138827
9138828
9138829
9138830
9138831
9138832
9138833
9138834
9138835
9138836
9138837
9138838
9138839
9138840
9138841
9138842
9138843
9138844
9138845
9138846
9138847
9138848
9138849
9138850
9138851
9138852
9138853
9138854
9138855
9138856
9138857
9138858
9138859
9138860
9138861
9138862
9138863
9138864
9138865
9138866
9138867
9138868
9138869
9138870
9138871
9138872
9138873
9138874
9138875
9138876
9138877
9138878
9138879
9138880
9138881
9138882
9138883
9138884
9138885
9138886
9138887
9138888
9138889
9138890
9138891
9138892
9138893
9138894
9138895
9138896
9138897
9138898
9138899
9138900
9138901
9138902
9138903
9138904
9138905
9138906
9138907
9138908
9138909
9138910
9138911
9138912
9138913
9138914
9138915
9138916
9138917
9138918
9138919
9138920
9138921
9138922
9138923
9138924
9138925
9138926
9138927
9138928
9138929
9138930
9138931
9138932
9138933
9138934
9138935
9138936
9138937
9138938
9138939
9138940
9138941
9138942
9138943
9138944
9138945
9138946
9138947
9138948
9138949
9138950
9138951
9138952
9138953
9138954
9138955
9138956
9138957
9138958
9138959
9138960
9138961
9138962
9138963
9138964
9138965
9138966
9138967
9138968
9138969
9138970
9138971
9138972
9138973
9138974
9138975
9138976
9138977
9138978
9138979
9138980
9138981
9138982
9138983
9138984
9138985
9138986
9138987
9138988
9138989
9138990
9138991
9138992
9138993
9138994
9138995
9138996
9138997
9138998
9138999
9139000
9139001
9139002
9139003
9139004
9139005
9139006
9139007
9139008
9139009
9139010
9139011
9139012
9139013
9139014
9139015
9139016
9139017
9139018
9139019
9139020
9139021
9139022
9139023
9139024
9139025
9139026
9139027
9139028
9139029
9139030
9139031
9139032
9139033
9139034
9139035
9139036
9139037
9139038
9139039
9139040
9139041
9139042
9139043
9139044
9139045
9139046
9139047
9139048
9139049
9139050
9139051
9139052
9139053
9139054
9139055
9139056
9139057
9139058
9139059
9139060
9139061
9139062
9139063
9139064
9139065
9139066
9139067
9139068
9139069
9139070
9139071
9139072
9139073
9139074
9139075
9139076
9139077
9139078
9139079
9139080
9139081
9139082
9139083
9139084
9139085
9139086
9139087
9139088
9139089
9139090
9139091
9139092
9139093
9139094
9139095
9139096
9139097
9139098
9139099
9139100
9139101
9139102
9139103
9139104
9139105
9139106
9139107
9139108
9139109
9139110
9139111
9139112
9139113
9139114
9139115
9139116
9139117
9139118
9139119
9139120
9139121
9139122
9139123
9139124
9139125
9139126
9139127
9139128
9139129
9139130
9139131
9139132
9139133
9139134
9139135
9139136
9139137
9139138
9139139
9139140
9139141
9139142
9139143
9139144
9139145
9139146
9139147
9139148
9139149
9139150
9139151
9139152
9139153
9139154
9139155
9139156
9139157
9139158
9139159
9139160
9139161
9139162
9139163
9139164
9139165
9139166
9139167
9139168
9139169
9139170
9139171
9139172
9139173
9139174
9139175
9139176
9139177
9139178
9139179
9139180
9139181
9139182
9139183
9139184
9139185
9139186
9139187
9139188
9139189
9139190
9139191
9139192
9139193
9139194
9139195
9139196
9139197
9139198
9139199
9139200
9139201
9139202
9139203
9139204
9139205
9139206
9139207
9139208
9139209
9139210
9139211
9139212
9139213
9139214
9139215
9139216
9139217
9139218
9139219
9139220
9139221
9139222
9139223
9139224
9139225
9139226
9139227
9139228
9139229
9139230
9139231
9139232
9139233
9139234
9139235
9139236
9139237
9139238
9139239
9139240
9139241
9139242
9139243
9139244
9139245
9139246
9139247
9139248
9139249
9139250
9139251
9139252
9139253
9139254
9139255
9139256
9139257
9139258
9139259
9139260
9139261
9139262
9139263
9139264
9139265
9139266
9139267
9139268
9139269
9139270
9139271
9139272
9139273
9139274
9139275
9139276
9139277
9139278
9139279
9139280
9139281
9139282
9139283
9139284
9139285
9139286
9139287
9139288
9139289
9139290
9139291
9139292
9139293
9139294
9139295
9139296
9139297
9139298
9139299
9139300
9139301
9139302
9139303
9139304
9139305
9139306
9139307
9139308
9139309
9139310
9139311
9139312
9139313
9139314
9139315
9139316
9139317
9139318
9139319
9139320
9139321
9139322
9139323
9139324
9139325
9139326
9139327
9139328
9139329
9139330
9139331
9139332
9139333
9139334
9139335
9139336
9139337
9139338
9139339
9139340
9139341
9139342
9139343
9139344
9139345
9139346
9139347
9139348
9139349
9139350
9139351
9139352
9139353
9139354
9139355
9139356
9139357
9139358
9139359
9139360
9139361
9139362
9139363
9139364
9139365
9139366
9139367
9139368
9139369
9139370
9139371
9139372
9139373
9139374
9139375
9139376
9139377
9139378
9139379
9139380
9139381
9139382
9139383
9139384
9139385
9139386
9139387
9139388
9139389
9139390
9139391
9139392
9139393
9139394
9139395
9139396
9139397
9139398
9139399
9139400
9139401
9139402
9139403
9139404
9139405
9139406
9139407
9139408
9139409
9139410
9139411
9139412
9139413
9139414
9139415
9139416
9139417
9139418
9139419
9139420
9139421
9139422
9139423
9139424
9139425
9139426
9139427
9139428
9139429
9139430
9139431
9139432
9139433
9139434
9139435
9139436
9139437
9139438
9139439
9139440
9139441
9139442
9139443
9139444
9139445
9139446
9139447
9139448
9139449
9139450
9139451
9139452
9139453
9139454
9139455
9139456
9139457
9139458
9139459
9139460
9139461
9139462
9139463
9139464
9139465
9139466
9139467
9139468
9139469
9139470
9139471
9139472
9139473
9139474
9139475
9139476
9139477
9139478
9139479
9139480
9139481
9139482
9139483
9139484
9139485
9139486
9139487
9139488
9139489
9139490
9139491
9139492
9139493
9139494
9139495
9139496
9139497
9139498
9139499
9139500
9139501
9139502
9139503
9139504
9139505
9139506
9139507
9139508
9139509
9139510
9139511
9139512
9139513
9139514
9139515
9139516
9139517
9139518
9139519
9139520
9139521
9139522
9139523
9139524
9139525
9139526
9139527
9139528
9139529
9139530
9139531
9139532
9139533
9139534
9139535
9139536
9139537
9139538
9139539
9139540
9139541
9139542
9139543
9139544
9139545
9139546
9139547
9139548
9139549
9139550
9139551
9139552
9139553
9139554
9139555
9139556
9139557
9139558
9139559
9139560
9139561
9139562
9139563
9139564
9139565
9139566
9139567
9139568
9139569
9139570
9139571
9139572
9139573
9139574
9139575
9139576
9139577
9139578
9139579
9139580
9139581
9139582
9139583
9139584
9139585
9139586
9139587
9139588
9139589
9139590
9139591
9139592
9139593
9139594
9139595
9139596
9139597
9139598
9139599
9139600
9139601
9139602
9139603
9139604
9139605
9139606
9139607
9139608
9139609
9139610
9139611
9139612
9139613
9139614
9139615
9139616
9139617
9139618
9139619
9139620
9139621
9139622
9139623
9139624
9139625
9139626
9139627
9139628
9139629
9139630
9139631
9139632
9139633
9139634
9139635
9139636
9139637
9139638
9139639
9139640
9139641
9139642
9139643
9139644
9139645
9139646
9139647
9139648
9139649
9139650
9139651
9139652
9139653
9139654
9139655
9139656
9139657
9139658
9139659
9139660
9139661
9139662
9139663
9139664
9139665
9139666
9139667
9139668
9139669
9139670
9139671
9139672
9139673
9139674
9139675
9139676
9139677
9139678
9139679
9139680
9139681
9139682
9139683
9139684
9139685
9139686
9139687
9139688
9139689
9139690
9139691
9139692
9139693
9139694
9139695
9139696
9139697
9139698
9139699
9139700
9139701
9139702
9139703
9139704
9139705
9139706
9139707
9139708
9139709
9139710
9139711
9139712
9139713
9139714
9139715
9139716
9139717
9139718
9139719
9139720
9139721
9139722
9139723
9139724
9139725
9139726
9139727
9139728
9139729
9139730
9139731
9139732
9139733
9139734
9139735
9139736
9139737
9139738
9139739
9139740
9139741
9139742
9139743
9139744
9139745
9139746
9139747
9139748
9139749
9139750
9139751
9139752
9139753
9139754
9139755
9139756
9139757
9139758
9139759
9139760
9139761
9139762
9139763
9139764
9139765
9139766
9139767
9139768
9139769
9139770
9139771
9139772
9139773
9139774
9139775
9139776
9139777
9139778
9139779
9139780
9139781
9139782
9139783
9139784
9139785
9139786
9139787
9139788
9139789
9139790
9139791
9139792
9139793
9139794
9139795
9139796
9139797
9139798
9139799
9139800
9139801
9139802
9139803
9139804
9139805
9139806
9139807
9139808
9139809
9139810
9139811
9139812
9139813
9139814
9139815
9139816
9139817
9139818
9139819
9139820
9139821
9139822
9139823
9139824
9139825
9139826
9139827
9139828
9139829
9139830
9139831
9139832
9139833
9139834
9139835
9139836
9139837
9139838
9139839
9139840
9139841
9139842
9139843
9139844
9139845
9139846
9139847
9139848
9139849
9139850
9139851
9139852
9139853
9139854
9139855
9139856
9139857
9139858
9139859
9139860
9139861
9139862
9139863
9139864
9139865
9139866
9139867
9139868
9139869
9139870
9139871
9139872
9139873
9139874
9139875
9139876
9139877
9139878
9139879
9139880
9139881
9139882
9139883
9139884
9139885
9139886
9139887
9139888
9139889
9139890
9139891
9139892
9139893
9139894
9139895
9139896
9139897
9139898
9139899
9139900
9139901
9139902
9139903
9139904
9139905
9139906
9139907
9139908
9139909
9139910
9139911
9139912
9139913
9139914
9139915
9139916
9139917
9139918
9139919
9139920
9139921
9139922
9139923
9139924
9139925
9139926
9139927
9139928
9139929
9139930
9139931
9139932
9139933
9139934
9139935
9139936
9139937
9139938
9139939
9139940
9139941
9139942
9139943
9139944
9139945
9139946
9139947
9139948
9139949
9139950
9139951
9139952
9139953
9139954
9139955
9139956
9139957
9139958
9139959
9139960
9139961
9139962
9139963
9139964
9139965
9139966
9139967
9139968
9139969
9139970
9139971
9139972
9139973
9139974
9139975
9139976
9139977
9139978
9139979
9139980
9139981
9139982
9139983
9139984
9139985
9139986
9139987
9139988
9139989
9139990
9139991
9139992
9139993
9139994
9139995
9139996
9139997
9139998
9139999
9140000
