9470001
9470002
9470003
9470004
9470005
9470006
9470007
9470008
9470009
9470010
9470011
9470012
9470013
9470014
9470015
9470016
9470017
9470018
9470019
9470020
9470021
9470022
9470023
9470024
9470025
9470026
9470027
9470028
9470029
9470030
9470031
9470032
9470033
9470034
9470035
9470036
9470037
9470038
9470039
9470040
9470041
9470042
9470043
9470044
9470045
9470046
9470047
9470048
9470049
9470050
9470051
9470052
9470053
9470054
9470055
9470056
9470057
9470058
9470059
9470060
9470061
9470062
9470063
9470064
9470065
9470066
9470067
9470068
9470069
9470070
9470071
9470072
9470073
9470074
9470075
9470076
9470077
9470078
9470079
9470080
9470081
9470082
9470083
9470084
9470085
9470086
9470087
9470088
9470089
9470090
9470091
9470092
9470093
9470094
9470095
9470096
9470097
9470098
9470099
9470100
9470101
9470102
9470103
9470104
9470105
9470106
9470107
9470108
9470109
9470110
9470111
9470112
9470113
9470114
9470115
9470116
9470117
9470118
9470119
9470120
9470121
9470122
9470123
9470124
9470125
9470126
9470127
9470128
9470129
9470130
9470131
9470132
9470133
9470134
9470135
9470136
9470137
9470138
9470139
9470140
9470141
9470142
9470143
9470144
9470145
9470146
9470147
9470148
9470149
9470150
9470151
9470152
9470153
9470154
9470155
9470156
9470157
9470158
9470159
9470160
9470161
9470162
9470163
9470164
9470165
9470166
9470167
9470168
9470169
9470170
9470171
9470172
9470173
9470174
9470175
9470176
9470177
9470178
9470179
9470180
9470181
9470182
9470183
9470184
9470185
9470186
9470187
9470188
9470189
9470190
9470191
9470192
9470193
9470194
9470195
9470196
9470197
9470198
9470199
9470200
9470201
9470202
9470203
9470204
9470205
9470206
9470207
9470208
9470209
9470210
9470211
9470212
9470213
9470214
9470215
9470216
9470217
9470218
9470219
9470220
9470221
9470222
9470223
9470224
9470225
9470226
9470227
9470228
9470229
9470230
9470231
9470232
9470233
9470234
9470235
9470236
9470237
9470238
9470239
9470240
9470241
9470242
9470243
9470244
9470245
9470246
9470247
9470248
9470249
9470250
9470251
9470252
9470253
9470254
9470255
9470256
9470257
9470258
9470259
9470260
9470261
9470262
9470263
9470264
9470265
9470266
9470267
9470268
9470269
9470270
9470271
9470272
9470273
9470274
9470275
9470276
9470277
9470278
9470279
9470280
9470281
9470282
9470283
9470284
9470285
9470286
9470287
9470288
9470289
9470290
9470291
9470292
9470293
9470294
9470295
9470296
9470297
9470298
9470299
9470300
9470301
9470302
9470303
9470304
9470305
9470306
9470307
9470308
9470309
9470310
9470311
9470312
9470313
9470314
9470315
9470316
9470317
9470318
9470319
9470320
9470321
9470322
9470323
9470324
9470325
9470326
9470327
9470328
9470329
9470330
9470331
9470332
9470333
9470334
9470335
9470336
9470337
9470338
9470339
9470340
9470341
9470342
9470343
9470344
9470345
9470346
9470347
9470348
9470349
9470350
9470351
9470352
9470353
9470354
9470355
9470356
9470357
9470358
9470359
9470360
9470361
9470362
9470363
9470364
9470365
9470366
9470367
9470368
9470369
9470370
9470371
9470372
9470373
9470374
9470375
9470376
9470377
9470378
9470379
9470380
9470381
9470382
9470383
9470384
9470385
9470386
9470387
9470388
9470389
9470390
9470391
9470392
9470393
9470394
9470395
9470396
9470397
9470398
9470399
9470400
9470401
9470402
9470403
9470404
9470405
9470406
9470407
9470408
9470409
9470410
9470411
9470412
9470413
9470414
9470415
9470416
9470417
9470418
9470419
9470420
9470421
9470422
9470423
9470424
9470425
9470426
9470427
9470428
9470429
9470430
9470431
9470432
9470433
9470434
9470435
9470436
9470437
9470438
9470439
9470440
9470441
9470442
9470443
9470444
9470445
9470446
9470447
9470448
9470449
9470450
9470451
9470452
9470453
9470454
9470455
9470456
9470457
9470458
9470459
9470460
9470461
9470462
9470463
9470464
9470465
9470466
9470467
9470468
9470469
9470470
9470471
9470472
9470473
9470474
9470475
9470476
9470477
9470478
9470479
9470480
9470481
9470482
9470483
9470484
9470485
9470486
9470487
9470488
9470489
9470490
9470491
9470492
9470493
9470494
9470495
9470496
9470497
9470498
9470499
9470500
9470501
9470502
9470503
9470504
9470505
9470506
9470507
9470508
9470509
9470510
9470511
9470512
9470513
9470514
9470515
9470516
9470517
9470518
9470519
9470520
9470521
9470522
9470523
9470524
9470525
9470526
9470527
9470528
9470529
9470530
9470531
9470532
9470533
9470534
9470535
9470536
9470537
9470538
9470539
9470540
9470541
9470542
9470543
9470544
9470545
9470546
9470547
9470548
9470549
9470550
9470551
9470552
9470553
9470554
9470555
9470556
9470557
9470558
9470559
9470560
9470561
9470562
9470563
9470564
9470565
9470566
9470567
9470568
9470569
9470570
9470571
9470572
9470573
9470574
9470575
9470576
9470577
9470578
9470579
9470580
9470581
9470582
9470583
9470584
9470585
9470586
9470587
9470588
9470589
9470590
9470591
9470592
9470593
9470594
9470595
9470596
9470597
9470598
9470599
9470600
9470601
9470602
9470603
9470604
9470605
9470606
9470607
9470608
9470609
9470610
9470611
9470612
9470613
9470614
9470615
9470616
9470617
9470618
9470619
9470620
9470621
9470622
9470623
9470624
9470625
9470626
9470627
9470628
9470629
9470630
9470631
9470632
9470633
9470634
9470635
9470636
9470637
9470638
9470639
9470640
9470641
9470642
9470643
9470644
9470645
9470646
9470647
9470648
9470649
9470650
9470651
9470652
9470653
9470654
9470655
9470656
9470657
9470658
9470659
9470660
9470661
9470662
9470663
9470664
9470665
9470666
9470667
9470668
9470669
9470670
9470671
9470672
9470673
9470674
9470675
9470676
9470677
9470678
9470679
9470680
9470681
9470682
9470683
9470684
9470685
9470686
9470687
9470688
9470689
9470690
9470691
9470692
9470693
9470694
9470695
9470696
9470697
9470698
9470699
9470700
9470701
9470702
9470703
9470704
9470705
9470706
9470707
9470708
9470709
9470710
9470711
9470712
9470713
9470714
9470715
9470716
9470717
9470718
9470719
9470720
9470721
9470722
9470723
9470724
9470725
9470726
9470727
9470728
9470729
9470730
9470731
9470732
9470733
9470734
9470735
9470736
9470737
9470738
9470739
9470740
9470741
9470742
9470743
9470744
9470745
9470746
9470747
9470748
9470749
9470750
9470751
9470752
9470753
9470754
9470755
9470756
9470757
9470758
9470759
9470760
9470761
9470762
9470763
9470764
9470765
9470766
9470767
9470768
9470769
9470770
9470771
9470772
9470773
9470774
9470775
9470776
9470777
9470778
9470779
9470780
9470781
9470782
9470783
9470784
9470785
9470786
9470787
9470788
9470789
9470790
9470791
9470792
9470793
9470794
9470795
9470796
9470797
9470798
9470799
9470800
9470801
9470802
9470803
9470804
9470805
9470806
9470807
9470808
9470809
9470810
9470811
9470812
9470813
9470814
9470815
9470816
9470817
9470818
9470819
9470820
9470821
9470822
9470823
9470824
9470825
9470826
9470827
9470828
9470829
9470830
9470831
9470832
9470833
9470834
9470835
9470836
9470837
9470838
9470839
9470840
9470841
9470842
9470843
9470844
9470845
9470846
9470847
9470848
9470849
9470850
9470851
9470852
9470853
9470854
9470855
9470856
9470857
9470858
9470859
9470860
9470861
9470862
9470863
9470864
9470865
9470866
9470867
9470868
9470869
9470870
9470871
9470872
9470873
9470874
9470875
9470876
9470877
9470878
9470879
9470880
9470881
9470882
9470883
9470884
9470885
9470886
9470887
9470888
9470889
9470890
9470891
9470892
9470893
9470894
9470895
9470896
9470897
9470898
9470899
9470900
9470901
9470902
9470903
9470904
9470905
9470906
9470907
9470908
9470909
9470910
9470911
9470912
9470913
9470914
9470915
9470916
9470917
9470918
9470919
9470920
9470921
9470922
9470923
9470924
9470925
9470926
9470927
9470928
9470929
9470930
9470931
9470932
9470933
9470934
9470935
9470936
9470937
9470938
9470939
9470940
9470941
9470942
9470943
9470944
9470945
9470946
9470947
9470948
9470949
9470950
9470951
9470952
9470953
9470954
9470955
9470956
9470957
9470958
9470959
9470960
9470961
9470962
9470963
9470964
9470965
9470966
9470967
9470968
9470969
9470970
9470971
9470972
9470973
9470974
9470975
9470976
9470977
9470978
9470979
9470980
9470981
9470982
9470983
9470984
9470985
9470986
9470987
9470988
9470989
9470990
9470991
9470992
9470993
9470994
9470995
9470996
9470997
9470998
9470999
9471000
9471001
9471002
9471003
9471004
9471005
9471006
9471007
9471008
9471009
9471010
9471011
9471012
9471013
9471014
9471015
9471016
9471017
9471018
9471019
9471020
9471021
9471022
9471023
9471024
9471025
9471026
9471027
9471028
9471029
9471030
9471031
9471032
9471033
9471034
9471035
9471036
9471037
9471038
9471039
9471040
9471041
9471042
9471043
9471044
9471045
9471046
9471047
9471048
9471049
9471050
9471051
9471052
9471053
9471054
9471055
9471056
9471057
9471058
9471059
9471060
9471061
9471062
9471063
9471064
9471065
9471066
9471067
9471068
9471069
9471070
9471071
9471072
9471073
9471074
9471075
9471076
9471077
9471078
9471079
9471080
9471081
9471082
9471083
9471084
9471085
9471086
9471087
9471088
9471089
9471090
9471091
9471092
9471093
9471094
9471095
9471096
9471097
9471098
9471099
9471100
9471101
9471102
9471103
9471104
9471105
9471106
9471107
9471108
9471109
9471110
9471111
9471112
9471113
9471114
9471115
9471116
9471117
9471118
9471119
9471120
9471121
9471122
9471123
9471124
9471125
9471126
9471127
9471128
9471129
9471130
9471131
9471132
9471133
9471134
9471135
9471136
9471137
9471138
9471139
9471140
9471141
9471142
9471143
9471144
9471145
9471146
9471147
9471148
9471149
9471150
9471151
9471152
9471153
9471154
9471155
9471156
9471157
9471158
9471159
9471160
9471161
9471162
9471163
9471164
9471165
9471166
9471167
9471168
9471169
9471170
9471171
9471172
9471173
9471174
9471175
9471176
9471177
9471178
9471179
9471180
9471181
9471182
9471183
9471184
9471185
9471186
9471187
9471188
9471189
9471190
9471191
9471192
9471193
9471194
9471195
9471196
9471197
9471198
9471199
9471200
9471201
9471202
9471203
9471204
9471205
9471206
9471207
9471208
9471209
9471210
9471211
9471212
9471213
9471214
9471215
9471216
9471217
9471218
9471219
9471220
9471221
9471222
9471223
9471224
9471225
9471226
9471227
9471228
9471229
9471230
9471231
9471232
9471233
9471234
9471235
9471236
9471237
9471238
9471239
9471240
9471241
9471242
9471243
9471244
9471245
9471246
9471247
9471248
9471249
9471250
9471251
9471252
9471253
9471254
9471255
9471256
9471257
9471258
9471259
9471260
9471261
9471262
9471263
9471264
9471265
9471266
9471267
9471268
9471269
9471270
9471271
9471272
9471273
9471274
9471275
9471276
9471277
9471278
9471279
9471280
9471281
9471282
9471283
9471284
9471285
9471286
9471287
9471288
9471289
9471290
9471291
9471292
9471293
9471294
9471295
9471296
9471297
9471298
9471299
9471300
9471301
9471302
9471303
9471304
9471305
9471306
9471307
9471308
9471309
9471310
9471311
9471312
9471313
9471314
9471315
9471316
9471317
9471318
9471319
9471320
9471321
9471322
9471323
9471324
9471325
9471326
9471327
9471328
9471329
9471330
9471331
9471332
9471333
9471334
9471335
9471336
9471337
9471338
9471339
9471340
9471341
9471342
9471343
9471344
9471345
9471346
9471347
9471348
9471349
9471350
9471351
9471352
9471353
9471354
9471355
9471356
9471357
9471358
9471359
9471360
9471361
9471362
9471363
9471364
9471365
9471366
9471367
9471368
9471369
9471370
9471371
9471372
9471373
9471374
9471375
9471376
9471377
9471378
9471379
9471380
9471381
9471382
9471383
9471384
9471385
9471386
9471387
9471388
9471389
9471390
9471391
9471392
9471393
9471394
9471395
9471396
9471397
9471398
9471399
9471400
9471401
9471402
9471403
9471404
9471405
9471406
9471407
9471408
9471409
9471410
9471411
9471412
9471413
9471414
9471415
9471416
9471417
9471418
9471419
9471420
9471421
9471422
9471423
9471424
9471425
9471426
9471427
9471428
9471429
9471430
9471431
9471432
9471433
9471434
9471435
9471436
9471437
9471438
9471439
9471440
9471441
9471442
9471443
9471444
9471445
9471446
9471447
9471448
9471449
9471450
9471451
9471452
9471453
9471454
9471455
9471456
9471457
9471458
9471459
9471460
9471461
9471462
9471463
9471464
9471465
9471466
9471467
9471468
9471469
9471470
9471471
9471472
9471473
9471474
9471475
9471476
9471477
9471478
9471479
9471480
9471481
9471482
9471483
9471484
9471485
9471486
9471487
9471488
9471489
9471490
9471491
9471492
9471493
9471494
9471495
9471496
9471497
9471498
9471499
9471500
9471501
9471502
9471503
9471504
9471505
9471506
9471507
9471508
9471509
9471510
9471511
9471512
9471513
9471514
9471515
9471516
9471517
9471518
9471519
9471520
9471521
9471522
9471523
9471524
9471525
9471526
9471527
9471528
9471529
9471530
9471531
9471532
9471533
9471534
9471535
9471536
9471537
9471538
9471539
9471540
9471541
9471542
9471543
9471544
9471545
9471546
9471547
9471548
9471549
9471550
9471551
9471552
9471553
9471554
9471555
9471556
9471557
9471558
9471559
9471560
9471561
9471562
9471563
9471564
9471565
9471566
9471567
9471568
9471569
9471570
9471571
9471572
9471573
9471574
9471575
9471576
9471577
9471578
9471579
9471580
9471581
9471582
9471583
9471584
9471585
9471586
9471587
9471588
9471589
9471590
9471591
9471592
9471593
9471594
9471595
9471596
9471597
9471598
9471599
9471600
9471601
9471602
9471603
9471604
9471605
9471606
9471607
9471608
9471609
9471610
9471611
9471612
9471613
9471614
9471615
9471616
9471617
9471618
9471619
9471620
9471621
9471622
9471623
9471624
9471625
9471626
9471627
9471628
9471629
9471630
9471631
9471632
9471633
9471634
9471635
9471636
9471637
9471638
9471639
9471640
9471641
9471642
9471643
9471644
9471645
9471646
9471647
9471648
9471649
9471650
9471651
9471652
9471653
9471654
9471655
9471656
9471657
9471658
9471659
9471660
9471661
9471662
9471663
9471664
9471665
9471666
9471667
9471668
9471669
9471670
9471671
9471672
9471673
9471674
9471675
9471676
9471677
9471678
9471679
9471680
9471681
9471682
9471683
9471684
9471685
9471686
9471687
9471688
9471689
9471690
9471691
9471692
9471693
9471694
9471695
9471696
9471697
9471698
9471699
9471700
9471701
9471702
9471703
9471704
9471705
9471706
9471707
9471708
9471709
9471710
9471711
9471712
9471713
9471714
9471715
9471716
9471717
9471718
9471719
9471720
9471721
9471722
9471723
9471724
9471725
9471726
9471727
9471728
9471729
9471730
9471731
9471732
9471733
9471734
9471735
9471736
9471737
9471738
9471739
9471740
9471741
9471742
9471743
9471744
9471745
9471746
9471747
9471748
9471749
9471750
9471751
9471752
9471753
9471754
9471755
9471756
9471757
9471758
9471759
9471760
9471761
9471762
9471763
9471764
9471765
9471766
9471767
9471768
9471769
9471770
9471771
9471772
9471773
9471774
9471775
9471776
9471777
9471778
9471779
9471780
9471781
9471782
9471783
9471784
9471785
9471786
9471787
9471788
9471789
9471790
9471791
9471792
9471793
9471794
9471795
9471796
9471797
9471798
9471799
9471800
9471801
9471802
9471803
9471804
9471805
9471806
9471807
9471808
9471809
9471810
9471811
9471812
9471813
9471814
9471815
9471816
9471817
9471818
9471819
9471820
9471821
9471822
9471823
9471824
9471825
9471826
9471827
9471828
9471829
9471830
9471831
9471832
9471833
9471834
9471835
9471836
9471837
9471838
9471839
9471840
9471841
9471842
9471843
9471844
9471845
9471846
9471847
9471848
9471849
9471850
9471851
9471852
9471853
9471854
9471855
9471856
9471857
9471858
9471859
9471860
9471861
9471862
9471863
9471864
9471865
9471866
9471867
9471868
9471869
9471870
9471871
9471872
9471873
9471874
9471875
9471876
9471877
9471878
9471879
9471880
9471881
9471882
9471883
9471884
9471885
9471886
9471887
9471888
9471889
9471890
9471891
9471892
9471893
9471894
9471895
9471896
9471897
9471898
9471899
9471900
9471901
9471902
9471903
9471904
9471905
9471906
9471907
9471908
9471909
9471910
9471911
9471912
9471913
9471914
9471915
9471916
9471917
9471918
9471919
9471920
9471921
9471922
9471923
9471924
9471925
9471926
9471927
9471928
9471929
9471930
9471931
9471932
9471933
9471934
9471935
9471936
9471937
9471938
9471939
9471940
9471941
9471942
9471943
9471944
9471945
9471946
9471947
9471948
9471949
9471950
9471951
9471952
9471953
9471954
9471955
9471956
9471957
9471958
9471959
9471960
9471961
9471962
9471963
9471964
9471965
9471966
9471967
9471968
9471969
9471970
9471971
9471972
9471973
9471974
9471975
9471976
9471977
9471978
9471979
9471980
9471981
9471982
9471983
9471984
9471985
9471986
9471987
9471988
9471989
9471990
9471991
9471992
9471993
9471994
9471995
9471996
9471997
9471998
9471999
9472000
9472001
9472002
9472003
9472004
9472005
9472006
9472007
9472008
9472009
9472010
9472011
9472012
9472013
9472014
9472015
9472016
9472017
9472018
9472019
9472020
9472021
9472022
9472023
9472024
9472025
9472026
9472027
9472028
9472029
9472030
9472031
9472032
9472033
9472034
9472035
9472036
9472037
9472038
9472039
9472040
9472041
9472042
9472043
9472044
9472045
9472046
9472047
9472048
9472049
9472050
9472051
9472052
9472053
9472054
9472055
9472056
9472057
9472058
9472059
9472060
9472061
9472062
9472063
9472064
9472065
9472066
9472067
9472068
9472069
9472070
9472071
9472072
9472073
9472074
9472075
9472076
9472077
9472078
9472079
9472080
9472081
9472082
9472083
9472084
9472085
9472086
9472087
9472088
9472089
9472090
9472091
9472092
9472093
9472094
9472095
9472096
9472097
9472098
9472099
9472100
9472101
9472102
9472103
9472104
9472105
9472106
9472107
9472108
9472109
9472110
9472111
9472112
9472113
9472114
9472115
9472116
9472117
9472118
9472119
9472120
9472121
9472122
9472123
9472124
9472125
9472126
9472127
9472128
9472129
9472130
9472131
9472132
9472133
9472134
9472135
9472136
9472137
9472138
9472139
9472140
9472141
9472142
9472143
9472144
9472145
9472146
9472147
9472148
9472149
9472150
9472151
9472152
9472153
9472154
9472155
9472156
9472157
9472158
9472159
9472160
9472161
9472162
9472163
9472164
9472165
9472166
9472167
9472168
9472169
9472170
9472171
9472172
9472173
9472174
9472175
9472176
9472177
9472178
9472179
9472180
9472181
9472182
9472183
9472184
9472185
9472186
9472187
9472188
9472189
9472190
9472191
9472192
9472193
9472194
9472195
9472196
9472197
9472198
9472199
9472200
9472201
9472202
9472203
9472204
9472205
9472206
9472207
9472208
9472209
9472210
9472211
9472212
9472213
9472214
9472215
9472216
9472217
9472218
9472219
9472220
9472221
9472222
9472223
9472224
9472225
9472226
9472227
9472228
9472229
9472230
9472231
9472232
9472233
9472234
9472235
9472236
9472237
9472238
9472239
9472240
9472241
9472242
9472243
9472244
9472245
9472246
9472247
9472248
9472249
9472250
9472251
9472252
9472253
9472254
9472255
9472256
9472257
9472258
9472259
9472260
9472261
9472262
9472263
9472264
9472265
9472266
9472267
9472268
9472269
9472270
9472271
9472272
9472273
9472274
9472275
9472276
9472277
9472278
9472279
9472280
9472281
9472282
9472283
9472284
9472285
9472286
9472287
9472288
9472289
9472290
9472291
9472292
9472293
9472294
9472295
9472296
9472297
9472298
9472299
9472300
9472301
9472302
9472303
9472304
9472305
9472306
9472307
9472308
9472309
9472310
9472311
9472312
9472313
9472314
9472315
9472316
9472317
9472318
9472319
9472320
9472321
9472322
9472323
9472324
9472325
9472326
9472327
9472328
9472329
9472330
9472331
9472332
9472333
9472334
9472335
9472336
9472337
9472338
9472339
9472340
9472341
9472342
9472343
9472344
9472345
9472346
9472347
9472348
9472349
9472350
9472351
9472352
9472353
9472354
9472355
9472356
9472357
9472358
9472359
9472360
9472361
9472362
9472363
9472364
9472365
9472366
9472367
9472368
9472369
9472370
9472371
9472372
9472373
9472374
9472375
9472376
9472377
9472378
9472379
9472380
9472381
9472382
9472383
9472384
9472385
9472386
9472387
9472388
9472389
9472390
9472391
9472392
9472393
9472394
9472395
9472396
9472397
9472398
9472399
9472400
9472401
9472402
9472403
9472404
9472405
9472406
9472407
9472408
9472409
9472410
9472411
9472412
9472413
9472414
9472415
9472416
9472417
9472418
9472419
9472420
9472421
9472422
9472423
9472424
9472425
9472426
9472427
9472428
9472429
9472430
9472431
9472432
9472433
9472434
9472435
9472436
9472437
9472438
9472439
9472440
9472441
9472442
9472443
9472444
9472445
9472446
9472447
9472448
9472449
9472450
9472451
9472452
9472453
9472454
9472455
9472456
9472457
9472458
9472459
9472460
9472461
9472462
9472463
9472464
9472465
9472466
9472467
9472468
9472469
9472470
9472471
9472472
9472473
9472474
9472475
9472476
9472477
9472478
9472479
9472480
9472481
9472482
9472483
9472484
9472485
9472486
9472487
9472488
9472489
9472490
9472491
9472492
9472493
9472494
9472495
9472496
9472497
9472498
9472499
9472500
9472501
9472502
9472503
9472504
9472505
9472506
9472507
9472508
9472509
9472510
9472511
9472512
9472513
9472514
9472515
9472516
9472517
9472518
9472519
9472520
9472521
9472522
9472523
9472524
9472525
9472526
9472527
9472528
9472529
9472530
9472531
9472532
9472533
9472534
9472535
9472536
9472537
9472538
9472539
9472540
9472541
9472542
9472543
9472544
9472545
9472546
9472547
9472548
9472549
9472550
9472551
9472552
9472553
9472554
9472555
9472556
9472557
9472558
9472559
9472560
9472561
9472562
9472563
9472564
9472565
9472566
9472567
9472568
9472569
9472570
9472571
9472572
9472573
9472574
9472575
9472576
9472577
9472578
9472579
9472580
9472581
9472582
9472583
9472584
9472585
9472586
9472587
9472588
9472589
9472590
9472591
9472592
9472593
9472594
9472595
9472596
9472597
9472598
9472599
9472600
9472601
9472602
9472603
9472604
9472605
9472606
9472607
9472608
9472609
9472610
9472611
9472612
9472613
9472614
9472615
9472616
9472617
9472618
9472619
9472620
9472621
9472622
9472623
9472624
9472625
9472626
9472627
9472628
9472629
9472630
9472631
9472632
9472633
9472634
9472635
9472636
9472637
9472638
9472639
9472640
9472641
9472642
9472643
9472644
9472645
9472646
9472647
9472648
9472649
9472650
9472651
9472652
9472653
9472654
9472655
9472656
9472657
9472658
9472659
9472660
9472661
9472662
9472663
9472664
9472665
9472666
9472667
9472668
9472669
9472670
9472671
9472672
9472673
9472674
9472675
9472676
9472677
9472678
9472679
9472680
9472681
9472682
9472683
9472684
9472685
9472686
9472687
9472688
9472689
9472690
9472691
9472692
9472693
9472694
9472695
9472696
9472697
9472698
9472699
9472700
9472701
9472702
9472703
9472704
9472705
9472706
9472707
9472708
9472709
9472710
9472711
9472712
9472713
9472714
9472715
9472716
9472717
9472718
9472719
9472720
9472721
9472722
9472723
9472724
9472725
9472726
9472727
9472728
9472729
9472730
9472731
9472732
9472733
9472734
9472735
9472736
9472737
9472738
9472739
9472740
9472741
9472742
9472743
9472744
9472745
9472746
9472747
9472748
9472749
9472750
9472751
9472752
9472753
9472754
9472755
9472756
9472757
9472758
9472759
9472760
9472761
9472762
9472763
9472764
9472765
9472766
9472767
9472768
9472769
9472770
9472771
9472772
9472773
9472774
9472775
9472776
9472777
9472778
9472779
9472780
9472781
9472782
9472783
9472784
9472785
9472786
9472787
9472788
9472789
9472790
9472791
9472792
9472793
9472794
9472795
9472796
9472797
9472798
9472799
9472800
9472801
9472802
9472803
9472804
9472805
9472806
9472807
9472808
9472809
9472810
9472811
9472812
9472813
9472814
9472815
9472816
9472817
9472818
9472819
9472820
9472821
9472822
9472823
9472824
9472825
9472826
9472827
9472828
9472829
9472830
9472831
9472832
9472833
9472834
9472835
9472836
9472837
9472838
9472839
9472840
9472841
9472842
9472843
9472844
9472845
9472846
9472847
9472848
9472849
9472850
9472851
9472852
9472853
9472854
9472855
9472856
9472857
9472858
9472859
9472860
9472861
9472862
9472863
9472864
9472865
9472866
9472867
9472868
9472869
9472870
9472871
9472872
9472873
9472874
9472875
9472876
9472877
9472878
9472879
9472880
9472881
9472882
9472883
9472884
9472885
9472886
9472887
9472888
9472889
9472890
9472891
9472892
9472893
9472894
9472895
9472896
9472897
9472898
9472899
9472900
9472901
9472902
9472903
9472904
9472905
9472906
9472907
9472908
9472909
9472910
9472911
9472912
9472913
9472914
9472915
9472916
9472917
9472918
9472919
9472920
9472921
9472922
9472923
9472924
9472925
9472926
9472927
9472928
9472929
9472930
9472931
9472932
9472933
9472934
9472935
9472936
9472937
9472938
9472939
9472940
9472941
9472942
9472943
9472944
9472945
9472946
9472947
9472948
9472949
9472950
9472951
9472952
9472953
9472954
9472955
9472956
9472957
9472958
9472959
9472960
9472961
9472962
9472963
9472964
9472965
9472966
9472967
9472968
9472969
9472970
9472971
9472972
9472973
9472974
9472975
9472976
9472977
9472978
9472979
9472980
9472981
9472982
9472983
9472984
9472985
9472986
9472987
9472988
9472989
9472990
9472991
9472992
9472993
9472994
9472995
9472996
9472997
9472998
9472999
9473000
9473001
9473002
9473003
9473004
9473005
9473006
9473007
9473008
9473009
9473010
9473011
9473012
9473013
9473014
9473015
9473016
9473017
9473018
9473019
9473020
9473021
9473022
9473023
9473024
9473025
9473026
9473027
9473028
9473029
9473030
9473031
9473032
9473033
9473034
9473035
9473036
9473037
9473038
9473039
9473040
9473041
9473042
9473043
9473044
9473045
9473046
9473047
9473048
9473049
9473050
9473051
9473052
9473053
9473054
9473055
9473056
9473057
9473058
9473059
9473060
9473061
9473062
9473063
9473064
9473065
9473066
9473067
9473068
9473069
9473070
9473071
9473072
9473073
9473074
9473075
9473076
9473077
9473078
9473079
9473080
9473081
9473082
9473083
9473084
9473085
9473086
9473087
9473088
9473089
9473090
9473091
9473092
9473093
9473094
9473095
9473096
9473097
9473098
9473099
9473100
9473101
9473102
9473103
9473104
9473105
9473106
9473107
9473108
9473109
9473110
9473111
9473112
9473113
9473114
9473115
9473116
9473117
9473118
9473119
9473120
9473121
9473122
9473123
9473124
9473125
9473126
9473127
9473128
9473129
9473130
9473131
9473132
9473133
9473134
9473135
9473136
9473137
9473138
9473139
9473140
9473141
9473142
9473143
9473144
9473145
9473146
9473147
9473148
9473149
9473150
9473151
9473152
9473153
9473154
9473155
9473156
9473157
9473158
9473159
9473160
9473161
9473162
9473163
9473164
9473165
9473166
9473167
9473168
9473169
9473170
9473171
9473172
9473173
9473174
9473175
9473176
9473177
9473178
9473179
9473180
9473181
9473182
9473183
9473184
9473185
9473186
9473187
9473188
9473189
9473190
9473191
9473192
9473193
9473194
9473195
9473196
9473197
9473198
9473199
9473200
9473201
9473202
9473203
9473204
9473205
9473206
9473207
9473208
9473209
9473210
9473211
9473212
9473213
9473214
9473215
9473216
9473217
9473218
9473219
9473220
9473221
9473222
9473223
9473224
9473225
9473226
9473227
9473228
9473229
9473230
9473231
9473232
9473233
9473234
9473235
9473236
9473237
9473238
9473239
9473240
9473241
9473242
9473243
9473244
9473245
9473246
9473247
9473248
9473249
9473250
9473251
9473252
9473253
9473254
9473255
9473256
9473257
9473258
9473259
9473260
9473261
9473262
9473263
9473264
9473265
9473266
9473267
9473268
9473269
9473270
9473271
9473272
9473273
9473274
9473275
9473276
9473277
9473278
9473279
9473280
9473281
9473282
9473283
9473284
9473285
9473286
9473287
9473288
9473289
9473290
9473291
9473292
9473293
9473294
9473295
9473296
9473297
9473298
9473299
9473300
9473301
9473302
9473303
9473304
9473305
9473306
9473307
9473308
9473309
9473310
9473311
9473312
9473313
9473314
9473315
9473316
9473317
9473318
9473319
9473320
9473321
9473322
9473323
9473324
9473325
9473326
9473327
9473328
9473329
9473330
9473331
9473332
9473333
9473334
9473335
9473336
9473337
9473338
9473339
9473340
9473341
9473342
9473343
9473344
9473345
9473346
9473347
9473348
9473349
9473350
9473351
9473352
9473353
9473354
9473355
9473356
9473357
9473358
9473359
9473360
9473361
9473362
9473363
9473364
9473365
9473366
9473367
9473368
9473369
9473370
9473371
9473372
9473373
9473374
9473375
9473376
9473377
9473378
9473379
9473380
9473381
9473382
9473383
9473384
9473385
9473386
9473387
9473388
9473389
9473390
9473391
9473392
9473393
9473394
9473395
9473396
9473397
9473398
9473399
9473400
9473401
9473402
9473403
9473404
9473405
9473406
9473407
9473408
9473409
9473410
9473411
9473412
9473413
9473414
9473415
9473416
9473417
9473418
9473419
9473420
9473421
9473422
9473423
9473424
9473425
9473426
9473427
9473428
9473429
9473430
9473431
9473432
9473433
9473434
9473435
9473436
9473437
9473438
9473439
9473440
9473441
9473442
9473443
9473444
9473445
9473446
9473447
9473448
9473449
9473450
9473451
9473452
9473453
9473454
9473455
9473456
9473457
9473458
9473459
9473460
9473461
9473462
9473463
9473464
9473465
9473466
9473467
9473468
9473469
9473470
9473471
9473472
9473473
9473474
9473475
9473476
9473477
9473478
9473479
9473480
9473481
9473482
9473483
9473484
9473485
9473486
9473487
9473488
9473489
9473490
9473491
9473492
9473493
9473494
9473495
9473496
9473497
9473498
9473499
9473500
9473501
9473502
9473503
9473504
9473505
9473506
9473507
9473508
9473509
9473510
9473511
9473512
9473513
9473514
9473515
9473516
9473517
9473518
9473519
9473520
9473521
9473522
9473523
9473524
9473525
9473526
9473527
9473528
9473529
9473530
9473531
9473532
9473533
9473534
9473535
9473536
9473537
9473538
9473539
9473540
9473541
9473542
9473543
9473544
9473545
9473546
9473547
9473548
9473549
9473550
9473551
9473552
9473553
9473554
9473555
9473556
9473557
9473558
9473559
9473560
9473561
9473562
9473563
9473564
9473565
9473566
9473567
9473568
9473569
9473570
9473571
9473572
9473573
9473574
9473575
9473576
9473577
9473578
9473579
9473580
9473581
9473582
9473583
9473584
9473585
9473586
9473587
9473588
9473589
9473590
9473591
9473592
9473593
9473594
9473595
9473596
9473597
9473598
9473599
9473600
9473601
9473602
9473603
9473604
9473605
9473606
9473607
9473608
9473609
9473610
9473611
9473612
9473613
9473614
9473615
9473616
9473617
9473618
9473619
9473620
9473621
9473622
9473623
9473624
9473625
9473626
9473627
9473628
9473629
9473630
9473631
9473632
9473633
9473634
9473635
9473636
9473637
9473638
9473639
9473640
9473641
9473642
9473643
9473644
9473645
9473646
9473647
9473648
9473649
9473650
9473651
9473652
9473653
9473654
9473655
9473656
9473657
9473658
9473659
9473660
9473661
9473662
9473663
9473664
9473665
9473666
9473667
9473668
9473669
9473670
9473671
9473672
9473673
9473674
9473675
9473676
9473677
9473678
9473679
9473680
9473681
9473682
9473683
9473684
9473685
9473686
9473687
9473688
9473689
9473690
9473691
9473692
9473693
9473694
9473695
9473696
9473697
9473698
9473699
9473700
9473701
9473702
9473703
9473704
9473705
9473706
9473707
9473708
9473709
9473710
9473711
9473712
9473713
9473714
9473715
9473716
9473717
9473718
9473719
9473720
9473721
9473722
9473723
9473724
9473725
9473726
9473727
9473728
9473729
9473730
9473731
9473732
9473733
9473734
9473735
9473736
9473737
9473738
9473739
9473740
9473741
9473742
9473743
9473744
9473745
9473746
9473747
9473748
9473749
9473750
9473751
9473752
9473753
9473754
9473755
9473756
9473757
9473758
9473759
9473760
9473761
9473762
9473763
9473764
9473765
9473766
9473767
9473768
9473769
9473770
9473771
9473772
9473773
9473774
9473775
9473776
9473777
9473778
9473779
9473780
9473781
9473782
9473783
9473784
9473785
9473786
9473787
9473788
9473789
9473790
9473791
9473792
9473793
9473794
9473795
9473796
9473797
9473798
9473799
9473800
9473801
9473802
9473803
9473804
9473805
9473806
9473807
9473808
9473809
9473810
9473811
9473812
9473813
9473814
9473815
9473816
9473817
9473818
9473819
9473820
9473821
9473822
9473823
9473824
9473825
9473826
9473827
9473828
9473829
9473830
9473831
9473832
9473833
9473834
9473835
9473836
9473837
9473838
9473839
9473840
9473841
9473842
9473843
9473844
9473845
9473846
9473847
9473848
9473849
9473850
9473851
9473852
9473853
9473854
9473855
9473856
9473857
9473858
9473859
9473860
9473861
9473862
9473863
9473864
9473865
9473866
9473867
9473868
9473869
9473870
9473871
9473872
9473873
9473874
9473875
9473876
9473877
9473878
9473879
9473880
9473881
9473882
9473883
9473884
9473885
9473886
9473887
9473888
9473889
9473890
9473891
9473892
9473893
9473894
9473895
9473896
9473897
9473898
9473899
9473900
9473901
9473902
9473903
9473904
9473905
9473906
9473907
9473908
9473909
9473910
9473911
9473912
9473913
9473914
9473915
9473916
9473917
9473918
9473919
9473920
9473921
9473922
9473923
9473924
9473925
9473926
9473927
9473928
9473929
9473930
9473931
9473932
9473933
9473934
9473935
9473936
9473937
9473938
9473939
9473940
9473941
9473942
9473943
9473944
9473945
9473946
9473947
9473948
9473949
9473950
9473951
9473952
9473953
9473954
9473955
9473956
9473957
9473958
9473959
9473960
9473961
9473962
9473963
9473964
9473965
9473966
9473967
9473968
9473969
9473970
9473971
9473972
9473973
9473974
9473975
9473976
9473977
9473978
9473979
9473980
9473981
9473982
9473983
9473984
9473985
9473986
9473987
9473988
9473989
9473990
9473991
9473992
9473993
9473994
9473995
9473996
9473997
9473998
9473999
9474000
9474001
9474002
9474003
9474004
9474005
9474006
9474007
9474008
9474009
9474010
9474011
9474012
9474013
9474014
9474015
9474016
9474017
9474018
9474019
9474020
9474021
9474022
9474023
9474024
9474025
9474026
9474027
9474028
9474029
9474030
9474031
9474032
9474033
9474034
9474035
9474036
9474037
9474038
9474039
9474040
9474041
9474042
9474043
9474044
9474045
9474046
9474047
9474048
9474049
9474050
9474051
9474052
9474053
9474054
9474055
9474056
9474057
9474058
9474059
9474060
9474061
9474062
9474063
9474064
9474065
9474066
9474067
9474068
9474069
9474070
9474071
9474072
9474073
9474074
9474075
9474076
9474077
9474078
9474079
9474080
9474081
9474082
9474083
9474084
9474085
9474086
9474087
9474088
9474089
9474090
9474091
9474092
9474093
9474094
9474095
9474096
9474097
9474098
9474099
9474100
9474101
9474102
9474103
9474104
9474105
9474106
9474107
9474108
9474109
9474110
9474111
9474112
9474113
9474114
9474115
9474116
9474117
9474118
9474119
9474120
9474121
9474122
9474123
9474124
9474125
9474126
9474127
9474128
9474129
9474130
9474131
9474132
9474133
9474134
9474135
9474136
9474137
9474138
9474139
9474140
9474141
9474142
9474143
9474144
9474145
9474146
9474147
9474148
9474149
9474150
9474151
9474152
9474153
9474154
9474155
9474156
9474157
9474158
9474159
9474160
9474161
9474162
9474163
9474164
9474165
9474166
9474167
9474168
9474169
9474170
9474171
9474172
9474173
9474174
9474175
9474176
9474177
9474178
9474179
9474180
9474181
9474182
9474183
9474184
9474185
9474186
9474187
9474188
9474189
9474190
9474191
9474192
9474193
9474194
9474195
9474196
9474197
9474198
9474199
9474200
9474201
9474202
9474203
9474204
9474205
9474206
9474207
9474208
9474209
9474210
9474211
9474212
9474213
9474214
9474215
9474216
9474217
9474218
9474219
9474220
9474221
9474222
9474223
9474224
9474225
9474226
9474227
9474228
9474229
9474230
9474231
9474232
9474233
9474234
9474235
9474236
9474237
9474238
9474239
9474240
9474241
9474242
9474243
9474244
9474245
9474246
9474247
9474248
9474249
9474250
9474251
9474252
9474253
9474254
9474255
9474256
9474257
9474258
9474259
9474260
9474261
9474262
9474263
9474264
9474265
9474266
9474267
9474268
9474269
9474270
9474271
9474272
9474273
9474274
9474275
9474276
9474277
9474278
9474279
9474280
9474281
9474282
9474283
9474284
9474285
9474286
9474287
9474288
9474289
9474290
9474291
9474292
9474293
9474294
9474295
9474296
9474297
9474298
9474299
9474300
9474301
9474302
9474303
9474304
9474305
9474306
9474307
9474308
9474309
9474310
9474311
9474312
9474313
9474314
9474315
9474316
9474317
9474318
9474319
9474320
9474321
9474322
9474323
9474324
9474325
9474326
9474327
9474328
9474329
9474330
9474331
9474332
9474333
9474334
9474335
9474336
9474337
9474338
9474339
9474340
9474341
9474342
9474343
9474344
9474345
9474346
9474347
9474348
9474349
9474350
9474351
9474352
9474353
9474354
9474355
9474356
9474357
9474358
9474359
9474360
9474361
9474362
9474363
9474364
9474365
9474366
9474367
9474368
9474369
9474370
9474371
9474372
9474373
9474374
9474375
9474376
9474377
9474378
9474379
9474380
9474381
9474382
9474383
9474384
9474385
9474386
9474387
9474388
9474389
9474390
9474391
9474392
9474393
9474394
9474395
9474396
9474397
9474398
9474399
9474400
9474401
9474402
9474403
9474404
9474405
9474406
9474407
9474408
9474409
9474410
9474411
9474412
9474413
9474414
9474415
9474416
9474417
9474418
9474419
9474420
9474421
9474422
9474423
9474424
9474425
9474426
9474427
9474428
9474429
9474430
9474431
9474432
9474433
9474434
9474435
9474436
9474437
9474438
9474439
9474440
9474441
9474442
9474443
9474444
9474445
9474446
9474447
9474448
9474449
9474450
9474451
9474452
9474453
9474454
9474455
9474456
9474457
9474458
9474459
9474460
9474461
9474462
9474463
9474464
9474465
9474466
9474467
9474468
9474469
9474470
9474471
9474472
9474473
9474474
9474475
9474476
9474477
9474478
9474479
9474480
9474481
9474482
9474483
9474484
9474485
9474486
9474487
9474488
9474489
9474490
9474491
9474492
9474493
9474494
9474495
9474496
9474497
9474498
9474499
9474500
9474501
9474502
9474503
9474504
9474505
9474506
9474507
9474508
9474509
9474510
9474511
9474512
9474513
9474514
9474515
9474516
9474517
9474518
9474519
9474520
9474521
9474522
9474523
9474524
9474525
9474526
9474527
9474528
9474529
9474530
9474531
9474532
9474533
9474534
9474535
9474536
9474537
9474538
9474539
9474540
9474541
9474542
9474543
9474544
9474545
9474546
9474547
9474548
9474549
9474550
9474551
9474552
9474553
9474554
9474555
9474556
9474557
9474558
9474559
9474560
9474561
9474562
9474563
9474564
9474565
9474566
9474567
9474568
9474569
9474570
9474571
9474572
9474573
9474574
9474575
9474576
9474577
9474578
9474579
9474580
9474581
9474582
9474583
9474584
9474585
9474586
9474587
9474588
9474589
9474590
9474591
9474592
9474593
9474594
9474595
9474596
9474597
9474598
9474599
9474600
9474601
9474602
9474603
9474604
9474605
9474606
9474607
9474608
9474609
9474610
9474611
9474612
9474613
9474614
9474615
9474616
9474617
9474618
9474619
9474620
9474621
9474622
9474623
9474624
9474625
9474626
9474627
9474628
9474629
9474630
9474631
9474632
9474633
9474634
9474635
9474636
9474637
9474638
9474639
9474640
9474641
9474642
9474643
9474644
9474645
9474646
9474647
9474648
9474649
9474650
9474651
9474652
9474653
9474654
9474655
9474656
9474657
9474658
9474659
9474660
9474661
9474662
9474663
9474664
9474665
9474666
9474667
9474668
9474669
9474670
9474671
9474672
9474673
9474674
9474675
9474676
9474677
9474678
9474679
9474680
9474681
9474682
9474683
9474684
9474685
9474686
9474687
9474688
9474689
9474690
9474691
9474692
9474693
9474694
9474695
9474696
9474697
9474698
9474699
9474700
9474701
9474702
9474703
9474704
9474705
9474706
9474707
9474708
9474709
9474710
9474711
9474712
9474713
9474714
9474715
9474716
9474717
9474718
9474719
9474720
9474721
9474722
9474723
9474724
9474725
9474726
9474727
9474728
9474729
9474730
9474731
9474732
9474733
9474734
9474735
9474736
9474737
9474738
9474739
9474740
9474741
9474742
9474743
9474744
9474745
9474746
9474747
9474748
9474749
9474750
9474751
9474752
9474753
9474754
9474755
9474756
9474757
9474758
9474759
9474760
9474761
9474762
9474763
9474764
9474765
9474766
9474767
9474768
9474769
9474770
9474771
9474772
9474773
9474774
9474775
9474776
9474777
9474778
9474779
9474780
9474781
9474782
9474783
9474784
9474785
9474786
9474787
9474788
9474789
9474790
9474791
9474792
9474793
9474794
9474795
9474796
9474797
9474798
9474799
9474800
9474801
9474802
9474803
9474804
9474805
9474806
9474807
9474808
9474809
9474810
9474811
9474812
9474813
9474814
9474815
9474816
9474817
9474818
9474819
9474820
9474821
9474822
9474823
9474824
9474825
9474826
9474827
9474828
9474829
9474830
9474831
9474832
9474833
9474834
9474835
9474836
9474837
9474838
9474839
9474840
9474841
9474842
9474843
9474844
9474845
9474846
9474847
9474848
9474849
9474850
9474851
9474852
9474853
9474854
9474855
9474856
9474857
9474858
9474859
9474860
9474861
9474862
9474863
9474864
9474865
9474866
9474867
9474868
9474869
9474870
9474871
9474872
9474873
9474874
9474875
9474876
9474877
9474878
9474879
9474880
9474881
9474882
9474883
9474884
9474885
9474886
9474887
9474888
9474889
9474890
9474891
9474892
9474893
9474894
9474895
9474896
9474897
9474898
9474899
9474900
9474901
9474902
9474903
9474904
9474905
9474906
9474907
9474908
9474909
9474910
9474911
9474912
9474913
9474914
9474915
9474916
9474917
9474918
9474919
9474920
9474921
9474922
9474923
9474924
9474925
9474926
9474927
9474928
9474929
9474930
9474931
9474932
9474933
9474934
9474935
9474936
9474937
9474938
9474939
9474940
9474941
9474942
9474943
9474944
9474945
9474946
9474947
9474948
9474949
9474950
9474951
9474952
9474953
9474954
9474955
9474956
9474957
9474958
9474959
9474960
9474961
9474962
9474963
9474964
9474965
9474966
9474967
9474968
9474969
9474970
9474971
9474972
9474973
9474974
9474975
9474976
9474977
9474978
9474979
9474980
9474981
9474982
9474983
9474984
9474985
9474986
9474987
9474988
9474989
9474990
9474991
9474992
9474993
9474994
9474995
9474996
9474997
9474998
9474999
9475000
9475001
9475002
9475003
9475004
9475005
9475006
9475007
9475008
9475009
9475010
9475011
9475012
9475013
9475014
9475015
9475016
9475017
9475018
9475019
9475020
9475021
9475022
9475023
9475024
9475025
9475026
9475027
9475028
9475029
9475030
9475031
9475032
9475033
9475034
9475035
9475036
9475037
9475038
9475039
9475040
9475041
9475042
9475043
9475044
9475045
9475046
9475047
9475048
9475049
9475050
9475051
9475052
9475053
9475054
9475055
9475056
9475057
9475058
9475059
9475060
9475061
9475062
9475063
9475064
9475065
9475066
9475067
9475068
9475069
9475070
9475071
9475072
9475073
9475074
9475075
9475076
9475077
9475078
9475079
9475080
9475081
9475082
9475083
9475084
9475085
9475086
9475087
9475088
9475089
9475090
9475091
9475092
9475093
9475094
9475095
9475096
9475097
9475098
9475099
9475100
9475101
9475102
9475103
9475104
9475105
9475106
9475107
9475108
9475109
9475110
9475111
9475112
9475113
9475114
9475115
9475116
9475117
9475118
9475119
9475120
9475121
9475122
9475123
9475124
9475125
9475126
9475127
9475128
9475129
9475130
9475131
9475132
9475133
9475134
9475135
9475136
9475137
9475138
9475139
9475140
9475141
9475142
9475143
9475144
9475145
9475146
9475147
9475148
9475149
9475150
9475151
9475152
9475153
9475154
9475155
9475156
9475157
9475158
9475159
9475160
9475161
9475162
9475163
9475164
9475165
9475166
9475167
9475168
9475169
9475170
9475171
9475172
9475173
9475174
9475175
9475176
9475177
9475178
9475179
9475180
9475181
9475182
9475183
9475184
9475185
9475186
9475187
9475188
9475189
9475190
9475191
9475192
9475193
9475194
9475195
9475196
9475197
9475198
9475199
9475200
9475201
9475202
9475203
9475204
9475205
9475206
9475207
9475208
9475209
9475210
9475211
9475212
9475213
9475214
9475215
9475216
9475217
9475218
9475219
9475220
9475221
9475222
9475223
9475224
9475225
9475226
9475227
9475228
9475229
9475230
9475231
9475232
9475233
9475234
9475235
9475236
9475237
9475238
9475239
9475240
9475241
9475242
9475243
9475244
9475245
9475246
9475247
9475248
9475249
9475250
9475251
9475252
9475253
9475254
9475255
9475256
9475257
9475258
9475259
9475260
9475261
9475262
9475263
9475264
9475265
9475266
9475267
9475268
9475269
9475270
9475271
9475272
9475273
9475274
9475275
9475276
9475277
9475278
9475279
9475280
9475281
9475282
9475283
9475284
9475285
9475286
9475287
9475288
9475289
9475290
9475291
9475292
9475293
9475294
9475295
9475296
9475297
9475298
9475299
9475300
9475301
9475302
9475303
9475304
9475305
9475306
9475307
9475308
9475309
9475310
9475311
9475312
9475313
9475314
9475315
9475316
9475317
9475318
9475319
9475320
9475321
9475322
9475323
9475324
9475325
9475326
9475327
9475328
9475329
9475330
9475331
9475332
9475333
9475334
9475335
9475336
9475337
9475338
9475339
9475340
9475341
9475342
9475343
9475344
9475345
9475346
9475347
9475348
9475349
9475350
9475351
9475352
9475353
9475354
9475355
9475356
9475357
9475358
9475359
9475360
9475361
9475362
9475363
9475364
9475365
9475366
9475367
9475368
9475369
9475370
9475371
9475372
9475373
9475374
9475375
9475376
9475377
9475378
9475379
9475380
9475381
9475382
9475383
9475384
9475385
9475386
9475387
9475388
9475389
9475390
9475391
9475392
9475393
9475394
9475395
9475396
9475397
9475398
9475399
9475400
9475401
9475402
9475403
9475404
9475405
9475406
9475407
9475408
9475409
9475410
9475411
9475412
9475413
9475414
9475415
9475416
9475417
9475418
9475419
9475420
9475421
9475422
9475423
9475424
9475425
9475426
9475427
9475428
9475429
9475430
9475431
9475432
9475433
9475434
9475435
9475436
9475437
9475438
9475439
9475440
9475441
9475442
9475443
9475444
9475445
9475446
9475447
9475448
9475449
9475450
9475451
9475452
9475453
9475454
9475455
9475456
9475457
9475458
9475459
9475460
9475461
9475462
9475463
9475464
9475465
9475466
9475467
9475468
9475469
9475470
9475471
9475472
9475473
9475474
9475475
9475476
9475477
9475478
9475479
9475480
9475481
9475482
9475483
9475484
9475485
9475486
9475487
9475488
9475489
9475490
9475491
9475492
9475493
9475494
9475495
9475496
9475497
9475498
9475499
9475500
9475501
9475502
9475503
9475504
9475505
9475506
9475507
9475508
9475509
9475510
9475511
9475512
9475513
9475514
9475515
9475516
9475517
9475518
9475519
9475520
9475521
9475522
9475523
9475524
9475525
9475526
9475527
9475528
9475529
9475530
9475531
9475532
9475533
9475534
9475535
9475536
9475537
9475538
9475539
9475540
9475541
9475542
9475543
9475544
9475545
9475546
9475547
9475548
9475549
9475550
9475551
9475552
9475553
9475554
9475555
9475556
9475557
9475558
9475559
9475560
9475561
9475562
9475563
9475564
9475565
9475566
9475567
9475568
9475569
9475570
9475571
9475572
9475573
9475574
9475575
9475576
9475577
9475578
9475579
9475580
9475581
9475582
9475583
9475584
9475585
9475586
9475587
9475588
9475589
9475590
9475591
9475592
9475593
9475594
9475595
9475596
9475597
9475598
9475599
9475600
9475601
9475602
9475603
9475604
9475605
9475606
9475607
9475608
9475609
9475610
9475611
9475612
9475613
9475614
9475615
9475616
9475617
9475618
9475619
9475620
9475621
9475622
9475623
9475624
9475625
9475626
9475627
9475628
9475629
9475630
9475631
9475632
9475633
9475634
9475635
9475636
9475637
9475638
9475639
9475640
9475641
9475642
9475643
9475644
9475645
9475646
9475647
9475648
9475649
9475650
9475651
9475652
9475653
9475654
9475655
9475656
9475657
9475658
9475659
9475660
9475661
9475662
9475663
9475664
9475665
9475666
9475667
9475668
9475669
9475670
9475671
9475672
9475673
9475674
9475675
9475676
9475677
9475678
9475679
9475680
9475681
9475682
9475683
9475684
9475685
9475686
9475687
9475688
9475689
9475690
9475691
9475692
9475693
9475694
9475695
9475696
9475697
9475698
9475699
9475700
9475701
9475702
9475703
9475704
9475705
9475706
9475707
9475708
9475709
9475710
9475711
9475712
9475713
9475714
9475715
9475716
9475717
9475718
9475719
9475720
9475721
9475722
9475723
9475724
9475725
9475726
9475727
9475728
9475729
9475730
9475731
9475732
9475733
9475734
9475735
9475736
9475737
9475738
9475739
9475740
9475741
9475742
9475743
9475744
9475745
9475746
9475747
9475748
9475749
9475750
9475751
9475752
9475753
9475754
9475755
9475756
9475757
9475758
9475759
9475760
9475761
9475762
9475763
9475764
9475765
9475766
9475767
9475768
9475769
9475770
9475771
9475772
9475773
9475774
9475775
9475776
9475777
9475778
9475779
9475780
9475781
9475782
9475783
9475784
9475785
9475786
9475787
9475788
9475789
9475790
9475791
9475792
9475793
9475794
9475795
9475796
9475797
9475798
9475799
9475800
9475801
9475802
9475803
9475804
9475805
9475806
9475807
9475808
9475809
9475810
9475811
9475812
9475813
9475814
9475815
9475816
9475817
9475818
9475819
9475820
9475821
9475822
9475823
9475824
9475825
9475826
9475827
9475828
9475829
9475830
9475831
9475832
9475833
9475834
9475835
9475836
9475837
9475838
9475839
9475840
9475841
9475842
9475843
9475844
9475845
9475846
9475847
9475848
9475849
9475850
9475851
9475852
9475853
9475854
9475855
9475856
9475857
9475858
9475859
9475860
9475861
9475862
9475863
9475864
9475865
9475866
9475867
9475868
9475869
9475870
9475871
9475872
9475873
9475874
9475875
9475876
9475877
9475878
9475879
9475880
9475881
9475882
9475883
9475884
9475885
9475886
9475887
9475888
9475889
9475890
9475891
9475892
9475893
9475894
9475895
9475896
9475897
9475898
9475899
9475900
9475901
9475902
9475903
9475904
9475905
9475906
9475907
9475908
9475909
9475910
9475911
9475912
9475913
9475914
9475915
9475916
9475917
9475918
9475919
9475920
9475921
9475922
9475923
9475924
9475925
9475926
9475927
9475928
9475929
9475930
9475931
9475932
9475933
9475934
9475935
9475936
9475937
9475938
9475939
9475940
9475941
9475942
9475943
9475944
9475945
9475946
9475947
9475948
9475949
9475950
9475951
9475952
9475953
9475954
9475955
9475956
9475957
9475958
9475959
9475960
9475961
9475962
9475963
9475964
9475965
9475966
9475967
9475968
9475969
9475970
9475971
9475972
9475973
9475974
9475975
9475976
9475977
9475978
9475979
9475980
9475981
9475982
9475983
9475984
9475985
9475986
9475987
9475988
9475989
9475990
9475991
9475992
9475993
9475994
9475995
9475996
9475997
9475998
9475999
9476000
9476001
9476002
9476003
9476004
9476005
9476006
9476007
9476008
9476009
9476010
9476011
9476012
9476013
9476014
9476015
9476016
9476017
9476018
9476019
9476020
9476021
9476022
9476023
9476024
9476025
9476026
9476027
9476028
9476029
9476030
9476031
9476032
9476033
9476034
9476035
9476036
9476037
9476038
9476039
9476040
9476041
9476042
9476043
9476044
9476045
9476046
9476047
9476048
9476049
9476050
9476051
9476052
9476053
9476054
9476055
9476056
9476057
9476058
9476059
9476060
9476061
9476062
9476063
9476064
9476065
9476066
9476067
9476068
9476069
9476070
9476071
9476072
9476073
9476074
9476075
9476076
9476077
9476078
9476079
9476080
9476081
9476082
9476083
9476084
9476085
9476086
9476087
9476088
9476089
9476090
9476091
9476092
9476093
9476094
9476095
9476096
9476097
9476098
9476099
9476100
9476101
9476102
9476103
9476104
9476105
9476106
9476107
9476108
9476109
9476110
9476111
9476112
9476113
9476114
9476115
9476116
9476117
9476118
9476119
9476120
9476121
9476122
9476123
9476124
9476125
9476126
9476127
9476128
9476129
9476130
9476131
9476132
9476133
9476134
9476135
9476136
9476137
9476138
9476139
9476140
9476141
9476142
9476143
9476144
9476145
9476146
9476147
9476148
9476149
9476150
9476151
9476152
9476153
9476154
9476155
9476156
9476157
9476158
9476159
9476160
9476161
9476162
9476163
9476164
9476165
9476166
9476167
9476168
9476169
9476170
9476171
9476172
9476173
9476174
9476175
9476176
9476177
9476178
9476179
9476180
9476181
9476182
9476183
9476184
9476185
9476186
9476187
9476188
9476189
9476190
9476191
9476192
9476193
9476194
9476195
9476196
9476197
9476198
9476199
9476200
9476201
9476202
9476203
9476204
9476205
9476206
9476207
9476208
9476209
9476210
9476211
9476212
9476213
9476214
9476215
9476216
9476217
9476218
9476219
9476220
9476221
9476222
9476223
9476224
9476225
9476226
9476227
9476228
9476229
9476230
9476231
9476232
9476233
9476234
9476235
9476236
9476237
9476238
9476239
9476240
9476241
9476242
9476243
9476244
9476245
9476246
9476247
9476248
9476249
9476250
9476251
9476252
9476253
9476254
9476255
9476256
9476257
9476258
9476259
9476260
9476261
9476262
9476263
9476264
9476265
9476266
9476267
9476268
9476269
9476270
9476271
9476272
9476273
9476274
9476275
9476276
9476277
9476278
9476279
9476280
9476281
9476282
9476283
9476284
9476285
9476286
9476287
9476288
9476289
9476290
9476291
9476292
9476293
9476294
9476295
9476296
9476297
9476298
9476299
9476300
9476301
9476302
9476303
9476304
9476305
9476306
9476307
9476308
9476309
9476310
9476311
9476312
9476313
9476314
9476315
9476316
9476317
9476318
9476319
9476320
9476321
9476322
9476323
9476324
9476325
9476326
9476327
9476328
9476329
9476330
9476331
9476332
9476333
9476334
9476335
9476336
9476337
9476338
9476339
9476340
9476341
9476342
9476343
9476344
9476345
9476346
9476347
9476348
9476349
9476350
9476351
9476352
9476353
9476354
9476355
9476356
9476357
9476358
9476359
9476360
9476361
9476362
9476363
9476364
9476365
9476366
9476367
9476368
9476369
9476370
9476371
9476372
9476373
9476374
9476375
9476376
9476377
9476378
9476379
9476380
9476381
9476382
9476383
9476384
9476385
9476386
9476387
9476388
9476389
9476390
9476391
9476392
9476393
9476394
9476395
9476396
9476397
9476398
9476399
9476400
9476401
9476402
9476403
9476404
9476405
9476406
9476407
9476408
9476409
9476410
9476411
9476412
9476413
9476414
9476415
9476416
9476417
9476418
9476419
9476420
9476421
9476422
9476423
9476424
9476425
9476426
9476427
9476428
9476429
9476430
9476431
9476432
9476433
9476434
9476435
9476436
9476437
9476438
9476439
9476440
9476441
9476442
9476443
9476444
9476445
9476446
9476447
9476448
9476449
9476450
9476451
9476452
9476453
9476454
9476455
9476456
9476457
9476458
9476459
9476460
9476461
9476462
9476463
9476464
9476465
9476466
9476467
9476468
9476469
9476470
9476471
9476472
9476473
9476474
9476475
9476476
9476477
9476478
9476479
9476480
9476481
9476482
9476483
9476484
9476485
9476486
9476487
9476488
9476489
9476490
9476491
9476492
9476493
9476494
9476495
9476496
9476497
9476498
9476499
9476500
9476501
9476502
9476503
9476504
9476505
9476506
9476507
9476508
9476509
9476510
9476511
9476512
9476513
9476514
9476515
9476516
9476517
9476518
9476519
9476520
9476521
9476522
9476523
9476524
9476525
9476526
9476527
9476528
9476529
9476530
9476531
9476532
9476533
9476534
9476535
9476536
9476537
9476538
9476539
9476540
9476541
9476542
9476543
9476544
9476545
9476546
9476547
9476548
9476549
9476550
9476551
9476552
9476553
9476554
9476555
9476556
9476557
9476558
9476559
9476560
9476561
9476562
9476563
9476564
9476565
9476566
9476567
9476568
9476569
9476570
9476571
9476572
9476573
9476574
9476575
9476576
9476577
9476578
9476579
9476580
9476581
9476582
9476583
9476584
9476585
9476586
9476587
9476588
9476589
9476590
9476591
9476592
9476593
9476594
9476595
9476596
9476597
9476598
9476599
9476600
9476601
9476602
9476603
9476604
9476605
9476606
9476607
9476608
9476609
9476610
9476611
9476612
9476613
9476614
9476615
9476616
9476617
9476618
9476619
9476620
9476621
9476622
9476623
9476624
9476625
9476626
9476627
9476628
9476629
9476630
9476631
9476632
9476633
9476634
9476635
9476636
9476637
9476638
9476639
9476640
9476641
9476642
9476643
9476644
9476645
9476646
9476647
9476648
9476649
9476650
9476651
9476652
9476653
9476654
9476655
9476656
9476657
9476658
9476659
9476660
9476661
9476662
9476663
9476664
9476665
9476666
9476667
9476668
9476669
9476670
9476671
9476672
9476673
9476674
9476675
9476676
9476677
9476678
9476679
9476680
9476681
9476682
9476683
9476684
9476685
9476686
9476687
9476688
9476689
9476690
9476691
9476692
9476693
9476694
9476695
9476696
9476697
9476698
9476699
9476700
9476701
9476702
9476703
9476704
9476705
9476706
9476707
9476708
9476709
9476710
9476711
9476712
9476713
9476714
9476715
9476716
9476717
9476718
9476719
9476720
9476721
9476722
9476723
9476724
9476725
9476726
9476727
9476728
9476729
9476730
9476731
9476732
9476733
9476734
9476735
9476736
9476737
9476738
9476739
9476740
9476741
9476742
9476743
9476744
9476745
9476746
9476747
9476748
9476749
9476750
9476751
9476752
9476753
9476754
9476755
9476756
9476757
9476758
9476759
9476760
9476761
9476762
9476763
9476764
9476765
9476766
9476767
9476768
9476769
9476770
9476771
9476772
9476773
9476774
9476775
9476776
9476777
9476778
9476779
9476780
9476781
9476782
9476783
9476784
9476785
9476786
9476787
9476788
9476789
9476790
9476791
9476792
9476793
9476794
9476795
9476796
9476797
9476798
9476799
9476800
9476801
9476802
9476803
9476804
9476805
9476806
9476807
9476808
9476809
9476810
9476811
9476812
9476813
9476814
9476815
9476816
9476817
9476818
9476819
9476820
9476821
9476822
9476823
9476824
9476825
9476826
9476827
9476828
9476829
9476830
9476831
9476832
9476833
9476834
9476835
9476836
9476837
9476838
9476839
9476840
9476841
9476842
9476843
9476844
9476845
9476846
9476847
9476848
9476849
9476850
9476851
9476852
9476853
9476854
9476855
9476856
9476857
9476858
9476859
9476860
9476861
9476862
9476863
9476864
9476865
9476866
9476867
9476868
9476869
9476870
9476871
9476872
9476873
9476874
9476875
9476876
9476877
9476878
9476879
9476880
9476881
9476882
9476883
9476884
9476885
9476886
9476887
9476888
9476889
9476890
9476891
9476892
9476893
9476894
9476895
9476896
9476897
9476898
9476899
9476900
9476901
9476902
9476903
9476904
9476905
9476906
9476907
9476908
9476909
9476910
9476911
9476912
9476913
9476914
9476915
9476916
9476917
9476918
9476919
9476920
9476921
9476922
9476923
9476924
9476925
9476926
9476927
9476928
9476929
9476930
9476931
9476932
9476933
9476934
9476935
9476936
9476937
9476938
9476939
9476940
9476941
9476942
9476943
9476944
9476945
9476946
9476947
9476948
9476949
9476950
9476951
9476952
9476953
9476954
9476955
9476956
9476957
9476958
9476959
9476960
9476961
9476962
9476963
9476964
9476965
9476966
9476967
9476968
9476969
9476970
9476971
9476972
9476973
9476974
9476975
9476976
9476977
9476978
9476979
9476980
9476981
9476982
9476983
9476984
9476985
9476986
9476987
9476988
9476989
9476990
9476991
9476992
9476993
9476994
9476995
9476996
9476997
9476998
9476999
9477000
9477001
9477002
9477003
9477004
9477005
9477006
9477007
9477008
9477009
9477010
9477011
9477012
9477013
9477014
9477015
9477016
9477017
9477018
9477019
9477020
9477021
9477022
9477023
9477024
9477025
9477026
9477027
9477028
9477029
9477030
9477031
9477032
9477033
9477034
9477035
9477036
9477037
9477038
9477039
9477040
9477041
9477042
9477043
9477044
9477045
9477046
9477047
9477048
9477049
9477050
9477051
9477052
9477053
9477054
9477055
9477056
9477057
9477058
9477059
9477060
9477061
9477062
9477063
9477064
9477065
9477066
9477067
9477068
9477069
9477070
9477071
9477072
9477073
9477074
9477075
9477076
9477077
9477078
9477079
9477080
9477081
9477082
9477083
9477084
9477085
9477086
9477087
9477088
9477089
9477090
9477091
9477092
9477093
9477094
9477095
9477096
9477097
9477098
9477099
9477100
9477101
9477102
9477103
9477104
9477105
9477106
9477107
9477108
9477109
9477110
9477111
9477112
9477113
9477114
9477115
9477116
9477117
9477118
9477119
9477120
9477121
9477122
9477123
9477124
9477125
9477126
9477127
9477128
9477129
9477130
9477131
9477132
9477133
9477134
9477135
9477136
9477137
9477138
9477139
9477140
9477141
9477142
9477143
9477144
9477145
9477146
9477147
9477148
9477149
9477150
9477151
9477152
9477153
9477154
9477155
9477156
9477157
9477158
9477159
9477160
9477161
9477162
9477163
9477164
9477165
9477166
9477167
9477168
9477169
9477170
9477171
9477172
9477173
9477174
9477175
9477176
9477177
9477178
9477179
9477180
9477181
9477182
9477183
9477184
9477185
9477186
9477187
9477188
9477189
9477190
9477191
9477192
9477193
9477194
9477195
9477196
9477197
9477198
9477199
9477200
9477201
9477202
9477203
9477204
9477205
9477206
9477207
9477208
9477209
9477210
9477211
9477212
9477213
9477214
9477215
9477216
9477217
9477218
9477219
9477220
9477221
9477222
9477223
9477224
9477225
9477226
9477227
9477228
9477229
9477230
9477231
9477232
9477233
9477234
9477235
9477236
9477237
9477238
9477239
9477240
9477241
9477242
9477243
9477244
9477245
9477246
9477247
9477248
9477249
9477250
9477251
9477252
9477253
9477254
9477255
9477256
9477257
9477258
9477259
9477260
9477261
9477262
9477263
9477264
9477265
9477266
9477267
9477268
9477269
9477270
9477271
9477272
9477273
9477274
9477275
9477276
9477277
9477278
9477279
9477280
9477281
9477282
9477283
9477284
9477285
9477286
9477287
9477288
9477289
9477290
9477291
9477292
9477293
9477294
9477295
9477296
9477297
9477298
9477299
9477300
9477301
9477302
9477303
9477304
9477305
9477306
9477307
9477308
9477309
9477310
9477311
9477312
9477313
9477314
9477315
9477316
9477317
9477318
9477319
9477320
9477321
9477322
9477323
9477324
9477325
9477326
9477327
9477328
9477329
9477330
9477331
9477332
9477333
9477334
9477335
9477336
9477337
9477338
9477339
9477340
9477341
9477342
9477343
9477344
9477345
9477346
9477347
9477348
9477349
9477350
9477351
9477352
9477353
9477354
9477355
9477356
9477357
9477358
9477359
9477360
9477361
9477362
9477363
9477364
9477365
9477366
9477367
9477368
9477369
9477370
9477371
9477372
9477373
9477374
9477375
9477376
9477377
9477378
9477379
9477380
9477381
9477382
9477383
9477384
9477385
9477386
9477387
9477388
9477389
9477390
9477391
9477392
9477393
9477394
9477395
9477396
9477397
9477398
9477399
9477400
9477401
9477402
9477403
9477404
9477405
9477406
9477407
9477408
9477409
9477410
9477411
9477412
9477413
9477414
9477415
9477416
9477417
9477418
9477419
9477420
9477421
9477422
9477423
9477424
9477425
9477426
9477427
9477428
9477429
9477430
9477431
9477432
9477433
9477434
9477435
9477436
9477437
9477438
9477439
9477440
9477441
9477442
9477443
9477444
9477445
9477446
9477447
9477448
9477449
9477450
9477451
9477452
9477453
9477454
9477455
9477456
9477457
9477458
9477459
9477460
9477461
9477462
9477463
9477464
9477465
9477466
9477467
9477468
9477469
9477470
9477471
9477472
9477473
9477474
9477475
9477476
9477477
9477478
9477479
9477480
9477481
9477482
9477483
9477484
9477485
9477486
9477487
9477488
9477489
9477490
9477491
9477492
9477493
9477494
9477495
9477496
9477497
9477498
9477499
9477500
9477501
9477502
9477503
9477504
9477505
9477506
9477507
9477508
9477509
9477510
9477511
9477512
9477513
9477514
9477515
9477516
9477517
9477518
9477519
9477520
9477521
9477522
9477523
9477524
9477525
9477526
9477527
9477528
9477529
9477530
9477531
9477532
9477533
9477534
9477535
9477536
9477537
9477538
9477539
9477540
9477541
9477542
9477543
9477544
9477545
9477546
9477547
9477548
9477549
9477550
9477551
9477552
9477553
9477554
9477555
9477556
9477557
9477558
9477559
9477560
9477561
9477562
9477563
9477564
9477565
9477566
9477567
9477568
9477569
9477570
9477571
9477572
9477573
9477574
9477575
9477576
9477577
9477578
9477579
9477580
9477581
9477582
9477583
9477584
9477585
9477586
9477587
9477588
9477589
9477590
9477591
9477592
9477593
9477594
9477595
9477596
9477597
9477598
9477599
9477600
9477601
9477602
9477603
9477604
9477605
9477606
9477607
9477608
9477609
9477610
9477611
9477612
9477613
9477614
9477615
9477616
9477617
9477618
9477619
9477620
9477621
9477622
9477623
9477624
9477625
9477626
9477627
9477628
9477629
9477630
9477631
9477632
9477633
9477634
9477635
9477636
9477637
9477638
9477639
9477640
9477641
9477642
9477643
9477644
9477645
9477646
9477647
9477648
9477649
9477650
9477651
9477652
9477653
9477654
9477655
9477656
9477657
9477658
9477659
9477660
9477661
9477662
9477663
9477664
9477665
9477666
9477667
9477668
9477669
9477670
9477671
9477672
9477673
9477674
9477675
9477676
9477677
9477678
9477679
9477680
9477681
9477682
9477683
9477684
9477685
9477686
9477687
9477688
9477689
9477690
9477691
9477692
9477693
9477694
9477695
9477696
9477697
9477698
9477699
9477700
9477701
9477702
9477703
9477704
9477705
9477706
9477707
9477708
9477709
9477710
9477711
9477712
9477713
9477714
9477715
9477716
9477717
9477718
9477719
9477720
9477721
9477722
9477723
9477724
9477725
9477726
9477727
9477728
9477729
9477730
9477731
9477732
9477733
9477734
9477735
9477736
9477737
9477738
9477739
9477740
9477741
9477742
9477743
9477744
9477745
9477746
9477747
9477748
9477749
9477750
9477751
9477752
9477753
9477754
9477755
9477756
9477757
9477758
9477759
9477760
9477761
9477762
9477763
9477764
9477765
9477766
9477767
9477768
9477769
9477770
9477771
9477772
9477773
9477774
9477775
9477776
9477777
9477778
9477779
9477780
9477781
9477782
9477783
9477784
9477785
9477786
9477787
9477788
9477789
9477790
9477791
9477792
9477793
9477794
9477795
9477796
9477797
9477798
9477799
9477800
9477801
9477802
9477803
9477804
9477805
9477806
9477807
9477808
9477809
9477810
9477811
9477812
9477813
9477814
9477815
9477816
9477817
9477818
9477819
9477820
9477821
9477822
9477823
9477824
9477825
9477826
9477827
9477828
9477829
9477830
9477831
9477832
9477833
9477834
9477835
9477836
9477837
9477838
9477839
9477840
9477841
9477842
9477843
9477844
9477845
9477846
9477847
9477848
9477849
9477850
9477851
9477852
9477853
9477854
9477855
9477856
9477857
9477858
9477859
9477860
9477861
9477862
9477863
9477864
9477865
9477866
9477867
9477868
9477869
9477870
9477871
9477872
9477873
9477874
9477875
9477876
9477877
9477878
9477879
9477880
9477881
9477882
9477883
9477884
9477885
9477886
9477887
9477888
9477889
9477890
9477891
9477892
9477893
9477894
9477895
9477896
9477897
9477898
9477899
9477900
9477901
9477902
9477903
9477904
9477905
9477906
9477907
9477908
9477909
9477910
9477911
9477912
9477913
9477914
9477915
9477916
9477917
9477918
9477919
9477920
9477921
9477922
9477923
9477924
9477925
9477926
9477927
9477928
9477929
9477930
9477931
9477932
9477933
9477934
9477935
9477936
9477937
9477938
9477939
9477940
9477941
9477942
9477943
9477944
9477945
9477946
9477947
9477948
9477949
9477950
9477951
9477952
9477953
9477954
9477955
9477956
9477957
9477958
9477959
9477960
9477961
9477962
9477963
9477964
9477965
9477966
9477967
9477968
9477969
9477970
9477971
9477972
9477973
9477974
9477975
9477976
9477977
9477978
9477979
9477980
9477981
9477982
9477983
9477984
9477985
9477986
9477987
9477988
9477989
9477990
9477991
9477992
9477993
9477994
9477995
9477996
9477997
9477998
9477999
9478000
9478001
9478002
9478003
9478004
9478005
9478006
9478007
9478008
9478009
9478010
9478011
9478012
9478013
9478014
9478015
9478016
9478017
9478018
9478019
9478020
9478021
9478022
9478023
9478024
9478025
9478026
9478027
9478028
9478029
9478030
9478031
9478032
9478033
9478034
9478035
9478036
9478037
9478038
9478039
9478040
9478041
9478042
9478043
9478044
9478045
9478046
9478047
9478048
9478049
9478050
9478051
9478052
9478053
9478054
9478055
9478056
9478057
9478058
9478059
9478060
9478061
9478062
9478063
9478064
9478065
9478066
9478067
9478068
9478069
9478070
9478071
9478072
9478073
9478074
9478075
9478076
9478077
9478078
9478079
9478080
9478081
9478082
9478083
9478084
9478085
9478086
9478087
9478088
9478089
9478090
9478091
9478092
9478093
9478094
9478095
9478096
9478097
9478098
9478099
9478100
9478101
9478102
9478103
9478104
9478105
9478106
9478107
9478108
9478109
9478110
9478111
9478112
9478113
9478114
9478115
9478116
9478117
9478118
9478119
9478120
9478121
9478122
9478123
9478124
9478125
9478126
9478127
9478128
9478129
9478130
9478131
9478132
9478133
9478134
9478135
9478136
9478137
9478138
9478139
9478140
9478141
9478142
9478143
9478144
9478145
9478146
9478147
9478148
9478149
9478150
9478151
9478152
9478153
9478154
9478155
9478156
9478157
9478158
9478159
9478160
9478161
9478162
9478163
9478164
9478165
9478166
9478167
9478168
9478169
9478170
9478171
9478172
9478173
9478174
9478175
9478176
9478177
9478178
9478179
9478180
9478181
9478182
9478183
9478184
9478185
9478186
9478187
9478188
9478189
9478190
9478191
9478192
9478193
9478194
9478195
9478196
9478197
9478198
9478199
9478200
9478201
9478202
9478203
9478204
9478205
9478206
9478207
9478208
9478209
9478210
9478211
9478212
9478213
9478214
9478215
9478216
9478217
9478218
9478219
9478220
9478221
9478222
9478223
9478224
9478225
9478226
9478227
9478228
9478229
9478230
9478231
9478232
9478233
9478234
9478235
9478236
9478237
9478238
9478239
9478240
9478241
9478242
9478243
9478244
9478245
9478246
9478247
9478248
9478249
9478250
9478251
9478252
9478253
9478254
9478255
9478256
9478257
9478258
9478259
9478260
9478261
9478262
9478263
9478264
9478265
9478266
9478267
9478268
9478269
9478270
9478271
9478272
9478273
9478274
9478275
9478276
9478277
9478278
9478279
9478280
9478281
9478282
9478283
9478284
9478285
9478286
9478287
9478288
9478289
9478290
9478291
9478292
9478293
9478294
9478295
9478296
9478297
9478298
9478299
9478300
9478301
9478302
9478303
9478304
9478305
9478306
9478307
9478308
9478309
9478310
9478311
9478312
9478313
9478314
9478315
9478316
9478317
9478318
9478319
9478320
9478321
9478322
9478323
9478324
9478325
9478326
9478327
9478328
9478329
9478330
9478331
9478332
9478333
9478334
9478335
9478336
9478337
9478338
9478339
9478340
9478341
9478342
9478343
9478344
9478345
9478346
9478347
9478348
9478349
9478350
9478351
9478352
9478353
9478354
9478355
9478356
9478357
9478358
9478359
9478360
9478361
9478362
9478363
9478364
9478365
9478366
9478367
9478368
9478369
9478370
9478371
9478372
9478373
9478374
9478375
9478376
9478377
9478378
9478379
9478380
9478381
9478382
9478383
9478384
9478385
9478386
9478387
9478388
9478389
9478390
9478391
9478392
9478393
9478394
9478395
9478396
9478397
9478398
9478399
9478400
9478401
9478402
9478403
9478404
9478405
9478406
9478407
9478408
9478409
9478410
9478411
9478412
9478413
9478414
9478415
9478416
9478417
9478418
9478419
9478420
9478421
9478422
9478423
9478424
9478425
9478426
9478427
9478428
9478429
9478430
9478431
9478432
9478433
9478434
9478435
9478436
9478437
9478438
9478439
9478440
9478441
9478442
9478443
9478444
9478445
9478446
9478447
9478448
9478449
9478450
9478451
9478452
9478453
9478454
9478455
9478456
9478457
9478458
9478459
9478460
9478461
9478462
9478463
9478464
9478465
9478466
9478467
9478468
9478469
9478470
9478471
9478472
9478473
9478474
9478475
9478476
9478477
9478478
9478479
9478480
9478481
9478482
9478483
9478484
9478485
9478486
9478487
9478488
9478489
9478490
9478491
9478492
9478493
9478494
9478495
9478496
9478497
9478498
9478499
9478500
9478501
9478502
9478503
9478504
9478505
9478506
9478507
9478508
9478509
9478510
9478511
9478512
9478513
9478514
9478515
9478516
9478517
9478518
9478519
9478520
9478521
9478522
9478523
9478524
9478525
9478526
9478527
9478528
9478529
9478530
9478531
9478532
9478533
9478534
9478535
9478536
9478537
9478538
9478539
9478540
9478541
9478542
9478543
9478544
9478545
9478546
9478547
9478548
9478549
9478550
9478551
9478552
9478553
9478554
9478555
9478556
9478557
9478558
9478559
9478560
9478561
9478562
9478563
9478564
9478565
9478566
9478567
9478568
9478569
9478570
9478571
9478572
9478573
9478574
9478575
9478576
9478577
9478578
9478579
9478580
9478581
9478582
9478583
9478584
9478585
9478586
9478587
9478588
9478589
9478590
9478591
9478592
9478593
9478594
9478595
9478596
9478597
9478598
9478599
9478600
9478601
9478602
9478603
9478604
9478605
9478606
9478607
9478608
9478609
9478610
9478611
9478612
9478613
9478614
9478615
9478616
9478617
9478618
9478619
9478620
9478621
9478622
9478623
9478624
9478625
9478626
9478627
9478628
9478629
9478630
9478631
9478632
9478633
9478634
9478635
9478636
9478637
9478638
9478639
9478640
9478641
9478642
9478643
9478644
9478645
9478646
9478647
9478648
9478649
9478650
9478651
9478652
9478653
9478654
9478655
9478656
9478657
9478658
9478659
9478660
9478661
9478662
9478663
9478664
9478665
9478666
9478667
9478668
9478669
9478670
9478671
9478672
9478673
9478674
9478675
9478676
9478677
9478678
9478679
9478680
9478681
9478682
9478683
9478684
9478685
9478686
9478687
9478688
9478689
9478690
9478691
9478692
9478693
9478694
9478695
9478696
9478697
9478698
9478699
9478700
9478701
9478702
9478703
9478704
9478705
9478706
9478707
9478708
9478709
9478710
9478711
9478712
9478713
9478714
9478715
9478716
9478717
9478718
9478719
9478720
9478721
9478722
9478723
9478724
9478725
9478726
9478727
9478728
9478729
9478730
9478731
9478732
9478733
9478734
9478735
9478736
9478737
9478738
9478739
9478740
9478741
9478742
9478743
9478744
9478745
9478746
9478747
9478748
9478749
9478750
9478751
9478752
9478753
9478754
9478755
9478756
9478757
9478758
9478759
9478760
9478761
9478762
9478763
9478764
9478765
9478766
9478767
9478768
9478769
9478770
9478771
9478772
9478773
9478774
9478775
9478776
9478777
9478778
9478779
9478780
9478781
9478782
9478783
9478784
9478785
9478786
9478787
9478788
9478789
9478790
9478791
9478792
9478793
9478794
9478795
9478796
9478797
9478798
9478799
9478800
9478801
9478802
9478803
9478804
9478805
9478806
9478807
9478808
9478809
9478810
9478811
9478812
9478813
9478814
9478815
9478816
9478817
9478818
9478819
9478820
9478821
9478822
9478823
9478824
9478825
9478826
9478827
9478828
9478829
9478830
9478831
9478832
9478833
9478834
9478835
9478836
9478837
9478838
9478839
9478840
9478841
9478842
9478843
9478844
9478845
9478846
9478847
9478848
9478849
9478850
9478851
9478852
9478853
9478854
9478855
9478856
9478857
9478858
9478859
9478860
9478861
9478862
9478863
9478864
9478865
9478866
9478867
9478868
9478869
9478870
9478871
9478872
9478873
9478874
9478875
9478876
9478877
9478878
9478879
9478880
9478881
9478882
9478883
9478884
9478885
9478886
9478887
9478888
9478889
9478890
9478891
9478892
9478893
9478894
9478895
9478896
9478897
9478898
9478899
9478900
9478901
9478902
9478903
9478904
9478905
9478906
9478907
9478908
9478909
9478910
9478911
9478912
9478913
9478914
9478915
9478916
9478917
9478918
9478919
9478920
9478921
9478922
9478923
9478924
9478925
9478926
9478927
9478928
9478929
9478930
9478931
9478932
9478933
9478934
9478935
9478936
9478937
9478938
9478939
9478940
9478941
9478942
9478943
9478944
9478945
9478946
9478947
9478948
9478949
9478950
9478951
9478952
9478953
9478954
9478955
9478956
9478957
9478958
9478959
9478960
9478961
9478962
9478963
9478964
9478965
9478966
9478967
9478968
9478969
9478970
9478971
9478972
9478973
9478974
9478975
9478976
9478977
9478978
9478979
9478980
9478981
9478982
9478983
9478984
9478985
9478986
9478987
9478988
9478989
9478990
9478991
9478992
9478993
9478994
9478995
9478996
9478997
9478998
9478999
9479000
9479001
9479002
9479003
9479004
9479005
9479006
9479007
9479008
9479009
9479010
9479011
9479012
9479013
9479014
9479015
9479016
9479017
9479018
9479019
9479020
9479021
9479022
9479023
9479024
9479025
9479026
9479027
9479028
9479029
9479030
9479031
9479032
9479033
9479034
9479035
9479036
9479037
9479038
9479039
9479040
9479041
9479042
9479043
9479044
9479045
9479046
9479047
9479048
9479049
9479050
9479051
9479052
9479053
9479054
9479055
9479056
9479057
9479058
9479059
9479060
9479061
9479062
9479063
9479064
9479065
9479066
9479067
9479068
9479069
9479070
9479071
9479072
9479073
9479074
9479075
9479076
9479077
9479078
9479079
9479080
9479081
9479082
9479083
9479084
9479085
9479086
9479087
9479088
9479089
9479090
9479091
9479092
9479093
9479094
9479095
9479096
9479097
9479098
9479099
9479100
9479101
9479102
9479103
9479104
9479105
9479106
9479107
9479108
9479109
9479110
9479111
9479112
9479113
9479114
9479115
9479116
9479117
9479118
9479119
9479120
9479121
9479122
9479123
9479124
9479125
9479126
9479127
9479128
9479129
9479130
9479131
9479132
9479133
9479134
9479135
9479136
9479137
9479138
9479139
9479140
9479141
9479142
9479143
9479144
9479145
9479146
9479147
9479148
9479149
9479150
9479151
9479152
9479153
9479154
9479155
9479156
9479157
9479158
9479159
9479160
9479161
9479162
9479163
9479164
9479165
9479166
9479167
9479168
9479169
9479170
9479171
9479172
9479173
9479174
9479175
9479176
9479177
9479178
9479179
9479180
9479181
9479182
9479183
9479184
9479185
9479186
9479187
9479188
9479189
9479190
9479191
9479192
9479193
9479194
9479195
9479196
9479197
9479198
9479199
9479200
9479201
9479202
9479203
9479204
9479205
9479206
9479207
9479208
9479209
9479210
9479211
9479212
9479213
9479214
9479215
9479216
9479217
9479218
9479219
9479220
9479221
9479222
9479223
9479224
9479225
9479226
9479227
9479228
9479229
9479230
9479231
9479232
9479233
9479234
9479235
9479236
9479237
9479238
9479239
9479240
9479241
9479242
9479243
9479244
9479245
9479246
9479247
9479248
9479249
9479250
9479251
9479252
9479253
9479254
9479255
9479256
9479257
9479258
9479259
9479260
9479261
9479262
9479263
9479264
9479265
9479266
9479267
9479268
9479269
9479270
9479271
9479272
9479273
9479274
9479275
9479276
9479277
9479278
9479279
9479280
9479281
9479282
9479283
9479284
9479285
9479286
9479287
9479288
9479289
9479290
9479291
9479292
9479293
9479294
9479295
9479296
9479297
9479298
9479299
9479300
9479301
9479302
9479303
9479304
9479305
9479306
9479307
9479308
9479309
9479310
9479311
9479312
9479313
9479314
9479315
9479316
9479317
9479318
9479319
9479320
9479321
9479322
9479323
9479324
9479325
9479326
9479327
9479328
9479329
9479330
9479331
9479332
9479333
9479334
9479335
9479336
9479337
9479338
9479339
9479340
9479341
9479342
9479343
9479344
9479345
9479346
9479347
9479348
9479349
9479350
9479351
9479352
9479353
9479354
9479355
9479356
9479357
9479358
9479359
9479360
9479361
9479362
9479363
9479364
9479365
9479366
9479367
9479368
9479369
9479370
9479371
9479372
9479373
9479374
9479375
9479376
9479377
9479378
9479379
9479380
9479381
9479382
9479383
9479384
9479385
9479386
9479387
9479388
9479389
9479390
9479391
9479392
9479393
9479394
9479395
9479396
9479397
9479398
9479399
9479400
9479401
9479402
9479403
9479404
9479405
9479406
9479407
9479408
9479409
9479410
9479411
9479412
9479413
9479414
9479415
9479416
9479417
9479418
9479419
9479420
9479421
9479422
9479423
9479424
9479425
9479426
9479427
9479428
9479429
9479430
9479431
9479432
9479433
9479434
9479435
9479436
9479437
9479438
9479439
9479440
9479441
9479442
9479443
9479444
9479445
9479446
9479447
9479448
9479449
9479450
9479451
9479452
9479453
9479454
9479455
9479456
9479457
9479458
9479459
9479460
9479461
9479462
9479463
9479464
9479465
9479466
9479467
9479468
9479469
9479470
9479471
9479472
9479473
9479474
9479475
9479476
9479477
9479478
9479479
9479480
9479481
9479482
9479483
9479484
9479485
9479486
9479487
9479488
9479489
9479490
9479491
9479492
9479493
9479494
9479495
9479496
9479497
9479498
9479499
9479500
9479501
9479502
9479503
9479504
9479505
9479506
9479507
9479508
9479509
9479510
9479511
9479512
9479513
9479514
9479515
9479516
9479517
9479518
9479519
9479520
9479521
9479522
9479523
9479524
9479525
9479526
9479527
9479528
9479529
9479530
9479531
9479532
9479533
9479534
9479535
9479536
9479537
9479538
9479539
9479540
9479541
9479542
9479543
9479544
9479545
9479546
9479547
9479548
9479549
9479550
9479551
9479552
9479553
9479554
9479555
9479556
9479557
9479558
9479559
9479560
9479561
9479562
9479563
9479564
9479565
9479566
9479567
9479568
9479569
9479570
9479571
9479572
9479573
9479574
9479575
9479576
9479577
9479578
9479579
9479580
9479581
9479582
9479583
9479584
9479585
9479586
9479587
9479588
9479589
9479590
9479591
9479592
9479593
9479594
9479595
9479596
9479597
9479598
9479599
9479600
9479601
9479602
9479603
9479604
9479605
9479606
9479607
9479608
9479609
9479610
9479611
9479612
9479613
9479614
9479615
9479616
9479617
9479618
9479619
9479620
9479621
9479622
9479623
9479624
9479625
9479626
9479627
9479628
9479629
9479630
9479631
9479632
9479633
9479634
9479635
9479636
9479637
9479638
9479639
9479640
9479641
9479642
9479643
9479644
9479645
9479646
9479647
9479648
9479649
9479650
9479651
9479652
9479653
9479654
9479655
9479656
9479657
9479658
9479659
9479660
9479661
9479662
9479663
9479664
9479665
9479666
9479667
9479668
9479669
9479670
9479671
9479672
9479673
9479674
9479675
9479676
9479677
9479678
9479679
9479680
9479681
9479682
9479683
9479684
9479685
9479686
9479687
9479688
9479689
9479690
9479691
9479692
9479693
9479694
9479695
9479696
9479697
9479698
9479699
9479700
9479701
9479702
9479703
9479704
9479705
9479706
9479707
9479708
9479709
9479710
9479711
9479712
9479713
9479714
9479715
9479716
9479717
9479718
9479719
9479720
9479721
9479722
9479723
9479724
9479725
9479726
9479727
9479728
9479729
9479730
9479731
9479732
9479733
9479734
9479735
9479736
9479737
9479738
9479739
9479740
9479741
9479742
9479743
9479744
9479745
9479746
9479747
9479748
9479749
9479750
9479751
9479752
9479753
9479754
9479755
9479756
9479757
9479758
9479759
9479760
9479761
9479762
9479763
9479764
9479765
9479766
9479767
9479768
9479769
9479770
9479771
9479772
9479773
9479774
9479775
9479776
9479777
9479778
9479779
9479780
9479781
9479782
9479783
9479784
9479785
9479786
9479787
9479788
9479789
9479790
9479791
9479792
9479793
9479794
9479795
9479796
9479797
9479798
9479799
9479800
9479801
9479802
9479803
9479804
9479805
9479806
9479807
9479808
9479809
9479810
9479811
9479812
9479813
9479814
9479815
9479816
9479817
9479818
9479819
9479820
9479821
9479822
9479823
9479824
9479825
9479826
9479827
9479828
9479829
9479830
9479831
9479832
9479833
9479834
9479835
9479836
9479837
9479838
9479839
9479840
9479841
9479842
9479843
9479844
9479845
9479846
9479847
9479848
9479849
9479850
9479851
9479852
9479853
9479854
9479855
9479856
9479857
9479858
9479859
9479860
9479861
9479862
9479863
9479864
9479865
9479866
9479867
9479868
9479869
9479870
9479871
9479872
9479873
9479874
9479875
9479876
9479877
9479878
9479879
9479880
9479881
9479882
9479883
9479884
9479885
9479886
9479887
9479888
9479889
9479890
9479891
9479892
9479893
9479894
9479895
9479896
9479897
9479898
9479899
9479900
9479901
9479902
9479903
9479904
9479905
9479906
9479907
9479908
9479909
9479910
9479911
9479912
9479913
9479914
9479915
9479916
9479917
9479918
9479919
9479920
9479921
9479922
9479923
9479924
9479925
9479926
9479927
9479928
9479929
9479930
9479931
9479932
9479933
9479934
9479935
9479936
9479937
9479938
9479939
9479940
9479941
9479942
9479943
9479944
9479945
9479946
9479947
9479948
9479949
9479950
9479951
9479952
9479953
9479954
9479955
9479956
9479957
9479958
9479959
9479960
9479961
9479962
9479963
9479964
9479965
9479966
9479967
9479968
9479969
9479970
9479971
9479972
9479973
9479974
9479975
9479976
9479977
9479978
9479979
9479980
9479981
9479982
9479983
9479984
9479985
9479986
9479987
9479988
9479989
9479990
9479991
9479992
9479993
9479994
9479995
9479996
9479997
9479998
9479999
9480000
