9530001
9530002
9530003
9530004
9530005
9530006
9530007
9530008
9530009
9530010
9530011
9530012
9530013
9530014
9530015
9530016
9530017
9530018
9530019
9530020
9530021
9530022
9530023
9530024
9530025
9530026
9530027
9530028
9530029
9530030
9530031
9530032
9530033
9530034
9530035
9530036
9530037
9530038
9530039
9530040
9530041
9530042
9530043
9530044
9530045
9530046
9530047
9530048
9530049
9530050
9530051
9530052
9530053
9530054
9530055
9530056
9530057
9530058
9530059
9530060
9530061
9530062
9530063
9530064
9530065
9530066
9530067
9530068
9530069
9530070
9530071
9530072
9530073
9530074
9530075
9530076
9530077
9530078
9530079
9530080
9530081
9530082
9530083
9530084
9530085
9530086
9530087
9530088
9530089
9530090
9530091
9530092
9530093
9530094
9530095
9530096
9530097
9530098
9530099
9530100
9530101
9530102
9530103
9530104
9530105
9530106
9530107
9530108
9530109
9530110
9530111
9530112
9530113
9530114
9530115
9530116
9530117
9530118
9530119
9530120
9530121
9530122
9530123
9530124
9530125
9530126
9530127
9530128
9530129
9530130
9530131
9530132
9530133
9530134
9530135
9530136
9530137
9530138
9530139
9530140
9530141
9530142
9530143
9530144
9530145
9530146
9530147
9530148
9530149
9530150
9530151
9530152
9530153
9530154
9530155
9530156
9530157
9530158
9530159
9530160
9530161
9530162
9530163
9530164
9530165
9530166
9530167
9530168
9530169
9530170
9530171
9530172
9530173
9530174
9530175
9530176
9530177
9530178
9530179
9530180
9530181
9530182
9530183
9530184
9530185
9530186
9530187
9530188
9530189
9530190
9530191
9530192
9530193
9530194
9530195
9530196
9530197
9530198
9530199
9530200
9530201
9530202
9530203
9530204
9530205
9530206
9530207
9530208
9530209
9530210
9530211
9530212
9530213
9530214
9530215
9530216
9530217
9530218
9530219
9530220
9530221
9530222
9530223
9530224
9530225
9530226
9530227
9530228
9530229
9530230
9530231
9530232
9530233
9530234
9530235
9530236
9530237
9530238
9530239
9530240
9530241
9530242
9530243
9530244
9530245
9530246
9530247
9530248
9530249
9530250
9530251
9530252
9530253
9530254
9530255
9530256
9530257
9530258
9530259
9530260
9530261
9530262
9530263
9530264
9530265
9530266
9530267
9530268
9530269
9530270
9530271
9530272
9530273
9530274
9530275
9530276
9530277
9530278
9530279
9530280
9530281
9530282
9530283
9530284
9530285
9530286
9530287
9530288
9530289
9530290
9530291
9530292
9530293
9530294
9530295
9530296
9530297
9530298
9530299
9530300
9530301
9530302
9530303
9530304
9530305
9530306
9530307
9530308
9530309
9530310
9530311
9530312
9530313
9530314
9530315
9530316
9530317
9530318
9530319
9530320
9530321
9530322
9530323
9530324
9530325
9530326
9530327
9530328
9530329
9530330
9530331
9530332
9530333
9530334
9530335
9530336
9530337
9530338
9530339
9530340
9530341
9530342
9530343
9530344
9530345
9530346
9530347
9530348
9530349
9530350
9530351
9530352
9530353
9530354
9530355
9530356
9530357
9530358
9530359
9530360
9530361
9530362
9530363
9530364
9530365
9530366
9530367
9530368
9530369
9530370
9530371
9530372
9530373
9530374
9530375
9530376
9530377
9530378
9530379
9530380
9530381
9530382
9530383
9530384
9530385
9530386
9530387
9530388
9530389
9530390
9530391
9530392
9530393
9530394
9530395
9530396
9530397
9530398
9530399
9530400
9530401
9530402
9530403
9530404
9530405
9530406
9530407
9530408
9530409
9530410
9530411
9530412
9530413
9530414
9530415
9530416
9530417
9530418
9530419
9530420
9530421
9530422
9530423
9530424
9530425
9530426
9530427
9530428
9530429
9530430
9530431
9530432
9530433
9530434
9530435
9530436
9530437
9530438
9530439
9530440
9530441
9530442
9530443
9530444
9530445
9530446
9530447
9530448
9530449
9530450
9530451
9530452
9530453
9530454
9530455
9530456
9530457
9530458
9530459
9530460
9530461
9530462
9530463
9530464
9530465
9530466
9530467
9530468
9530469
9530470
9530471
9530472
9530473
9530474
9530475
9530476
9530477
9530478
9530479
9530480
9530481
9530482
9530483
9530484
9530485
9530486
9530487
9530488
9530489
9530490
9530491
9530492
9530493
9530494
9530495
9530496
9530497
9530498
9530499
9530500
9530501
9530502
9530503
9530504
9530505
9530506
9530507
9530508
9530509
9530510
9530511
9530512
9530513
9530514
9530515
9530516
9530517
9530518
9530519
9530520
9530521
9530522
9530523
9530524
9530525
9530526
9530527
9530528
9530529
9530530
9530531
9530532
9530533
9530534
9530535
9530536
9530537
9530538
9530539
9530540
9530541
9530542
9530543
9530544
9530545
9530546
9530547
9530548
9530549
9530550
9530551
9530552
9530553
9530554
9530555
9530556
9530557
9530558
9530559
9530560
9530561
9530562
9530563
9530564
9530565
9530566
9530567
9530568
9530569
9530570
9530571
9530572
9530573
9530574
9530575
9530576
9530577
9530578
9530579
9530580
9530581
9530582
9530583
9530584
9530585
9530586
9530587
9530588
9530589
9530590
9530591
9530592
9530593
9530594
9530595
9530596
9530597
9530598
9530599
9530600
9530601
9530602
9530603
9530604
9530605
9530606
9530607
9530608
9530609
9530610
9530611
9530612
9530613
9530614
9530615
9530616
9530617
9530618
9530619
9530620
9530621
9530622
9530623
9530624
9530625
9530626
9530627
9530628
9530629
9530630
9530631
9530632
9530633
9530634
9530635
9530636
9530637
9530638
9530639
9530640
9530641
9530642
9530643
9530644
9530645
9530646
9530647
9530648
9530649
9530650
9530651
9530652
9530653
9530654
9530655
9530656
9530657
9530658
9530659
9530660
9530661
9530662
9530663
9530664
9530665
9530666
9530667
9530668
9530669
9530670
9530671
9530672
9530673
9530674
9530675
9530676
9530677
9530678
9530679
9530680
9530681
9530682
9530683
9530684
9530685
9530686
9530687
9530688
9530689
9530690
9530691
9530692
9530693
9530694
9530695
9530696
9530697
9530698
9530699
9530700
9530701
9530702
9530703
9530704
9530705
9530706
9530707
9530708
9530709
9530710
9530711
9530712
9530713
9530714
9530715
9530716
9530717
9530718
9530719
9530720
9530721
9530722
9530723
9530724
9530725
9530726
9530727
9530728
9530729
9530730
9530731
9530732
9530733
9530734
9530735
9530736
9530737
9530738
9530739
9530740
9530741
9530742
9530743
9530744
9530745
9530746
9530747
9530748
9530749
9530750
9530751
9530752
9530753
9530754
9530755
9530756
9530757
9530758
9530759
9530760
9530761
9530762
9530763
9530764
9530765
9530766
9530767
9530768
9530769
9530770
9530771
9530772
9530773
9530774
9530775
9530776
9530777
9530778
9530779
9530780
9530781
9530782
9530783
9530784
9530785
9530786
9530787
9530788
9530789
9530790
9530791
9530792
9530793
9530794
9530795
9530796
9530797
9530798
9530799
9530800
9530801
9530802
9530803
9530804
9530805
9530806
9530807
9530808
9530809
9530810
9530811
9530812
9530813
9530814
9530815
9530816
9530817
9530818
9530819
9530820
9530821
9530822
9530823
9530824
9530825
9530826
9530827
9530828
9530829
9530830
9530831
9530832
9530833
9530834
9530835
9530836
9530837
9530838
9530839
9530840
9530841
9530842
9530843
9530844
9530845
9530846
9530847
9530848
9530849
9530850
9530851
9530852
9530853
9530854
9530855
9530856
9530857
9530858
9530859
9530860
9530861
9530862
9530863
9530864
9530865
9530866
9530867
9530868
9530869
9530870
9530871
9530872
9530873
9530874
9530875
9530876
9530877
9530878
9530879
9530880
9530881
9530882
9530883
9530884
9530885
9530886
9530887
9530888
9530889
9530890
9530891
9530892
9530893
9530894
9530895
9530896
9530897
9530898
9530899
9530900
9530901
9530902
9530903
9530904
9530905
9530906
9530907
9530908
9530909
9530910
9530911
9530912
9530913
9530914
9530915
9530916
9530917
9530918
9530919
9530920
9530921
9530922
9530923
9530924
9530925
9530926
9530927
9530928
9530929
9530930
9530931
9530932
9530933
9530934
9530935
9530936
9530937
9530938
9530939
9530940
9530941
9530942
9530943
9530944
9530945
9530946
9530947
9530948
9530949
9530950
9530951
9530952
9530953
9530954
9530955
9530956
9530957
9530958
9530959
9530960
9530961
9530962
9530963
9530964
9530965
9530966
9530967
9530968
9530969
9530970
9530971
9530972
9530973
9530974
9530975
9530976
9530977
9530978
9530979
9530980
9530981
9530982
9530983
9530984
9530985
9530986
9530987
9530988
9530989
9530990
9530991
9530992
9530993
9530994
9530995
9530996
9530997
9530998
9530999
9531000
9531001
9531002
9531003
9531004
9531005
9531006
9531007
9531008
9531009
9531010
9531011
9531012
9531013
9531014
9531015
9531016
9531017
9531018
9531019
9531020
9531021
9531022
9531023
9531024
9531025
9531026
9531027
9531028
9531029
9531030
9531031
9531032
9531033
9531034
9531035
9531036
9531037
9531038
9531039
9531040
9531041
9531042
9531043
9531044
9531045
9531046
9531047
9531048
9531049
9531050
9531051
9531052
9531053
9531054
9531055
9531056
9531057
9531058
9531059
9531060
9531061
9531062
9531063
9531064
9531065
9531066
9531067
9531068
9531069
9531070
9531071
9531072
9531073
9531074
9531075
9531076
9531077
9531078
9531079
9531080
9531081
9531082
9531083
9531084
9531085
9531086
9531087
9531088
9531089
9531090
9531091
9531092
9531093
9531094
9531095
9531096
9531097
9531098
9531099
9531100
9531101
9531102
9531103
9531104
9531105
9531106
9531107
9531108
9531109
9531110
9531111
9531112
9531113
9531114
9531115
9531116
9531117
9531118
9531119
9531120
9531121
9531122
9531123
9531124
9531125
9531126
9531127
9531128
9531129
9531130
9531131
9531132
9531133
9531134
9531135
9531136
9531137
9531138
9531139
9531140
9531141
9531142
9531143
9531144
9531145
9531146
9531147
9531148
9531149
9531150
9531151
9531152
9531153
9531154
9531155
9531156
9531157
9531158
9531159
9531160
9531161
9531162
9531163
9531164
9531165
9531166
9531167
9531168
9531169
9531170
9531171
9531172
9531173
9531174
9531175
9531176
9531177
9531178
9531179
9531180
9531181
9531182
9531183
9531184
9531185
9531186
9531187
9531188
9531189
9531190
9531191
9531192
9531193
9531194
9531195
9531196
9531197
9531198
9531199
9531200
9531201
9531202
9531203
9531204
9531205
9531206
9531207
9531208
9531209
9531210
9531211
9531212
9531213
9531214
9531215
9531216
9531217
9531218
9531219
9531220
9531221
9531222
9531223
9531224
9531225
9531226
9531227
9531228
9531229
9531230
9531231
9531232
9531233
9531234
9531235
9531236
9531237
9531238
9531239
9531240
9531241
9531242
9531243
9531244
9531245
9531246
9531247
9531248
9531249
9531250
9531251
9531252
9531253
9531254
9531255
9531256
9531257
9531258
9531259
9531260
9531261
9531262
9531263
9531264
9531265
9531266
9531267
9531268
9531269
9531270
9531271
9531272
9531273
9531274
9531275
9531276
9531277
9531278
9531279
9531280
9531281
9531282
9531283
9531284
9531285
9531286
9531287
9531288
9531289
9531290
9531291
9531292
9531293
9531294
9531295
9531296
9531297
9531298
9531299
9531300
9531301
9531302
9531303
9531304
9531305
9531306
9531307
9531308
9531309
9531310
9531311
9531312
9531313
9531314
9531315
9531316
9531317
9531318
9531319
9531320
9531321
9531322
9531323
9531324
9531325
9531326
9531327
9531328
9531329
9531330
9531331
9531332
9531333
9531334
9531335
9531336
9531337
9531338
9531339
9531340
9531341
9531342
9531343
9531344
9531345
9531346
9531347
9531348
9531349
9531350
9531351
9531352
9531353
9531354
9531355
9531356
9531357
9531358
9531359
9531360
9531361
9531362
9531363
9531364
9531365
9531366
9531367
9531368
9531369
9531370
9531371
9531372
9531373
9531374
9531375
9531376
9531377
9531378
9531379
9531380
9531381
9531382
9531383
9531384
9531385
9531386
9531387
9531388
9531389
9531390
9531391
9531392
9531393
9531394
9531395
9531396
9531397
9531398
9531399
9531400
9531401
9531402
9531403
9531404
9531405
9531406
9531407
9531408
9531409
9531410
9531411
9531412
9531413
9531414
9531415
9531416
9531417
9531418
9531419
9531420
9531421
9531422
9531423
9531424
9531425
9531426
9531427
9531428
9531429
9531430
9531431
9531432
9531433
9531434
9531435
9531436
9531437
9531438
9531439
9531440
9531441
9531442
9531443
9531444
9531445
9531446
9531447
9531448
9531449
9531450
9531451
9531452
9531453
9531454
9531455
9531456
9531457
9531458
9531459
9531460
9531461
9531462
9531463
9531464
9531465
9531466
9531467
9531468
9531469
9531470
9531471
9531472
9531473
9531474
9531475
9531476
9531477
9531478
9531479
9531480
9531481
9531482
9531483
9531484
9531485
9531486
9531487
9531488
9531489
9531490
9531491
9531492
9531493
9531494
9531495
9531496
9531497
9531498
9531499
9531500
9531501
9531502
9531503
9531504
9531505
9531506
9531507
9531508
9531509
9531510
9531511
9531512
9531513
9531514
9531515
9531516
9531517
9531518
9531519
9531520
9531521
9531522
9531523
9531524
9531525
9531526
9531527
9531528
9531529
9531530
9531531
9531532
9531533
9531534
9531535
9531536
9531537
9531538
9531539
9531540
9531541
9531542
9531543
9531544
9531545
9531546
9531547
9531548
9531549
9531550
9531551
9531552
9531553
9531554
9531555
9531556
9531557
9531558
9531559
9531560
9531561
9531562
9531563
9531564
9531565
9531566
9531567
9531568
9531569
9531570
9531571
9531572
9531573
9531574
9531575
9531576
9531577
9531578
9531579
9531580
9531581
9531582
9531583
9531584
9531585
9531586
9531587
9531588
9531589
9531590
9531591
9531592
9531593
9531594
9531595
9531596
9531597
9531598
9531599
9531600
9531601
9531602
9531603
9531604
9531605
9531606
9531607
9531608
9531609
9531610
9531611
9531612
9531613
9531614
9531615
9531616
9531617
9531618
9531619
9531620
9531621
9531622
9531623
9531624
9531625
9531626
9531627
9531628
9531629
9531630
9531631
9531632
9531633
9531634
9531635
9531636
9531637
9531638
9531639
9531640
9531641
9531642
9531643
9531644
9531645
9531646
9531647
9531648
9531649
9531650
9531651
9531652
9531653
9531654
9531655
9531656
9531657
9531658
9531659
9531660
9531661
9531662
9531663
9531664
9531665
9531666
9531667
9531668
9531669
9531670
9531671
9531672
9531673
9531674
9531675
9531676
9531677
9531678
9531679
9531680
9531681
9531682
9531683
9531684
9531685
9531686
9531687
9531688
9531689
9531690
9531691
9531692
9531693
9531694
9531695
9531696
9531697
9531698
9531699
9531700
9531701
9531702
9531703
9531704
9531705
9531706
9531707
9531708
9531709
9531710
9531711
9531712
9531713
9531714
9531715
9531716
9531717
9531718
9531719
9531720
9531721
9531722
9531723
9531724
9531725
9531726
9531727
9531728
9531729
9531730
9531731
9531732
9531733
9531734
9531735
9531736
9531737
9531738
9531739
9531740
9531741
9531742
9531743
9531744
9531745
9531746
9531747
9531748
9531749
9531750
9531751
9531752
9531753
9531754
9531755
9531756
9531757
9531758
9531759
9531760
9531761
9531762
9531763
9531764
9531765
9531766
9531767
9531768
9531769
9531770
9531771
9531772
9531773
9531774
9531775
9531776
9531777
9531778
9531779
9531780
9531781
9531782
9531783
9531784
9531785
9531786
9531787
9531788
9531789
9531790
9531791
9531792
9531793
9531794
9531795
9531796
9531797
9531798
9531799
9531800
9531801
9531802
9531803
9531804
9531805
9531806
9531807
9531808
9531809
9531810
9531811
9531812
9531813
9531814
9531815
9531816
9531817
9531818
9531819
9531820
9531821
9531822
9531823
9531824
9531825
9531826
9531827
9531828
9531829
9531830
9531831
9531832
9531833
9531834
9531835
9531836
9531837
9531838
9531839
9531840
9531841
9531842
9531843
9531844
9531845
9531846
9531847
9531848
9531849
9531850
9531851
9531852
9531853
9531854
9531855
9531856
9531857
9531858
9531859
9531860
9531861
9531862
9531863
9531864
9531865
9531866
9531867
9531868
9531869
9531870
9531871
9531872
9531873
9531874
9531875
9531876
9531877
9531878
9531879
9531880
9531881
9531882
9531883
9531884
9531885
9531886
9531887
9531888
9531889
9531890
9531891
9531892
9531893
9531894
9531895
9531896
9531897
9531898
9531899
9531900
9531901
9531902
9531903
9531904
9531905
9531906
9531907
9531908
9531909
9531910
9531911
9531912
9531913
9531914
9531915
9531916
9531917
9531918
9531919
9531920
9531921
9531922
9531923
9531924
9531925
9531926
9531927
9531928
9531929
9531930
9531931
9531932
9531933
9531934
9531935
9531936
9531937
9531938
9531939
9531940
9531941
9531942
9531943
9531944
9531945
9531946
9531947
9531948
9531949
9531950
9531951
9531952
9531953
9531954
9531955
9531956
9531957
9531958
9531959
9531960
9531961
9531962
9531963
9531964
9531965
9531966
9531967
9531968
9531969
9531970
9531971
9531972
9531973
9531974
9531975
9531976
9531977
9531978
9531979
9531980
9531981
9531982
9531983
9531984
9531985
9531986
9531987
9531988
9531989
9531990
9531991
9531992
9531993
9531994
9531995
9531996
9531997
9531998
9531999
9532000
9532001
9532002
9532003
9532004
9532005
9532006
9532007
9532008
9532009
9532010
9532011
9532012
9532013
9532014
9532015
9532016
9532017
9532018
9532019
9532020
9532021
9532022
9532023
9532024
9532025
9532026
9532027
9532028
9532029
9532030
9532031
9532032
9532033
9532034
9532035
9532036
9532037
9532038
9532039
9532040
9532041
9532042
9532043
9532044
9532045
9532046
9532047
9532048
9532049
9532050
9532051
9532052
9532053
9532054
9532055
9532056
9532057
9532058
9532059
9532060
9532061
9532062
9532063
9532064
9532065
9532066
9532067
9532068
9532069
9532070
9532071
9532072
9532073
9532074
9532075
9532076
9532077
9532078
9532079
9532080
9532081
9532082
9532083
9532084
9532085
9532086
9532087
9532088
9532089
9532090
9532091
9532092
9532093
9532094
9532095
9532096
9532097
9532098
9532099
9532100
9532101
9532102
9532103
9532104
9532105
9532106
9532107
9532108
9532109
9532110
9532111
9532112
9532113
9532114
9532115
9532116
9532117
9532118
9532119
9532120
9532121
9532122
9532123
9532124
9532125
9532126
9532127
9532128
9532129
9532130
9532131
9532132
9532133
9532134
9532135
9532136
9532137
9532138
9532139
9532140
9532141
9532142
9532143
9532144
9532145
9532146
9532147
9532148
9532149
9532150
9532151
9532152
9532153
9532154
9532155
9532156
9532157
9532158
9532159
9532160
9532161
9532162
9532163
9532164
9532165
9532166
9532167
9532168
9532169
9532170
9532171
9532172
9532173
9532174
9532175
9532176
9532177
9532178
9532179
9532180
9532181
9532182
9532183
9532184
9532185
9532186
9532187
9532188
9532189
9532190
9532191
9532192
9532193
9532194
9532195
9532196
9532197
9532198
9532199
9532200
9532201
9532202
9532203
9532204
9532205
9532206
9532207
9532208
9532209
9532210
9532211
9532212
9532213
9532214
9532215
9532216
9532217
9532218
9532219
9532220
9532221
9532222
9532223
9532224
9532225
9532226
9532227
9532228
9532229
9532230
9532231
9532232
9532233
9532234
9532235
9532236
9532237
9532238
9532239
9532240
9532241
9532242
9532243
9532244
9532245
9532246
9532247
9532248
9532249
9532250
9532251
9532252
9532253
9532254
9532255
9532256
9532257
9532258
9532259
9532260
9532261
9532262
9532263
9532264
9532265
9532266
9532267
9532268
9532269
9532270
9532271
9532272
9532273
9532274
9532275
9532276
9532277
9532278
9532279
9532280
9532281
9532282
9532283
9532284
9532285
9532286
9532287
9532288
9532289
9532290
9532291
9532292
9532293
9532294
9532295
9532296
9532297
9532298
9532299
9532300
9532301
9532302
9532303
9532304
9532305
9532306
9532307
9532308
9532309
9532310
9532311
9532312
9532313
9532314
9532315
9532316
9532317
9532318
9532319
9532320
9532321
9532322
9532323
9532324
9532325
9532326
9532327
9532328
9532329
9532330
9532331
9532332
9532333
9532334
9532335
9532336
9532337
9532338
9532339
9532340
9532341
9532342
9532343
9532344
9532345
9532346
9532347
9532348
9532349
9532350
9532351
9532352
9532353
9532354
9532355
9532356
9532357
9532358
9532359
9532360
9532361
9532362
9532363
9532364
9532365
9532366
9532367
9532368
9532369
9532370
9532371
9532372
9532373
9532374
9532375
9532376
9532377
9532378
9532379
9532380
9532381
9532382
9532383
9532384
9532385
9532386
9532387
9532388
9532389
9532390
9532391
9532392
9532393
9532394
9532395
9532396
9532397
9532398
9532399
9532400
9532401
9532402
9532403
9532404
9532405
9532406
9532407
9532408
9532409
9532410
9532411
9532412
9532413
9532414
9532415
9532416
9532417
9532418
9532419
9532420
9532421
9532422
9532423
9532424
9532425
9532426
9532427
9532428
9532429
9532430
9532431
9532432
9532433
9532434
9532435
9532436
9532437
9532438
9532439
9532440
9532441
9532442
9532443
9532444
9532445
9532446
9532447
9532448
9532449
9532450
9532451
9532452
9532453
9532454
9532455
9532456
9532457
9532458
9532459
9532460
9532461
9532462
9532463
9532464
9532465
9532466
9532467
9532468
9532469
9532470
9532471
9532472
9532473
9532474
9532475
9532476
9532477
9532478
9532479
9532480
9532481
9532482
9532483
9532484
9532485
9532486
9532487
9532488
9532489
9532490
9532491
9532492
9532493
9532494
9532495
9532496
9532497
9532498
9532499
9532500
9532501
9532502
9532503
9532504
9532505
9532506
9532507
9532508
9532509
9532510
9532511
9532512
9532513
9532514
9532515
9532516
9532517
9532518
9532519
9532520
9532521
9532522
9532523
9532524
9532525
9532526
9532527
9532528
9532529
9532530
9532531
9532532
9532533
9532534
9532535
9532536
9532537
9532538
9532539
9532540
9532541
9532542
9532543
9532544
9532545
9532546
9532547
9532548
9532549
9532550
9532551
9532552
9532553
9532554
9532555
9532556
9532557
9532558
9532559
9532560
9532561
9532562
9532563
9532564
9532565
9532566
9532567
9532568
9532569
9532570
9532571
9532572
9532573
9532574
9532575
9532576
9532577
9532578
9532579
9532580
9532581
9532582
9532583
9532584
9532585
9532586
9532587
9532588
9532589
9532590
9532591
9532592
9532593
9532594
9532595
9532596
9532597
9532598
9532599
9532600
9532601
9532602
9532603
9532604
9532605
9532606
9532607
9532608
9532609
9532610
9532611
9532612
9532613
9532614
9532615
9532616
9532617
9532618
9532619
9532620
9532621
9532622
9532623
9532624
9532625
9532626
9532627
9532628
9532629
9532630
9532631
9532632
9532633
9532634
9532635
9532636
9532637
9532638
9532639
9532640
9532641
9532642
9532643
9532644
9532645
9532646
9532647
9532648
9532649
9532650
9532651
9532652
9532653
9532654
9532655
9532656
9532657
9532658
9532659
9532660
9532661
9532662
9532663
9532664
9532665
9532666
9532667
9532668
9532669
9532670
9532671
9532672
9532673
9532674
9532675
9532676
9532677
9532678
9532679
9532680
9532681
9532682
9532683
9532684
9532685
9532686
9532687
9532688
9532689
9532690
9532691
9532692
9532693
9532694
9532695
9532696
9532697
9532698
9532699
9532700
9532701
9532702
9532703
9532704
9532705
9532706
9532707
9532708
9532709
9532710
9532711
9532712
9532713
9532714
9532715
9532716
9532717
9532718
9532719
9532720
9532721
9532722
9532723
9532724
9532725
9532726
9532727
9532728
9532729
9532730
9532731
9532732
9532733
9532734
9532735
9532736
9532737
9532738
9532739
9532740
9532741
9532742
9532743
9532744
9532745
9532746
9532747
9532748
9532749
9532750
9532751
9532752
9532753
9532754
9532755
9532756
9532757
9532758
9532759
9532760
9532761
9532762
9532763
9532764
9532765
9532766
9532767
9532768
9532769
9532770
9532771
9532772
9532773
9532774
9532775
9532776
9532777
9532778
9532779
9532780
9532781
9532782
9532783
9532784
9532785
9532786
9532787
9532788
9532789
9532790
9532791
9532792
9532793
9532794
9532795
9532796
9532797
9532798
9532799
9532800
9532801
9532802
9532803
9532804
9532805
9532806
9532807
9532808
9532809
9532810
9532811
9532812
9532813
9532814
9532815
9532816
9532817
9532818
9532819
9532820
9532821
9532822
9532823
9532824
9532825
9532826
9532827
9532828
9532829
9532830
9532831
9532832
9532833
9532834
9532835
9532836
9532837
9532838
9532839
9532840
9532841
9532842
9532843
9532844
9532845
9532846
9532847
9532848
9532849
9532850
9532851
9532852
9532853
9532854
9532855
9532856
9532857
9532858
9532859
9532860
9532861
9532862
9532863
9532864
9532865
9532866
9532867
9532868
9532869
9532870
9532871
9532872
9532873
9532874
9532875
9532876
9532877
9532878
9532879
9532880
9532881
9532882
9532883
9532884
9532885
9532886
9532887
9532888
9532889
9532890
9532891
9532892
9532893
9532894
9532895
9532896
9532897
9532898
9532899
9532900
9532901
9532902
9532903
9532904
9532905
9532906
9532907
9532908
9532909
9532910
9532911
9532912
9532913
9532914
9532915
9532916
9532917
9532918
9532919
9532920
9532921
9532922
9532923
9532924
9532925
9532926
9532927
9532928
9532929
9532930
9532931
9532932
9532933
9532934
9532935
9532936
9532937
9532938
9532939
9532940
9532941
9532942
9532943
9532944
9532945
9532946
9532947
9532948
9532949
9532950
9532951
9532952
9532953
9532954
9532955
9532956
9532957
9532958
9532959
9532960
9532961
9532962
9532963
9532964
9532965
9532966
9532967
9532968
9532969
9532970
9532971
9532972
9532973
9532974
9532975
9532976
9532977
9532978
9532979
9532980
9532981
9532982
9532983
9532984
9532985
9532986
9532987
9532988
9532989
9532990
9532991
9532992
9532993
9532994
9532995
9532996
9532997
9532998
9532999
9533000
9533001
9533002
9533003
9533004
9533005
9533006
9533007
9533008
9533009
9533010
9533011
9533012
9533013
9533014
9533015
9533016
9533017
9533018
9533019
9533020
9533021
9533022
9533023
9533024
9533025
9533026
9533027
9533028
9533029
9533030
9533031
9533032
9533033
9533034
9533035
9533036
9533037
9533038
9533039
9533040
9533041
9533042
9533043
9533044
9533045
9533046
9533047
9533048
9533049
9533050
9533051
9533052
9533053
9533054
9533055
9533056
9533057
9533058
9533059
9533060
9533061
9533062
9533063
9533064
9533065
9533066
9533067
9533068
9533069
9533070
9533071
9533072
9533073
9533074
9533075
9533076
9533077
9533078
9533079
9533080
9533081
9533082
9533083
9533084
9533085
9533086
9533087
9533088
9533089
9533090
9533091
9533092
9533093
9533094
9533095
9533096
9533097
9533098
9533099
9533100
9533101
9533102
9533103
9533104
9533105
9533106
9533107
9533108
9533109
9533110
9533111
9533112
9533113
9533114
9533115
9533116
9533117
9533118
9533119
9533120
9533121
9533122
9533123
9533124
9533125
9533126
9533127
9533128
9533129
9533130
9533131
9533132
9533133
9533134
9533135
9533136
9533137
9533138
9533139
9533140
9533141
9533142
9533143
9533144
9533145
9533146
9533147
9533148
9533149
9533150
9533151
9533152
9533153
9533154
9533155
9533156
9533157
9533158
9533159
9533160
9533161
9533162
9533163
9533164
9533165
9533166
9533167
9533168
9533169
9533170
9533171
9533172
9533173
9533174
9533175
9533176
9533177
9533178
9533179
9533180
9533181
9533182
9533183
9533184
9533185
9533186
9533187
9533188
9533189
9533190
9533191
9533192
9533193
9533194
9533195
9533196
9533197
9533198
9533199
9533200
9533201
9533202
9533203
9533204
9533205
9533206
9533207
9533208
9533209
9533210
9533211
9533212
9533213
9533214
9533215
9533216
9533217
9533218
9533219
9533220
9533221
9533222
9533223
9533224
9533225
9533226
9533227
9533228
9533229
9533230
9533231
9533232
9533233
9533234
9533235
9533236
9533237
9533238
9533239
9533240
9533241
9533242
9533243
9533244
9533245
9533246
9533247
9533248
9533249
9533250
9533251
9533252
9533253
9533254
9533255
9533256
9533257
9533258
9533259
9533260
9533261
9533262
9533263
9533264
9533265
9533266
9533267
9533268
9533269
9533270
9533271
9533272
9533273
9533274
9533275
9533276
9533277
9533278
9533279
9533280
9533281
9533282
9533283
9533284
9533285
9533286
9533287
9533288
9533289
9533290
9533291
9533292
9533293
9533294
9533295
9533296
9533297
9533298
9533299
9533300
9533301
9533302
9533303
9533304
9533305
9533306
9533307
9533308
9533309
9533310
9533311
9533312
9533313
9533314
9533315
9533316
9533317
9533318
9533319
9533320
9533321
9533322
9533323
9533324
9533325
9533326
9533327
9533328
9533329
9533330
9533331
9533332
9533333
9533334
9533335
9533336
9533337
9533338
9533339
9533340
9533341
9533342
9533343
9533344
9533345
9533346
9533347
9533348
9533349
9533350
9533351
9533352
9533353
9533354
9533355
9533356
9533357
9533358
9533359
9533360
9533361
9533362
9533363
9533364
9533365
9533366
9533367
9533368
9533369
9533370
9533371
9533372
9533373
9533374
9533375
9533376
9533377
9533378
9533379
9533380
9533381
9533382
9533383
9533384
9533385
9533386
9533387
9533388
9533389
9533390
9533391
9533392
9533393
9533394
9533395
9533396
9533397
9533398
9533399
9533400
9533401
9533402
9533403
9533404
9533405
9533406
9533407
9533408
9533409
9533410
9533411
9533412
9533413
9533414
9533415
9533416
9533417
9533418
9533419
9533420
9533421
9533422
9533423
9533424
9533425
9533426
9533427
9533428
9533429
9533430
9533431
9533432
9533433
9533434
9533435
9533436
9533437
9533438
9533439
9533440
9533441
9533442
9533443
9533444
9533445
9533446
9533447
9533448
9533449
9533450
9533451
9533452
9533453
9533454
9533455
9533456
9533457
9533458
9533459
9533460
9533461
9533462
9533463
9533464
9533465
9533466
9533467
9533468
9533469
9533470
9533471
9533472
9533473
9533474
9533475
9533476
9533477
9533478
9533479
9533480
9533481
9533482
9533483
9533484
9533485
9533486
9533487
9533488
9533489
9533490
9533491
9533492
9533493
9533494
9533495
9533496
9533497
9533498
9533499
9533500
9533501
9533502
9533503
9533504
9533505
9533506
9533507
9533508
9533509
9533510
9533511
9533512
9533513
9533514
9533515
9533516
9533517
9533518
9533519
9533520
9533521
9533522
9533523
9533524
9533525
9533526
9533527
9533528
9533529
9533530
9533531
9533532
9533533
9533534
9533535
9533536
9533537
9533538
9533539
9533540
9533541
9533542
9533543
9533544
9533545
9533546
9533547
9533548
9533549
9533550
9533551
9533552
9533553
9533554
9533555
9533556
9533557
9533558
9533559
9533560
9533561
9533562
9533563
9533564
9533565
9533566
9533567
9533568
9533569
9533570
9533571
9533572
9533573
9533574
9533575
9533576
9533577
9533578
9533579
9533580
9533581
9533582
9533583
9533584
9533585
9533586
9533587
9533588
9533589
9533590
9533591
9533592
9533593
9533594
9533595
9533596
9533597
9533598
9533599
9533600
9533601
9533602
9533603
9533604
9533605
9533606
9533607
9533608
9533609
9533610
9533611
9533612
9533613
9533614
9533615
9533616
9533617
9533618
9533619
9533620
9533621
9533622
9533623
9533624
9533625
9533626
9533627
9533628
9533629
9533630
9533631
9533632
9533633
9533634
9533635
9533636
9533637
9533638
9533639
9533640
9533641
9533642
9533643
9533644
9533645
9533646
9533647
9533648
9533649
9533650
9533651
9533652
9533653
9533654
9533655
9533656
9533657
9533658
9533659
9533660
9533661
9533662
9533663
9533664
9533665
9533666
9533667
9533668
9533669
9533670
9533671
9533672
9533673
9533674
9533675
9533676
9533677
9533678
9533679
9533680
9533681
9533682
9533683
9533684
9533685
9533686
9533687
9533688
9533689
9533690
9533691
9533692
9533693
9533694
9533695
9533696
9533697
9533698
9533699
9533700
9533701
9533702
9533703
9533704
9533705
9533706
9533707
9533708
9533709
9533710
9533711
9533712
9533713
9533714
9533715
9533716
9533717
9533718
9533719
9533720
9533721
9533722
9533723
9533724
9533725
9533726
9533727
9533728
9533729
9533730
9533731
9533732
9533733
9533734
9533735
9533736
9533737
9533738
9533739
9533740
9533741
9533742
9533743
9533744
9533745
9533746
9533747
9533748
9533749
9533750
9533751
9533752
9533753
9533754
9533755
9533756
9533757
9533758
9533759
9533760
9533761
9533762
9533763
9533764
9533765
9533766
9533767
9533768
9533769
9533770
9533771
9533772
9533773
9533774
9533775
9533776
9533777
9533778
9533779
9533780
9533781
9533782
9533783
9533784
9533785
9533786
9533787
9533788
9533789
9533790
9533791
9533792
9533793
9533794
9533795
9533796
9533797
9533798
9533799
9533800
9533801
9533802
9533803
9533804
9533805
9533806
9533807
9533808
9533809
9533810
9533811
9533812
9533813
9533814
9533815
9533816
9533817
9533818
9533819
9533820
9533821
9533822
9533823
9533824
9533825
9533826
9533827
9533828
9533829
9533830
9533831
9533832
9533833
9533834
9533835
9533836
9533837
9533838
9533839
9533840
9533841
9533842
9533843
9533844
9533845
9533846
9533847
9533848
9533849
9533850
9533851
9533852
9533853
9533854
9533855
9533856
9533857
9533858
9533859
9533860
9533861
9533862
9533863
9533864
9533865
9533866
9533867
9533868
9533869
9533870
9533871
9533872
9533873
9533874
9533875
9533876
9533877
9533878
9533879
9533880
9533881
9533882
9533883
9533884
9533885
9533886
9533887
9533888
9533889
9533890
9533891
9533892
9533893
9533894
9533895
9533896
9533897
9533898
9533899
9533900
9533901
9533902
9533903
9533904
9533905
9533906
9533907
9533908
9533909
9533910
9533911
9533912
9533913
9533914
9533915
9533916
9533917
9533918
9533919
9533920
9533921
9533922
9533923
9533924
9533925
9533926
9533927
9533928
9533929
9533930
9533931
9533932
9533933
9533934
9533935
9533936
9533937
9533938
9533939
9533940
9533941
9533942
9533943
9533944
9533945
9533946
9533947
9533948
9533949
9533950
9533951
9533952
9533953
9533954
9533955
9533956
9533957
9533958
9533959
9533960
9533961
9533962
9533963
9533964
9533965
9533966
9533967
9533968
9533969
9533970
9533971
9533972
9533973
9533974
9533975
9533976
9533977
9533978
9533979
9533980
9533981
9533982
9533983
9533984
9533985
9533986
9533987
9533988
9533989
9533990
9533991
9533992
9533993
9533994
9533995
9533996
9533997
9533998
9533999
9534000
9534001
9534002
9534003
9534004
9534005
9534006
9534007
9534008
9534009
9534010
9534011
9534012
9534013
9534014
9534015
9534016
9534017
9534018
9534019
9534020
9534021
9534022
9534023
9534024
9534025
9534026
9534027
9534028
9534029
9534030
9534031
9534032
9534033
9534034
9534035
9534036
9534037
9534038
9534039
9534040
9534041
9534042
9534043
9534044
9534045
9534046
9534047
9534048
9534049
9534050
9534051
9534052
9534053
9534054
9534055
9534056
9534057
9534058
9534059
9534060
9534061
9534062
9534063
9534064
9534065
9534066
9534067
9534068
9534069
9534070
9534071
9534072
9534073
9534074
9534075
9534076
9534077
9534078
9534079
9534080
9534081
9534082
9534083
9534084
9534085
9534086
9534087
9534088
9534089
9534090
9534091
9534092
9534093
9534094
9534095
9534096
9534097
9534098
9534099
9534100
9534101
9534102
9534103
9534104
9534105
9534106
9534107
9534108
9534109
9534110
9534111
9534112
9534113
9534114
9534115
9534116
9534117
9534118
9534119
9534120
9534121
9534122
9534123
9534124
9534125
9534126
9534127
9534128
9534129
9534130
9534131
9534132
9534133
9534134
9534135
9534136
9534137
9534138
9534139
9534140
9534141
9534142
9534143
9534144
9534145
9534146
9534147
9534148
9534149
9534150
9534151
9534152
9534153
9534154
9534155
9534156
9534157
9534158
9534159
9534160
9534161
9534162
9534163
9534164
9534165
9534166
9534167
9534168
9534169
9534170
9534171
9534172
9534173
9534174
9534175
9534176
9534177
9534178
9534179
9534180
9534181
9534182
9534183
9534184
9534185
9534186
9534187
9534188
9534189
9534190
9534191
9534192
9534193
9534194
9534195
9534196
9534197
9534198
9534199
9534200
9534201
9534202
9534203
9534204
9534205
9534206
9534207
9534208
9534209
9534210
9534211
9534212
9534213
9534214
9534215
9534216
9534217
9534218
9534219
9534220
9534221
9534222
9534223
9534224
9534225
9534226
9534227
9534228
9534229
9534230
9534231
9534232
9534233
9534234
9534235
9534236
9534237
9534238
9534239
9534240
9534241
9534242
9534243
9534244
9534245
9534246
9534247
9534248
9534249
9534250
9534251
9534252
9534253
9534254
9534255
9534256
9534257
9534258
9534259
9534260
9534261
9534262
9534263
9534264
9534265
9534266
9534267
9534268
9534269
9534270
9534271
9534272
9534273
9534274
9534275
9534276
9534277
9534278
9534279
9534280
9534281
9534282
9534283
9534284
9534285
9534286
9534287
9534288
9534289
9534290
9534291
9534292
9534293
9534294
9534295
9534296
9534297
9534298
9534299
9534300
9534301
9534302
9534303
9534304
9534305
9534306
9534307
9534308
9534309
9534310
9534311
9534312
9534313
9534314
9534315
9534316
9534317
9534318
9534319
9534320
9534321
9534322
9534323
9534324
9534325
9534326
9534327
9534328
9534329
9534330
9534331
9534332
9534333
9534334
9534335
9534336
9534337
9534338
9534339
9534340
9534341
9534342
9534343
9534344
9534345
9534346
9534347
9534348
9534349
9534350
9534351
9534352
9534353
9534354
9534355
9534356
9534357
9534358
9534359
9534360
9534361
9534362
9534363
9534364
9534365
9534366
9534367
9534368
9534369
9534370
9534371
9534372
9534373
9534374
9534375
9534376
9534377
9534378
9534379
9534380
9534381
9534382
9534383
9534384
9534385
9534386
9534387
9534388
9534389
9534390
9534391
9534392
9534393
9534394
9534395
9534396
9534397
9534398
9534399
9534400
9534401
9534402
9534403
9534404
9534405
9534406
9534407
9534408
9534409
9534410
9534411
9534412
9534413
9534414
9534415
9534416
9534417
9534418
9534419
9534420
9534421
9534422
9534423
9534424
9534425
9534426
9534427
9534428
9534429
9534430
9534431
9534432
9534433
9534434
9534435
9534436
9534437
9534438
9534439
9534440
9534441
9534442
9534443
9534444
9534445
9534446
9534447
9534448
9534449
9534450
9534451
9534452
9534453
9534454
9534455
9534456
9534457
9534458
9534459
9534460
9534461
9534462
9534463
9534464
9534465
9534466
9534467
9534468
9534469
9534470
9534471
9534472
9534473
9534474
9534475
9534476
9534477
9534478
9534479
9534480
9534481
9534482
9534483
9534484
9534485
9534486
9534487
9534488
9534489
9534490
9534491
9534492
9534493
9534494
9534495
9534496
9534497
9534498
9534499
9534500
9534501
9534502
9534503
9534504
9534505
9534506
9534507
9534508
9534509
9534510
9534511
9534512
9534513
9534514
9534515
9534516
9534517
9534518
9534519
9534520
9534521
9534522
9534523
9534524
9534525
9534526
9534527
9534528
9534529
9534530
9534531
9534532
9534533
9534534
9534535
9534536
9534537
9534538
9534539
9534540
9534541
9534542
9534543
9534544
9534545
9534546
9534547
9534548
9534549
9534550
9534551
9534552
9534553
9534554
9534555
9534556
9534557
9534558
9534559
9534560
9534561
9534562
9534563
9534564
9534565
9534566
9534567
9534568
9534569
9534570
9534571
9534572
9534573
9534574
9534575
9534576
9534577
9534578
9534579
9534580
9534581
9534582
9534583
9534584
9534585
9534586
9534587
9534588
9534589
9534590
9534591
9534592
9534593
9534594
9534595
9534596
9534597
9534598
9534599
9534600
9534601
9534602
9534603
9534604
9534605
9534606
9534607
9534608
9534609
9534610
9534611
9534612
9534613
9534614
9534615
9534616
9534617
9534618
9534619
9534620
9534621
9534622
9534623
9534624
9534625
9534626
9534627
9534628
9534629
9534630
9534631
9534632
9534633
9534634
9534635
9534636
9534637
9534638
9534639
9534640
9534641
9534642
9534643
9534644
9534645
9534646
9534647
9534648
9534649
9534650
9534651
9534652
9534653
9534654
9534655
9534656
9534657
9534658
9534659
9534660
9534661
9534662
9534663
9534664
9534665
9534666
9534667
9534668
9534669
9534670
9534671
9534672
9534673
9534674
9534675
9534676
9534677
9534678
9534679
9534680
9534681
9534682
9534683
9534684
9534685
9534686
9534687
9534688
9534689
9534690
9534691
9534692
9534693
9534694
9534695
9534696
9534697
9534698
9534699
9534700
9534701
9534702
9534703
9534704
9534705
9534706
9534707
9534708
9534709
9534710
9534711
9534712
9534713
9534714
9534715
9534716
9534717
9534718
9534719
9534720
9534721
9534722
9534723
9534724
9534725
9534726
9534727
9534728
9534729
9534730
9534731
9534732
9534733
9534734
9534735
9534736
9534737
9534738
9534739
9534740
9534741
9534742
9534743
9534744
9534745
9534746
9534747
9534748
9534749
9534750
9534751
9534752
9534753
9534754
9534755
9534756
9534757
9534758
9534759
9534760
9534761
9534762
9534763
9534764
9534765
9534766
9534767
9534768
9534769
9534770
9534771
9534772
9534773
9534774
9534775
9534776
9534777
9534778
9534779
9534780
9534781
9534782
9534783
9534784
9534785
9534786
9534787
9534788
9534789
9534790
9534791
9534792
9534793
9534794
9534795
9534796
9534797
9534798
9534799
9534800
9534801
9534802
9534803
9534804
9534805
9534806
9534807
9534808
9534809
9534810
9534811
9534812
9534813
9534814
9534815
9534816
9534817
9534818
9534819
9534820
9534821
9534822
9534823
9534824
9534825
9534826
9534827
9534828
9534829
9534830
9534831
9534832
9534833
9534834
9534835
9534836
9534837
9534838
9534839
9534840
9534841
9534842
9534843
9534844
9534845
9534846
9534847
9534848
9534849
9534850
9534851
9534852
9534853
9534854
9534855
9534856
9534857
9534858
9534859
9534860
9534861
9534862
9534863
9534864
9534865
9534866
9534867
9534868
9534869
9534870
9534871
9534872
9534873
9534874
9534875
9534876
9534877
9534878
9534879
9534880
9534881
9534882
9534883
9534884
9534885
9534886
9534887
9534888
9534889
9534890
9534891
9534892
9534893
9534894
9534895
9534896
9534897
9534898
9534899
9534900
9534901
9534902
9534903
9534904
9534905
9534906
9534907
9534908
9534909
9534910
9534911
9534912
9534913
9534914
9534915
9534916
9534917
9534918
9534919
9534920
9534921
9534922
9534923
9534924
9534925
9534926
9534927
9534928
9534929
9534930
9534931
9534932
9534933
9534934
9534935
9534936
9534937
9534938
9534939
9534940
9534941
9534942
9534943
9534944
9534945
9534946
9534947
9534948
9534949
9534950
9534951
9534952
9534953
9534954
9534955
9534956
9534957
9534958
9534959
9534960
9534961
9534962
9534963
9534964
9534965
9534966
9534967
9534968
9534969
9534970
9534971
9534972
9534973
9534974
9534975
9534976
9534977
9534978
9534979
9534980
9534981
9534982
9534983
9534984
9534985
9534986
9534987
9534988
9534989
9534990
9534991
9534992
9534993
9534994
9534995
9534996
9534997
9534998
9534999
9535000
9535001
9535002
9535003
9535004
9535005
9535006
9535007
9535008
9535009
9535010
9535011
9535012
9535013
9535014
9535015
9535016
9535017
9535018
9535019
9535020
9535021
9535022
9535023
9535024
9535025
9535026
9535027
9535028
9535029
9535030
9535031
9535032
9535033
9535034
9535035
9535036
9535037
9535038
9535039
9535040
9535041
9535042
9535043
9535044
9535045
9535046
9535047
9535048
9535049
9535050
9535051
9535052
9535053
9535054
9535055
9535056
9535057
9535058
9535059
9535060
9535061
9535062
9535063
9535064
9535065
9535066
9535067
9535068
9535069
9535070
9535071
9535072
9535073
9535074
9535075
9535076
9535077
9535078
9535079
9535080
9535081
9535082
9535083
9535084
9535085
9535086
9535087
9535088
9535089
9535090
9535091
9535092
9535093
9535094
9535095
9535096
9535097
9535098
9535099
9535100
9535101
9535102
9535103
9535104
9535105
9535106
9535107
9535108
9535109
9535110
9535111
9535112
9535113
9535114
9535115
9535116
9535117
9535118
9535119
9535120
9535121
9535122
9535123
9535124
9535125
9535126
9535127
9535128
9535129
9535130
9535131
9535132
9535133
9535134
9535135
9535136
9535137
9535138
9535139
9535140
9535141
9535142
9535143
9535144
9535145
9535146
9535147
9535148
9535149
9535150
9535151
9535152
9535153
9535154
9535155
9535156
9535157
9535158
9535159
9535160
9535161
9535162
9535163
9535164
9535165
9535166
9535167
9535168
9535169
9535170
9535171
9535172
9535173
9535174
9535175
9535176
9535177
9535178
9535179
9535180
9535181
9535182
9535183
9535184
9535185
9535186
9535187
9535188
9535189
9535190
9535191
9535192
9535193
9535194
9535195
9535196
9535197
9535198
9535199
9535200
9535201
9535202
9535203
9535204
9535205
9535206
9535207
9535208
9535209
9535210
9535211
9535212
9535213
9535214
9535215
9535216
9535217
9535218
9535219
9535220
9535221
9535222
9535223
9535224
9535225
9535226
9535227
9535228
9535229
9535230
9535231
9535232
9535233
9535234
9535235
9535236
9535237
9535238
9535239
9535240
9535241
9535242
9535243
9535244
9535245
9535246
9535247
9535248
9535249
9535250
9535251
9535252
9535253
9535254
9535255
9535256
9535257
9535258
9535259
9535260
9535261
9535262
9535263
9535264
9535265
9535266
9535267
9535268
9535269
9535270
9535271
9535272
9535273
9535274
9535275
9535276
9535277
9535278
9535279
9535280
9535281
9535282
9535283
9535284
9535285
9535286
9535287
9535288
9535289
9535290
9535291
9535292
9535293
9535294
9535295
9535296
9535297
9535298
9535299
9535300
9535301
9535302
9535303
9535304
9535305
9535306
9535307
9535308
9535309
9535310
9535311
9535312
9535313
9535314
9535315
9535316
9535317
9535318
9535319
9535320
9535321
9535322
9535323
9535324
9535325
9535326
9535327
9535328
9535329
9535330
9535331
9535332
9535333
9535334
9535335
9535336
9535337
9535338
9535339
9535340
9535341
9535342
9535343
9535344
9535345
9535346
9535347
9535348
9535349
9535350
9535351
9535352
9535353
9535354
9535355
9535356
9535357
9535358
9535359
9535360
9535361
9535362
9535363
9535364
9535365
9535366
9535367
9535368
9535369
9535370
9535371
9535372
9535373
9535374
9535375
9535376
9535377
9535378
9535379
9535380
9535381
9535382
9535383
9535384
9535385
9535386
9535387
9535388
9535389
9535390
9535391
9535392
9535393
9535394
9535395
9535396
9535397
9535398
9535399
9535400
9535401
9535402
9535403
9535404
9535405
9535406
9535407
9535408
9535409
9535410
9535411
9535412
9535413
9535414
9535415
9535416
9535417
9535418
9535419
9535420
9535421
9535422
9535423
9535424
9535425
9535426
9535427
9535428
9535429
9535430
9535431
9535432
9535433
9535434
9535435
9535436
9535437
9535438
9535439
9535440
9535441
9535442
9535443
9535444
9535445
9535446
9535447
9535448
9535449
9535450
9535451
9535452
9535453
9535454
9535455
9535456
9535457
9535458
9535459
9535460
9535461
9535462
9535463
9535464
9535465
9535466
9535467
9535468
9535469
9535470
9535471
9535472
9535473
9535474
9535475
9535476
9535477
9535478
9535479
9535480
9535481
9535482
9535483
9535484
9535485
9535486
9535487
9535488
9535489
9535490
9535491
9535492
9535493
9535494
9535495
9535496
9535497
9535498
9535499
9535500
9535501
9535502
9535503
9535504
9535505
9535506
9535507
9535508
9535509
9535510
9535511
9535512
9535513
9535514
9535515
9535516
9535517
9535518
9535519
9535520
9535521
9535522
9535523
9535524
9535525
9535526
9535527
9535528
9535529
9535530
9535531
9535532
9535533
9535534
9535535
9535536
9535537
9535538
9535539
9535540
9535541
9535542
9535543
9535544
9535545
9535546
9535547
9535548
9535549
9535550
9535551
9535552
9535553
9535554
9535555
9535556
9535557
9535558
9535559
9535560
9535561
9535562
9535563
9535564
9535565
9535566
9535567
9535568
9535569
9535570
9535571
9535572
9535573
9535574
9535575
9535576
9535577
9535578
9535579
9535580
9535581
9535582
9535583
9535584
9535585
9535586
9535587
9535588
9535589
9535590
9535591
9535592
9535593
9535594
9535595
9535596
9535597
9535598
9535599
9535600
9535601
9535602
9535603
9535604
9535605
9535606
9535607
9535608
9535609
9535610
9535611
9535612
9535613
9535614
9535615
9535616
9535617
9535618
9535619
9535620
9535621
9535622
9535623
9535624
9535625
9535626
9535627
9535628
9535629
9535630
9535631
9535632
9535633
9535634
9535635
9535636
9535637
9535638
9535639
9535640
9535641
9535642
9535643
9535644
9535645
9535646
9535647
9535648
9535649
9535650
9535651
9535652
9535653
9535654
9535655
9535656
9535657
9535658
9535659
9535660
9535661
9535662
9535663
9535664
9535665
9535666
9535667
9535668
9535669
9535670
9535671
9535672
9535673
9535674
9535675
9535676
9535677
9535678
9535679
9535680
9535681
9535682
9535683
9535684
9535685
9535686
9535687
9535688
9535689
9535690
9535691
9535692
9535693
9535694
9535695
9535696
9535697
9535698
9535699
9535700
9535701
9535702
9535703
9535704
9535705
9535706
9535707
9535708
9535709
9535710
9535711
9535712
9535713
9535714
9535715
9535716
9535717
9535718
9535719
9535720
9535721
9535722
9535723
9535724
9535725
9535726
9535727
9535728
9535729
9535730
9535731
9535732
9535733
9535734
9535735
9535736
9535737
9535738
9535739
9535740
9535741
9535742
9535743
9535744
9535745
9535746
9535747
9535748
9535749
9535750
9535751
9535752
9535753
9535754
9535755
9535756
9535757
9535758
9535759
9535760
9535761
9535762
9535763
9535764
9535765
9535766
9535767
9535768
9535769
9535770
9535771
9535772
9535773
9535774
9535775
9535776
9535777
9535778
9535779
9535780
9535781
9535782
9535783
9535784
9535785
9535786
9535787
9535788
9535789
9535790
9535791
9535792
9535793
9535794
9535795
9535796
9535797
9535798
9535799
9535800
9535801
9535802
9535803
9535804
9535805
9535806
9535807
9535808
9535809
9535810
9535811
9535812
9535813
9535814
9535815
9535816
9535817
9535818
9535819
9535820
9535821
9535822
9535823
9535824
9535825
9535826
9535827
9535828
9535829
9535830
9535831
9535832
9535833
9535834
9535835
9535836
9535837
9535838
9535839
9535840
9535841
9535842
9535843
9535844
9535845
9535846
9535847
9535848
9535849
9535850
9535851
9535852
9535853
9535854
9535855
9535856
9535857
9535858
9535859
9535860
9535861
9535862
9535863
9535864
9535865
9535866
9535867
9535868
9535869
9535870
9535871
9535872
9535873
9535874
9535875
9535876
9535877
9535878
9535879
9535880
9535881
9535882
9535883
9535884
9535885
9535886
9535887
9535888
9535889
9535890
9535891
9535892
9535893
9535894
9535895
9535896
9535897
9535898
9535899
9535900
9535901
9535902
9535903
9535904
9535905
9535906
9535907
9535908
9535909
9535910
9535911
9535912
9535913
9535914
9535915
9535916
9535917
9535918
9535919
9535920
9535921
9535922
9535923
9535924
9535925
9535926
9535927
9535928
9535929
9535930
9535931
9535932
9535933
9535934
9535935
9535936
9535937
9535938
9535939
9535940
9535941
9535942
9535943
9535944
9535945
9535946
9535947
9535948
9535949
9535950
9535951
9535952
9535953
9535954
9535955
9535956
9535957
9535958
9535959
9535960
9535961
9535962
9535963
9535964
9535965
9535966
9535967
9535968
9535969
9535970
9535971
9535972
9535973
9535974
9535975
9535976
9535977
9535978
9535979
9535980
9535981
9535982
9535983
9535984
9535985
9535986
9535987
9535988
9535989
9535990
9535991
9535992
9535993
9535994
9535995
9535996
9535997
9535998
9535999
9536000
9536001
9536002
9536003
9536004
9536005
9536006
9536007
9536008
9536009
9536010
9536011
9536012
9536013
9536014
9536015
9536016
9536017
9536018
9536019
9536020
9536021
9536022
9536023
9536024
9536025
9536026
9536027
9536028
9536029
9536030
9536031
9536032
9536033
9536034
9536035
9536036
9536037
9536038
9536039
9536040
9536041
9536042
9536043
9536044
9536045
9536046
9536047
9536048
9536049
9536050
9536051
9536052
9536053
9536054
9536055
9536056
9536057
9536058
9536059
9536060
9536061
9536062
9536063
9536064
9536065
9536066
9536067
9536068
9536069
9536070
9536071
9536072
9536073
9536074
9536075
9536076
9536077
9536078
9536079
9536080
9536081
9536082
9536083
9536084
9536085
9536086
9536087
9536088
9536089
9536090
9536091
9536092
9536093
9536094
9536095
9536096
9536097
9536098
9536099
9536100
9536101
9536102
9536103
9536104
9536105
9536106
9536107
9536108
9536109
9536110
9536111
9536112
9536113
9536114
9536115
9536116
9536117
9536118
9536119
9536120
9536121
9536122
9536123
9536124
9536125
9536126
9536127
9536128
9536129
9536130
9536131
9536132
9536133
9536134
9536135
9536136
9536137
9536138
9536139
9536140
9536141
9536142
9536143
9536144
9536145
9536146
9536147
9536148
9536149
9536150
9536151
9536152
9536153
9536154
9536155
9536156
9536157
9536158
9536159
9536160
9536161
9536162
9536163
9536164
9536165
9536166
9536167
9536168
9536169
9536170
9536171
9536172
9536173
9536174
9536175
9536176
9536177
9536178
9536179
9536180
9536181
9536182
9536183
9536184
9536185
9536186
9536187
9536188
9536189
9536190
9536191
9536192
9536193
9536194
9536195
9536196
9536197
9536198
9536199
9536200
9536201
9536202
9536203
9536204
9536205
9536206
9536207
9536208
9536209
9536210
9536211
9536212
9536213
9536214
9536215
9536216
9536217
9536218
9536219
9536220
9536221
9536222
9536223
9536224
9536225
9536226
9536227
9536228
9536229
9536230
9536231
9536232
9536233
9536234
9536235
9536236
9536237
9536238
9536239
9536240
9536241
9536242
9536243
9536244
9536245
9536246
9536247
9536248
9536249
9536250
9536251
9536252
9536253
9536254
9536255
9536256
9536257
9536258
9536259
9536260
9536261
9536262
9536263
9536264
9536265
9536266
9536267
9536268
9536269
9536270
9536271
9536272
9536273
9536274
9536275
9536276
9536277
9536278
9536279
9536280
9536281
9536282
9536283
9536284
9536285
9536286
9536287
9536288
9536289
9536290
9536291
9536292
9536293
9536294
9536295
9536296
9536297
9536298
9536299
9536300
9536301
9536302
9536303
9536304
9536305
9536306
9536307
9536308
9536309
9536310
9536311
9536312
9536313
9536314
9536315
9536316
9536317
9536318
9536319
9536320
9536321
9536322
9536323
9536324
9536325
9536326
9536327
9536328
9536329
9536330
9536331
9536332
9536333
9536334
9536335
9536336
9536337
9536338
9536339
9536340
9536341
9536342
9536343
9536344
9536345
9536346
9536347
9536348
9536349
9536350
9536351
9536352
9536353
9536354
9536355
9536356
9536357
9536358
9536359
9536360
9536361
9536362
9536363
9536364
9536365
9536366
9536367
9536368
9536369
9536370
9536371
9536372
9536373
9536374
9536375
9536376
9536377
9536378
9536379
9536380
9536381
9536382
9536383
9536384
9536385
9536386
9536387
9536388
9536389
9536390
9536391
9536392
9536393
9536394
9536395
9536396
9536397
9536398
9536399
9536400
9536401
9536402
9536403
9536404
9536405
9536406
9536407
9536408
9536409
9536410
9536411
9536412
9536413
9536414
9536415
9536416
9536417
9536418
9536419
9536420
9536421
9536422
9536423
9536424
9536425
9536426
9536427
9536428
9536429
9536430
9536431
9536432
9536433
9536434
9536435
9536436
9536437
9536438
9536439
9536440
9536441
9536442
9536443
9536444
9536445
9536446
9536447
9536448
9536449
9536450
9536451
9536452
9536453
9536454
9536455
9536456
9536457
9536458
9536459
9536460
9536461
9536462
9536463
9536464
9536465
9536466
9536467
9536468
9536469
9536470
9536471
9536472
9536473
9536474
9536475
9536476
9536477
9536478
9536479
9536480
9536481
9536482
9536483
9536484
9536485
9536486
9536487
9536488
9536489
9536490
9536491
9536492
9536493
9536494
9536495
9536496
9536497
9536498
9536499
9536500
9536501
9536502
9536503
9536504
9536505
9536506
9536507
9536508
9536509
9536510
9536511
9536512
9536513
9536514
9536515
9536516
9536517
9536518
9536519
9536520
9536521
9536522
9536523
9536524
9536525
9536526
9536527
9536528
9536529
9536530
9536531
9536532
9536533
9536534
9536535
9536536
9536537
9536538
9536539
9536540
9536541
9536542
9536543
9536544
9536545
9536546
9536547
9536548
9536549
9536550
9536551
9536552
9536553
9536554
9536555
9536556
9536557
9536558
9536559
9536560
9536561
9536562
9536563
9536564
9536565
9536566
9536567
9536568
9536569
9536570
9536571
9536572
9536573
9536574
9536575
9536576
9536577
9536578
9536579
9536580
9536581
9536582
9536583
9536584
9536585
9536586
9536587
9536588
9536589
9536590
9536591
9536592
9536593
9536594
9536595
9536596
9536597
9536598
9536599
9536600
9536601
9536602
9536603
9536604
9536605
9536606
9536607
9536608
9536609
9536610
9536611
9536612
9536613
9536614
9536615
9536616
9536617
9536618
9536619
9536620
9536621
9536622
9536623
9536624
9536625
9536626
9536627
9536628
9536629
9536630
9536631
9536632
9536633
9536634
9536635
9536636
9536637
9536638
9536639
9536640
9536641
9536642
9536643
9536644
9536645
9536646
9536647
9536648
9536649
9536650
9536651
9536652
9536653
9536654
9536655
9536656
9536657
9536658
9536659
9536660
9536661
9536662
9536663
9536664
9536665
9536666
9536667
9536668
9536669
9536670
9536671
9536672
9536673
9536674
9536675
9536676
9536677
9536678
9536679
9536680
9536681
9536682
9536683
9536684
9536685
9536686
9536687
9536688
9536689
9536690
9536691
9536692
9536693
9536694
9536695
9536696
9536697
9536698
9536699
9536700
9536701
9536702
9536703
9536704
9536705
9536706
9536707
9536708
9536709
9536710
9536711
9536712
9536713
9536714
9536715
9536716
9536717
9536718
9536719
9536720
9536721
9536722
9536723
9536724
9536725
9536726
9536727
9536728
9536729
9536730
9536731
9536732
9536733
9536734
9536735
9536736
9536737
9536738
9536739
9536740
9536741
9536742
9536743
9536744
9536745
9536746
9536747
9536748
9536749
9536750
9536751
9536752
9536753
9536754
9536755
9536756
9536757
9536758
9536759
9536760
9536761
9536762
9536763
9536764
9536765
9536766
9536767
9536768
9536769
9536770
9536771
9536772
9536773
9536774
9536775
9536776
9536777
9536778
9536779
9536780
9536781
9536782
9536783
9536784
9536785
9536786
9536787
9536788
9536789
9536790
9536791
9536792
9536793
9536794
9536795
9536796
9536797
9536798
9536799
9536800
9536801
9536802
9536803
9536804
9536805
9536806
9536807
9536808
9536809
9536810
9536811
9536812
9536813
9536814
9536815
9536816
9536817
9536818
9536819
9536820
9536821
9536822
9536823
9536824
9536825
9536826
9536827
9536828
9536829
9536830
9536831
9536832
9536833
9536834
9536835
9536836
9536837
9536838
9536839
9536840
9536841
9536842
9536843
9536844
9536845
9536846
9536847
9536848
9536849
9536850
9536851
9536852
9536853
9536854
9536855
9536856
9536857
9536858
9536859
9536860
9536861
9536862
9536863
9536864
9536865
9536866
9536867
9536868
9536869
9536870
9536871
9536872
9536873
9536874
9536875
9536876
9536877
9536878
9536879
9536880
9536881
9536882
9536883
9536884
9536885
9536886
9536887
9536888
9536889
9536890
9536891
9536892
9536893
9536894
9536895
9536896
9536897
9536898
9536899
9536900
9536901
9536902
9536903
9536904
9536905
9536906
9536907
9536908
9536909
9536910
9536911
9536912
9536913
9536914
9536915
9536916
9536917
9536918
9536919
9536920
9536921
9536922
9536923
9536924
9536925
9536926
9536927
9536928
9536929
9536930
9536931
9536932
9536933
9536934
9536935
9536936
9536937
9536938
9536939
9536940
9536941
9536942
9536943
9536944
9536945
9536946
9536947
9536948
9536949
9536950
9536951
9536952
9536953
9536954
9536955
9536956
9536957
9536958
9536959
9536960
9536961
9536962
9536963
9536964
9536965
9536966
9536967
9536968
9536969
9536970
9536971
9536972
9536973
9536974
9536975
9536976
9536977
9536978
9536979
9536980
9536981
9536982
9536983
9536984
9536985
9536986
9536987
9536988
9536989
9536990
9536991
9536992
9536993
9536994
9536995
9536996
9536997
9536998
9536999
9537000
9537001
9537002
9537003
9537004
9537005
9537006
9537007
9537008
9537009
9537010
9537011
9537012
9537013
9537014
9537015
9537016
9537017
9537018
9537019
9537020
9537021
9537022
9537023
9537024
9537025
9537026
9537027
9537028
9537029
9537030
9537031
9537032
9537033
9537034
9537035
9537036
9537037
9537038
9537039
9537040
9537041
9537042
9537043
9537044
9537045
9537046
9537047
9537048
9537049
9537050
9537051
9537052
9537053
9537054
9537055
9537056
9537057
9537058
9537059
9537060
9537061
9537062
9537063
9537064
9537065
9537066
9537067
9537068
9537069
9537070
9537071
9537072
9537073
9537074
9537075
9537076
9537077
9537078
9537079
9537080
9537081
9537082
9537083
9537084
9537085
9537086
9537087
9537088
9537089
9537090
9537091
9537092
9537093
9537094
9537095
9537096
9537097
9537098
9537099
9537100
9537101
9537102
9537103
9537104
9537105
9537106
9537107
9537108
9537109
9537110
9537111
9537112
9537113
9537114
9537115
9537116
9537117
9537118
9537119
9537120
9537121
9537122
9537123
9537124
9537125
9537126
9537127
9537128
9537129
9537130
9537131
9537132
9537133
9537134
9537135
9537136
9537137
9537138
9537139
9537140
9537141
9537142
9537143
9537144
9537145
9537146
9537147
9537148
9537149
9537150
9537151
9537152
9537153
9537154
9537155
9537156
9537157
9537158
9537159
9537160
9537161
9537162
9537163
9537164
9537165
9537166
9537167
9537168
9537169
9537170
9537171
9537172
9537173
9537174
9537175
9537176
9537177
9537178
9537179
9537180
9537181
9537182
9537183
9537184
9537185
9537186
9537187
9537188
9537189
9537190
9537191
9537192
9537193
9537194
9537195
9537196
9537197
9537198
9537199
9537200
9537201
9537202
9537203
9537204
9537205
9537206
9537207
9537208
9537209
9537210
9537211
9537212
9537213
9537214
9537215
9537216
9537217
9537218
9537219
9537220
9537221
9537222
9537223
9537224
9537225
9537226
9537227
9537228
9537229
9537230
9537231
9537232
9537233
9537234
9537235
9537236
9537237
9537238
9537239
9537240
9537241
9537242
9537243
9537244
9537245
9537246
9537247
9537248
9537249
9537250
9537251
9537252
9537253
9537254
9537255
9537256
9537257
9537258
9537259
9537260
9537261
9537262
9537263
9537264
9537265
9537266
9537267
9537268
9537269
9537270
9537271
9537272
9537273
9537274
9537275
9537276
9537277
9537278
9537279
9537280
9537281
9537282
9537283
9537284
9537285
9537286
9537287
9537288
9537289
9537290
9537291
9537292
9537293
9537294
9537295
9537296
9537297
9537298
9537299
9537300
9537301
9537302
9537303
9537304
9537305
9537306
9537307
9537308
9537309
9537310
9537311
9537312
9537313
9537314
9537315
9537316
9537317
9537318
9537319
9537320
9537321
9537322
9537323
9537324
9537325
9537326
9537327
9537328
9537329
9537330
9537331
9537332
9537333
9537334
9537335
9537336
9537337
9537338
9537339
9537340
9537341
9537342
9537343
9537344
9537345
9537346
9537347
9537348
9537349
9537350
9537351
9537352
9537353
9537354
9537355
9537356
9537357
9537358
9537359
9537360
9537361
9537362
9537363
9537364
9537365
9537366
9537367
9537368
9537369
9537370
9537371
9537372
9537373
9537374
9537375
9537376
9537377
9537378
9537379
9537380
9537381
9537382
9537383
9537384
9537385
9537386
9537387
9537388
9537389
9537390
9537391
9537392
9537393
9537394
9537395
9537396
9537397
9537398
9537399
9537400
9537401
9537402
9537403
9537404
9537405
9537406
9537407
9537408
9537409
9537410
9537411
9537412
9537413
9537414
9537415
9537416
9537417
9537418
9537419
9537420
9537421
9537422
9537423
9537424
9537425
9537426
9537427
9537428
9537429
9537430
9537431
9537432
9537433
9537434
9537435
9537436
9537437
9537438
9537439
9537440
9537441
9537442
9537443
9537444
9537445
9537446
9537447
9537448
9537449
9537450
9537451
9537452
9537453
9537454
9537455
9537456
9537457
9537458
9537459
9537460
9537461
9537462
9537463
9537464
9537465
9537466
9537467
9537468
9537469
9537470
9537471
9537472
9537473
9537474
9537475
9537476
9537477
9537478
9537479
9537480
9537481
9537482
9537483
9537484
9537485
9537486
9537487
9537488
9537489
9537490
9537491
9537492
9537493
9537494
9537495
9537496
9537497
9537498
9537499
9537500
9537501
9537502
9537503
9537504
9537505
9537506
9537507
9537508
9537509
9537510
9537511
9537512
9537513
9537514
9537515
9537516
9537517
9537518
9537519
9537520
9537521
9537522
9537523
9537524
9537525
9537526
9537527
9537528
9537529
9537530
9537531
9537532
9537533
9537534
9537535
9537536
9537537
9537538
9537539
9537540
9537541
9537542
9537543
9537544
9537545
9537546
9537547
9537548
9537549
9537550
9537551
9537552
9537553
9537554
9537555
9537556
9537557
9537558
9537559
9537560
9537561
9537562
9537563
9537564
9537565
9537566
9537567
9537568
9537569
9537570
9537571
9537572
9537573
9537574
9537575
9537576
9537577
9537578
9537579
9537580
9537581
9537582
9537583
9537584
9537585
9537586
9537587
9537588
9537589
9537590
9537591
9537592
9537593
9537594
9537595
9537596
9537597
9537598
9537599
9537600
9537601
9537602
9537603
9537604
9537605
9537606
9537607
9537608
9537609
9537610
9537611
9537612
9537613
9537614
9537615
9537616
9537617
9537618
9537619
9537620
9537621
9537622
9537623
9537624
9537625
9537626
9537627
9537628
9537629
9537630
9537631
9537632
9537633
9537634
9537635
9537636
9537637
9537638
9537639
9537640
9537641
9537642
9537643
9537644
9537645
9537646
9537647
9537648
9537649
9537650
9537651
9537652
9537653
9537654
9537655
9537656
9537657
9537658
9537659
9537660
9537661
9537662
9537663
9537664
9537665
9537666
9537667
9537668
9537669
9537670
9537671
9537672
9537673
9537674
9537675
9537676
9537677
9537678
9537679
9537680
9537681
9537682
9537683
9537684
9537685
9537686
9537687
9537688
9537689
9537690
9537691
9537692
9537693
9537694
9537695
9537696
9537697
9537698
9537699
9537700
9537701
9537702
9537703
9537704
9537705
9537706
9537707
9537708
9537709
9537710
9537711
9537712
9537713
9537714
9537715
9537716
9537717
9537718
9537719
9537720
9537721
9537722
9537723
9537724
9537725
9537726
9537727
9537728
9537729
9537730
9537731
9537732
9537733
9537734
9537735
9537736
9537737
9537738
9537739
9537740
9537741
9537742
9537743
9537744
9537745
9537746
9537747
9537748
9537749
9537750
9537751
9537752
9537753
9537754
9537755
9537756
9537757
9537758
9537759
9537760
9537761
9537762
9537763
9537764
9537765
9537766
9537767
9537768
9537769
9537770
9537771
9537772
9537773
9537774
9537775
9537776
9537777
9537778
9537779
9537780
9537781
9537782
9537783
9537784
9537785
9537786
9537787
9537788
9537789
9537790
9537791
9537792
9537793
9537794
9537795
9537796
9537797
9537798
9537799
9537800
9537801
9537802
9537803
9537804
9537805
9537806
9537807
9537808
9537809
9537810
9537811
9537812
9537813
9537814
9537815
9537816
9537817
9537818
9537819
9537820
9537821
9537822
9537823
9537824
9537825
9537826
9537827
9537828
9537829
9537830
9537831
9537832
9537833
9537834
9537835
9537836
9537837
9537838
9537839
9537840
9537841
9537842
9537843
9537844
9537845
9537846
9537847
9537848
9537849
9537850
9537851
9537852
9537853
9537854
9537855
9537856
9537857
9537858
9537859
9537860
9537861
9537862
9537863
9537864
9537865
9537866
9537867
9537868
9537869
9537870
9537871
9537872
9537873
9537874
9537875
9537876
9537877
9537878
9537879
9537880
9537881
9537882
9537883
9537884
9537885
9537886
9537887
9537888
9537889
9537890
9537891
9537892
9537893
9537894
9537895
9537896
9537897
9537898
9537899
9537900
9537901
9537902
9537903
9537904
9537905
9537906
9537907
9537908
9537909
9537910
9537911
9537912
9537913
9537914
9537915
9537916
9537917
9537918
9537919
9537920
9537921
9537922
9537923
9537924
9537925
9537926
9537927
9537928
9537929
9537930
9537931
9537932
9537933
9537934
9537935
9537936
9537937
9537938
9537939
9537940
9537941
9537942
9537943
9537944
9537945
9537946
9537947
9537948
9537949
9537950
9537951
9537952
9537953
9537954
9537955
9537956
9537957
9537958
9537959
9537960
9537961
9537962
9537963
9537964
9537965
9537966
9537967
9537968
9537969
9537970
9537971
9537972
9537973
9537974
9537975
9537976
9537977
9537978
9537979
9537980
9537981
9537982
9537983
9537984
9537985
9537986
9537987
9537988
9537989
9537990
9537991
9537992
9537993
9537994
9537995
9537996
9537997
9537998
9537999
9538000
9538001
9538002
9538003
9538004
9538005
9538006
9538007
9538008
9538009
9538010
9538011
9538012
9538013
9538014
9538015
9538016
9538017
9538018
9538019
9538020
9538021
9538022
9538023
9538024
9538025
9538026
9538027
9538028
9538029
9538030
9538031
9538032
9538033
9538034
9538035
9538036
9538037
9538038
9538039
9538040
9538041
9538042
9538043
9538044
9538045
9538046
9538047
9538048
9538049
9538050
9538051
9538052
9538053
9538054
9538055
9538056
9538057
9538058
9538059
9538060
9538061
9538062
9538063
9538064
9538065
9538066
9538067
9538068
9538069
9538070
9538071
9538072
9538073
9538074
9538075
9538076
9538077
9538078
9538079
9538080
9538081
9538082
9538083
9538084
9538085
9538086
9538087
9538088
9538089
9538090
9538091
9538092
9538093
9538094
9538095
9538096
9538097
9538098
9538099
9538100
9538101
9538102
9538103
9538104
9538105
9538106
9538107
9538108
9538109
9538110
9538111
9538112
9538113
9538114
9538115
9538116
9538117
9538118
9538119
9538120
9538121
9538122
9538123
9538124
9538125
9538126
9538127
9538128
9538129
9538130
9538131
9538132
9538133
9538134
9538135
9538136
9538137
9538138
9538139
9538140
9538141
9538142
9538143
9538144
9538145
9538146
9538147
9538148
9538149
9538150
9538151
9538152
9538153
9538154
9538155
9538156
9538157
9538158
9538159
9538160
9538161
9538162
9538163
9538164
9538165
9538166
9538167
9538168
9538169
9538170
9538171
9538172
9538173
9538174
9538175
9538176
9538177
9538178
9538179
9538180
9538181
9538182
9538183
9538184
9538185
9538186
9538187
9538188
9538189
9538190
9538191
9538192
9538193
9538194
9538195
9538196
9538197
9538198
9538199
9538200
9538201
9538202
9538203
9538204
9538205
9538206
9538207
9538208
9538209
9538210
9538211
9538212
9538213
9538214
9538215
9538216
9538217
9538218
9538219
9538220
9538221
9538222
9538223
9538224
9538225
9538226
9538227
9538228
9538229
9538230
9538231
9538232
9538233
9538234
9538235
9538236
9538237
9538238
9538239
9538240
9538241
9538242
9538243
9538244
9538245
9538246
9538247
9538248
9538249
9538250
9538251
9538252
9538253
9538254
9538255
9538256
9538257
9538258
9538259
9538260
9538261
9538262
9538263
9538264
9538265
9538266
9538267
9538268
9538269
9538270
9538271
9538272
9538273
9538274
9538275
9538276
9538277
9538278
9538279
9538280
9538281
9538282
9538283
9538284
9538285
9538286
9538287
9538288
9538289
9538290
9538291
9538292
9538293
9538294
9538295
9538296
9538297
9538298
9538299
9538300
9538301
9538302
9538303
9538304
9538305
9538306
9538307
9538308
9538309
9538310
9538311
9538312
9538313
9538314
9538315
9538316
9538317
9538318
9538319
9538320
9538321
9538322
9538323
9538324
9538325
9538326
9538327
9538328
9538329
9538330
9538331
9538332
9538333
9538334
9538335
9538336
9538337
9538338
9538339
9538340
9538341
9538342
9538343
9538344
9538345
9538346
9538347
9538348
9538349
9538350
9538351
9538352
9538353
9538354
9538355
9538356
9538357
9538358
9538359
9538360
9538361
9538362
9538363
9538364
9538365
9538366
9538367
9538368
9538369
9538370
9538371
9538372
9538373
9538374
9538375
9538376
9538377
9538378
9538379
9538380
9538381
9538382
9538383
9538384
9538385
9538386
9538387
9538388
9538389
9538390
9538391
9538392
9538393
9538394
9538395
9538396
9538397
9538398
9538399
9538400
9538401
9538402
9538403
9538404
9538405
9538406
9538407
9538408
9538409
9538410
9538411
9538412
9538413
9538414
9538415
9538416
9538417
9538418
9538419
9538420
9538421
9538422
9538423
9538424
9538425
9538426
9538427
9538428
9538429
9538430
9538431
9538432
9538433
9538434
9538435
9538436
9538437
9538438
9538439
9538440
9538441
9538442
9538443
9538444
9538445
9538446
9538447
9538448
9538449
9538450
9538451
9538452
9538453
9538454
9538455
9538456
9538457
9538458
9538459
9538460
9538461
9538462
9538463
9538464
9538465
9538466
9538467
9538468
9538469
9538470
9538471
9538472
9538473
9538474
9538475
9538476
9538477
9538478
9538479
9538480
9538481
9538482
9538483
9538484
9538485
9538486
9538487
9538488
9538489
9538490
9538491
9538492
9538493
9538494
9538495
9538496
9538497
9538498
9538499
9538500
9538501
9538502
9538503
9538504
9538505
9538506
9538507
9538508
9538509
9538510
9538511
9538512
9538513
9538514
9538515
9538516
9538517
9538518
9538519
9538520
9538521
9538522
9538523
9538524
9538525
9538526
9538527
9538528
9538529
9538530
9538531
9538532
9538533
9538534
9538535
9538536
9538537
9538538
9538539
9538540
9538541
9538542
9538543
9538544
9538545
9538546
9538547
9538548
9538549
9538550
9538551
9538552
9538553
9538554
9538555
9538556
9538557
9538558
9538559
9538560
9538561
9538562
9538563
9538564
9538565
9538566
9538567
9538568
9538569
9538570
9538571
9538572
9538573
9538574
9538575
9538576
9538577
9538578
9538579
9538580
9538581
9538582
9538583
9538584
9538585
9538586
9538587
9538588
9538589
9538590
9538591
9538592
9538593
9538594
9538595
9538596
9538597
9538598
9538599
9538600
9538601
9538602
9538603
9538604
9538605
9538606
9538607
9538608
9538609
9538610
9538611
9538612
9538613
9538614
9538615
9538616
9538617
9538618
9538619
9538620
9538621
9538622
9538623
9538624
9538625
9538626
9538627
9538628
9538629
9538630
9538631
9538632
9538633
9538634
9538635
9538636
9538637
9538638
9538639
9538640
9538641
9538642
9538643
9538644
9538645
9538646
9538647
9538648
9538649
9538650
9538651
9538652
9538653
9538654
9538655
9538656
9538657
9538658
9538659
9538660
9538661
9538662
9538663
9538664
9538665
9538666
9538667
9538668
9538669
9538670
9538671
9538672
9538673
9538674
9538675
9538676
9538677
9538678
9538679
9538680
9538681
9538682
9538683
9538684
9538685
9538686
9538687
9538688
9538689
9538690
9538691
9538692
9538693
9538694
9538695
9538696
9538697
9538698
9538699
9538700
9538701
9538702
9538703
9538704
9538705
9538706
9538707
9538708
9538709
9538710
9538711
9538712
9538713
9538714
9538715
9538716
9538717
9538718
9538719
9538720
9538721
9538722
9538723
9538724
9538725
9538726
9538727
9538728
9538729
9538730
9538731
9538732
9538733
9538734
9538735
9538736
9538737
9538738
9538739
9538740
9538741
9538742
9538743
9538744
9538745
9538746
9538747
9538748
9538749
9538750
9538751
9538752
9538753
9538754
9538755
9538756
9538757
9538758
9538759
9538760
9538761
9538762
9538763
9538764
9538765
9538766
9538767
9538768
9538769
9538770
9538771
9538772
9538773
9538774
9538775
9538776
9538777
9538778
9538779
9538780
9538781
9538782
9538783
9538784
9538785
9538786
9538787
9538788
9538789
9538790
9538791
9538792
9538793
9538794
9538795
9538796
9538797
9538798
9538799
9538800
9538801
9538802
9538803
9538804
9538805
9538806
9538807
9538808
9538809
9538810
9538811
9538812
9538813
9538814
9538815
9538816
9538817
9538818
9538819
9538820
9538821
9538822
9538823
9538824
9538825
9538826
9538827
9538828
9538829
9538830
9538831
9538832
9538833
9538834
9538835
9538836
9538837
9538838
9538839
9538840
9538841
9538842
9538843
9538844
9538845
9538846
9538847
9538848
9538849
9538850
9538851
9538852
9538853
9538854
9538855
9538856
9538857
9538858
9538859
9538860
9538861
9538862
9538863
9538864
9538865
9538866
9538867
9538868
9538869
9538870
9538871
9538872
9538873
9538874
9538875
9538876
9538877
9538878
9538879
9538880
9538881
9538882
9538883
9538884
9538885
9538886
9538887
9538888
9538889
9538890
9538891
9538892
9538893
9538894
9538895
9538896
9538897
9538898
9538899
9538900
9538901
9538902
9538903
9538904
9538905
9538906
9538907
9538908
9538909
9538910
9538911
9538912
9538913
9538914
9538915
9538916
9538917
9538918
9538919
9538920
9538921
9538922
9538923
9538924
9538925
9538926
9538927
9538928
9538929
9538930
9538931
9538932
9538933
9538934
9538935
9538936
9538937
9538938
9538939
9538940
9538941
9538942
9538943
9538944
9538945
9538946
9538947
9538948
9538949
9538950
9538951
9538952
9538953
9538954
9538955
9538956
9538957
9538958
9538959
9538960
9538961
9538962
9538963
9538964
9538965
9538966
9538967
9538968
9538969
9538970
9538971
9538972
9538973
9538974
9538975
9538976
9538977
9538978
9538979
9538980
9538981
9538982
9538983
9538984
9538985
9538986
9538987
9538988
9538989
9538990
9538991
9538992
9538993
9538994
9538995
9538996
9538997
9538998
9538999
9539000
9539001
9539002
9539003
9539004
9539005
9539006
9539007
9539008
9539009
9539010
9539011
9539012
9539013
9539014
9539015
9539016
9539017
9539018
9539019
9539020
9539021
9539022
9539023
9539024
9539025
9539026
9539027
9539028
9539029
9539030
9539031
9539032
9539033
9539034
9539035
9539036
9539037
9539038
9539039
9539040
9539041
9539042
9539043
9539044
9539045
9539046
9539047
9539048
9539049
9539050
9539051
9539052
9539053
9539054
9539055
9539056
9539057
9539058
9539059
9539060
9539061
9539062
9539063
9539064
9539065
9539066
9539067
9539068
9539069
9539070
9539071
9539072
9539073
9539074
9539075
9539076
9539077
9539078
9539079
9539080
9539081
9539082
9539083
9539084
9539085
9539086
9539087
9539088
9539089
9539090
9539091
9539092
9539093
9539094
9539095
9539096
9539097
9539098
9539099
9539100
9539101
9539102
9539103
9539104
9539105
9539106
9539107
9539108
9539109
9539110
9539111
9539112
9539113
9539114
9539115
9539116
9539117
9539118
9539119
9539120
9539121
9539122
9539123
9539124
9539125
9539126
9539127
9539128
9539129
9539130
9539131
9539132
9539133
9539134
9539135
9539136
9539137
9539138
9539139
9539140
9539141
9539142
9539143
9539144
9539145
9539146
9539147
9539148
9539149
9539150
9539151
9539152
9539153
9539154
9539155
9539156
9539157
9539158
9539159
9539160
9539161
9539162
9539163
9539164
9539165
9539166
9539167
9539168
9539169
9539170
9539171
9539172
9539173
9539174
9539175
9539176
9539177
9539178
9539179
9539180
9539181
9539182
9539183
9539184
9539185
9539186
9539187
9539188
9539189
9539190
9539191
9539192
9539193
9539194
9539195
9539196
9539197
9539198
9539199
9539200
9539201
9539202
9539203
9539204
9539205
9539206
9539207
9539208
9539209
9539210
9539211
9539212
9539213
9539214
9539215
9539216
9539217
9539218
9539219
9539220
9539221
9539222
9539223
9539224
9539225
9539226
9539227
9539228
9539229
9539230
9539231
9539232
9539233
9539234
9539235
9539236
9539237
9539238
9539239
9539240
9539241
9539242
9539243
9539244
9539245
9539246
9539247
9539248
9539249
9539250
9539251
9539252
9539253
9539254
9539255
9539256
9539257
9539258
9539259
9539260
9539261
9539262
9539263
9539264
9539265
9539266
9539267
9539268
9539269
9539270
9539271
9539272
9539273
9539274
9539275
9539276
9539277
9539278
9539279
9539280
9539281
9539282
9539283
9539284
9539285
9539286
9539287
9539288
9539289
9539290
9539291
9539292
9539293
9539294
9539295
9539296
9539297
9539298
9539299
9539300
9539301
9539302
9539303
9539304
9539305
9539306
9539307
9539308
9539309
9539310
9539311
9539312
9539313
9539314
9539315
9539316
9539317
9539318
9539319
9539320
9539321
9539322
9539323
9539324
9539325
9539326
9539327
9539328
9539329
9539330
9539331
9539332
9539333
9539334
9539335
9539336
9539337
9539338
9539339
9539340
9539341
9539342
9539343
9539344
9539345
9539346
9539347
9539348
9539349
9539350
9539351
9539352
9539353
9539354
9539355
9539356
9539357
9539358
9539359
9539360
9539361
9539362
9539363
9539364
9539365
9539366
9539367
9539368
9539369
9539370
9539371
9539372
9539373
9539374
9539375
9539376
9539377
9539378
9539379
9539380
9539381
9539382
9539383
9539384
9539385
9539386
9539387
9539388
9539389
9539390
9539391
9539392
9539393
9539394
9539395
9539396
9539397
9539398
9539399
9539400
9539401
9539402
9539403
9539404
9539405
9539406
9539407
9539408
9539409
9539410
9539411
9539412
9539413
9539414
9539415
9539416
9539417
9539418
9539419
9539420
9539421
9539422
9539423
9539424
9539425
9539426
9539427
9539428
9539429
9539430
9539431
9539432
9539433
9539434
9539435
9539436
9539437
9539438
9539439
9539440
9539441
9539442
9539443
9539444
9539445
9539446
9539447
9539448
9539449
9539450
9539451
9539452
9539453
9539454
9539455
9539456
9539457
9539458
9539459
9539460
9539461
9539462
9539463
9539464
9539465
9539466
9539467
9539468
9539469
9539470
9539471
9539472
9539473
9539474
9539475
9539476
9539477
9539478
9539479
9539480
9539481
9539482
9539483
9539484
9539485
9539486
9539487
9539488
9539489
9539490
9539491
9539492
9539493
9539494
9539495
9539496
9539497
9539498
9539499
9539500
9539501
9539502
9539503
9539504
9539505
9539506
9539507
9539508
9539509
9539510
9539511
9539512
9539513
9539514
9539515
9539516
9539517
9539518
9539519
9539520
9539521
9539522
9539523
9539524
9539525
9539526
9539527
9539528
9539529
9539530
9539531
9539532
9539533
9539534
9539535
9539536
9539537
9539538
9539539
9539540
9539541
9539542
9539543
9539544
9539545
9539546
9539547
9539548
9539549
9539550
9539551
9539552
9539553
9539554
9539555
9539556
9539557
9539558
9539559
9539560
9539561
9539562
9539563
9539564
9539565
9539566
9539567
9539568
9539569
9539570
9539571
9539572
9539573
9539574
9539575
9539576
9539577
9539578
9539579
9539580
9539581
9539582
9539583
9539584
9539585
9539586
9539587
9539588
9539589
9539590
9539591
9539592
9539593
9539594
9539595
9539596
9539597
9539598
9539599
9539600
9539601
9539602
9539603
9539604
9539605
9539606
9539607
9539608
9539609
9539610
9539611
9539612
9539613
9539614
9539615
9539616
9539617
9539618
9539619
9539620
9539621
9539622
9539623
9539624
9539625
9539626
9539627
9539628
9539629
9539630
9539631
9539632
9539633
9539634
9539635
9539636
9539637
9539638
9539639
9539640
9539641
9539642
9539643
9539644
9539645
9539646
9539647
9539648
9539649
9539650
9539651
9539652
9539653
9539654
9539655
9539656
9539657
9539658
9539659
9539660
9539661
9539662
9539663
9539664
9539665
9539666
9539667
9539668
9539669
9539670
9539671
9539672
9539673
9539674
9539675
9539676
9539677
9539678
9539679
9539680
9539681
9539682
9539683
9539684
9539685
9539686
9539687
9539688
9539689
9539690
9539691
9539692
9539693
9539694
9539695
9539696
9539697
9539698
9539699
9539700
9539701
9539702
9539703
9539704
9539705
9539706
9539707
9539708
9539709
9539710
9539711
9539712
9539713
9539714
9539715
9539716
9539717
9539718
9539719
9539720
9539721
9539722
9539723
9539724
9539725
9539726
9539727
9539728
9539729
9539730
9539731
9539732
9539733
9539734
9539735
9539736
9539737
9539738
9539739
9539740
9539741
9539742
9539743
9539744
9539745
9539746
9539747
9539748
9539749
9539750
9539751
9539752
9539753
9539754
9539755
9539756
9539757
9539758
9539759
9539760
9539761
9539762
9539763
9539764
9539765
9539766
9539767
9539768
9539769
9539770
9539771
9539772
9539773
9539774
9539775
9539776
9539777
9539778
9539779
9539780
9539781
9539782
9539783
9539784
9539785
9539786
9539787
9539788
9539789
9539790
9539791
9539792
9539793
9539794
9539795
9539796
9539797
9539798
9539799
9539800
9539801
9539802
9539803
9539804
9539805
9539806
9539807
9539808
9539809
9539810
9539811
9539812
9539813
9539814
9539815
9539816
9539817
9539818
9539819
9539820
9539821
9539822
9539823
9539824
9539825
9539826
9539827
9539828
9539829
9539830
9539831
9539832
9539833
9539834
9539835
9539836
9539837
9539838
9539839
9539840
9539841
9539842
9539843
9539844
9539845
9539846
9539847
9539848
9539849
9539850
9539851
9539852
9539853
9539854
9539855
9539856
9539857
9539858
9539859
9539860
9539861
9539862
9539863
9539864
9539865
9539866
9539867
9539868
9539869
9539870
9539871
9539872
9539873
9539874
9539875
9539876
9539877
9539878
9539879
9539880
9539881
9539882
9539883
9539884
9539885
9539886
9539887
9539888
9539889
9539890
9539891
9539892
9539893
9539894
9539895
9539896
9539897
9539898
9539899
9539900
9539901
9539902
9539903
9539904
9539905
9539906
9539907
9539908
9539909
9539910
9539911
9539912
9539913
9539914
9539915
9539916
9539917
9539918
9539919
9539920
9539921
9539922
9539923
9539924
9539925
9539926
9539927
9539928
9539929
9539930
9539931
9539932
9539933
9539934
9539935
9539936
9539937
9539938
9539939
9539940
9539941
9539942
9539943
9539944
9539945
9539946
9539947
9539948
9539949
9539950
9539951
9539952
9539953
9539954
9539955
9539956
9539957
9539958
9539959
9539960
9539961
9539962
9539963
9539964
9539965
9539966
9539967
9539968
9539969
9539970
9539971
9539972
9539973
9539974
9539975
9539976
9539977
9539978
9539979
9539980
9539981
9539982
9539983
9539984
9539985
9539986
9539987
9539988
9539989
9539990
9539991
9539992
9539993
9539994
9539995
9539996
9539997
9539998
9539999
9540000
