9740001
9740002
9740003
9740004
9740005
9740006
9740007
9740008
9740009
9740010
9740011
9740012
9740013
9740014
9740015
9740016
9740017
9740018
9740019
9740020
9740021
9740022
9740023
9740024
9740025
9740026
9740027
9740028
9740029
9740030
9740031
9740032
9740033
9740034
9740035
9740036
9740037
9740038
9740039
9740040
9740041
9740042
9740043
9740044
9740045
9740046
9740047
9740048
9740049
9740050
9740051
9740052
9740053
9740054
9740055
9740056
9740057
9740058
9740059
9740060
9740061
9740062
9740063
9740064
9740065
9740066
9740067
9740068
9740069
9740070
9740071
9740072
9740073
9740074
9740075
9740076
9740077
9740078
9740079
9740080
9740081
9740082
9740083
9740084
9740085
9740086
9740087
9740088
9740089
9740090
9740091
9740092
9740093
9740094
9740095
9740096
9740097
9740098
9740099
9740100
9740101
9740102
9740103
9740104
9740105
9740106
9740107
9740108
9740109
9740110
9740111
9740112
9740113
9740114
9740115
9740116
9740117
9740118
9740119
9740120
9740121
9740122
9740123
9740124
9740125
9740126
9740127
9740128
9740129
9740130
9740131
9740132
9740133
9740134
9740135
9740136
9740137
9740138
9740139
9740140
9740141
9740142
9740143
9740144
9740145
9740146
9740147
9740148
9740149
9740150
9740151
9740152
9740153
9740154
9740155
9740156
9740157
9740158
9740159
9740160
9740161
9740162
9740163
9740164
9740165
9740166
9740167
9740168
9740169
9740170
9740171
9740172
9740173
9740174
9740175
9740176
9740177
9740178
9740179
9740180
9740181
9740182
9740183
9740184
9740185
9740186
9740187
9740188
9740189
9740190
9740191
9740192
9740193
9740194
9740195
9740196
9740197
9740198
9740199
9740200
9740201
9740202
9740203
9740204
9740205
9740206
9740207
9740208
9740209
9740210
9740211
9740212
9740213
9740214
9740215
9740216
9740217
9740218
9740219
9740220
9740221
9740222
9740223
9740224
9740225
9740226
9740227
9740228
9740229
9740230
9740231
9740232
9740233
9740234
9740235
9740236
9740237
9740238
9740239
9740240
9740241
9740242
9740243
9740244
9740245
9740246
9740247
9740248
9740249
9740250
9740251
9740252
9740253
9740254
9740255
9740256
9740257
9740258
9740259
9740260
9740261
9740262
9740263
9740264
9740265
9740266
9740267
9740268
9740269
9740270
9740271
9740272
9740273
9740274
9740275
9740276
9740277
9740278
9740279
9740280
9740281
9740282
9740283
9740284
9740285
9740286
9740287
9740288
9740289
9740290
9740291
9740292
9740293
9740294
9740295
9740296
9740297
9740298
9740299
9740300
9740301
9740302
9740303
9740304
9740305
9740306
9740307
9740308
9740309
9740310
9740311
9740312
9740313
9740314
9740315
9740316
9740317
9740318
9740319
9740320
9740321
9740322
9740323
9740324
9740325
9740326
9740327
9740328
9740329
9740330
9740331
9740332
9740333
9740334
9740335
9740336
9740337
9740338
9740339
9740340
9740341
9740342
9740343
9740344
9740345
9740346
9740347
9740348
9740349
9740350
9740351
9740352
9740353
9740354
9740355
9740356
9740357
9740358
9740359
9740360
9740361
9740362
9740363
9740364
9740365
9740366
9740367
9740368
9740369
9740370
9740371
9740372
9740373
9740374
9740375
9740376
9740377
9740378
9740379
9740380
9740381
9740382
9740383
9740384
9740385
9740386
9740387
9740388
9740389
9740390
9740391
9740392
9740393
9740394
9740395
9740396
9740397
9740398
9740399
9740400
9740401
9740402
9740403
9740404
9740405
9740406
9740407
9740408
9740409
9740410
9740411
9740412
9740413
9740414
9740415
9740416
9740417
9740418
9740419
9740420
9740421
9740422
9740423
9740424
9740425
9740426
9740427
9740428
9740429
9740430
9740431
9740432
9740433
9740434
9740435
9740436
9740437
9740438
9740439
9740440
9740441
9740442
9740443
9740444
9740445
9740446
9740447
9740448
9740449
9740450
9740451
9740452
9740453
9740454
9740455
9740456
9740457
9740458
9740459
9740460
9740461
9740462
9740463
9740464
9740465
9740466
9740467
9740468
9740469
9740470
9740471
9740472
9740473
9740474
9740475
9740476
9740477
9740478
9740479
9740480
9740481
9740482
9740483
9740484
9740485
9740486
9740487
9740488
9740489
9740490
9740491
9740492
9740493
9740494
9740495
9740496
9740497
9740498
9740499
9740500
9740501
9740502
9740503
9740504
9740505
9740506
9740507
9740508
9740509
9740510
9740511
9740512
9740513
9740514
9740515
9740516
9740517
9740518
9740519
9740520
9740521
9740522
9740523
9740524
9740525
9740526
9740527
9740528
9740529
9740530
9740531
9740532
9740533
9740534
9740535
9740536
9740537
9740538
9740539
9740540
9740541
9740542
9740543
9740544
9740545
9740546
9740547
9740548
9740549
9740550
9740551
9740552
9740553
9740554
9740555
9740556
9740557
9740558
9740559
9740560
9740561
9740562
9740563
9740564
9740565
9740566
9740567
9740568
9740569
9740570
9740571
9740572
9740573
9740574
9740575
9740576
9740577
9740578
9740579
9740580
9740581
9740582
9740583
9740584
9740585
9740586
9740587
9740588
9740589
9740590
9740591
9740592
9740593
9740594
9740595
9740596
9740597
9740598
9740599
9740600
9740601
9740602
9740603
9740604
9740605
9740606
9740607
9740608
9740609
9740610
9740611
9740612
9740613
9740614
9740615
9740616
9740617
9740618
9740619
9740620
9740621
9740622
9740623
9740624
9740625
9740626
9740627
9740628
9740629
9740630
9740631
9740632
9740633
9740634
9740635
9740636
9740637
9740638
9740639
9740640
9740641
9740642
9740643
9740644
9740645
9740646
9740647
9740648
9740649
9740650
9740651
9740652
9740653
9740654
9740655
9740656
9740657
9740658
9740659
9740660
9740661
9740662
9740663
9740664
9740665
9740666
9740667
9740668
9740669
9740670
9740671
9740672
9740673
9740674
9740675
9740676
9740677
9740678
9740679
9740680
9740681
9740682
9740683
9740684
9740685
9740686
9740687
9740688
9740689
9740690
9740691
9740692
9740693
9740694
9740695
9740696
9740697
9740698
9740699
9740700
9740701
9740702
9740703
9740704
9740705
9740706
9740707
9740708
9740709
9740710
9740711
9740712
9740713
9740714
9740715
9740716
9740717
9740718
9740719
9740720
9740721
9740722
9740723
9740724
9740725
9740726
9740727
9740728
9740729
9740730
9740731
9740732
9740733
9740734
9740735
9740736
9740737
9740738
9740739
9740740
9740741
9740742
9740743
9740744
9740745
9740746
9740747
9740748
9740749
9740750
9740751
9740752
9740753
9740754
9740755
9740756
9740757
9740758
9740759
9740760
9740761
9740762
9740763
9740764
9740765
9740766
9740767
9740768
9740769
9740770
9740771
9740772
9740773
9740774
9740775
9740776
9740777
9740778
9740779
9740780
9740781
9740782
9740783
9740784
9740785
9740786
9740787
9740788
9740789
9740790
9740791
9740792
9740793
9740794
9740795
9740796
9740797
9740798
9740799
9740800
9740801
9740802
9740803
9740804
9740805
9740806
9740807
9740808
9740809
9740810
9740811
9740812
9740813
9740814
9740815
9740816
9740817
9740818
9740819
9740820
9740821
9740822
9740823
9740824
9740825
9740826
9740827
9740828
9740829
9740830
9740831
9740832
9740833
9740834
9740835
9740836
9740837
9740838
9740839
9740840
9740841
9740842
9740843
9740844
9740845
9740846
9740847
9740848
9740849
9740850
9740851
9740852
9740853
9740854
9740855
9740856
9740857
9740858
9740859
9740860
9740861
9740862
9740863
9740864
9740865
9740866
9740867
9740868
9740869
9740870
9740871
9740872
9740873
9740874
9740875
9740876
9740877
9740878
9740879
9740880
9740881
9740882
9740883
9740884
9740885
9740886
9740887
9740888
9740889
9740890
9740891
9740892
9740893
9740894
9740895
9740896
9740897
9740898
9740899
9740900
9740901
9740902
9740903
9740904
9740905
9740906
9740907
9740908
9740909
9740910
9740911
9740912
9740913
9740914
9740915
9740916
9740917
9740918
9740919
9740920
9740921
9740922
9740923
9740924
9740925
9740926
9740927
9740928
9740929
9740930
9740931
9740932
9740933
9740934
9740935
9740936
9740937
9740938
9740939
9740940
9740941
9740942
9740943
9740944
9740945
9740946
9740947
9740948
9740949
9740950
9740951
9740952
9740953
9740954
9740955
9740956
9740957
9740958
9740959
9740960
9740961
9740962
9740963
9740964
9740965
9740966
9740967
9740968
9740969
9740970
9740971
9740972
9740973
9740974
9740975
9740976
9740977
9740978
9740979
9740980
9740981
9740982
9740983
9740984
9740985
9740986
9740987
9740988
9740989
9740990
9740991
9740992
9740993
9740994
9740995
9740996
9740997
9740998
9740999
9741000
9741001
9741002
9741003
9741004
9741005
9741006
9741007
9741008
9741009
9741010
9741011
9741012
9741013
9741014
9741015
9741016
9741017
9741018
9741019
9741020
9741021
9741022
9741023
9741024
9741025
9741026
9741027
9741028
9741029
9741030
9741031
9741032
9741033
9741034
9741035
9741036
9741037
9741038
9741039
9741040
9741041
9741042
9741043
9741044
9741045
9741046
9741047
9741048
9741049
9741050
9741051
9741052
9741053
9741054
9741055
9741056
9741057
9741058
9741059
9741060
9741061
9741062
9741063
9741064
9741065
9741066
9741067
9741068
9741069
9741070
9741071
9741072
9741073
9741074
9741075
9741076
9741077
9741078
9741079
9741080
9741081
9741082
9741083
9741084
9741085
9741086
9741087
9741088
9741089
9741090
9741091
9741092
9741093
9741094
9741095
9741096
9741097
9741098
9741099
9741100
9741101
9741102
9741103
9741104
9741105
9741106
9741107
9741108
9741109
9741110
9741111
9741112
9741113
9741114
9741115
9741116
9741117
9741118
9741119
9741120
9741121
9741122
9741123
9741124
9741125
9741126
9741127
9741128
9741129
9741130
9741131
9741132
9741133
9741134
9741135
9741136
9741137
9741138
9741139
9741140
9741141
9741142
9741143
9741144
9741145
9741146
9741147
9741148
9741149
9741150
9741151
9741152
9741153
9741154
9741155
9741156
9741157
9741158
9741159
9741160
9741161
9741162
9741163
9741164
9741165
9741166
9741167
9741168
9741169
9741170
9741171
9741172
9741173
9741174
9741175
9741176
9741177
9741178
9741179
9741180
9741181
9741182
9741183
9741184
9741185
9741186
9741187
9741188
9741189
9741190
9741191
9741192
9741193
9741194
9741195
9741196
9741197
9741198
9741199
9741200
9741201
9741202
9741203
9741204
9741205
9741206
9741207
9741208
9741209
9741210
9741211
9741212
9741213
9741214
9741215
9741216
9741217
9741218
9741219
9741220
9741221
9741222
9741223
9741224
9741225
9741226
9741227
9741228
9741229
9741230
9741231
9741232
9741233
9741234
9741235
9741236
9741237
9741238
9741239
9741240
9741241
9741242
9741243
9741244
9741245
9741246
9741247
9741248
9741249
9741250
9741251
9741252
9741253
9741254
9741255
9741256
9741257
9741258
9741259
9741260
9741261
9741262
9741263
9741264
9741265
9741266
9741267
9741268
9741269
9741270
9741271
9741272
9741273
9741274
9741275
9741276
9741277
9741278
9741279
9741280
9741281
9741282
9741283
9741284
9741285
9741286
9741287
9741288
9741289
9741290
9741291
9741292
9741293
9741294
9741295
9741296
9741297
9741298
9741299
9741300
9741301
9741302
9741303
9741304
9741305
9741306
9741307
9741308
9741309
9741310
9741311
9741312
9741313
9741314
9741315
9741316
9741317
9741318
9741319
9741320
9741321
9741322
9741323
9741324
9741325
9741326
9741327
9741328
9741329
9741330
9741331
9741332
9741333
9741334
9741335
9741336
9741337
9741338
9741339
9741340
9741341
9741342
9741343
9741344
9741345
9741346
9741347
9741348
9741349
9741350
9741351
9741352
9741353
9741354
9741355
9741356
9741357
9741358
9741359
9741360
9741361
9741362
9741363
9741364
9741365
9741366
9741367
9741368
9741369
9741370
9741371
9741372
9741373
9741374
9741375
9741376
9741377
9741378
9741379
9741380
9741381
9741382
9741383
9741384
9741385
9741386
9741387
9741388
9741389
9741390
9741391
9741392
9741393
9741394
9741395
9741396
9741397
9741398
9741399
9741400
9741401
9741402
9741403
9741404
9741405
9741406
9741407
9741408
9741409
9741410
9741411
9741412
9741413
9741414
9741415
9741416
9741417
9741418
9741419
9741420
9741421
9741422
9741423
9741424
9741425
9741426
9741427
9741428
9741429
9741430
9741431
9741432
9741433
9741434
9741435
9741436
9741437
9741438
9741439
9741440
9741441
9741442
9741443
9741444
9741445
9741446
9741447
9741448
9741449
9741450
9741451
9741452
9741453
9741454
9741455
9741456
9741457
9741458
9741459
9741460
9741461
9741462
9741463
9741464
9741465
9741466
9741467
9741468
9741469
9741470
9741471
9741472
9741473
9741474
9741475
9741476
9741477
9741478
9741479
9741480
9741481
9741482
9741483
9741484
9741485
9741486
9741487
9741488
9741489
9741490
9741491
9741492
9741493
9741494
9741495
9741496
9741497
9741498
9741499
9741500
9741501
9741502
9741503
9741504
9741505
9741506
9741507
9741508
9741509
9741510
9741511
9741512
9741513
9741514
9741515
9741516
9741517
9741518
9741519
9741520
9741521
9741522
9741523
9741524
9741525
9741526
9741527
9741528
9741529
9741530
9741531
9741532
9741533
9741534
9741535
9741536
9741537
9741538
9741539
9741540
9741541
9741542
9741543
9741544
9741545
9741546
9741547
9741548
9741549
9741550
9741551
9741552
9741553
9741554
9741555
9741556
9741557
9741558
9741559
9741560
9741561
9741562
9741563
9741564
9741565
9741566
9741567
9741568
9741569
9741570
9741571
9741572
9741573
9741574
9741575
9741576
9741577
9741578
9741579
9741580
9741581
9741582
9741583
9741584
9741585
9741586
9741587
9741588
9741589
9741590
9741591
9741592
9741593
9741594
9741595
9741596
9741597
9741598
9741599
9741600
9741601
9741602
9741603
9741604
9741605
9741606
9741607
9741608
9741609
9741610
9741611
9741612
9741613
9741614
9741615
9741616
9741617
9741618
9741619
9741620
9741621
9741622
9741623
9741624
9741625
9741626
9741627
9741628
9741629
9741630
9741631
9741632
9741633
9741634
9741635
9741636
9741637
9741638
9741639
9741640
9741641
9741642
9741643
9741644
9741645
9741646
9741647
9741648
9741649
9741650
9741651
9741652
9741653
9741654
9741655
9741656
9741657
9741658
9741659
9741660
9741661
9741662
9741663
9741664
9741665
9741666
9741667
9741668
9741669
9741670
9741671
9741672
9741673
9741674
9741675
9741676
9741677
9741678
9741679
9741680
9741681
9741682
9741683
9741684
9741685
9741686
9741687
9741688
9741689
9741690
9741691
9741692
9741693
9741694
9741695
9741696
9741697
9741698
9741699
9741700
9741701
9741702
9741703
9741704
9741705
9741706
9741707
9741708
9741709
9741710
9741711
9741712
9741713
9741714
9741715
9741716
9741717
9741718
9741719
9741720
9741721
9741722
9741723
9741724
9741725
9741726
9741727
9741728
9741729
9741730
9741731
9741732
9741733
9741734
9741735
9741736
9741737
9741738
9741739
9741740
9741741
9741742
9741743
9741744
9741745
9741746
9741747
9741748
9741749
9741750
9741751
9741752
9741753
9741754
9741755
9741756
9741757
9741758
9741759
9741760
9741761
9741762
9741763
9741764
9741765
9741766
9741767
9741768
9741769
9741770
9741771
9741772
9741773
9741774
9741775
9741776
9741777
9741778
9741779
9741780
9741781
9741782
9741783
9741784
9741785
9741786
9741787
9741788
9741789
9741790
9741791
9741792
9741793
9741794
9741795
9741796
9741797
9741798
9741799
9741800
9741801
9741802
9741803
9741804
9741805
9741806
9741807
9741808
9741809
9741810
9741811
9741812
9741813
9741814
9741815
9741816
9741817
9741818
9741819
9741820
9741821
9741822
9741823
9741824
9741825
9741826
9741827
9741828
9741829
9741830
9741831
9741832
9741833
9741834
9741835
9741836
9741837
9741838
9741839
9741840
9741841
9741842
9741843
9741844
9741845
9741846
9741847
9741848
9741849
9741850
9741851
9741852
9741853
9741854
9741855
9741856
9741857
9741858
9741859
9741860
9741861
9741862
9741863
9741864
9741865
9741866
9741867
9741868
9741869
9741870
9741871
9741872
9741873
9741874
9741875
9741876
9741877
9741878
9741879
9741880
9741881
9741882
9741883
9741884
9741885
9741886
9741887
9741888
9741889
9741890
9741891
9741892
9741893
9741894
9741895
9741896
9741897
9741898
9741899
9741900
9741901
9741902
9741903
9741904
9741905
9741906
9741907
9741908
9741909
9741910
9741911
9741912
9741913
9741914
9741915
9741916
9741917
9741918
9741919
9741920
9741921
9741922
9741923
9741924
9741925
9741926
9741927
9741928
9741929
9741930
9741931
9741932
9741933
9741934
9741935
9741936
9741937
9741938
9741939
9741940
9741941
9741942
9741943
9741944
9741945
9741946
9741947
9741948
9741949
9741950
9741951
9741952
9741953
9741954
9741955
9741956
9741957
9741958
9741959
9741960
9741961
9741962
9741963
9741964
9741965
9741966
9741967
9741968
9741969
9741970
9741971
9741972
9741973
9741974
9741975
9741976
9741977
9741978
9741979
9741980
9741981
9741982
9741983
9741984
9741985
9741986
9741987
9741988
9741989
9741990
9741991
9741992
9741993
9741994
9741995
9741996
9741997
9741998
9741999
9742000
9742001
9742002
9742003
9742004
9742005
9742006
9742007
9742008
9742009
9742010
9742011
9742012
9742013
9742014
9742015
9742016
9742017
9742018
9742019
9742020
9742021
9742022
9742023
9742024
9742025
9742026
9742027
9742028
9742029
9742030
9742031
9742032
9742033
9742034
9742035
9742036
9742037
9742038
9742039
9742040
9742041
9742042
9742043
9742044
9742045
9742046
9742047
9742048
9742049
9742050
9742051
9742052
9742053
9742054
9742055
9742056
9742057
9742058
9742059
9742060
9742061
9742062
9742063
9742064
9742065
9742066
9742067
9742068
9742069
9742070
9742071
9742072
9742073
9742074
9742075
9742076
9742077
9742078
9742079
9742080
9742081
9742082
9742083
9742084
9742085
9742086
9742087
9742088
9742089
9742090
9742091
9742092
9742093
9742094
9742095
9742096
9742097
9742098
9742099
9742100
9742101
9742102
9742103
9742104
9742105
9742106
9742107
9742108
9742109
9742110
9742111
9742112
9742113
9742114
9742115
9742116
9742117
9742118
9742119
9742120
9742121
9742122
9742123
9742124
9742125
9742126
9742127
9742128
9742129
9742130
9742131
9742132
9742133
9742134
9742135
9742136
9742137
9742138
9742139
9742140
9742141
9742142
9742143
9742144
9742145
9742146
9742147
9742148
9742149
9742150
9742151
9742152
9742153
9742154
9742155
9742156
9742157
9742158
9742159
9742160
9742161
9742162
9742163
9742164
9742165
9742166
9742167
9742168
9742169
9742170
9742171
9742172
9742173
9742174
9742175
9742176
9742177
9742178
9742179
9742180
9742181
9742182
9742183
9742184
9742185
9742186
9742187
9742188
9742189
9742190
9742191
9742192
9742193
9742194
9742195
9742196
9742197
9742198
9742199
9742200
9742201
9742202
9742203
9742204
9742205
9742206
9742207
9742208
9742209
9742210
9742211
9742212
9742213
9742214
9742215
9742216
9742217
9742218
9742219
9742220
9742221
9742222
9742223
9742224
9742225
9742226
9742227
9742228
9742229
9742230
9742231
9742232
9742233
9742234
9742235
9742236
9742237
9742238
9742239
9742240
9742241
9742242
9742243
9742244
9742245
9742246
9742247
9742248
9742249
9742250
9742251
9742252
9742253
9742254
9742255
9742256
9742257
9742258
9742259
9742260
9742261
9742262
9742263
9742264
9742265
9742266
9742267
9742268
9742269
9742270
9742271
9742272
9742273
9742274
9742275
9742276
9742277
9742278
9742279
9742280
9742281
9742282
9742283
9742284
9742285
9742286
9742287
9742288
9742289
9742290
9742291
9742292
9742293
9742294
9742295
9742296
9742297
9742298
9742299
9742300
9742301
9742302
9742303
9742304
9742305
9742306
9742307
9742308
9742309
9742310
9742311
9742312
9742313
9742314
9742315
9742316
9742317
9742318
9742319
9742320
9742321
9742322
9742323
9742324
9742325
9742326
9742327
9742328
9742329
9742330
9742331
9742332
9742333
9742334
9742335
9742336
9742337
9742338
9742339
9742340
9742341
9742342
9742343
9742344
9742345
9742346
9742347
9742348
9742349
9742350
9742351
9742352
9742353
9742354
9742355
9742356
9742357
9742358
9742359
9742360
9742361
9742362
9742363
9742364
9742365
9742366
9742367
9742368
9742369
9742370
9742371
9742372
9742373
9742374
9742375
9742376
9742377
9742378
9742379
9742380
9742381
9742382
9742383
9742384
9742385
9742386
9742387
9742388
9742389
9742390
9742391
9742392
9742393
9742394
9742395
9742396
9742397
9742398
9742399
9742400
9742401
9742402
9742403
9742404
9742405
9742406
9742407
9742408
9742409
9742410
9742411
9742412
9742413
9742414
9742415
9742416
9742417
9742418
9742419
9742420
9742421
9742422
9742423
9742424
9742425
9742426
9742427
9742428
9742429
9742430
9742431
9742432
9742433
9742434
9742435
9742436
9742437
9742438
9742439
9742440
9742441
9742442
9742443
9742444
9742445
9742446
9742447
9742448
9742449
9742450
9742451
9742452
9742453
9742454
9742455
9742456
9742457
9742458
9742459
9742460
9742461
9742462
9742463
9742464
9742465
9742466
9742467
9742468
9742469
9742470
9742471
9742472
9742473
9742474
9742475
9742476
9742477
9742478
9742479
9742480
9742481
9742482
9742483
9742484
9742485
9742486
9742487
9742488
9742489
9742490
9742491
9742492
9742493
9742494
9742495
9742496
9742497
9742498
9742499
9742500
9742501
9742502
9742503
9742504
9742505
9742506
9742507
9742508
9742509
9742510
9742511
9742512
9742513
9742514
9742515
9742516
9742517
9742518
9742519
9742520
9742521
9742522
9742523
9742524
9742525
9742526
9742527
9742528
9742529
9742530
9742531
9742532
9742533
9742534
9742535
9742536
9742537
9742538
9742539
9742540
9742541
9742542
9742543
9742544
9742545
9742546
9742547
9742548
9742549
9742550
9742551
9742552
9742553
9742554
9742555
9742556
9742557
9742558
9742559
9742560
9742561
9742562
9742563
9742564
9742565
9742566
9742567
9742568
9742569
9742570
9742571
9742572
9742573
9742574
9742575
9742576
9742577
9742578
9742579
9742580
9742581
9742582
9742583
9742584
9742585
9742586
9742587
9742588
9742589
9742590
9742591
9742592
9742593
9742594
9742595
9742596
9742597
9742598
9742599
9742600
9742601
9742602
9742603
9742604
9742605
9742606
9742607
9742608
9742609
9742610
9742611
9742612
9742613
9742614
9742615
9742616
9742617
9742618
9742619
9742620
9742621
9742622
9742623
9742624
9742625
9742626
9742627
9742628
9742629
9742630
9742631
9742632
9742633
9742634
9742635
9742636
9742637
9742638
9742639
9742640
9742641
9742642
9742643
9742644
9742645
9742646
9742647
9742648
9742649
9742650
9742651
9742652
9742653
9742654
9742655
9742656
9742657
9742658
9742659
9742660
9742661
9742662
9742663
9742664
9742665
9742666
9742667
9742668
9742669
9742670
9742671
9742672
9742673
9742674
9742675
9742676
9742677
9742678
9742679
9742680
9742681
9742682
9742683
9742684
9742685
9742686
9742687
9742688
9742689
9742690
9742691
9742692
9742693
9742694
9742695
9742696
9742697
9742698
9742699
9742700
9742701
9742702
9742703
9742704
9742705
9742706
9742707
9742708
9742709
9742710
9742711
9742712
9742713
9742714
9742715
9742716
9742717
9742718
9742719
9742720
9742721
9742722
9742723
9742724
9742725
9742726
9742727
9742728
9742729
9742730
9742731
9742732
9742733
9742734
9742735
9742736
9742737
9742738
9742739
9742740
9742741
9742742
9742743
9742744
9742745
9742746
9742747
9742748
9742749
9742750
9742751
9742752
9742753
9742754
9742755
9742756
9742757
9742758
9742759
9742760
9742761
9742762
9742763
9742764
9742765
9742766
9742767
9742768
9742769
9742770
9742771
9742772
9742773
9742774
9742775
9742776
9742777
9742778
9742779
9742780
9742781
9742782
9742783
9742784
9742785
9742786
9742787
9742788
9742789
9742790
9742791
9742792
9742793
9742794
9742795
9742796
9742797
9742798
9742799
9742800
9742801
9742802
9742803
9742804
9742805
9742806
9742807
9742808
9742809
9742810
9742811
9742812
9742813
9742814
9742815
9742816
9742817
9742818
9742819
9742820
9742821
9742822
9742823
9742824
9742825
9742826
9742827
9742828
9742829
9742830
9742831
9742832
9742833
9742834
9742835
9742836
9742837
9742838
9742839
9742840
9742841
9742842
9742843
9742844
9742845
9742846
9742847
9742848
9742849
9742850
9742851
9742852
9742853
9742854
9742855
9742856
9742857
9742858
9742859
9742860
9742861
9742862
9742863
9742864
9742865
9742866
9742867
9742868
9742869
9742870
9742871
9742872
9742873
9742874
9742875
9742876
9742877
9742878
9742879
9742880
9742881
9742882
9742883
9742884
9742885
9742886
9742887
9742888
9742889
9742890
9742891
9742892
9742893
9742894
9742895
9742896
9742897
9742898
9742899
9742900
9742901
9742902
9742903
9742904
9742905
9742906
9742907
9742908
9742909
9742910
9742911
9742912
9742913
9742914
9742915
9742916
9742917
9742918
9742919
9742920
9742921
9742922
9742923
9742924
9742925
9742926
9742927
9742928
9742929
9742930
9742931
9742932
9742933
9742934
9742935
9742936
9742937
9742938
9742939
9742940
9742941
9742942
9742943
9742944
9742945
9742946
9742947
9742948
9742949
9742950
9742951
9742952
9742953
9742954
9742955
9742956
9742957
9742958
9742959
9742960
9742961
9742962
9742963
9742964
9742965
9742966
9742967
9742968
9742969
9742970
9742971
9742972
9742973
9742974
9742975
9742976
9742977
9742978
9742979
9742980
9742981
9742982
9742983
9742984
9742985
9742986
9742987
9742988
9742989
9742990
9742991
9742992
9742993
9742994
9742995
9742996
9742997
9742998
9742999
9743000
9743001
9743002
9743003
9743004
9743005
9743006
9743007
9743008
9743009
9743010
9743011
9743012
9743013
9743014
9743015
9743016
9743017
9743018
9743019
9743020
9743021
9743022
9743023
9743024
9743025
9743026
9743027
9743028
9743029
9743030
9743031
9743032
9743033
9743034
9743035
9743036
9743037
9743038
9743039
9743040
9743041
9743042
9743043
9743044
9743045
9743046
9743047
9743048
9743049
9743050
9743051
9743052
9743053
9743054
9743055
9743056
9743057
9743058
9743059
9743060
9743061
9743062
9743063
9743064
9743065
9743066
9743067
9743068
9743069
9743070
9743071
9743072
9743073
9743074
9743075
9743076
9743077
9743078
9743079
9743080
9743081
9743082
9743083
9743084
9743085
9743086
9743087
9743088
9743089
9743090
9743091
9743092
9743093
9743094
9743095
9743096
9743097
9743098
9743099
9743100
9743101
9743102
9743103
9743104
9743105
9743106
9743107
9743108
9743109
9743110
9743111
9743112
9743113
9743114
9743115
9743116
9743117
9743118
9743119
9743120
9743121
9743122
9743123
9743124
9743125
9743126
9743127
9743128
9743129
9743130
9743131
9743132
9743133
9743134
9743135
9743136
9743137
9743138
9743139
9743140
9743141
9743142
9743143
9743144
9743145
9743146
9743147
9743148
9743149
9743150
9743151
9743152
9743153
9743154
9743155
9743156
9743157
9743158
9743159
9743160
9743161
9743162
9743163
9743164
9743165
9743166
9743167
9743168
9743169
9743170
9743171
9743172
9743173
9743174
9743175
9743176
9743177
9743178
9743179
9743180
9743181
9743182
9743183
9743184
9743185
9743186
9743187
9743188
9743189
9743190
9743191
9743192
9743193
9743194
9743195
9743196
9743197
9743198
9743199
9743200
9743201
9743202
9743203
9743204
9743205
9743206
9743207
9743208
9743209
9743210
9743211
9743212
9743213
9743214
9743215
9743216
9743217
9743218
9743219
9743220
9743221
9743222
9743223
9743224
9743225
9743226
9743227
9743228
9743229
9743230
9743231
9743232
9743233
9743234
9743235
9743236
9743237
9743238
9743239
9743240
9743241
9743242
9743243
9743244
9743245
9743246
9743247
9743248
9743249
9743250
9743251
9743252
9743253
9743254
9743255
9743256
9743257
9743258
9743259
9743260
9743261
9743262
9743263
9743264
9743265
9743266
9743267
9743268
9743269
9743270
9743271
9743272
9743273
9743274
9743275
9743276
9743277
9743278
9743279
9743280
9743281
9743282
9743283
9743284
9743285
9743286
9743287
9743288
9743289
9743290
9743291
9743292
9743293
9743294
9743295
9743296
9743297
9743298
9743299
9743300
9743301
9743302
9743303
9743304
9743305
9743306
9743307
9743308
9743309
9743310
9743311
9743312
9743313
9743314
9743315
9743316
9743317
9743318
9743319
9743320
9743321
9743322
9743323
9743324
9743325
9743326
9743327
9743328
9743329
9743330
9743331
9743332
9743333
9743334
9743335
9743336
9743337
9743338
9743339
9743340
9743341
9743342
9743343
9743344
9743345
9743346
9743347
9743348
9743349
9743350
9743351
9743352
9743353
9743354
9743355
9743356
9743357
9743358
9743359
9743360
9743361
9743362
9743363
9743364
9743365
9743366
9743367
9743368
9743369
9743370
9743371
9743372
9743373
9743374
9743375
9743376
9743377
9743378
9743379
9743380
9743381
9743382
9743383
9743384
9743385
9743386
9743387
9743388
9743389
9743390
9743391
9743392
9743393
9743394
9743395
9743396
9743397
9743398
9743399
9743400
9743401
9743402
9743403
9743404
9743405
9743406
9743407
9743408
9743409
9743410
9743411
9743412
9743413
9743414
9743415
9743416
9743417
9743418
9743419
9743420
9743421
9743422
9743423
9743424
9743425
9743426
9743427
9743428
9743429
9743430
9743431
9743432
9743433
9743434
9743435
9743436
9743437
9743438
9743439
9743440
9743441
9743442
9743443
9743444
9743445
9743446
9743447
9743448
9743449
9743450
9743451
9743452
9743453
9743454
9743455
9743456
9743457
9743458
9743459
9743460
9743461
9743462
9743463
9743464
9743465
9743466
9743467
9743468
9743469
9743470
9743471
9743472
9743473
9743474
9743475
9743476
9743477
9743478
9743479
9743480
9743481
9743482
9743483
9743484
9743485
9743486
9743487
9743488
9743489
9743490
9743491
9743492
9743493
9743494
9743495
9743496
9743497
9743498
9743499
9743500
9743501
9743502
9743503
9743504
9743505
9743506
9743507
9743508
9743509
9743510
9743511
9743512
9743513
9743514
9743515
9743516
9743517
9743518
9743519
9743520
9743521
9743522
9743523
9743524
9743525
9743526
9743527
9743528
9743529
9743530
9743531
9743532
9743533
9743534
9743535
9743536
9743537
9743538
9743539
9743540
9743541
9743542
9743543
9743544
9743545
9743546
9743547
9743548
9743549
9743550
9743551
9743552
9743553
9743554
9743555
9743556
9743557
9743558
9743559
9743560
9743561
9743562
9743563
9743564
9743565
9743566
9743567
9743568
9743569
9743570
9743571
9743572
9743573
9743574
9743575
9743576
9743577
9743578
9743579
9743580
9743581
9743582
9743583
9743584
9743585
9743586
9743587
9743588
9743589
9743590
9743591
9743592
9743593
9743594
9743595
9743596
9743597
9743598
9743599
9743600
9743601
9743602
9743603
9743604
9743605
9743606
9743607
9743608
9743609
9743610
9743611
9743612
9743613
9743614
9743615
9743616
9743617
9743618
9743619
9743620
9743621
9743622
9743623
9743624
9743625
9743626
9743627
9743628
9743629
9743630
9743631
9743632
9743633
9743634
9743635
9743636
9743637
9743638
9743639
9743640
9743641
9743642
9743643
9743644
9743645
9743646
9743647
9743648
9743649
9743650
9743651
9743652
9743653
9743654
9743655
9743656
9743657
9743658
9743659
9743660
9743661
9743662
9743663
9743664
9743665
9743666
9743667
9743668
9743669
9743670
9743671
9743672
9743673
9743674
9743675
9743676
9743677
9743678
9743679
9743680
9743681
9743682
9743683
9743684
9743685
9743686
9743687
9743688
9743689
9743690
9743691
9743692
9743693
9743694
9743695
9743696
9743697
9743698
9743699
9743700
9743701
9743702
9743703
9743704
9743705
9743706
9743707
9743708
9743709
9743710
9743711
9743712
9743713
9743714
9743715
9743716
9743717
9743718
9743719
9743720
9743721
9743722
9743723
9743724
9743725
9743726
9743727
9743728
9743729
9743730
9743731
9743732
9743733
9743734
9743735
9743736
9743737
9743738
9743739
9743740
9743741
9743742
9743743
9743744
9743745
9743746
9743747
9743748
9743749
9743750
9743751
9743752
9743753
9743754
9743755
9743756
9743757
9743758
9743759
9743760
9743761
9743762
9743763
9743764
9743765
9743766
9743767
9743768
9743769
9743770
9743771
9743772
9743773
9743774
9743775
9743776
9743777
9743778
9743779
9743780
9743781
9743782
9743783
9743784
9743785
9743786
9743787
9743788
9743789
9743790
9743791
9743792
9743793
9743794
9743795
9743796
9743797
9743798
9743799
9743800
9743801
9743802
9743803
9743804
9743805
9743806
9743807
9743808
9743809
9743810
9743811
9743812
9743813
9743814
9743815
9743816
9743817
9743818
9743819
9743820
9743821
9743822
9743823
9743824
9743825
9743826
9743827
9743828
9743829
9743830
9743831
9743832
9743833
9743834
9743835
9743836
9743837
9743838
9743839
9743840
9743841
9743842
9743843
9743844
9743845
9743846
9743847
9743848
9743849
9743850
9743851
9743852
9743853
9743854
9743855
9743856
9743857
9743858
9743859
9743860
9743861
9743862
9743863
9743864
9743865
9743866
9743867
9743868
9743869
9743870
9743871
9743872
9743873
9743874
9743875
9743876
9743877
9743878
9743879
9743880
9743881
9743882
9743883
9743884
9743885
9743886
9743887
9743888
9743889
9743890
9743891
9743892
9743893
9743894
9743895
9743896
9743897
9743898
9743899
9743900
9743901
9743902
9743903
9743904
9743905
9743906
9743907
9743908
9743909
9743910
9743911
9743912
9743913
9743914
9743915
9743916
9743917
9743918
9743919
9743920
9743921
9743922
9743923
9743924
9743925
9743926
9743927
9743928
9743929
9743930
9743931
9743932
9743933
9743934
9743935
9743936
9743937
9743938
9743939
9743940
9743941
9743942
9743943
9743944
9743945
9743946
9743947
9743948
9743949
9743950
9743951
9743952
9743953
9743954
9743955
9743956
9743957
9743958
9743959
9743960
9743961
9743962
9743963
9743964
9743965
9743966
9743967
9743968
9743969
9743970
9743971
9743972
9743973
9743974
9743975
9743976
9743977
9743978
9743979
9743980
9743981
9743982
9743983
9743984
9743985
9743986
9743987
9743988
9743989
9743990
9743991
9743992
9743993
9743994
9743995
9743996
9743997
9743998
9743999
9744000
9744001
9744002
9744003
9744004
9744005
9744006
9744007
9744008
9744009
9744010
9744011
9744012
9744013
9744014
9744015
9744016
9744017
9744018
9744019
9744020
9744021
9744022
9744023
9744024
9744025
9744026
9744027
9744028
9744029
9744030
9744031
9744032
9744033
9744034
9744035
9744036
9744037
9744038
9744039
9744040
9744041
9744042
9744043
9744044
9744045
9744046
9744047
9744048
9744049
9744050
9744051
9744052
9744053
9744054
9744055
9744056
9744057
9744058
9744059
9744060
9744061
9744062
9744063
9744064
9744065
9744066
9744067
9744068
9744069
9744070
9744071
9744072
9744073
9744074
9744075
9744076
9744077
9744078
9744079
9744080
9744081
9744082
9744083
9744084
9744085
9744086
9744087
9744088
9744089
9744090
9744091
9744092
9744093
9744094
9744095
9744096
9744097
9744098
9744099
9744100
9744101
9744102
9744103
9744104
9744105
9744106
9744107
9744108
9744109
9744110
9744111
9744112
9744113
9744114
9744115
9744116
9744117
9744118
9744119
9744120
9744121
9744122
9744123
9744124
9744125
9744126
9744127
9744128
9744129
9744130
9744131
9744132
9744133
9744134
9744135
9744136
9744137
9744138
9744139
9744140
9744141
9744142
9744143
9744144
9744145
9744146
9744147
9744148
9744149
9744150
9744151
9744152
9744153
9744154
9744155
9744156
9744157
9744158
9744159
9744160
9744161
9744162
9744163
9744164
9744165
9744166
9744167
9744168
9744169
9744170
9744171
9744172
9744173
9744174
9744175
9744176
9744177
9744178
9744179
9744180
9744181
9744182
9744183
9744184
9744185
9744186
9744187
9744188
9744189
9744190
9744191
9744192
9744193
9744194
9744195
9744196
9744197
9744198
9744199
9744200
9744201
9744202
9744203
9744204
9744205
9744206
9744207
9744208
9744209
9744210
9744211
9744212
9744213
9744214
9744215
9744216
9744217
9744218
9744219
9744220
9744221
9744222
9744223
9744224
9744225
9744226
9744227
9744228
9744229
9744230
9744231
9744232
9744233
9744234
9744235
9744236
9744237
9744238
9744239
9744240
9744241
9744242
9744243
9744244
9744245
9744246
9744247
9744248
9744249
9744250
9744251
9744252
9744253
9744254
9744255
9744256
9744257
9744258
9744259
9744260
9744261
9744262
9744263
9744264
9744265
9744266
9744267
9744268
9744269
9744270
9744271
9744272
9744273
9744274
9744275
9744276
9744277
9744278
9744279
9744280
9744281
9744282
9744283
9744284
9744285
9744286
9744287
9744288
9744289
9744290
9744291
9744292
9744293
9744294
9744295
9744296
9744297
9744298
9744299
9744300
9744301
9744302
9744303
9744304
9744305
9744306
9744307
9744308
9744309
9744310
9744311
9744312
9744313
9744314
9744315
9744316
9744317
9744318
9744319
9744320
9744321
9744322
9744323
9744324
9744325
9744326
9744327
9744328
9744329
9744330
9744331
9744332
9744333
9744334
9744335
9744336
9744337
9744338
9744339
9744340
9744341
9744342
9744343
9744344
9744345
9744346
9744347
9744348
9744349
9744350
9744351
9744352
9744353
9744354
9744355
9744356
9744357
9744358
9744359
9744360
9744361
9744362
9744363
9744364
9744365
9744366
9744367
9744368
9744369
9744370
9744371
9744372
9744373
9744374
9744375
9744376
9744377
9744378
9744379
9744380
9744381
9744382
9744383
9744384
9744385
9744386
9744387
9744388
9744389
9744390
9744391
9744392
9744393
9744394
9744395
9744396
9744397
9744398
9744399
9744400
9744401
9744402
9744403
9744404
9744405
9744406
9744407
9744408
9744409
9744410
9744411
9744412
9744413
9744414
9744415
9744416
9744417
9744418
9744419
9744420
9744421
9744422
9744423
9744424
9744425
9744426
9744427
9744428
9744429
9744430
9744431
9744432
9744433
9744434
9744435
9744436
9744437
9744438
9744439
9744440
9744441
9744442
9744443
9744444
9744445
9744446
9744447
9744448
9744449
9744450
9744451
9744452
9744453
9744454
9744455
9744456
9744457
9744458
9744459
9744460
9744461
9744462
9744463
9744464
9744465
9744466
9744467
9744468
9744469
9744470
9744471
9744472
9744473
9744474
9744475
9744476
9744477
9744478
9744479
9744480
9744481
9744482
9744483
9744484
9744485
9744486
9744487
9744488
9744489
9744490
9744491
9744492
9744493
9744494
9744495
9744496
9744497
9744498
9744499
9744500
9744501
9744502
9744503
9744504
9744505
9744506
9744507
9744508
9744509
9744510
9744511
9744512
9744513
9744514
9744515
9744516
9744517
9744518
9744519
9744520
9744521
9744522
9744523
9744524
9744525
9744526
9744527
9744528
9744529
9744530
9744531
9744532
9744533
9744534
9744535
9744536
9744537
9744538
9744539
9744540
9744541
9744542
9744543
9744544
9744545
9744546
9744547
9744548
9744549
9744550
9744551
9744552
9744553
9744554
9744555
9744556
9744557
9744558
9744559
9744560
9744561
9744562
9744563
9744564
9744565
9744566
9744567
9744568
9744569
9744570
9744571
9744572
9744573
9744574
9744575
9744576
9744577
9744578
9744579
9744580
9744581
9744582
9744583
9744584
9744585
9744586
9744587
9744588
9744589
9744590
9744591
9744592
9744593
9744594
9744595
9744596
9744597
9744598
9744599
9744600
9744601
9744602
9744603
9744604
9744605
9744606
9744607
9744608
9744609
9744610
9744611
9744612
9744613
9744614
9744615
9744616
9744617
9744618
9744619
9744620
9744621
9744622
9744623
9744624
9744625
9744626
9744627
9744628
9744629
9744630
9744631
9744632
9744633
9744634
9744635
9744636
9744637
9744638
9744639
9744640
9744641
9744642
9744643
9744644
9744645
9744646
9744647
9744648
9744649
9744650
9744651
9744652
9744653
9744654
9744655
9744656
9744657
9744658
9744659
9744660
9744661
9744662
9744663
9744664
9744665
9744666
9744667
9744668
9744669
9744670
9744671
9744672
9744673
9744674
9744675
9744676
9744677
9744678
9744679
9744680
9744681
9744682
9744683
9744684
9744685
9744686
9744687
9744688
9744689
9744690
9744691
9744692
9744693
9744694
9744695
9744696
9744697
9744698
9744699
9744700
9744701
9744702
9744703
9744704
9744705
9744706
9744707
9744708
9744709
9744710
9744711
9744712
9744713
9744714
9744715
9744716
9744717
9744718
9744719
9744720
9744721
9744722
9744723
9744724
9744725
9744726
9744727
9744728
9744729
9744730
9744731
9744732
9744733
9744734
9744735
9744736
9744737
9744738
9744739
9744740
9744741
9744742
9744743
9744744
9744745
9744746
9744747
9744748
9744749
9744750
9744751
9744752
9744753
9744754
9744755
9744756
9744757
9744758
9744759
9744760
9744761
9744762
9744763
9744764
9744765
9744766
9744767
9744768
9744769
9744770
9744771
9744772
9744773
9744774
9744775
9744776
9744777
9744778
9744779
9744780
9744781
9744782
9744783
9744784
9744785
9744786
9744787
9744788
9744789
9744790
9744791
9744792
9744793
9744794
9744795
9744796
9744797
9744798
9744799
9744800
9744801
9744802
9744803
9744804
9744805
9744806
9744807
9744808
9744809
9744810
9744811
9744812
9744813
9744814
9744815
9744816
9744817
9744818
9744819
9744820
9744821
9744822
9744823
9744824
9744825
9744826
9744827
9744828
9744829
9744830
9744831
9744832
9744833
9744834
9744835
9744836
9744837
9744838
9744839
9744840
9744841
9744842
9744843
9744844
9744845
9744846
9744847
9744848
9744849
9744850
9744851
9744852
9744853
9744854
9744855
9744856
9744857
9744858
9744859
9744860
9744861
9744862
9744863
9744864
9744865
9744866
9744867
9744868
9744869
9744870
9744871
9744872
9744873
9744874
9744875
9744876
9744877
9744878
9744879
9744880
9744881
9744882
9744883
9744884
9744885
9744886
9744887
9744888
9744889
9744890
9744891
9744892
9744893
9744894
9744895
9744896
9744897
9744898
9744899
9744900
9744901
9744902
9744903
9744904
9744905
9744906
9744907
9744908
9744909
9744910
9744911
9744912
9744913
9744914
9744915
9744916
9744917
9744918
9744919
9744920
9744921
9744922
9744923
9744924
9744925
9744926
9744927
9744928
9744929
9744930
9744931
9744932
9744933
9744934
9744935
9744936
9744937
9744938
9744939
9744940
9744941
9744942
9744943
9744944
9744945
9744946
9744947
9744948
9744949
9744950
9744951
9744952
9744953
9744954
9744955
9744956
9744957
9744958
9744959
9744960
9744961
9744962
9744963
9744964
9744965
9744966
9744967
9744968
9744969
9744970
9744971
9744972
9744973
9744974
9744975
9744976
9744977
9744978
9744979
9744980
9744981
9744982
9744983
9744984
9744985
9744986
9744987
9744988
9744989
9744990
9744991
9744992
9744993
9744994
9744995
9744996
9744997
9744998
9744999
9745000
9745001
9745002
9745003
9745004
9745005
9745006
9745007
9745008
9745009
9745010
9745011
9745012
9745013
9745014
9745015
9745016
9745017
9745018
9745019
9745020
9745021
9745022
9745023
9745024
9745025
9745026
9745027
9745028
9745029
9745030
9745031
9745032
9745033
9745034
9745035
9745036
9745037
9745038
9745039
9745040
9745041
9745042
9745043
9745044
9745045
9745046
9745047
9745048
9745049
9745050
9745051
9745052
9745053
9745054
9745055
9745056
9745057
9745058
9745059
9745060
9745061
9745062
9745063
9745064
9745065
9745066
9745067
9745068
9745069
9745070
9745071
9745072
9745073
9745074
9745075
9745076
9745077
9745078
9745079
9745080
9745081
9745082
9745083
9745084
9745085
9745086
9745087
9745088
9745089
9745090
9745091
9745092
9745093
9745094
9745095
9745096
9745097
9745098
9745099
9745100
9745101
9745102
9745103
9745104
9745105
9745106
9745107
9745108
9745109
9745110
9745111
9745112
9745113
9745114
9745115
9745116
9745117
9745118
9745119
9745120
9745121
9745122
9745123
9745124
9745125
9745126
9745127
9745128
9745129
9745130
9745131
9745132
9745133
9745134
9745135
9745136
9745137
9745138
9745139
9745140
9745141
9745142
9745143
9745144
9745145
9745146
9745147
9745148
9745149
9745150
9745151
9745152
9745153
9745154
9745155
9745156
9745157
9745158
9745159
9745160
9745161
9745162
9745163
9745164
9745165
9745166
9745167
9745168
9745169
9745170
9745171
9745172
9745173
9745174
9745175
9745176
9745177
9745178
9745179
9745180
9745181
9745182
9745183
9745184
9745185
9745186
9745187
9745188
9745189
9745190
9745191
9745192
9745193
9745194
9745195
9745196
9745197
9745198
9745199
9745200
9745201
9745202
9745203
9745204
9745205
9745206
9745207
9745208
9745209
9745210
9745211
9745212
9745213
9745214
9745215
9745216
9745217
9745218
9745219
9745220
9745221
9745222
9745223
9745224
9745225
9745226
9745227
9745228
9745229
9745230
9745231
9745232
9745233
9745234
9745235
9745236
9745237
9745238
9745239
9745240
9745241
9745242
9745243
9745244
9745245
9745246
9745247
9745248
9745249
9745250
9745251
9745252
9745253
9745254
9745255
9745256
9745257
9745258
9745259
9745260
9745261
9745262
9745263
9745264
9745265
9745266
9745267
9745268
9745269
9745270
9745271
9745272
9745273
9745274
9745275
9745276
9745277
9745278
9745279
9745280
9745281
9745282
9745283
9745284
9745285
9745286
9745287
9745288
9745289
9745290
9745291
9745292
9745293
9745294
9745295
9745296
9745297
9745298
9745299
9745300
9745301
9745302
9745303
9745304
9745305
9745306
9745307
9745308
9745309
9745310
9745311
9745312
9745313
9745314
9745315
9745316
9745317
9745318
9745319
9745320
9745321
9745322
9745323
9745324
9745325
9745326
9745327
9745328
9745329
9745330
9745331
9745332
9745333
9745334
9745335
9745336
9745337
9745338
9745339
9745340
9745341
9745342
9745343
9745344
9745345
9745346
9745347
9745348
9745349
9745350
9745351
9745352
9745353
9745354
9745355
9745356
9745357
9745358
9745359
9745360
9745361
9745362
9745363
9745364
9745365
9745366
9745367
9745368
9745369
9745370
9745371
9745372
9745373
9745374
9745375
9745376
9745377
9745378
9745379
9745380
9745381
9745382
9745383
9745384
9745385
9745386
9745387
9745388
9745389
9745390
9745391
9745392
9745393
9745394
9745395
9745396
9745397
9745398
9745399
9745400
9745401
9745402
9745403
9745404
9745405
9745406
9745407
9745408
9745409
9745410
9745411
9745412
9745413
9745414
9745415
9745416
9745417
9745418
9745419
9745420
9745421
9745422
9745423
9745424
9745425
9745426
9745427
9745428
9745429
9745430
9745431
9745432
9745433
9745434
9745435
9745436
9745437
9745438
9745439
9745440
9745441
9745442
9745443
9745444
9745445
9745446
9745447
9745448
9745449
9745450
9745451
9745452
9745453
9745454
9745455
9745456
9745457
9745458
9745459
9745460
9745461
9745462
9745463
9745464
9745465
9745466
9745467
9745468
9745469
9745470
9745471
9745472
9745473
9745474
9745475
9745476
9745477
9745478
9745479
9745480
9745481
9745482
9745483
9745484
9745485
9745486
9745487
9745488
9745489
9745490
9745491
9745492
9745493
9745494
9745495
9745496
9745497
9745498
9745499
9745500
9745501
9745502
9745503
9745504
9745505
9745506
9745507
9745508
9745509
9745510
9745511
9745512
9745513
9745514
9745515
9745516
9745517
9745518
9745519
9745520
9745521
9745522
9745523
9745524
9745525
9745526
9745527
9745528
9745529
9745530
9745531
9745532
9745533
9745534
9745535
9745536
9745537
9745538
9745539
9745540
9745541
9745542
9745543
9745544
9745545
9745546
9745547
9745548
9745549
9745550
9745551
9745552
9745553
9745554
9745555
9745556
9745557
9745558
9745559
9745560
9745561
9745562
9745563
9745564
9745565
9745566
9745567
9745568
9745569
9745570
9745571
9745572
9745573
9745574
9745575
9745576
9745577
9745578
9745579
9745580
9745581
9745582
9745583
9745584
9745585
9745586
9745587
9745588
9745589
9745590
9745591
9745592
9745593
9745594
9745595
9745596
9745597
9745598
9745599
9745600
9745601
9745602
9745603
9745604
9745605
9745606
9745607
9745608
9745609
9745610
9745611
9745612
9745613
9745614
9745615
9745616
9745617
9745618
9745619
9745620
9745621
9745622
9745623
9745624
9745625
9745626
9745627
9745628
9745629
9745630
9745631
9745632
9745633
9745634
9745635
9745636
9745637
9745638
9745639
9745640
9745641
9745642
9745643
9745644
9745645
9745646
9745647
9745648
9745649
9745650
9745651
9745652
9745653
9745654
9745655
9745656
9745657
9745658
9745659
9745660
9745661
9745662
9745663
9745664
9745665
9745666
9745667
9745668
9745669
9745670
9745671
9745672
9745673
9745674
9745675
9745676
9745677
9745678
9745679
9745680
9745681
9745682
9745683
9745684
9745685
9745686
9745687
9745688
9745689
9745690
9745691
9745692
9745693
9745694
9745695
9745696
9745697
9745698
9745699
9745700
9745701
9745702
9745703
9745704
9745705
9745706
9745707
9745708
9745709
9745710
9745711
9745712
9745713
9745714
9745715
9745716
9745717
9745718
9745719
9745720
9745721
9745722
9745723
9745724
9745725
9745726
9745727
9745728
9745729
9745730
9745731
9745732
9745733
9745734
9745735
9745736
9745737
9745738
9745739
9745740
9745741
9745742
9745743
9745744
9745745
9745746
9745747
9745748
9745749
9745750
9745751
9745752
9745753
9745754
9745755
9745756
9745757
9745758
9745759
9745760
9745761
9745762
9745763
9745764
9745765
9745766
9745767
9745768
9745769
9745770
9745771
9745772
9745773
9745774
9745775
9745776
9745777
9745778
9745779
9745780
9745781
9745782
9745783
9745784
9745785
9745786
9745787
9745788
9745789
9745790
9745791
9745792
9745793
9745794
9745795
9745796
9745797
9745798
9745799
9745800
9745801
9745802
9745803
9745804
9745805
9745806
9745807
9745808
9745809
9745810
9745811
9745812
9745813
9745814
9745815
9745816
9745817
9745818
9745819
9745820
9745821
9745822
9745823
9745824
9745825
9745826
9745827
9745828
9745829
9745830
9745831
9745832
9745833
9745834
9745835
9745836
9745837
9745838
9745839
9745840
9745841
9745842
9745843
9745844
9745845
9745846
9745847
9745848
9745849
9745850
9745851
9745852
9745853
9745854
9745855
9745856
9745857
9745858
9745859
9745860
9745861
9745862
9745863
9745864
9745865
9745866
9745867
9745868
9745869
9745870
9745871
9745872
9745873
9745874
9745875
9745876
9745877
9745878
9745879
9745880
9745881
9745882
9745883
9745884
9745885
9745886
9745887
9745888
9745889
9745890
9745891
9745892
9745893
9745894
9745895
9745896
9745897
9745898
9745899
9745900
9745901
9745902
9745903
9745904
9745905
9745906
9745907
9745908
9745909
9745910
9745911
9745912
9745913
9745914
9745915
9745916
9745917
9745918
9745919
9745920
9745921
9745922
9745923
9745924
9745925
9745926
9745927
9745928
9745929
9745930
9745931
9745932
9745933
9745934
9745935
9745936
9745937
9745938
9745939
9745940
9745941
9745942
9745943
9745944
9745945
9745946
9745947
9745948
9745949
9745950
9745951
9745952
9745953
9745954
9745955
9745956
9745957
9745958
9745959
9745960
9745961
9745962
9745963
9745964
9745965
9745966
9745967
9745968
9745969
9745970
9745971
9745972
9745973
9745974
9745975
9745976
9745977
9745978
9745979
9745980
9745981
9745982
9745983
9745984
9745985
9745986
9745987
9745988
9745989
9745990
9745991
9745992
9745993
9745994
9745995
9745996
9745997
9745998
9745999
9746000
9746001
9746002
9746003
9746004
9746005
9746006
9746007
9746008
9746009
9746010
9746011
9746012
9746013
9746014
9746015
9746016
9746017
9746018
9746019
9746020
9746021
9746022
9746023
9746024
9746025
9746026
9746027
9746028
9746029
9746030
9746031
9746032
9746033
9746034
9746035
9746036
9746037
9746038
9746039
9746040
9746041
9746042
9746043
9746044
9746045
9746046
9746047
9746048
9746049
9746050
9746051
9746052
9746053
9746054
9746055
9746056
9746057
9746058
9746059
9746060
9746061
9746062
9746063
9746064
9746065
9746066
9746067
9746068
9746069
9746070
9746071
9746072
9746073
9746074
9746075
9746076
9746077
9746078
9746079
9746080
9746081
9746082
9746083
9746084
9746085
9746086
9746087
9746088
9746089
9746090
9746091
9746092
9746093
9746094
9746095
9746096
9746097
9746098
9746099
9746100
9746101
9746102
9746103
9746104
9746105
9746106
9746107
9746108
9746109
9746110
9746111
9746112
9746113
9746114
9746115
9746116
9746117
9746118
9746119
9746120
9746121
9746122
9746123
9746124
9746125
9746126
9746127
9746128
9746129
9746130
9746131
9746132
9746133
9746134
9746135
9746136
9746137
9746138
9746139
9746140
9746141
9746142
9746143
9746144
9746145
9746146
9746147
9746148
9746149
9746150
9746151
9746152
9746153
9746154
9746155
9746156
9746157
9746158
9746159
9746160
9746161
9746162
9746163
9746164
9746165
9746166
9746167
9746168
9746169
9746170
9746171
9746172
9746173
9746174
9746175
9746176
9746177
9746178
9746179
9746180
9746181
9746182
9746183
9746184
9746185
9746186
9746187
9746188
9746189
9746190
9746191
9746192
9746193
9746194
9746195
9746196
9746197
9746198
9746199
9746200
9746201
9746202
9746203
9746204
9746205
9746206
9746207
9746208
9746209
9746210
9746211
9746212
9746213
9746214
9746215
9746216
9746217
9746218
9746219
9746220
9746221
9746222
9746223
9746224
9746225
9746226
9746227
9746228
9746229
9746230
9746231
9746232
9746233
9746234
9746235
9746236
9746237
9746238
9746239
9746240
9746241
9746242
9746243
9746244
9746245
9746246
9746247
9746248
9746249
9746250
9746251
9746252
9746253
9746254
9746255
9746256
9746257
9746258
9746259
9746260
9746261
9746262
9746263
9746264
9746265
9746266
9746267
9746268
9746269
9746270
9746271
9746272
9746273
9746274
9746275
9746276
9746277
9746278
9746279
9746280
9746281
9746282
9746283
9746284
9746285
9746286
9746287
9746288
9746289
9746290
9746291
9746292
9746293
9746294
9746295
9746296
9746297
9746298
9746299
9746300
9746301
9746302
9746303
9746304
9746305
9746306
9746307
9746308
9746309
9746310
9746311
9746312
9746313
9746314
9746315
9746316
9746317
9746318
9746319
9746320
9746321
9746322
9746323
9746324
9746325
9746326
9746327
9746328
9746329
9746330
9746331
9746332
9746333
9746334
9746335
9746336
9746337
9746338
9746339
9746340
9746341
9746342
9746343
9746344
9746345
9746346
9746347
9746348
9746349
9746350
9746351
9746352
9746353
9746354
9746355
9746356
9746357
9746358
9746359
9746360
9746361
9746362
9746363
9746364
9746365
9746366
9746367
9746368
9746369
9746370
9746371
9746372
9746373
9746374
9746375
9746376
9746377
9746378
9746379
9746380
9746381
9746382
9746383
9746384
9746385
9746386
9746387
9746388
9746389
9746390
9746391
9746392
9746393
9746394
9746395
9746396
9746397
9746398
9746399
9746400
9746401
9746402
9746403
9746404
9746405
9746406
9746407
9746408
9746409
9746410
9746411
9746412
9746413
9746414
9746415
9746416
9746417
9746418
9746419
9746420
9746421
9746422
9746423
9746424
9746425
9746426
9746427
9746428
9746429
9746430
9746431
9746432
9746433
9746434
9746435
9746436
9746437
9746438
9746439
9746440
9746441
9746442
9746443
9746444
9746445
9746446
9746447
9746448
9746449
9746450
9746451
9746452
9746453
9746454
9746455
9746456
9746457
9746458
9746459
9746460
9746461
9746462
9746463
9746464
9746465
9746466
9746467
9746468
9746469
9746470
9746471
9746472
9746473
9746474
9746475
9746476
9746477
9746478
9746479
9746480
9746481
9746482
9746483
9746484
9746485
9746486
9746487
9746488
9746489
9746490
9746491
9746492
9746493
9746494
9746495
9746496
9746497
9746498
9746499
9746500
9746501
9746502
9746503
9746504
9746505
9746506
9746507
9746508
9746509
9746510
9746511
9746512
9746513
9746514
9746515
9746516
9746517
9746518
9746519
9746520
9746521
9746522
9746523
9746524
9746525
9746526
9746527
9746528
9746529
9746530
9746531
9746532
9746533
9746534
9746535
9746536
9746537
9746538
9746539
9746540
9746541
9746542
9746543
9746544
9746545
9746546
9746547
9746548
9746549
9746550
9746551
9746552
9746553
9746554
9746555
9746556
9746557
9746558
9746559
9746560
9746561
9746562
9746563
9746564
9746565
9746566
9746567
9746568
9746569
9746570
9746571
9746572
9746573
9746574
9746575
9746576
9746577
9746578
9746579
9746580
9746581
9746582
9746583
9746584
9746585
9746586
9746587
9746588
9746589
9746590
9746591
9746592
9746593
9746594
9746595
9746596
9746597
9746598
9746599
9746600
9746601
9746602
9746603
9746604
9746605
9746606
9746607
9746608
9746609
9746610
9746611
9746612
9746613
9746614
9746615
9746616
9746617
9746618
9746619
9746620
9746621
9746622
9746623
9746624
9746625
9746626
9746627
9746628
9746629
9746630
9746631
9746632
9746633
9746634
9746635
9746636
9746637
9746638
9746639
9746640
9746641
9746642
9746643
9746644
9746645
9746646
9746647
9746648
9746649
9746650
9746651
9746652
9746653
9746654
9746655
9746656
9746657
9746658
9746659
9746660
9746661
9746662
9746663
9746664
9746665
9746666
9746667
9746668
9746669
9746670
9746671
9746672
9746673
9746674
9746675
9746676
9746677
9746678
9746679
9746680
9746681
9746682
9746683
9746684
9746685
9746686
9746687
9746688
9746689
9746690
9746691
9746692
9746693
9746694
9746695
9746696
9746697
9746698
9746699
9746700
9746701
9746702
9746703
9746704
9746705
9746706
9746707
9746708
9746709
9746710
9746711
9746712
9746713
9746714
9746715
9746716
9746717
9746718
9746719
9746720
9746721
9746722
9746723
9746724
9746725
9746726
9746727
9746728
9746729
9746730
9746731
9746732
9746733
9746734
9746735
9746736
9746737
9746738
9746739
9746740
9746741
9746742
9746743
9746744
9746745
9746746
9746747
9746748
9746749
9746750
9746751
9746752
9746753
9746754
9746755
9746756
9746757
9746758
9746759
9746760
9746761
9746762
9746763
9746764
9746765
9746766
9746767
9746768
9746769
9746770
9746771
9746772
9746773
9746774
9746775
9746776
9746777
9746778
9746779
9746780
9746781
9746782
9746783
9746784
9746785
9746786
9746787
9746788
9746789
9746790
9746791
9746792
9746793
9746794
9746795
9746796
9746797
9746798
9746799
9746800
9746801
9746802
9746803
9746804
9746805
9746806
9746807
9746808
9746809
9746810
9746811
9746812
9746813
9746814
9746815
9746816
9746817
9746818
9746819
9746820
9746821
9746822
9746823
9746824
9746825
9746826
9746827
9746828
9746829
9746830
9746831
9746832
9746833
9746834
9746835
9746836
9746837
9746838
9746839
9746840
9746841
9746842
9746843
9746844
9746845
9746846
9746847
9746848
9746849
9746850
9746851
9746852
9746853
9746854
9746855
9746856
9746857
9746858
9746859
9746860
9746861
9746862
9746863
9746864
9746865
9746866
9746867
9746868
9746869
9746870
9746871
9746872
9746873
9746874
9746875
9746876
9746877
9746878
9746879
9746880
9746881
9746882
9746883
9746884
9746885
9746886
9746887
9746888
9746889
9746890
9746891
9746892
9746893
9746894
9746895
9746896
9746897
9746898
9746899
9746900
9746901
9746902
9746903
9746904
9746905
9746906
9746907
9746908
9746909
9746910
9746911
9746912
9746913
9746914
9746915
9746916
9746917
9746918
9746919
9746920
9746921
9746922
9746923
9746924
9746925
9746926
9746927
9746928
9746929
9746930
9746931
9746932
9746933
9746934
9746935
9746936
9746937
9746938
9746939
9746940
9746941
9746942
9746943
9746944
9746945
9746946
9746947
9746948
9746949
9746950
9746951
9746952
9746953
9746954
9746955
9746956
9746957
9746958
9746959
9746960
9746961
9746962
9746963
9746964
9746965
9746966
9746967
9746968
9746969
9746970
9746971
9746972
9746973
9746974
9746975
9746976
9746977
9746978
9746979
9746980
9746981
9746982
9746983
9746984
9746985
9746986
9746987
9746988
9746989
9746990
9746991
9746992
9746993
9746994
9746995
9746996
9746997
9746998
9746999
9747000
9747001
9747002
9747003
9747004
9747005
9747006
9747007
9747008
9747009
9747010
9747011
9747012
9747013
9747014
9747015
9747016
9747017
9747018
9747019
9747020
9747021
9747022
9747023
9747024
9747025
9747026
9747027
9747028
9747029
9747030
9747031
9747032
9747033
9747034
9747035
9747036
9747037
9747038
9747039
9747040
9747041
9747042
9747043
9747044
9747045
9747046
9747047
9747048
9747049
9747050
9747051
9747052
9747053
9747054
9747055
9747056
9747057
9747058
9747059
9747060
9747061
9747062
9747063
9747064
9747065
9747066
9747067
9747068
9747069
9747070
9747071
9747072
9747073
9747074
9747075
9747076
9747077
9747078
9747079
9747080
9747081
9747082
9747083
9747084
9747085
9747086
9747087
9747088
9747089
9747090
9747091
9747092
9747093
9747094
9747095
9747096
9747097
9747098
9747099
9747100
9747101
9747102
9747103
9747104
9747105
9747106
9747107
9747108
9747109
9747110
9747111
9747112
9747113
9747114
9747115
9747116
9747117
9747118
9747119
9747120
9747121
9747122
9747123
9747124
9747125
9747126
9747127
9747128
9747129
9747130
9747131
9747132
9747133
9747134
9747135
9747136
9747137
9747138
9747139
9747140
9747141
9747142
9747143
9747144
9747145
9747146
9747147
9747148
9747149
9747150
9747151
9747152
9747153
9747154
9747155
9747156
9747157
9747158
9747159
9747160
9747161
9747162
9747163
9747164
9747165
9747166
9747167
9747168
9747169
9747170
9747171
9747172
9747173
9747174
9747175
9747176
9747177
9747178
9747179
9747180
9747181
9747182
9747183
9747184
9747185
9747186
9747187
9747188
9747189
9747190
9747191
9747192
9747193
9747194
9747195
9747196
9747197
9747198
9747199
9747200
9747201
9747202
9747203
9747204
9747205
9747206
9747207
9747208
9747209
9747210
9747211
9747212
9747213
9747214
9747215
9747216
9747217
9747218
9747219
9747220
9747221
9747222
9747223
9747224
9747225
9747226
9747227
9747228
9747229
9747230
9747231
9747232
9747233
9747234
9747235
9747236
9747237
9747238
9747239
9747240
9747241
9747242
9747243
9747244
9747245
9747246
9747247
9747248
9747249
9747250
9747251
9747252
9747253
9747254
9747255
9747256
9747257
9747258
9747259
9747260
9747261
9747262
9747263
9747264
9747265
9747266
9747267
9747268
9747269
9747270
9747271
9747272
9747273
9747274
9747275
9747276
9747277
9747278
9747279
9747280
9747281
9747282
9747283
9747284
9747285
9747286
9747287
9747288
9747289
9747290
9747291
9747292
9747293
9747294
9747295
9747296
9747297
9747298
9747299
9747300
9747301
9747302
9747303
9747304
9747305
9747306
9747307
9747308
9747309
9747310
9747311
9747312
9747313
9747314
9747315
9747316
9747317
9747318
9747319
9747320
9747321
9747322
9747323
9747324
9747325
9747326
9747327
9747328
9747329
9747330
9747331
9747332
9747333
9747334
9747335
9747336
9747337
9747338
9747339
9747340
9747341
9747342
9747343
9747344
9747345
9747346
9747347
9747348
9747349
9747350
9747351
9747352
9747353
9747354
9747355
9747356
9747357
9747358
9747359
9747360
9747361
9747362
9747363
9747364
9747365
9747366
9747367
9747368
9747369
9747370
9747371
9747372
9747373
9747374
9747375
9747376
9747377
9747378
9747379
9747380
9747381
9747382
9747383
9747384
9747385
9747386
9747387
9747388
9747389
9747390
9747391
9747392
9747393
9747394
9747395
9747396
9747397
9747398
9747399
9747400
9747401
9747402
9747403
9747404
9747405
9747406
9747407
9747408
9747409
9747410
9747411
9747412
9747413
9747414
9747415
9747416
9747417
9747418
9747419
9747420
9747421
9747422
9747423
9747424
9747425
9747426
9747427
9747428
9747429
9747430
9747431
9747432
9747433
9747434
9747435
9747436
9747437
9747438
9747439
9747440
9747441
9747442
9747443
9747444
9747445
9747446
9747447
9747448
9747449
9747450
9747451
9747452
9747453
9747454
9747455
9747456
9747457
9747458
9747459
9747460
9747461
9747462
9747463
9747464
9747465
9747466
9747467
9747468
9747469
9747470
9747471
9747472
9747473
9747474
9747475
9747476
9747477
9747478
9747479
9747480
9747481
9747482
9747483
9747484
9747485
9747486
9747487
9747488
9747489
9747490
9747491
9747492
9747493
9747494
9747495
9747496
9747497
9747498
9747499
9747500
9747501
9747502
9747503
9747504
9747505
9747506
9747507
9747508
9747509
9747510
9747511
9747512
9747513
9747514
9747515
9747516
9747517
9747518
9747519
9747520
9747521
9747522
9747523
9747524
9747525
9747526
9747527
9747528
9747529
9747530
9747531
9747532
9747533
9747534
9747535
9747536
9747537
9747538
9747539
9747540
9747541
9747542
9747543
9747544
9747545
9747546
9747547
9747548
9747549
9747550
9747551
9747552
9747553
9747554
9747555
9747556
9747557
9747558
9747559
9747560
9747561
9747562
9747563
9747564
9747565
9747566
9747567
9747568
9747569
9747570
9747571
9747572
9747573
9747574
9747575
9747576
9747577
9747578
9747579
9747580
9747581
9747582
9747583
9747584
9747585
9747586
9747587
9747588
9747589
9747590
9747591
9747592
9747593
9747594
9747595
9747596
9747597
9747598
9747599
9747600
9747601
9747602
9747603
9747604
9747605
9747606
9747607
9747608
9747609
9747610
9747611
9747612
9747613
9747614
9747615
9747616
9747617
9747618
9747619
9747620
9747621
9747622
9747623
9747624
9747625
9747626
9747627
9747628
9747629
9747630
9747631
9747632
9747633
9747634
9747635
9747636
9747637
9747638
9747639
9747640
9747641
9747642
9747643
9747644
9747645
9747646
9747647
9747648
9747649
9747650
9747651
9747652
9747653
9747654
9747655
9747656
9747657
9747658
9747659
9747660
9747661
9747662
9747663
9747664
9747665
9747666
9747667
9747668
9747669
9747670
9747671
9747672
9747673
9747674
9747675
9747676
9747677
9747678
9747679
9747680
9747681
9747682
9747683
9747684
9747685
9747686
9747687
9747688
9747689
9747690
9747691
9747692
9747693
9747694
9747695
9747696
9747697
9747698
9747699
9747700
9747701
9747702
9747703
9747704
9747705
9747706
9747707
9747708
9747709
9747710
9747711
9747712
9747713
9747714
9747715
9747716
9747717
9747718
9747719
9747720
9747721
9747722
9747723
9747724
9747725
9747726
9747727
9747728
9747729
9747730
9747731
9747732
9747733
9747734
9747735
9747736
9747737
9747738
9747739
9747740
9747741
9747742
9747743
9747744
9747745
9747746
9747747
9747748
9747749
9747750
9747751
9747752
9747753
9747754
9747755
9747756
9747757
9747758
9747759
9747760
9747761
9747762
9747763
9747764
9747765
9747766
9747767
9747768
9747769
9747770
9747771
9747772
9747773
9747774
9747775
9747776
9747777
9747778
9747779
9747780
9747781
9747782
9747783
9747784
9747785
9747786
9747787
9747788
9747789
9747790
9747791
9747792
9747793
9747794
9747795
9747796
9747797
9747798
9747799
9747800
9747801
9747802
9747803
9747804
9747805
9747806
9747807
9747808
9747809
9747810
9747811
9747812
9747813
9747814
9747815
9747816
9747817
9747818
9747819
9747820
9747821
9747822
9747823
9747824
9747825
9747826
9747827
9747828
9747829
9747830
9747831
9747832
9747833
9747834
9747835
9747836
9747837
9747838
9747839
9747840
9747841
9747842
9747843
9747844
9747845
9747846
9747847
9747848
9747849
9747850
9747851
9747852
9747853
9747854
9747855
9747856
9747857
9747858
9747859
9747860
9747861
9747862
9747863
9747864
9747865
9747866
9747867
9747868
9747869
9747870
9747871
9747872
9747873
9747874
9747875
9747876
9747877
9747878
9747879
9747880
9747881
9747882
9747883
9747884
9747885
9747886
9747887
9747888
9747889
9747890
9747891
9747892
9747893
9747894
9747895
9747896
9747897
9747898
9747899
9747900
9747901
9747902
9747903
9747904
9747905
9747906
9747907
9747908
9747909
9747910
9747911
9747912
9747913
9747914
9747915
9747916
9747917
9747918
9747919
9747920
9747921
9747922
9747923
9747924
9747925
9747926
9747927
9747928
9747929
9747930
9747931
9747932
9747933
9747934
9747935
9747936
9747937
9747938
9747939
9747940
9747941
9747942
9747943
9747944
9747945
9747946
9747947
9747948
9747949
9747950
9747951
9747952
9747953
9747954
9747955
9747956
9747957
9747958
9747959
9747960
9747961
9747962
9747963
9747964
9747965
9747966
9747967
9747968
9747969
9747970
9747971
9747972
9747973
9747974
9747975
9747976
9747977
9747978
9747979
9747980
9747981
9747982
9747983
9747984
9747985
9747986
9747987
9747988
9747989
9747990
9747991
9747992
9747993
9747994
9747995
9747996
9747997
9747998
9747999
9748000
9748001
9748002
9748003
9748004
9748005
9748006
9748007
9748008
9748009
9748010
9748011
9748012
9748013
9748014
9748015
9748016
9748017
9748018
9748019
9748020
9748021
9748022
9748023
9748024
9748025
9748026
9748027
9748028
9748029
9748030
9748031
9748032
9748033
9748034
9748035
9748036
9748037
9748038
9748039
9748040
9748041
9748042
9748043
9748044
9748045
9748046
9748047
9748048
9748049
9748050
9748051
9748052
9748053
9748054
9748055
9748056
9748057
9748058
9748059
9748060
9748061
9748062
9748063
9748064
9748065
9748066
9748067
9748068
9748069
9748070
9748071
9748072
9748073
9748074
9748075
9748076
9748077
9748078
9748079
9748080
9748081
9748082
9748083
9748084
9748085
9748086
9748087
9748088
9748089
9748090
9748091
9748092
9748093
9748094
9748095
9748096
9748097
9748098
9748099
9748100
9748101
9748102
9748103
9748104
9748105
9748106
9748107
9748108
9748109
9748110
9748111
9748112
9748113
9748114
9748115
9748116
9748117
9748118
9748119
9748120
9748121
9748122
9748123
9748124
9748125
9748126
9748127
9748128
9748129
9748130
9748131
9748132
9748133
9748134
9748135
9748136
9748137
9748138
9748139
9748140
9748141
9748142
9748143
9748144
9748145
9748146
9748147
9748148
9748149
9748150
9748151
9748152
9748153
9748154
9748155
9748156
9748157
9748158
9748159
9748160
9748161
9748162
9748163
9748164
9748165
9748166
9748167
9748168
9748169
9748170
9748171
9748172
9748173
9748174
9748175
9748176
9748177
9748178
9748179
9748180
9748181
9748182
9748183
9748184
9748185
9748186
9748187
9748188
9748189
9748190
9748191
9748192
9748193
9748194
9748195
9748196
9748197
9748198
9748199
9748200
9748201
9748202
9748203
9748204
9748205
9748206
9748207
9748208
9748209
9748210
9748211
9748212
9748213
9748214
9748215
9748216
9748217
9748218
9748219
9748220
9748221
9748222
9748223
9748224
9748225
9748226
9748227
9748228
9748229
9748230
9748231
9748232
9748233
9748234
9748235
9748236
9748237
9748238
9748239
9748240
9748241
9748242
9748243
9748244
9748245
9748246
9748247
9748248
9748249
9748250
9748251
9748252
9748253
9748254
9748255
9748256
9748257
9748258
9748259
9748260
9748261
9748262
9748263
9748264
9748265
9748266
9748267
9748268
9748269
9748270
9748271
9748272
9748273
9748274
9748275
9748276
9748277
9748278
9748279
9748280
9748281
9748282
9748283
9748284
9748285
9748286
9748287
9748288
9748289
9748290
9748291
9748292
9748293
9748294
9748295
9748296
9748297
9748298
9748299
9748300
9748301
9748302
9748303
9748304
9748305
9748306
9748307
9748308
9748309
9748310
9748311
9748312
9748313
9748314
9748315
9748316
9748317
9748318
9748319
9748320
9748321
9748322
9748323
9748324
9748325
9748326
9748327
9748328
9748329
9748330
9748331
9748332
9748333
9748334
9748335
9748336
9748337
9748338
9748339
9748340
9748341
9748342
9748343
9748344
9748345
9748346
9748347
9748348
9748349
9748350
9748351
9748352
9748353
9748354
9748355
9748356
9748357
9748358
9748359
9748360
9748361
9748362
9748363
9748364
9748365
9748366
9748367
9748368
9748369
9748370
9748371
9748372
9748373
9748374
9748375
9748376
9748377
9748378
9748379
9748380
9748381
9748382
9748383
9748384
9748385
9748386
9748387
9748388
9748389
9748390
9748391
9748392
9748393
9748394
9748395
9748396
9748397
9748398
9748399
9748400
9748401
9748402
9748403
9748404
9748405
9748406
9748407
9748408
9748409
9748410
9748411
9748412
9748413
9748414
9748415
9748416
9748417
9748418
9748419
9748420
9748421
9748422
9748423
9748424
9748425
9748426
9748427
9748428
9748429
9748430
9748431
9748432
9748433
9748434
9748435
9748436
9748437
9748438
9748439
9748440
9748441
9748442
9748443
9748444
9748445
9748446
9748447
9748448
9748449
9748450
9748451
9748452
9748453
9748454
9748455
9748456
9748457
9748458
9748459
9748460
9748461
9748462
9748463
9748464
9748465
9748466
9748467
9748468
9748469
9748470
9748471
9748472
9748473
9748474
9748475
9748476
9748477
9748478
9748479
9748480
9748481
9748482
9748483
9748484
9748485
9748486
9748487
9748488
9748489
9748490
9748491
9748492
9748493
9748494
9748495
9748496
9748497
9748498
9748499
9748500
9748501
9748502
9748503
9748504
9748505
9748506
9748507
9748508
9748509
9748510
9748511
9748512
9748513
9748514
9748515
9748516
9748517
9748518
9748519
9748520
9748521
9748522
9748523
9748524
9748525
9748526
9748527
9748528
9748529
9748530
9748531
9748532
9748533
9748534
9748535
9748536
9748537
9748538
9748539
9748540
9748541
9748542
9748543
9748544
9748545
9748546
9748547
9748548
9748549
9748550
9748551
9748552
9748553
9748554
9748555
9748556
9748557
9748558
9748559
9748560
9748561
9748562
9748563
9748564
9748565
9748566
9748567
9748568
9748569
9748570
9748571
9748572
9748573
9748574
9748575
9748576
9748577
9748578
9748579
9748580
9748581
9748582
9748583
9748584
9748585
9748586
9748587
9748588
9748589
9748590
9748591
9748592
9748593
9748594
9748595
9748596
9748597
9748598
9748599
9748600
9748601
9748602
9748603
9748604
9748605
9748606
9748607
9748608
9748609
9748610
9748611
9748612
9748613
9748614
9748615
9748616
9748617
9748618
9748619
9748620
9748621
9748622
9748623
9748624
9748625
9748626
9748627
9748628
9748629
9748630
9748631
9748632
9748633
9748634
9748635
9748636
9748637
9748638
9748639
9748640
9748641
9748642
9748643
9748644
9748645
9748646
9748647
9748648
9748649
9748650
9748651
9748652
9748653
9748654
9748655
9748656
9748657
9748658
9748659
9748660
9748661
9748662
9748663
9748664
9748665
9748666
9748667
9748668
9748669
9748670
9748671
9748672
9748673
9748674
9748675
9748676
9748677
9748678
9748679
9748680
9748681
9748682
9748683
9748684
9748685
9748686
9748687
9748688
9748689
9748690
9748691
9748692
9748693
9748694
9748695
9748696
9748697
9748698
9748699
9748700
9748701
9748702
9748703
9748704
9748705
9748706
9748707
9748708
9748709
9748710
9748711
9748712
9748713
9748714
9748715
9748716
9748717
9748718
9748719
9748720
9748721
9748722
9748723
9748724
9748725
9748726
9748727
9748728
9748729
9748730
9748731
9748732
9748733
9748734
9748735
9748736
9748737
9748738
9748739
9748740
9748741
9748742
9748743
9748744
9748745
9748746
9748747
9748748
9748749
9748750
9748751
9748752
9748753
9748754
9748755
9748756
9748757
9748758
9748759
9748760
9748761
9748762
9748763
9748764
9748765
9748766
9748767
9748768
9748769
9748770
9748771
9748772
9748773
9748774
9748775
9748776
9748777
9748778
9748779
9748780
9748781
9748782
9748783
9748784
9748785
9748786
9748787
9748788
9748789
9748790
9748791
9748792
9748793
9748794
9748795
9748796
9748797
9748798
9748799
9748800
9748801
9748802
9748803
9748804
9748805
9748806
9748807
9748808
9748809
9748810
9748811
9748812
9748813
9748814
9748815
9748816
9748817
9748818
9748819
9748820
9748821
9748822
9748823
9748824
9748825
9748826
9748827
9748828
9748829
9748830
9748831
9748832
9748833
9748834
9748835
9748836
9748837
9748838
9748839
9748840
9748841
9748842
9748843
9748844
9748845
9748846
9748847
9748848
9748849
9748850
9748851
9748852
9748853
9748854
9748855
9748856
9748857
9748858
9748859
9748860
9748861
9748862
9748863
9748864
9748865
9748866
9748867
9748868
9748869
9748870
9748871
9748872
9748873
9748874
9748875
9748876
9748877
9748878
9748879
9748880
9748881
9748882
9748883
9748884
9748885
9748886
9748887
9748888
9748889
9748890
9748891
9748892
9748893
9748894
9748895
9748896
9748897
9748898
9748899
9748900
9748901
9748902
9748903
9748904
9748905
9748906
9748907
9748908
9748909
9748910
9748911
9748912
9748913
9748914
9748915
9748916
9748917
9748918
9748919
9748920
9748921
9748922
9748923
9748924
9748925
9748926
9748927
9748928
9748929
9748930
9748931
9748932
9748933
9748934
9748935
9748936
9748937
9748938
9748939
9748940
9748941
9748942
9748943
9748944
9748945
9748946
9748947
9748948
9748949
9748950
9748951
9748952
9748953
9748954
9748955
9748956
9748957
9748958
9748959
9748960
9748961
9748962
9748963
9748964
9748965
9748966
9748967
9748968
9748969
9748970
9748971
9748972
9748973
9748974
9748975
9748976
9748977
9748978
9748979
9748980
9748981
9748982
9748983
9748984
9748985
9748986
9748987
9748988
9748989
9748990
9748991
9748992
9748993
9748994
9748995
9748996
9748997
9748998
9748999
9749000
9749001
9749002
9749003
9749004
9749005
9749006
9749007
9749008
9749009
9749010
9749011
9749012
9749013
9749014
9749015
9749016
9749017
9749018
9749019
9749020
9749021
9749022
9749023
9749024
9749025
9749026
9749027
9749028
9749029
9749030
9749031
9749032
9749033
9749034
9749035
9749036
9749037
9749038
9749039
9749040
9749041
9749042
9749043
9749044
9749045
9749046
9749047
9749048
9749049
9749050
9749051
9749052
9749053
9749054
9749055
9749056
9749057
9749058
9749059
9749060
9749061
9749062
9749063
9749064
9749065
9749066
9749067
9749068
9749069
9749070
9749071
9749072
9749073
9749074
9749075
9749076
9749077
9749078
9749079
9749080
9749081
9749082
9749083
9749084
9749085
9749086
9749087
9749088
9749089
9749090
9749091
9749092
9749093
9749094
9749095
9749096
9749097
9749098
9749099
9749100
9749101
9749102
9749103
9749104
9749105
9749106
9749107
9749108
9749109
9749110
9749111
9749112
9749113
9749114
9749115
9749116
9749117
9749118
9749119
9749120
9749121
9749122
9749123
9749124
9749125
9749126
9749127
9749128
9749129
9749130
9749131
9749132
9749133
9749134
9749135
9749136
9749137
9749138
9749139
9749140
9749141
9749142
9749143
9749144
9749145
9749146
9749147
9749148
9749149
9749150
9749151
9749152
9749153
9749154
9749155
9749156
9749157
9749158
9749159
9749160
9749161
9749162
9749163
9749164
9749165
9749166
9749167
9749168
9749169
9749170
9749171
9749172
9749173
9749174
9749175
9749176
9749177
9749178
9749179
9749180
9749181
9749182
9749183
9749184
9749185
9749186
9749187
9749188
9749189
9749190
9749191
9749192
9749193
9749194
9749195
9749196
9749197
9749198
9749199
9749200
9749201
9749202
9749203
9749204
9749205
9749206
9749207
9749208
9749209
9749210
9749211
9749212
9749213
9749214
9749215
9749216
9749217
9749218
9749219
9749220
9749221
9749222
9749223
9749224
9749225
9749226
9749227
9749228
9749229
9749230
9749231
9749232
9749233
9749234
9749235
9749236
9749237
9749238
9749239
9749240
9749241
9749242
9749243
9749244
9749245
9749246
9749247
9749248
9749249
9749250
9749251
9749252
9749253
9749254
9749255
9749256
9749257
9749258
9749259
9749260
9749261
9749262
9749263
9749264
9749265
9749266
9749267
9749268
9749269
9749270
9749271
9749272
9749273
9749274
9749275
9749276
9749277
9749278
9749279
9749280
9749281
9749282
9749283
9749284
9749285
9749286
9749287
9749288
9749289
9749290
9749291
9749292
9749293
9749294
9749295
9749296
9749297
9749298
9749299
9749300
9749301
9749302
9749303
9749304
9749305
9749306
9749307
9749308
9749309
9749310
9749311
9749312
9749313
9749314
9749315
9749316
9749317
9749318
9749319
9749320
9749321
9749322
9749323
9749324
9749325
9749326
9749327
9749328
9749329
9749330
9749331
9749332
9749333
9749334
9749335
9749336
9749337
9749338
9749339
9749340
9749341
9749342
9749343
9749344
9749345
9749346
9749347
9749348
9749349
9749350
9749351
9749352
9749353
9749354
9749355
9749356
9749357
9749358
9749359
9749360
9749361
9749362
9749363
9749364
9749365
9749366
9749367
9749368
9749369
9749370
9749371
9749372
9749373
9749374
9749375
9749376
9749377
9749378
9749379
9749380
9749381
9749382
9749383
9749384
9749385
9749386
9749387
9749388
9749389
9749390
9749391
9749392
9749393
9749394
9749395
9749396
9749397
9749398
9749399
9749400
9749401
9749402
9749403
9749404
9749405
9749406
9749407
9749408
9749409
9749410
9749411
9749412
9749413
9749414
9749415
9749416
9749417
9749418
9749419
9749420
9749421
9749422
9749423
9749424
9749425
9749426
9749427
9749428
9749429
9749430
9749431
9749432
9749433
9749434
9749435
9749436
9749437
9749438
9749439
9749440
9749441
9749442
9749443
9749444
9749445
9749446
9749447
9749448
9749449
9749450
9749451
9749452
9749453
9749454
9749455
9749456
9749457
9749458
9749459
9749460
9749461
9749462
9749463
9749464
9749465
9749466
9749467
9749468
9749469
9749470
9749471
9749472
9749473
9749474
9749475
9749476
9749477
9749478
9749479
9749480
9749481
9749482
9749483
9749484
9749485
9749486
9749487
9749488
9749489
9749490
9749491
9749492
9749493
9749494
9749495
9749496
9749497
9749498
9749499
9749500
9749501
9749502
9749503
9749504
9749505
9749506
9749507
9749508
9749509
9749510
9749511
9749512
9749513
9749514
9749515
9749516
9749517
9749518
9749519
9749520
9749521
9749522
9749523
9749524
9749525
9749526
9749527
9749528
9749529
9749530
9749531
9749532
9749533
9749534
9749535
9749536
9749537
9749538
9749539
9749540
9749541
9749542
9749543
9749544
9749545
9749546
9749547
9749548
9749549
9749550
9749551
9749552
9749553
9749554
9749555
9749556
9749557
9749558
9749559
9749560
9749561
9749562
9749563
9749564
9749565
9749566
9749567
9749568
9749569
9749570
9749571
9749572
9749573
9749574
9749575
9749576
9749577
9749578
9749579
9749580
9749581
9749582
9749583
9749584
9749585
9749586
9749587
9749588
9749589
9749590
9749591
9749592
9749593
9749594
9749595
9749596
9749597
9749598
9749599
9749600
9749601
9749602
9749603
9749604
9749605
9749606
9749607
9749608
9749609
9749610
9749611
9749612
9749613
9749614
9749615
9749616
9749617
9749618
9749619
9749620
9749621
9749622
9749623
9749624
9749625
9749626
9749627
9749628
9749629
9749630
9749631
9749632
9749633
9749634
9749635
9749636
9749637
9749638
9749639
9749640
9749641
9749642
9749643
9749644
9749645
9749646
9749647
9749648
9749649
9749650
9749651
9749652
9749653
9749654
9749655
9749656
9749657
9749658
9749659
9749660
9749661
9749662
9749663
9749664
9749665
9749666
9749667
9749668
9749669
9749670
9749671
9749672
9749673
9749674
9749675
9749676
9749677
9749678
9749679
9749680
9749681
9749682
9749683
9749684
9749685
9749686
9749687
9749688
9749689
9749690
9749691
9749692
9749693
9749694
9749695
9749696
9749697
9749698
9749699
9749700
9749701
9749702
9749703
9749704
9749705
9749706
9749707
9749708
9749709
9749710
9749711
9749712
9749713
9749714
9749715
9749716
9749717
9749718
9749719
9749720
9749721
9749722
9749723
9749724
9749725
9749726
9749727
9749728
9749729
9749730
9749731
9749732
9749733
9749734
9749735
9749736
9749737
9749738
9749739
9749740
9749741
9749742
9749743
9749744
9749745
9749746
9749747
9749748
9749749
9749750
9749751
9749752
9749753
9749754
9749755
9749756
9749757
9749758
9749759
9749760
9749761
9749762
9749763
9749764
9749765
9749766
9749767
9749768
9749769
9749770
9749771
9749772
9749773
9749774
9749775
9749776
9749777
9749778
9749779
9749780
9749781
9749782
9749783
9749784
9749785
9749786
9749787
9749788
9749789
9749790
9749791
9749792
9749793
9749794
9749795
9749796
9749797
9749798
9749799
9749800
9749801
9749802
9749803
9749804
9749805
9749806
9749807
9749808
9749809
9749810
9749811
9749812
9749813
9749814
9749815
9749816
9749817
9749818
9749819
9749820
9749821
9749822
9749823
9749824
9749825
9749826
9749827
9749828
9749829
9749830
9749831
9749832
9749833
9749834
9749835
9749836
9749837
9749838
9749839
9749840
9749841
9749842
9749843
9749844
9749845
9749846
9749847
9749848
9749849
9749850
9749851
9749852
9749853
9749854
9749855
9749856
9749857
9749858
9749859
9749860
9749861
9749862
9749863
9749864
9749865
9749866
9749867
9749868
9749869
9749870
9749871
9749872
9749873
9749874
9749875
9749876
9749877
9749878
9749879
9749880
9749881
9749882
9749883
9749884
9749885
9749886
9749887
9749888
9749889
9749890
9749891
9749892
9749893
9749894
9749895
9749896
9749897
9749898
9749899
9749900
9749901
9749902
9749903
9749904
9749905
9749906
9749907
9749908
9749909
9749910
9749911
9749912
9749913
9749914
9749915
9749916
9749917
9749918
9749919
9749920
9749921
9749922
9749923
9749924
9749925
9749926
9749927
9749928
9749929
9749930
9749931
9749932
9749933
9749934
9749935
9749936
9749937
9749938
9749939
9749940
9749941
9749942
9749943
9749944
9749945
9749946
9749947
9749948
9749949
9749950
9749951
9749952
9749953
9749954
9749955
9749956
9749957
9749958
9749959
9749960
9749961
9749962
9749963
9749964
9749965
9749966
9749967
9749968
9749969
9749970
9749971
9749972
9749973
9749974
9749975
9749976
9749977
9749978
9749979
9749980
9749981
9749982
9749983
9749984
9749985
9749986
9749987
9749988
9749989
9749990
9749991
9749992
9749993
9749994
9749995
9749996
9749997
9749998
9749999
9750000
